main root
6.472766, 5.126566
6.396793, 5.405181
6.359113, 5.567215
6.345652, 5.703359
6.338385, 5.888598
6.328955, 6.167891
6.339100, 6.368679
6.339932, 6.564288
6.329826, 6.676368
6.307724, 6.784018
6.268164, 6.903627
6.267115, 6.989843
6.252037, 7.131557
6.283285, 7.221425
6.291310, 7.295775
6.276945, 7.364521
6.261153, 7.414005
c8df9129-dac8-48c3-934f-9d59848a34f1
6.464080, 5.467347
6.510413, 5.492373
6.543545, 5.513681
6.587379, 5.534755
6.621491, 5.554475
6.672798, 5.584137
6.706419, 5.598388
6.755194, 5.612559
6.801796, 5.630642
c03ebe78-389e-4667-80fc-5c7baeab7938
6.344609, 5.322103
6.233169, 5.384156
6.140650, 5.425991
6.041468, 5.468518
5.983241, 5.488882
5.922546, 5.503423
5.870290, 5.511325
