main root
6.688677, 4.956705
6.664802, 5.135941
6.672149, 5.280686
6.668250, 5.436899
6.652471, 5.599070
6.616493, 5.758879
6.591503, 5.916542
6.571669, 6.081416
6.618600, 6.388557
6.649495, 6.563051
6.651197, 6.816468
6.645812, 6.948475
6.648628, 7.032059
6.651123, 7.106100
6.654023, 7.147739
6.649418, 7.202322
6.629899, 7.335995
6.630075, 7.381362
6.627913, 7.404519
6.622336, 7.440039
6.614545, 7.475141
6.611394, 7.520398
6.606655, 7.556039
6.602266, 7.594677
6.598616, 7.633390
6.598403, 7.675428
6.595971, 7.711301
6.599647, 7.756517
6.600310, 7.792467
6.601770, 7.831326
6.603972, 7.870149
6.603755, 7.906103
6.607238, 7.947997
6.607968, 7.983945
6.609500, 8.022800
6.611771, 8.061619
6.617945, 8.103200
6.616649, 8.130190
6.611268, 8.164372
6.618333, 8.183734
6.621283, 8.204916
6.622868, 8.238004
6.623856, 8.290976
49c2896d-463c-40a6-9b5b-c4db47d9f257
6.657697, 5.192744
6.508918, 5.219946
6.493160, 5.235097
6.436132, 5.289290
6.362822, 5.337224
6.341793, 5.360717
6.309437, 5.399043
6.277356, 5.443934
