main root
6.362735, 5.227393
6.302335, 5.582998
6.257517, 5.729263
6.181584, 5.869535
6.201269, 6.107766
6.159687, 6.317322
6.133614, 6.480565
6.102580, 6.594611
6.084754, 6.697612
6.074790, 6.817054
6.061445, 6.902180
6.039403, 7.001808
6.025934, 7.121281
6.008501, 7.238264
6.005294, 7.317192
6.025004, 7.405458
6.036528, 7.515318
6.052279, 7.584981
6.079392, 7.647780
6.107437, 7.707436
1fdd86a9-0b21-4f43-b1a8-90205f0304cf
6.422577, 5.429569
6.538752, 5.450441
6.670049, 5.449468
6.738104, 5.472725
6.815140, 5.507817
6.882499, 5.540146
6.955188, 5.571713
7.010870, 5.598186
7.078311, 5.654086
7.116060, 5.693456
7.150567, 5.731607
7.175256, 5.771843
9bba88a1-efe7-4433-9141-dc8f9021fa47
6.349601, 5.667036
6.407408, 5.687657
6.464762, 5.712884
6.523930, 5.740690
6.581451, 5.762906
6.653443, 5.782830
6.716683, 5.800332
6.814668, 5.859721
6.882868, 5.892308
6.941985, 5.922213
7.012479, 5.949486
7.071775, 5.975636
7.127827, 6.005262
7.176570, 6.038063
7.242351, 6.097576
7.267865, 6.131846
7.311275, 6.192661
7.342020, 6.235731
7.361207, 6.277393
74c2994f-0b01-4a29-abd1-3a11e89903d7
6.426080, 5.437175
6.459111, 5.551128
6.476373, 5.599928
6.495514, 5.640579
6.527628, 5.694297
6.631043, 5.826275
6.704504, 5.905089
6.729028, 5.935822
6.758290, 5.967726
6.786797, 5.998837
6.815289, 6.029962
6.843796, 6.061101
6.868073, 6.092054
6.902547, 6.138434
6.945049, 6.193106
6.992924, 6.247373
7.027173, 6.297505
7.053171, 6.343520
7.078987, 6.373997
7.060597, 6.403545
7.026056, 6.509463
7.016212, 6.539648
bca3d9c7-4923-494a-8ff7-090a587fbdcf
6.270030, 5.894969
6.350586, 5.960837
6.393299, 6.003496
6.433267, 6.050179
6.465334, 6.081187
6.522983, 6.126933
6.563796, 6.169251
6.597644, 6.198306
6.657900, 6.240559
6.711984, 6.278483
6.755643, 6.318237
6.818250, 6.375245
6.878819, 6.426349
6.930730, 6.476023
6.991905, 6.534562
7.024731, 6.574260
7.056937, 6.617903
7.074958, 6.652406
7.097436, 6.698676
7.108312, 6.746141
11f6ef04-9647-4207-90ea-58a5421716a5
6.168011, 5.979584
6.091080, 5.987216
6.030833, 5.994698
5.964274, 6.012025
5.911265, 6.019651
5.845053, 6.038261
5.769481, 6.032523
5.709767, 6.040221
5.679414, 6.050159
5.621253, 6.072337
5.564220, 6.097275
5.518077, 6.120703
5.485999, 6.136977
5.460723, 6.156499
5.431168, 6.186875
5.403267, 6.226281
3dfa5d74-448b-41fd-96e0-08c25e53f8c6
6.176433, 5.727700
5.946084, 5.704578
5.896617, 5.716688
5.812822, 5.730818
5.727811, 5.740947
5.652144, 5.749962
5.575166, 5.760641
5.493399, 5.771984
5.456118, 5.774132
5.430032, 5.793542
5.376908, 5.829339
5.336976, 5.854282
5.313094, 5.877868
5.275403, 5.921400
4323130c-df02-49b6-bd46-81d3ba8d323d
6.264301, 5.364347
6.008426, 5.266540
5.945024, 5.274418
5.881067, 5.288412
5.795407, 5.287371
5.742264, 5.280750
5.676829, 5.278645
5.614564, 5.279649
5.549477, 5.286697
5.490615, 5.293085
5.432690, 5.305406
f92ba70e-5bf2-4bda-bfa7-6e597c561a94
6.276142, 5.554322
6.004596, 5.446878
5.928930, 5.439391
5.853104, 5.431889
5.737036, 5.469201
5.664516, 5.492513
5.593929, 5.512060
5.503389, 5.534951
5.440860, 5.549215
5.385369, 5.569584
5.334796, 5.602389
5.264139, 5.681455
5.223355, 5.729338
5.197785, 5.766283
5.181989, 5.804885
00110b8a-66c3-42ae-84ae-442213d6eff6
6.300989, 5.462480
6.153497, 5.301595
6.016183, 5.330378
5.931146, 5.371823
5.806477, 5.443095
5.731943, 5.470153
1ddd416c-29f0-4589-9de8-6ef5c7e9607c
6.164994, 6.198329
6.072011, 6.286500
