main root
7.302500, 4.872567
7.175129, 5.057648
7.091320, 5.158275
7.058434, 5.303466
7.018378, 5.449994
7.001464, 5.592656
6.993041, 5.756870
6.997584, 5.902584
7.014735, 6.077117
7.126666, 6.398124
7.186978, 6.596578
7.203011, 6.725648
7.229373, 6.912472
7.241498, 6.998405
7.246017, 7.041145
7.224051, 7.266572
7.211282, 7.335872
7.192671, 7.403837
7.172546, 7.477328
7.158711, 7.561856
7.110456, 7.657747
7.077531, 7.729832
7.063500, 7.782165
4509104d-969b-4083-aa5f-5e5e9a3bdf3b
7.204854, 5.052836
7.087395, 4.939895
7.044286, 4.894093
7.021740, 4.867954
6.975158, 4.867768
6.939584, 4.863003
6.919705, 4.874493
6.877063, 4.874003
a5dbe714-51d9-47f1-8826-0de7b4fa4b9b
7.267411, 4.969928
7.333570, 5.009613
7.391868, 5.031025
7.472871, 5.035420
7.500830, 5.058537
7.606219, 5.093849
7.728983, 5.139717
730a7df8-9f3b-4a2e-8666-92544998d092
7.091878, 5.440777
7.137538, 5.464283
7.302559, 5.563720
00e7c2f7-0c34-4304-a2e5-1b1f966d449f
7.055030, 5.434960
7.201352, 5.453003
7.220417, 5.446873
7.282627, 5.440144
7.332583, 5.437751
