main root
6.562291, 4.315980
6.568208, 4.638920
6.516595, 4.834272
6.499569, 4.927010
6.496039, 5.019425
6.524558, 5.136329
6.530345, 5.232492
6.526804, 5.379294
6.521734, 5.502255
6.504245, 5.619142
6.494952, 5.738289
6.493365, 5.866626
6.485506, 5.992733
6.471849, 6.110131
6.464328, 6.211388
6.461447, 6.290591
6.481062, 6.374539
6.490987, 6.458046
6.528422, 6.747594
6.548892, 6.922331
6.566472, 7.013206
6.577636, 7.060108
6.580876, 7.106039
6.556991, 7.285761
6.554501, 7.361305
6.545036, 7.421274
6.533233, 7.486466
6.553839, 7.585824
6.537336, 7.722626
6.519169, 7.832477
6.507557, 7.880528
6.511712, 7.945918
6.483636, 8.145451
6.484227, 8.231649
6.479218, 8.283470
6.475475, 8.359759
6.481035, 8.442412
6.486575, 8.515509
6.483102, 8.580279
6.491113, 8.666106
6.484294, 8.784791
6.472260, 8.848530
6.457175, 8.892807
6.468693, 8.999617
6.447382, 9.139167
6.451242, 9.182577
6.456716, 9.267519
6.460120, 9.352568
6.461451, 9.437676
6.460709, 9.522792
6.457893, 9.607864
6.465736, 9.684362
6.484472, 9.765426
6.497763, 9.850561
6.524706, 9.929049
6.533694, 9.993550
6.542752, 10.119423
6.553599, 10.211548
6.561300, 10.324858
9e58d7d7-b666-4008-aff6-2ea0b8d5e4a6
6.590566, 4.697236
6.684543, 4.748912
6.749988, 4.797830
6.779482, 4.823662
6.811115, 4.851417
6.834379, 4.867896
6.877095, 4.890820
6.900695, 4.910279
6.950634, 4.947577
6.998117, 4.983039
7.023555, 5.002039
7.113411, 5.089878
7.136115, 5.112073
7.173326, 5.129612
7.240575, 5.182755
7.291277, 5.219008
7.335310, 5.254171
7.383723, 5.290918
7.442576, 5.342318
7.494121, 5.399040
7.538208, 5.443102
7.573882, 5.474523
7.731894, 5.603438
7.760968, 5.642610
7.787277, 5.648249
7.852970, 5.693557
7.933646, 5.777033
7.972896, 5.824108
7e05787c-fad2-4ab7-abb5-7c0ff2a8336d
6.624014, 4.682994
6.698224, 4.698791
6.772588, 4.740113
6.822174, 4.771091
6.870375, 4.802969
6.908600, 4.831837
6.960088, 4.866972
7.033520, 4.917081
7.112252, 4.983348
7.149800, 5.026690
7.190568, 5.027083
7.244798, 5.053995
7.351933, 5.104807
7.459954, 5.153704
7.530833, 5.188064
7.573210, 5.200291
7.657164, 5.250033
7.702029, 5.268587
7.734854, 5.291708
7.777281, 5.316270
7.827757, 5.345638
7.980368, 5.449698
8.038540, 5.479180
8.075907, 5.510404
8.246007, 5.602088
8.321675, 5.661988
8.393123, 5.702449
8.472508, 5.752236
8.558754, 5.786463
8.617517, 5.818837
8.681120, 5.863463
8.753595, 5.919455
8.790023, 5.949489
8.822414, 5.988791
4940dd28-c9a8-4478-98d3-7f5c290653a5
6.597824, 4.494810
6.665240, 4.545928
6.705869, 4.569520
6.738171, 4.593468
6.771784, 4.620252
6.817447, 4.666584
6.843966, 4.689228
6.880774, 4.708847
6.926718, 4.745680
6.996894, 4.779532
7.021494, 4.794723
7.053392, 4.817938
7.087620, 4.842847
7.129266, 4.878710
7.174092, 4.911385
7.356425, 4.982520
21f08271-bf70-40c4-aa7f-93e5ad78dbc6
6.560256, 4.844345
6.621861, 4.909879
6.665088, 4.965213
6.686230, 4.987414
6.778991, 5.088685
6.807572, 5.119891
6.830383, 5.140369
6.868215, 5.168296
6.894291, 5.193127
6.928966, 5.228213
6.964677, 5.264347
7.004221, 5.306489
7.028290, 5.338701
7.058698, 5.379397
7.102554, 5.428089
7.130888, 5.481692
7.213345, 5.596850
7.267550, 5.672553
7.324900, 5.745421
7.359850, 5.796630
7.383134, 5.836056
7.478184, 5.990647
7.526330, 6.057524
7.575663, 6.100436
7.559522, 6.154705
7.658041, 6.330252
7.718234, 6.441797
7.774507, 6.549230
598a2b9e-769c-4f8c-9245-d4be43a73911
6.605720, 6.707081
6.667273, 6.721637
6.777607, 6.768377
6.814638, 6.784065
6.938338, 6.847415
7.021235, 6.889868
7.104880, 6.930341
7.211584, 6.981971
7.292617, 7.014129
7.326111, 7.030641
ada20632-7d2f-4062-a664-97b9bfd4f67f
6.469795, 6.352415
6.398402, 6.376404
6.274172, 6.419736
6.217237, 6.432947
6.167976, 6.442415
6.084104, 6.491478
5.971357, 6.513545
5.790549, 6.571033
2f79a1e2-867d-4b92-bda2-0a1d1a8711cf
6.655030, 7.133478
6.723562, 7.152183
6.813389, 7.174650
6.911513, 7.201372
6.985638, 7.228136
7.092569, 7.273172
