main root
6.788176, 4.643386
6.718489, 4.936495
6.679596, 5.195818
6.643843, 5.509417
6.627096, 5.766228
6.632124, 6.008925
6.636050, 6.127249
6.639419, 6.228787
6.640676, 6.330474
6.635590, 6.432384
6.634759, 6.533912
6.644433, 6.644332
6.656897, 6.762394
6.667224, 6.880328
6.688141, 7.009867
6.708416, 7.150599
6.727228, 7.295678
6.753006, 7.462225
6.767895, 7.625400
6.791041, 7.809623
6.818798, 7.951272
6.832464, 8.064971
6.859547, 8.221612
6.870247, 8.344314
6.865961, 8.463301
6.856939, 8.597823
6.842211, 8.723309
6.832545, 8.841867
6.833775, 8.930118
6.848008, 9.040328
6.862104, 9.149482
6.880412, 9.258205
6.891345, 9.361373
6.891665, 9.444666
6.881417, 9.531210
6.858921, 9.631250
6.836631, 9.730372
6.822744, 9.840356
6.810016, 9.941158
6.794136, 10.050038
6.777028, 10.167332
6.761142, 10.276246
6.747343, 10.385513
6.745155, 10.487255
6.743335, 10.571903
6.743440, 10.664831
6.739388, 10.750354
6.739198, 10.798845
6.733035, 10.843635
ad8dc9a4-e1de-4d4e-9d08-685a47836e1e
6.676537, 5.093069
6.800194, 5.136987
6.840652, 5.156252
6.909853, 5.198769
b9317d6a-c4f3-4274-94d3-169b2187fb12
6.667506, 5.195957
6.757312, 5.225921
6.807362, 5.256983
6.839951, 5.289146
7093737f-42f1-428f-b853-d47627a6cd7f
6.574367, 5.067300
6.499567, 5.010182
6.431079, 5.000739
6.380450, 5.013343
6.332499, 5.026284
6.296810, 5.028860
6.254647, 5.032650
6.212483, 5.036440
6.164891, 5.046728
6.122366, 5.057451
6.073107, 5.069873
6.014557, 5.086182
5.964539, 5.104774
5.912294, 5.128984
5.880375, 5.142127
