main root
6.921487, 4.586832
6.841664, 4.759936
6.832995, 4.843113
6.826280, 4.887530
6.776965, 4.914273
6.738447, 5.059620
6.708463, 5.227844
6.687653, 5.398078
6.674012, 5.611918
6.666125, 5.776686
6.722443, 6.080018
6.771056, 6.284215
6.836576, 6.469786
6.884910, 6.607434
6.902478, 6.707459
6.924448, 6.832550
6.940073, 6.957927
6.954712, 7.092256
6.976628, 7.181768
7.002450, 7.262394
7.031193, 7.327125
7.069085, 7.391602
7.086101, 7.459198
819752ab-1e11-4ef3-b902-a0ee400ddf0b
6.752167, 5.448300
6.820496, 5.483249
7b0b9fde-4751-482f-9c45-eb8c87735f01
6.838367, 5.021021
6.886875, 5.048267
6.951204, 5.078982
7.009447, 5.108189
7.047254, 5.131908
7.086999, 5.170977
7.136140, 5.217512
7.184810, 5.253618
7.235721, 5.293541
7.288226, 5.330911
7.320664, 5.368074
7da8ddf3-af64-40d2-9576-a50d99ca50fd
6.962969, 4.772898
7.049562, 4.828013
7.120787, 4.873346
7.166209, 4.909737
7.204609, 4.948473
7.238971, 4.997864
7.288784, 5.065834
7.335079, 5.129003
7.367929, 5.205549
7.378505, 5.251226
7.388511, 5.320985
7.407882, 5.411580
7.431287, 5.518559
c17e148f-1822-41af-a4cc-7ac5881b8d59
6.656791, 5.785709
6.591935, 5.820179
9490f888-ef45-4e61-b6ce-6b758f6a1869
6.608568, 5.486386
6.550714, 5.496653
6.483707, 5.512703
6.436364, 5.524043
6.348174, 5.572377
6.296770, 5.596767
e910c1ac-9a77-40e3-9b28-d5395104fe63
6.784603, 4.848436
6.649938, 4.860017
6.587844, 4.863855
6.522872, 4.869371
6.459476, 4.870246
6.371198, 4.854873
6.223587, 4.873795
6.151935, 4.909250
6.091858, 4.936654
6.044754, 4.979760
6.013134, 5.076331
6.007964, 5.175350
6.027647, 5.304265
dd491892-fc61-4c6a-92dd-aa2ba67efd35
6.796149, 4.721798
6.723661, 4.722411
6.614796, 4.727565
6.573288, 4.722038
6.501113, 4.709408
6.427301, 4.700788
6.357055, 4.708910
6.264790, 4.780686
6.194345, 4.791326
6.107712, 4.796022
6.070160, 4.807522
6.016536, 4.826112
5.982065, 4.846587
32e8a6f7-43b1-4192-8eea-f748d6919039
6.694902, 4.951207
6.647997, 4.942278
6.617887, 4.946841
6.587862, 4.949742
6.558663, 4.956939
6.528759, 4.968796
6.480560, 4.991128
6.442415, 5.003851
6.395172, 5.018033
6.347520, 5.030775
6.289132, 5.051035
6.244368, 5.071320
6.190941, 5.100084
6.138151, 5.130205
6.096751, 5.162443
6.044456, 5.206957
6.038412, 5.212102
