main root
6.656307, 4.926081
6.504547, 5.327487
6.428192, 5.534368
6.387238, 5.681590
6.370164, 5.785792
6.370386, 5.929913
6.375118, 6.056737
6.398837, 6.133035
6.441600, 6.193888
6.454926, 6.246329
6.466117, 6.307872
6.473298, 6.354711
6.461220, 6.447730
6.425792, 6.515522
6.407713, 6.609191
6.390430, 6.719448
6.371200, 6.848968
6.345338, 6.946090
6.296945, 7.077718
6.283856, 7.170186
6.252817, 7.378046
6.216369, 7.545116
a6c37609-ddec-4ebc-9c41-7f34530d845e
6.681611, 5.002389
6.824314, 5.042719
6.944303, 5.106638
7.089461, 5.187245
7.124133, 5.193839
7.153179, 5.205808
7.181713, 5.218957
7.213654, 5.231796
7.242298, 5.244698
7.270390, 5.258762
7.301900, 5.272627
7.327399, 5.281982
2d885d03-54a9-4a2b-ba41-5c7fb20d3876
6.655726, 5.034225
6.812251, 5.093067
6.905780, 5.149930
6.990099, 5.205247
7.051023, 5.247964
7.135672, 5.318476
7.167899, 5.353112
7.231726, 5.383022
7.299399, 5.401513
7.358612, 5.417692
7.443798, 5.481612
7.496283, 5.520993
7.539122, 5.563593
3bf2eb42-2f48-4e59-b38a-8fa8126a6676
6.585866, 4.841487
6.456189, 4.856178
6.338163, 4.875297
6.211406, 4.894492
6.075842, 4.916130
5.939795, 4.939192
5.803848, 4.953789
5.711252, 4.963728
5.642646, 4.994363
5.547949, 5.015916
5.479872, 5.042725
207f1f4b-11f2-4c22-8172-d4a3fc86b011
6.557358, 4.972910
6.424317, 5.003955
6.352699, 5.017132
6.274866, 5.033455
6.233230, 5.039033
6.124635, 5.088472
6.024504, 5.107606
5.952036, 5.118405
5.911407, 5.130512
5.864780, 5.150652
5.816321, 5.175766
a2efbbbf-96c9-48de-a07e-5f1e53a7c9ed
6.553668, 4.958835
6.431111, 5.050370
6.389261, 5.115284
6.375909, 5.134628
6.358232, 5.149851
6.328528, 5.178818
6.286019, 5.226543
6.241765, 5.264976
6.204861, 5.299009
6.171927, 5.335487
