main root
5.270254, 9.683659
5.285980, 9.508266
5.310303, 9.355536
5.328258, 9.104961
5.351219, 8.946162
5.379690, 8.835068
5.418787, 8.734617
5.464279, 8.644880
5.542687, 8.521346
5.708959, 8.343284
5.891438, 8.182971
6.105442, 7.980787
6.258803, 7.775030
6.340627, 7.661064
6.434976, 7.558891
6.525886, 7.499795
6.613711, 7.481874
6.826856, 7.555507
6.949151, 7.759328
6.948564, 7.982817
6.880112, 8.173837
6.826381, 8.286223
6.763081, 8.399134
6.693315, 8.517149
6.649053, 8.591853
6.603557, 8.672875
6.551928, 8.760497
6.500347, 8.848039
6.444474, 8.942864
6.376655, 9.049694
6.316732, 9.163674
6.268334, 9.278591
6.217270, 9.388990
6.153750, 9.528169
6.110548, 9.643122
6.073762, 9.773550
6.046901, 9.876589
6.018999, 9.991981
6.001345, 10.091989
5.980739, 10.208723
5.965753, 10.317965
5.950536, 10.444337
5.934290, 10.561604
5.924561, 10.662665
5.916937, 10.763922
5.910129, 10.882451
5.909621, 11.001662
5.922431, 11.128645
5.936444, 11.246534
5.952550, 11.364154
5.972856, 11.481354
5.989552, 11.590106
6.009128, 11.689736
6.032436, 11.797389
6.063813, 11.912399
6.090850, 12.027536
6.116013, 12.134690
6.143247, 12.241408
6.168382, 12.356972
6.182108, 12.459900
6.187958, 12.567802
6.185109, 12.671602
6.180444, 12.764883
6.172031, 12.850089
6.171481, 12.898479
b55b8eb6-2284-4d0f-a6ff-42ee264b805d
5.364114, 9.370427
5.478067, 9.381312
5.555219, 9.413893
5.454207, 9.436410
5.364329, 9.462585
5.121715, 9.610149
5.089241, 9.646012
5.020573, 9.683099
4.978701, 9.700861
4.930586, 9.726386
4.888582, 9.743835
4.841894, 9.765090
4.794460, 9.791859
4.769565, 9.797568
4.710984, 9.825046
4.674232, 9.834263
4.618392, 9.859297
4.573818, 9.877883
4.525548, 9.903114
4.489179, 9.924064
7cb03492-b657-4981-9634-4e9109941ce1
5.354412, 9.542002
5.428944, 9.528562
5.501463, 9.529413
5.562301, 9.575564
5.516972, 9.608162
5.457760, 9.673411
5.380443, 9.726830
5.292198, 9.792940
5.194313, 9.845124
5.123789, 9.915174
5.074267, 9.953815
4.990078, 10.011459
4.915652, 10.054877
4.839704, 10.094383
4.754720, 10.133846
4.706202, 10.166279
4.659102, 10.195963
4.620327, 10.219817
f82048fd-ad14-43f7-bf6f-2f6545926ab4
6.491972, 7.545338
6.525600, 7.652758
6.537614, 7.691138
6.543327, 7.714397
c9469a20-2735-4eea-b462-ca0e04fc15ce
6.783008, 7.551306
6.758262, 7.610919
6.746576, 7.627388
9b62fe39-d6ed-4c53-8406-ac4d86d2be19
6.938804, 7.857062
6.826517, 7.873410
6.773826, 7.889356
6.726231, 7.905323
cf3c683b-7ba5-4a98-9d65-a6973ce97df4
6.841800, 8.252877
6.765530, 8.247420
