main root
7.374417, 5.029239
7.131571, 5.312293
7.045848, 5.424304
6.948083, 5.552049
6.879390, 5.670678
6.826893, 5.765560
6.774797, 5.872791
6.728471, 5.982630
6.688987, 6.076247
6.658886, 6.163854
6.625874, 6.259936
6.599742, 6.348937
6.575591, 6.438664
6.555697, 6.520545
6.537825, 6.602895
6.519867, 6.685638
6.499125, 6.752988
6.480183, 6.814946
6.495005, 6.853701
6.490790, 6.955002
6.491492, 7.037599
6.492140, 7.113799
6.501541, 7.224005
6.517728, 7.308114
6.519861, 7.374632
6.522101, 7.444447
6.526343, 7.483308
6.536390, 7.520174
6.556426, 7.593692
6.583811, 7.671413
6.597681, 7.737796
6.618739, 7.828303
6.637925, 7.910766
6.661026, 8.000770
6.680171, 8.083707
6.701140, 8.165318
6.724112, 8.246396
6.745311, 8.328824
6.766400, 8.410821
6.781734, 8.482461
6.804788, 8.561569
6.811262, 8.626575
6.817762, 8.691869
6.827457, 8.728826
6.846792, 8.802526
6.867703, 8.894778
6.885462, 8.949929
6.912107, 9.027902
6.932945, 9.098139
6.968338, 9.202556
6.998236, 9.290761
7.024302, 9.380765
7.041788, 9.451905
7.056351, 9.523702
7.078554, 9.603050
7.099083, 9.676421
7.119611, 9.749793
7.136449, 9.821091
7.164765, 9.901919
7.184047, 9.966006
7.191837, 10.012673
7.200938, 10.085364
7.217090, 10.166165
7.221461, 10.233833
7.239097, 10.321050
7.240682, 10.374193
7.252199, 10.459058
7.247394, 10.581059
7.247269, 10.660303
7.241172, 10.730499
7.240027, 10.812889
7.238973, 10.889077
7.234966, 10.962227
7.233626, 11.041458
7.229395, 11.114595
7.230629, 11.196987
7.222656, 11.264325
7.213696, 11.339988
7.209979, 11.422299
7.209396, 11.501537
7.211946, 11.561701
7.189621, 11.619354
7.132944, 11.931232
7.117531, 11.982559
7.101497, 12.041166
7.088283, 12.113038
7.077236, 12.181401
7.060513, 12.367361
7.056209, 12.429927
7.061547, 12.498022
7.070316, 12.554737
7.085430, 12.624270
7.101166, 12.690468
7.120551, 12.753384
7.145583, 12.819989
7.169053, 12.882440
7.226047, 12.991101
7.274540, 13.115574
7.326334, 13.182463
7.384884, 13.264222
7.510700, 13.295897
6bbc94a6-c765-485c-a06a-b2bc17486e2b
6.982835, 5.575033
7.008676, 5.619056
7.032964, 5.654030
7.080595, 5.717366
7.108657, 5.762151
7.137470, 5.812039
7.161800, 5.865864
7.238677, 6.015016
7.255375, 6.042687
7.269781, 6.068161
7.283461, 6.094031
7.300448, 6.121526
7.315121, 6.146847
7.329073, 6.172573
7.338234, 6.197477
7.359083, 6.230545
7.354020, 6.252661
7.364337, 6.279883
7.378371, 6.333806
7.393440, 6.397650
7.405669, 6.476539
7.416956, 6.520031
7.401106, 6.706075
7.391084, 6.770819
7.374796, 6.827122
7.344507, 6.924211
7.315081, 7.004608
7.288891, 7.076162
7.260028, 7.141957
7.223146, 7.236559
7.191361, 7.323881
7.162400, 7.403445
7.134546, 7.471214
7.108015, 7.543642
7.081921, 7.596294
7.023921, 7.692494
6.998761, 7.734093
6.967189, 7.813435
6.942466, 7.891571
6.923452, 7.971289
6.905861, 8.045040
6.883004, 8.102166
6.844059, 8.205191
6.820393, 8.285392
6.808149, 8.348868
6.800981, 8.429832
6.796315, 8.482543
6.808903, 8.522687
6.819441, 8.590710
6.834387, 8.673642
6.853334, 8.755396
6.874132, 8.831872
6.881782, 8.882812
e75533b7-2e95-40ce-9a82-da5457e19f15
7.035241, 5.461490
7.092634, 5.528890
7.124976, 5.602201
7.142448, 5.660349
7.184471, 5.728339
7.221194, 5.787756
7.235992, 5.817393
7.255370, 5.842799
7.375385, 6.070120
7.396133, 6.109426
7.442161, 6.161970
7.485417, 6.206813
7.530776, 6.249528
7.569293, 6.285807
7.612031, 6.321965
7.849699, 6.522344
7.953030, 6.628661
8.026158, 6.697070
8.093085, 6.756754
8.194836, 6.848437
8.321562, 6.968080
8.382587, 7.022403
8.530517, 7.177205
8.609686, 7.284712
8.781291, 7.471716
8.987632, 7.673006
9.177030, 7.897287
9.289341, 8.040452
9.369402, 8.152326
9.396902, 8.202925
5d64c51d-9ed5-4324-9b2f-bc2df0b5bffc
7.120647, 5.401741
7.139075, 5.483586
7.140964, 5.526654
7.155360, 5.542608
7.166160, 5.614006
7.186965, 5.670452
7.215016, 5.703173
7.230277, 5.774492
7.399692, 6.048496
7.439036, 6.100673
7.470447, 6.147235
7.520143, 6.199422
7.565149, 6.242284
7.612193, 6.282899
7.656940, 6.321480
7.700279, 6.358794
7.726876, 6.400977
8.122911, 6.780103
8.397253, 7.028290
8.437590, 7.067788
8.462567, 7.106219
8.662392, 7.351067
8.773046, 7.463796
9.050526, 7.747429
9.314925, 8.070778
d10263b5-67d6-4b6a-82c8-b58e09d8cb69
6.595293, 6.819026
6.669435, 6.837322
6.723596, 6.855311
6.789129, 6.883635
6.835858, 6.914012
6.955315, 7.005078
6.992463, 7.067406
7.013657, 7.091297
7.043171, 7.111054
7.096492, 7.143161
7.151288, 7.172678
7.203378, 7.200755
7.267664, 7.225189
7.287959, 7.260511
7.316358, 7.268218
7.346728, 7.294520
7.455615, 7.356546
7.528503, 7.440239
7.586996, 7.498285
7.649550, 7.551928
7.711616, 7.601209
7.756571, 7.650283
7.798036, 7.695545
7.827942, 7.719327
7.874459, 7.748668
7.943037, 7.788386
8.011023, 7.826032
8.059923, 7.863375
8.126619, 7.911662
8.169643, 7.933573
2e22bd6f-cddb-408a-890f-e3e4a371aa53
6.643199, 6.438784
6.670444, 6.454765
6.720477, 6.494797
6.782927, 6.548951
6.813306, 6.575299
6.840936, 6.591340
6.902404, 6.618374
6.974309, 6.679297
7.013426, 6.704598
7.060513, 6.729705
7.089066, 6.759417
7.370162, 6.985889
7.412135, 7.024425
7.459798, 7.064010
7.489009, 7.101889
7.520609, 7.147899
7.544399, 7.172105
7.589736, 7.214081
7.637002, 7.253874
7.669726, 7.273598
b1a2057c-ce6c-4dbc-b84d-8f813f908844
6.680277, 6.251827
6.716243, 6.321712
6.778561, 6.470355
6.810481, 6.618160
a6f991c3-30a9-4e98-837d-05a03c2b8b4a
6.725292, 6.050952
6.768042, 6.081882
6.786170, 6.098680
6.806219, 6.123379
6.830758, 6.155986
6.859209, 6.196279
6.890598, 6.238138
6.912186, 6.266926
6.923234, 6.286649
76a547c9-a454-4ce2-9a08-be89f803360a
7.179722, 10.130894
7.128744, 10.160171
7.072908, 10.186788
7.008732, 10.228628
6.964320, 10.262282
9960fe45-cd6e-4a7c-9e3e-3b45b8d76ed4
7.185728, 10.345882
7.167024, 10.358854
7.108275, 10.375918
7.067827, 10.387667
7.021076, 10.401246
6.970352, 10.431489
6805ac04-53e0-4163-9f70-4ed052028807
7.183518, 11.474434
7.144665, 11.490934
7.106687, 11.505437
7.081845, 11.513321
7.004294, 11.520445
9782aecc-1133-4c11-ad11-214f3702e422
7.224200, 11.272576
7.255547, 11.312884
7.272373, 11.350307
11cbdaf0-16cd-4eb3-844d-cf781bac11a0
7.209367, 11.637433
7.237321, 11.643680
7.264363, 11.647789
