main root
6.634848, 5.225778
6.581571, 5.582520
6.539687, 5.729652
6.466575, 5.871415
6.491020, 6.109204
6.453637, 6.319550
6.430834, 6.483283
6.402087, 6.597926
6.386325, 6.701263
6.378751, 6.820880
6.367111, 6.906256
6.347066, 7.006305
6.335990, 7.126023
6.320899, 7.243331
6.319272, 7.322308
6.340743, 7.410162
6.354461, 7.519769
6.371602, 7.589104
6.399966, 7.651347
6.465021, 7.763307
6.486772, 7.792556
1fdd86a9-0b21-4f43-b1a8-90205f0304cf
6.698721, 5.426718
6.815290, 5.445262
6.946541, 5.441664
7.015048, 5.463555
7.092770, 5.497099
7.160762, 5.528074
7.234068, 5.558181
7.290268, 5.583536
7.358814, 5.638075
7.397343, 5.676683
7.432606, 5.714137
7.458095, 5.753871
7.507960, 5.827682
7.554138, 5.967646
7.602651, 6.067871
7.677738, 6.215146
7.731883, 6.322234
7.776224, 6.394085
7.799555, 6.450412
7.907001, 6.755906
7.994394, 6.949442
8.027127, 7.042664
8.046664, 7.098302
8.058569, 7.150275
8.082184, 7.219859
8.094856, 7.271168
8.143995, 7.427646
8.159826, 7.483054
8.174212, 7.538855
8.189642, 7.623621
8.196548, 7.686641
8.205579, 7.755293
8.219447, 7.826310
8.242964, 7.899877
8.256061, 7.960510
8.277729, 8.050865
8.289915, 8.114518
8.300899, 8.179853
8.319025, 8.251560
8.326534, 8.311807
8.341019, 8.394471
8.346049, 8.449203
8.353103, 8.509576
8.362927, 8.593675
8.375709, 8.651485
9bba88a1-efe7-4433-9141-dc8f9021fa47
6.630508, 5.665596
6.688717, 5.685058
6.746563, 5.709132
6.806276, 5.735749
6.864230, 5.756810
6.936606, 5.775290
7.000183, 5.791524
7.099336, 5.848942
7.168174, 5.880158
7.227877, 5.908875
7.298902, 5.934733
7.358710, 5.959691
7.415343, 5.988192
7.464733, 6.020010
7.531691, 6.078196
7.557885, 6.111949
7.602502, 6.171884
7.634101, 6.214330
7.654118, 6.255601
7.752725, 6.354026
7.804326, 6.479872
7.827376, 6.547923
7.856367, 6.627046
7.885432, 6.693321
7.906724, 6.753047
7.931529, 6.834983
7.944942, 6.894788
7.951657, 6.953154
7.954425, 7.016497
7.955821, 7.082736
7.953253, 7.157738
7.952022, 7.193700
7.938625, 7.282766
7.931070, 7.343058
7.928902, 7.408534
7.903008, 7.442251
7.906633, 7.476192
7.890065, 7.568896
7.875169, 7.652245
7.862321, 7.707118
7.853274, 7.772022
7.825698, 7.807858
7.825844, 7.837714
7.800831, 7.930572
7.782328, 7.993511
7.758447, 8.074743
7.742744, 8.133464
7.728491, 8.192554
7.712871, 8.275007
7.705000, 8.324590
7.674021, 8.557030
7.668763, 8.619141
7.654209, 8.666874
7.636786, 8.713755
7.645518, 8.736977
7.636016, 8.836027
7.619975, 8.936794
7.606664, 9.020409
7.599657, 9.102516
7.590449, 9.175201
7.583467, 9.254141
7.573769, 9.363773
7.564337, 9.436426
7.563568, 9.523725
7.555481, 9.592366
7.547813, 9.693608
7.540678, 9.767988
7.537442, 9.848743
7.531257, 9.950261
7.528541, 10.019454
7.524447, 10.085582
7.521440, 10.134172
74c2994f-0b01-4a29-abd1-3a11e89903d7
6.702375, 5.434252
6.737678, 5.547522
6.755913, 5.595967
6.775864, 5.636226
6.809045, 5.689292
6.915079, 5.819175
6.990100, 5.896504
7.015235, 5.926740
7.045130, 5.958053
7.074252, 5.988587
7.103362, 6.019136
7.132485, 6.049699
7.157376, 6.080161
7.192771, 6.125843
7.236358, 6.179653
7.285309, 6.232951
7.320554, 6.282389
7.347467, 6.327874
7.373886, 6.357830
7.356092, 6.387739
7.323675, 6.494327
7.314437, 6.524703
7.372347, 6.607349
7.425680, 6.719089
7.449385, 6.789068
7.471513, 6.874941
7.495800, 7.012866
7.519237, 7.167512
7.569305, 7.439087
7.613815, 7.674548
7.648075, 7.840051
7.655642, 7.900572
7.691483, 7.999086
7.704009, 8.112121
7.699904, 8.170182
7.693739, 8.236145
7.683382, 8.298694
7.668621, 8.360352
7.663565, 8.400758
7.661713, 8.545819
bca3d9c7-4923-494a-8ff7-090a587fbdcf
6.555512, 5.895074
6.637369, 5.959319
6.680926, 6.001115
6.721820, 6.046989
6.754501, 6.077350
6.813053, 6.121933
6.854705, 6.163427
6.889126, 6.191799
6.950215, 6.232839
7.005047, 6.269673
7.049493, 6.308547
7.113227, 6.364291
7.174806, 6.414174
7.227700, 6.462800
7.290033, 6.520104
7.323647, 6.559136
7.356719, 6.602127
7.375426, 6.636263
7.398826, 6.682074
7.410648, 6.729312
7.485332, 6.956076
7.496202, 7.001956
7.508360, 7.072745
7.526439, 7.151488
7.542719, 7.241295
7.551092, 7.312656
7.554927, 7.398738
7.554818, 7.463553
7.556199, 7.532791
7.553998, 7.634612
7.551253, 7.692339
7.547014, 7.749977
7.538673, 7.802166
7.503270, 7.991742
7.494080, 8.057262
7.482765, 8.116371
7.467367, 8.208007
7.452459, 8.269635
7.442045, 8.344506
7.425944, 8.444921
7.411498, 8.506653
7.406648, 8.547085
7.402503, 8.619328
7.400033, 8.688529
7.394731, 8.753119
7.387113, 8.845942
7.380896, 8.903394
7.379829, 8.968910
7.367260, 9.005421
7.355547, 9.039444
7.360097, 9.071127
7.341566, 9.216490
7.329061, 9.276194
7.316473, 9.341797
7.308180, 9.406908
7.307656, 9.482086
7.298312, 9.534427
7.286169, 9.626377
7.271041, 9.695204
7.252401, 9.766060
7.241071, 9.820893
7.232691, 9.876253
7.229161, 9.939575
7.233286, 10.067097
7.222292, 10.117580
7.206079, 10.192038
7.196729, 10.277177
7.184437, 10.347970
7.160764, 10.447215
7.149581, 10.529853
7.138080, 10.603685
7.122604, 10.673853
7.100721, 10.773077
7.085447, 10.849277
7.069298, 10.922235
7.051505, 11.022190
7.039905, 11.078807
7.025679, 11.133336
7.020874, 11.169537
11f6ef04-9647-4207-90ea-58a5421716a5
6.455205, 5.981713
6.378442, 5.990883
6.318358, 5.999567
6.252157, 6.018222
6.199312, 6.026906
6.133485, 6.046837
6.057814, 6.042612
5.998265, 6.051503
5.968118, 6.062046
5.910412, 6.085382
5.853889, 6.111455
5.808224, 6.135802
5.776477, 6.152714
5.751596, 6.172739
5.722655, 6.203699
5.695549, 6.243655
5.647035, 6.367226
5.628800, 6.430095
5.610285, 6.483245
5.594509, 6.546777
5.578074, 6.600606
5.556814, 6.649734
5.531743, 6.700092
5.510040, 6.743654
5.496676, 6.783869
5.479900, 6.843797
5.463935, 6.900769
5.452106, 6.965118
5.438989, 7.019821
5.435013, 7.062012
5.431001, 7.120541
5.419168, 7.166241
5.402632, 7.250773
5.387416, 7.281782
5.394386, 7.311520
5.379190, 7.394896
5.357660, 7.478323
5.340735, 7.543906
5.322735, 7.607667
5.297623, 7.688988
5.278626, 7.755579
5.262102, 7.824414
5.246664, 7.915751
5.232925, 7.979083
5.220856, 8.048833
5.210390, 8.109318
5.196987, 8.160440
5.179212, 8.292973
5.171498, 8.361770
5.158670, 8.422442
5.143508, 8.486913
5.129118, 8.554621
5.118496, 8.626173
5.108553, 8.693150
5.102396, 8.765232
5.085720, 8.819750
5.066905, 8.886364
5.051598, 8.957062
5.038411, 9.025013
5.024324, 9.089726
5.008775, 9.154102
4.991772, 9.218112
4.983544, 9.266560
4.975878, 9.338490
4.967369, 9.404168
4.959959, 9.472992
4.951378, 9.538661
4.943893, 9.607477
4.932592, 9.669841
4.927753, 9.746903
4.919310, 9.809719
4.901696, 9.894059
4.886690, 9.958590
4.872307, 10.000617
3dfa5d74-448b-41fd-96e0-08c25e53f8c6
6.458589, 5.729711
6.227823, 5.711200
6.178608, 5.724297
6.095113, 5.740100
6.010322, 5.751927
5.934848, 5.762454
5.858100, 5.774670
5.776576, 5.787646
5.739345, 5.790540
5.713654, 5.810467
5.661256, 5.847320
5.621831, 5.873056
5.598424, 5.897114
5.561613, 5.941392
5.497857, 6.041764
5.427132, 6.087468
5.371153, 6.121751
5.313836, 6.156855
5.216834, 6.280213
5.175052, 6.331074
5.133846, 6.397885
5.103965, 6.477874
5.076932, 6.533134
5.053638, 6.594378
5.029103, 6.642046
4.984317, 6.738060
4.884076, 7.014107
4.855556, 7.097243
4.819853, 7.201321
4.782156, 7.304689
4.757414, 7.403401
4.739415, 7.483912
4.727653, 7.584996
4.717107, 7.636785
4.701032, 7.685724
4.632175, 7.996348
4.622997, 8.051580
4.613283, 8.110045
4.631379, 8.379141
4.631459, 8.424929
4.628539, 8.466392
4.618824, 8.519118
4.610486, 8.580888
4.605124, 8.642987
4.594576, 8.695554
4.585262, 8.757183
4.581432, 8.822599
4.575526, 8.872262
4.563291, 8.924462
4.556459, 8.992958
4.543875, 9.043743
4.540546, 9.119398
4.529833, 9.158666
4.524735, 9.234225
4.513672, 9.264785
4.498541, 9.306582
4.487432, 9.376480
4.487176, 9.406704
4323130c-df02-49b6-bd46-81d3ba8d323d
6.539172, 5.364674
6.281392, 5.272003
6.218161, 5.281148
6.154497, 5.296418
6.068833, 5.297090
6.015568, 5.291534
5.950104, 5.290737
5.887872, 5.292986
5.822938, 5.301335
5.764215, 5.308898
5.706548, 5.322375
5.514654, 5.382573
5.407732, 5.392087
5.364669, 5.400083
5.327526, 5.403934
5.296924, 5.413126
5.266583, 5.431617
5.217781, 5.461358
5.172874, 5.472525
4.977807, 5.481735
4.941866, 5.483429
4.910799, 5.490885
4.875502, 5.505510
4.819146, 5.532097
4.764130, 5.561358
4.710581, 5.593231
4.669788, 5.614026
4.620825, 5.629682
4.525328, 5.727418
4.452191, 5.777711
4.406053, 5.796724
4.361042, 5.815273
4.310820, 5.842442
4.256275, 5.878757
4.205693, 5.917829
4.171593, 5.936603
4.106024, 5.969288
4.037830, 6.003281
3.957933, 6.050159
3.900044, 6.082388
3.840282, 6.117374
3.767212, 6.160150
3.715531, 6.192139
3.675591, 6.211581
3.634444, 6.231062
f92ba70e-5bf2-4bda-bfa7-6e597c561a94
6.554810, 5.554374
6.281169, 5.452381
6.205369, 5.446410
6.129408, 5.440425
6.014109, 5.480051
5.942070, 5.504809
5.871889, 5.525764
5.781825, 5.550461
5.719593, 5.565972
5.664520, 5.587448
5.614614, 5.621257
5.545552, 5.701720
5.505734, 5.750409
5.480908, 5.787858
5.465887, 5.826768
5.417419, 5.951719
5.385183, 5.998349
5.350948, 6.053599
5.249496, 6.225303
5.126535, 6.375499
5.089413, 6.464281
5.056313, 6.550264
5.018669, 6.651577
4.912751, 6.921315
4.868277, 7.056942
4.839316, 7.144663
4.780484, 7.314564
4.746063, 7.455472
4.732839, 7.536119
4.678548, 7.811265
4.648299, 8.006963
4.614285, 8.445760
4.575254, 8.710116
4.547182, 8.914342
4.511768, 9.204474
00110b8a-66c3-42ae-84ae-442213d6eff6
6.577815, 5.462053
6.427136, 5.304150
6.290425, 5.335673
6.206233, 5.378811
6.083014, 5.452562
6.009036, 5.481105
5.848164, 5.557683
5.710223, 5.603037
5.621774, 5.665659
5.540719, 5.759982
5.354372, 5.931620
5.314176, 5.963002
5.266958, 6.003670
5.222853, 6.031780
5.185370, 6.055665
5.133926, 6.104260
5.098296, 6.146148
5.062119, 6.200228
5.001312, 6.300269
4.976218, 6.330027
4.937521, 6.368951
4.877824, 6.428998
4.824088, 6.478804
4.800480, 6.508847
4.730587, 6.615301
4.650013, 6.690554
4.580156, 6.744286
4.519753, 6.790746
4.467325, 6.836379
4.422623, 6.875287
4.395188, 6.903135
4.358082, 6.945063
4.319323, 6.997894
4.288342, 7.042652
4.252653, 7.068802
1ddd416c-29f0-4589-9de8-6ef5c7e9607c
6.456563, 6.200476
6.365363, 6.290488
6.276643, 6.376220
6.222222, 6.397088
6.186442, 6.407515
6.163704, 6.431417
6.132909, 6.457275
6.111237, 6.481843
6.033269, 6.525809
5.980529, 6.558981
5.928969, 6.596715
5.881485, 6.629612
5.832556, 6.666031
5.797206, 6.690477
5.775176, 6.711171
5.754921, 6.736357
5.634222, 6.882924
5.554457, 6.969864
5.503243, 7.032692
5.439766, 7.123409
5.414648, 7.276873
5.399250, 7.363156
938bcae4-e72b-4aad-a67a-e6f63de00ec1
6.362088, 7.225251
6.404845, 7.273034
6.417162, 7.326220
6.451850, 7.383189
6.484961, 7.417422
6.567449, 7.542923
6.603518, 7.596375
6.638359, 7.641258
6.687918, 7.692895
6.725675, 7.738720
6.767215, 7.793930
6.803408, 7.842499
6.827084, 7.886795
6.860070, 7.942160
6.880104, 7.989491
6.894130, 8.022629
7.265036, 8.447642
7.367815, 8.949835
31a3144a-7520-40b3-9f09-86588c72d8c5
6.365278, 7.543232
6.426488, 7.585981
6.468681, 7.626403
6.510637, 7.668917
6.581340, 7.708368
6.637565, 7.741455
6.708476, 7.790403
6.757970, 7.830024
6.812201, 7.867687
6.853676, 7.927898
6.879156, 7.979123
6.985592, 8.119755
7.160628, 8.316644
7.299356, 8.499157
1cac8806-fee1-4183-9810-3474144de9f2
6.519459, 7.824810
6.554259, 7.852629
6.592231, 7.883033
6.633096, 7.896580
6.693957, 7.924642
6.771328, 7.958032
6.823705, 7.987156
6.918676, 8.045326
7.109407, 8.254192
7.235008, 8.411874
7.447179, 8.738253
7.476274, 8.779548
7.489009, 8.810616
7.504979, 8.854548
7.515073, 8.879082
7.534506, 8.906643
b6fdd2a6-048d-42d9-8b80-858c46059a83
6.400563, 7.779887
6.379633, 7.844367
6.349720, 7.950523
6.337291, 7.980454
6.326165, 8.012163
6.315243, 8.030903
6.301058, 8.064933
6.288262, 8.084968
6.270881, 8.110126
6.253361, 8.138802
6.236484, 8.164300
6.220381, 8.197467
6.207424, 8.228474
6.197835, 8.264073
6.185376, 8.287312
6.172827, 8.313062
6.162210, 8.337376
6.154162, 8.366052
6.146373, 8.397904
6.142536, 8.426197
6.110647, 8.525540
6.096745, 8.563952
6.084139, 8.607580
6.066665, 8.662663
6.052279, 8.712965
6.040365, 8.765506
6.031775, 8.830463
6.019209, 8.902641
6.013167, 8.946075
6.006058, 8.986312
5.999647, 9.039806
5.989978, 9.095322
5.982245, 9.157167
5.974906, 9.203804
5.964915, 9.238399
5.950823, 9.287200
5.934381, 9.344138
5.915894, 9.397370
5.898296, 9.457164
5.881564, 9.514019
5.866859, 9.574590
5.851775, 9.630374
5.843437, 9.666945
46914530-d157-4bed-8695-12b02ed090f6
6.359113, 7.684424
6.353223, 7.753461
6.352652, 7.782975
6.344252, 7.796514
6.329833, 7.813708
6.334570, 7.833276
6.322366, 7.890467
6.313554, 7.931507
6.306987, 7.976091
6.284974, 8.080263
6.287727, 8.233197
6.286618, 8.264431
6.286991, 8.291183
6.288774, 8.324234
6.291938, 8.358315
6.296417, 8.392248
6.304078, 8.427421
6.311076, 8.459547
6.318306, 8.499767
6.326918, 8.547683
