main root
7.237035, 5.511293
7.170974, 5.687794
7.159719, 5.930102
7.155619, 6.112273
7.105126, 6.344626
7.056709, 6.558161
6.997934, 6.747650
6.975823, 6.886449
6.948407, 7.045522
6.931244, 7.207295
6.916115, 7.343553
6.898706, 7.468298
6.874419, 7.651505
6.851070, 7.812023
6.839651, 7.943536
6.822459, 8.068721
6.814601, 8.187974
6.797940, 8.313073
6.785265, 8.440056
6.776432, 8.549846
6.769016, 8.668328
6.767897, 8.787528
6.768542, 8.922096
6.776474, 9.065590
6.784840, 9.178596
6.785185, 9.307248
6.787584, 9.412598
6.787785, 9.514303
6.781688, 9.632332
6.777672, 9.750989
6.775765, 9.869700
6.769648, 9.987817
6.776616, 10.098728
6.787748, 10.208421
6.794640, 10.318249
6.795188, 10.428328
6.791557, 10.546548
6.777206, 10.671828
6.763716, 10.789594
6.751316, 10.916284
6.741854, 11.034628
6.732406, 11.152790
6.726427, 11.280258
6.718391, 11.406759
6.710751, 11.559481
6.706927, 11.678148
6.703110, 11.796616
6.705904, 11.906992
6.706362, 12.008691
6.704705, 12.110377
6.709398, 12.211833
6.721221, 12.330454
6.730860, 12.448439
6.738397, 12.566588
6.741710, 12.684811
6.747374, 12.811975
6.751438, 12.958796
6.752135, 13.069819
6.745561, 13.215339
6.746115, 13.294675
6.725169, 13.377664
62fa7b84-4c2e-44a5-9722-ceccda0cdf22
7.101367, 5.471453
6.923853, 5.452992
6.823360, 5.450643
6.668316, 5.451055
6.622436, 5.440686
6.571920, 5.435407
6.511542, 5.433509
47bc0397-018b-4731-85d0-10dbe239ffad
7.301368, 5.884179
7.429693, 5.966709
7.499415, 6.004023
7.536580, 6.025611
e383e614-cfba-4eec-800f-a30a772cd1c6
7.050423, 5.693612
6.950425, 5.692212
6.875505, 5.708352
6.801821, 5.721940
6.761441, 5.735589
6.691232, 5.756143
6.663326, 5.779806
6.580070, 5.810537
6.535713, 5.831696
6.472462, 5.866841
6.413839, 5.897701
6.353278, 5.931271
6.292291, 5.970210
6.234748, 6.008724
6.176817, 6.054703
6.124008, 6.094706
6.071465, 6.125119
6.010119, 6.169274
5.954126, 6.215108
5.901086, 6.264330
5.859432, 6.296860
5.806310, 6.336449
5.752308, 6.374828
5.695335, 6.424500
5.644428, 6.466899
5.592192, 6.512353
5.541976, 6.544144
5.485215, 6.578306
5.452290, 6.592882
5.437921, 6.625719
5.366561, 6.688250
5.278366, 6.754277
5.218567, 6.791568
5.171260, 6.803432
5.172010, 6.848212
5.088512, 6.919500
4.995711, 7.016582
4.894526, 7.104316
4.811365, 7.176421
4.722825, 7.241990
4.653749, 7.303613
4.582674, 7.364202
4.530959, 7.410253
4.480373, 7.455298
4.440854, 7.490490
4.402135, 7.524517
62b0ff0b-aa88-43e6-ba2e-0d049cd7b103
6.914708, 5.681066
6.868572, 5.647266
6.844744, 5.639857
6.772773, 5.626390
b8162e08-d14f-40a7-80a3-17334b2d3cdb
7.203005, 6.203789
7.271906, 6.311676
7.298400, 6.367334
14a88ebc-7fd5-4e82-9f23-0801f4101fc3
7.235230, 6.038902
7.317379, 6.204808
7.385013, 6.254097
7.465052, 6.295503
7.505251, 6.319677
7.541857, 6.341316
7.576150, 6.363513
7.620863, 6.390674
7.660165, 6.418049
7.706714, 6.452297
7.747631, 6.482401
7.779250, 6.509380
7.807844, 6.541649
7.847148, 6.586005
7.886452, 6.630361
7.932095, 6.675100
7.974119, 6.712100
8.013818, 6.741070
8.066256, 6.773779
8.127852, 6.808671
8.179423, 6.837884
8.228949, 6.867659
8.270431, 6.894344
8.311084, 6.922276
8.355037, 6.950660
8.393577, 6.979111
8.425545, 7.004571
8.467387, 7.035982
8.510112, 7.066184
8.551594, 7.095506
8.593732, 7.130792
8.632680, 7.163406
8.674388, 7.200284
8.701351, 7.230117
8.735411, 7.267803
8.777266, 7.311884
8.812249, 7.348726
8.852119, 7.384194
8.905371, 7.427560
8.957643, 7.464336
9.017215, 7.502590
9.065010, 7.535060
9.104951, 7.564003
9.143991, 7.594142
9.195513, 7.635806
9.232914, 7.667976
9.273534, 7.700941
9.305943, 7.729170
9.324581, 7.747389
150dbe94-6741-4a1c-8718-dc0d6202e131
7.037130, 6.711411
7.107808, 6.700414
7.228485, 6.730674
7.287152, 6.758496
7.319408, 6.779888
7.348966, 6.801119
7.373532, 6.815668
7.403589, 6.826511
7.445324, 6.839976
7.483727, 6.853939
7.517687, 6.869472
7.546560, 6.882678
7.567676, 6.893981
027ab36e-9323-4419-8c48-8c3e3f4d0035
7.149952, 5.881355
7.002040, 6.019743
94004d55-4d69-40e1-90b7-960f5439c71e
6.817881, 7.691084
6.761667, 7.710074
6.725517, 7.718650
6.704150, 7.744138
6.608792, 7.801223
6.539005, 7.847835
6.438591, 7.905430
6.381185, 7.947899
44f3fda5-9a7c-49e0-8ce0-37b63409216d
6.940751, 7.622374
6.995993, 7.626700
7.041027, 7.634281
7.103226, 7.654632
7.149337, 7.678522
7.222150, 7.726881
7.295059, 7.767836
7.340810, 7.796969
7.382817, 7.829041
3f591903-5603-4983-a57b-f40f4ddae080
6.868971, 8.136097
6.900806, 8.155528
6.930891, 8.179012
6.961703, 8.200796
6.982386, 8.215536
7.007244, 8.229576
7.037514, 8.239799
7.079506, 8.252400
7.118177, 8.265568
7.160464, 8.283128
7.197606, 8.300173
7.243774, 8.321359
7.272631, 8.334600
7.293732, 8.345931
