main root
6.227233, 5.160433
6.209183, 5.230292
6.201483, 5.336333
6.181635, 5.569976
6.147010, 5.832158
6.126823, 6.060102
6.102141, 6.266819
6.092383, 6.416528
6.069207, 6.602213
6.042459, 6.766568
6.011241, 6.905170
5.977156, 7.056502
5.938090, 7.229950
5.924606, 7.366681
5.909725, 7.560592
5.900827, 7.713773
5.893299, 7.843379
5.892176, 7.971333
5.892903, 8.105900
5.884257, 8.232999
5.886454, 8.355898
5.891344, 8.481182
5.889729, 8.601850
5.888143, 8.720374
5.894826, 8.848553
5.909882, 8.976020
5.926897, 9.102168
5.930197, 9.235916
5.935116, 9.380845
5.945559, 9.502170
5.947259, 9.620314
5.955191, 9.730446
5.963705, 9.848666
5.973727, 9.958356
5.982395, 10.076413
6.003774, 10.194725
6.007275, 10.284944
6.007311, 10.394977
6.009313, 10.520390
6.011069, 10.630437
6.019406, 10.758135
6.022297, 10.904390
6.031027, 11.026293
6.038597, 11.161200
6.047353, 11.279592
6.047629, 11.397753
6.045771, 11.507771
6.040178, 11.593206
6.036210, 11.686047
6.032595, 11.770633
6.029612, 11.840418
6.023360, 11.901926
6d214f50-009b-4876-b651-797b2774868b
6.127263, 5.204116
6.103615, 5.215914
6.032762, 5.257955
5.989870, 5.274702
824174b9-7aba-43a9-a740-62c489c8afc4
6.125993, 5.386948
6.083687, 5.381376
6.042548, 5.383467
5.992797, 5.385995
5.936448, 5.385862
5.874184, 5.388708
5.813555, 5.392978
5.743215, 5.400933
5.669850, 5.413748
5.619271, 5.426793
5.568032, 5.440009
5.539236, 5.450527
5.477320, 5.484296
5.448119, 5.493403
5.400552, 5.503535
5.336607, 5.514095
5.279365, 5.522031
5.212276, 5.531332
5.135526, 5.543484
5.053390, 5.560688
4.993066, 5.576381
4.921466, 5.591915
4.862403, 5.606260
4.804812, 5.620248
4.763530, 5.633355
4.703150, 5.658808
4.646144, 5.687711
4.590252, 5.709336
4.534979, 5.730722
4.480562, 5.750173
4.414060, 5.778711
4.335051, 5.810359
4.287059, 5.831196
4.241235, 5.849460
4.188147, 5.870619
4.150788, 5.885509
0d97ff57-60b4-42d2-adeb-39680529a583
5.864298, 7.308749
5.800818, 7.323638
