main root
6.788481, 4.830474
6.870101, 4.991397
6.893247, 5.191947
6.820130, 5.507491
6.793156, 5.653416
6.769249, 5.840709
6.763882, 6.024065
6.765184, 6.192232
6.759485, 6.387210
6.762962, 6.550663
6.771318, 6.744961
6.791202, 6.873804
6.801874, 6.982776
6.808621, 7.030539
6.810953, 7.225352
6.821864, 7.271786
6.835444, 7.356826
6.846796, 7.441134
6.860072, 7.524298
6.879353, 7.605615
6.896966, 7.688834
6.899985, 7.753107
6.893699, 7.840239
6.899167, 7.908534
6.912862, 8.026696
6.921522, 8.119687
6.926428, 8.172376
6.927261, 8.280301
6.930081, 8.373175
6.933679, 8.491644
6.927001, 8.617564
6.922821, 8.736207
6.908059, 8.858870
6.881583, 8.983300
6.852599, 9.109449
6.828073, 9.225614
6.803586, 9.341594
6.780851, 9.449276
6.763719, 9.540603
6.743875, 9.623886
6.725724, 9.700070
6.705375, 9.757856
c68e2444-4907-46e2-8769-5b56aef72235
6.989924, 5.058160
7.092533, 5.116324
7.142446, 5.140031
7.173957, 5.158479
7.210272, 5.173753
7.282854, 5.217779
7.564769, 5.386370
7.659336, 5.430230
7.743944, 5.469387
7.853631, 5.525384
7.926010, 5.525430
8.030147, 5.562931
8.110354, 5.580574
8.178550, 5.601694
8.244738, 5.628449
8.303806, 5.663236
8.375360, 5.707509
8.448763, 5.745358
8.523790, 5.781459
8.599786, 5.815475
8.675816, 5.851522
8.751039, 5.889223
8.824367, 5.932659
8.894466, 5.981130
8.964232, 6.026573
9.032123, 6.078201
9.107470, 6.137573
240ef5a5-8fff-4201-9b31-b61055102315
6.871770, 5.088990
6.807198, 5.105297
6.754238, 5.114357
6.679705, 5.161087
6.460977, 5.245993
6.403735, 5.277238
6.326851, 5.328789
6.245399, 5.375806
6.155159, 5.423010
6.100569, 5.458687
6.053654, 5.496781
6.009507, 5.530700
5.960761, 5.587785
5.932063, 5.623697
5.910304, 5.658119
5.885686, 5.705463
5.874864, 5.745744
5.862132, 5.828909
5.841845, 5.892201
5.812793, 5.953366
5.798370, 5.997647
5.776709, 6.073767
5.757937, 6.150667
5.736880, 6.205368
5.694374, 6.298126
5.657039, 6.374619
5.617852, 6.450182
5.587992, 6.525777
5.561682, 6.600532
5.540045, 6.680044
5.511628, 6.738873
5.490005, 6.790518
5.474443, 6.835436
5.453195, 6.915053
5.436727, 6.994172
5.416559, 7.061691
5.387820, 7.150549
5.369270, 7.203042
5.345677, 7.251842
516888f7-ab2c-4fbd-9ad3-de1631fd40b5
6.893634, 5.197313
6.984102, 5.226094
7.029701, 5.232505
7.093592, 5.273006
7.193010, 5.303500
7.298202, 5.335763
7.405448, 5.355379
7.515459, 5.366896
7.578239, 5.392614
7.677531, 5.440151
7.823168, 5.507288
7.920215, 5.554353
7.971637, 5.579291
8.058113, 5.600759
8.111159, 5.624723
8.149893, 5.637293
8.212435, 5.659164
8.266840, 5.686116
8.317509, 5.719568
8.378489, 5.754448
8.447497, 5.785298
8.507359, 5.813698
8.570552, 5.842021
8.638298, 5.867462
8.692071, 5.895650
8.750043, 5.927730
8.807272, 5.961112
8.859643, 5.996856
8.917669, 6.034648
8.980641, 6.070303
9.041627, 6.103110
9.132831, 6.158063
9.176095, 6.196913
55659060-82f2-4ce0-a7d6-8aeb795ba11d
6.763998, 5.464284
6.549759, 5.529617
6.438635, 5.572948
6.387166, 5.596017
6.314638, 5.635091
6.243928, 5.683390
6.182986, 5.715954
6.115801, 5.751854
6.025273, 5.802626
5.972309, 5.830614
5.924913, 5.867872
5.892037, 5.903235
5.845919, 5.952843
bb046d48-2ede-4afe-abeb-ec4afa9ff24b
6.932715, 5.423338
6.985219, 5.462948
7.082457, 5.549418
7.153318, 5.595493
7.268006, 5.655039
7.347626, 5.705857
7.410074, 5.745715
7.478503, 5.771237
7.514911, 5.796864
7.611579, 5.822821
7.743472, 5.851135
7.806395, 5.880018
7.852259, 5.909306
7.919024, 5.949480
7.955538, 5.969704
16b4019f-ed9a-46d7-be02-3e09a44cc3d0
6.873844, 5.706383
6.907521, 5.740912
6.966630, 5.825107
7.005549, 5.880543
7.046379, 5.925679
7.100788, 5.951240
7.144818, 5.988770
7.208865, 6.019739
7.252200, 6.039526
7.295862, 6.061618
7.358228, 6.102004
7.411822, 6.145626
7.479452, 6.195324
7.520001, 6.226979
fee5d6cb-babc-4c0b-a45c-ed1fcea3ba4a
6.732253, 5.699130
6.682726, 5.716814
6.614777, 5.733731
6.571627, 5.757206
6.516519, 5.803573
6.471899, 5.822298
63c8069b-4144-4f92-a813-c07b54d84a93
6.882753, 5.329150
6.739801, 5.234526
6.720630, 5.158410
6.624159, 5.102697
6.605768, 5.100524
6.578355, 5.089737
6.555923, 5.098850
6.492147, 5.105898
6.426083, 5.098932
6.399445, 5.091609
6.352303, 5.077096
6.309364, 5.059179
6.278105, 5.047757
6.246569, 5.042608
6.197545, 5.039155
6.142253, 5.032501
b9165080-004a-4ad0-890d-a35e9bb31842
6.987794, 4.906310
7.073908, 4.922921
7.134181, 4.934547
7.165356, 4.940561
b726b288-4730-4b0d-90ec-fc5fc4783b8f
6.955828, 5.409967
7.225343, 5.619056
7.330187, 5.683682
7.475164, 5.764064
7.717455, 5.893884
7.767965, 5.951279
7.826526, 6.008446
7.890543, 6.062246
7.953529, 6.107051
8.025949, 6.148388
8.088046, 6.187279
8.150564, 6.228199
8.206823, 6.270079
8.240893, 6.302905
8.287301, 6.355932
8.350068, 6.424458
8.391587, 6.474217
8.413739, 6.507775
