main root
7.091634, 5.174665
7.134355, 5.289487
7.179930, 5.405547
7.218335, 5.509469
7.260484, 5.611318
7.290539, 5.700444
7.319423, 5.779605
7.352049, 5.856922
7.373830, 5.923938
7.397382, 5.996405
7.413391, 6.065029
7.436094, 6.142588
7.466644, 6.239423
7.487022, 6.304017
7.505523, 6.367636
7.527291, 6.449916
7.546445, 6.516464
7.565180, 6.581558
7.588985, 6.671870
7.611736, 6.740563
7.615020, 6.823329
7.628955, 6.919050
7.630548, 6.972107
7.632226, 7.030801
7.633823, 7.089499
7.635338, 7.148198
7.633700, 7.203984
7.631896, 7.262676
7.632910, 7.324449
7.633791, 7.383160
7.640749, 7.447850
7.643742, 7.503658
7.652545, 7.583986
7.663785, 7.667502
7.675610, 7.721700
7.677532, 7.765615
7.681313, 7.817795
7.680183, 7.864307
7.702555, 7.941726
7.687199, 8.038339
7.666082, 8.126357
7.578741, 8.225630
7.531338, 8.325520
7.507980, 8.443925
7.484128, 8.649240
7.486000, 8.706039
7.491162, 8.798818
7.483582, 8.886582
7.475567, 8.979377
7.467554, 9.072160
7.459540, 9.164943
7.449411, 9.257779
7.432057, 9.358320
7.409193, 9.442013
7.385966, 9.510003
7.359467, 9.578311
7.340505, 9.635466
7.318409, 9.711571
7.295123, 9.781038
7.270905, 9.853284
7.246685, 9.925529
7.224350, 10.001564
7.200847, 10.070959
7.164744, 10.197194
7.095897, 10.314806
7.036694, 10.407565
6.984688, 10.485138
6.926309, 10.568419
6.877710, 10.637749
6.834454, 10.694243
6.802502, 10.751388
6.776916, 10.809420
6.747703, 10.883092
6.722974, 10.961700
6.702064, 11.038147
6.682519, 11.109605
6.697176, 11.146951
6.687746, 11.279380
6.690126, 11.362730
6.694881, 11.455526
6.705362, 11.538487
6.717979, 11.621814
6.730654, 11.705529
6.751278, 11.786328
6.780560, 11.892498
6.797413, 11.976999
6.808119, 12.062487
6.814630, 12.147848
6.813839, 12.216202
6.804082, 12.283316
6.786451, 12.375346
6.764707, 12.466492
6.736793, 12.556301
6.707450, 12.636734
6.671420, 12.723227
6.641314, 12.791606
6.609845, 12.859368
6.569002, 12.952337
6.539453, 13.008433
6.508511, 13.070384
6.472757, 13.165644
6.446329, 13.223284
907c2bd7-8b6e-4f82-92fe-d5bc16961c49
7.096429, 5.355389
7.045690, 5.402377
6.981174, 5.475791
6.926081, 5.551691
6.882042, 5.608439
6.851178, 5.650620
6.810898, 5.702145
6.757163, 5.777710
6.701341, 5.852580
6.648821, 5.919552
6.606773, 5.970747
6.564920, 6.019347
6.534303, 6.056609
6.487535, 6.102987
6.448029, 6.157806
6.410117, 6.210266
6.365497, 6.290436
6.327554, 6.341575
6.281136, 6.390017
6.216700, 6.457265
6.152269, 6.524506
6.096026, 6.595362
6.048655, 6.655041
6.005347, 6.719750
5.978270, 6.760209
beed3448-5180-472e-af9b-6f649b1cee5c
7.359374, 5.991598
7.320737, 6.025380
7.287118, 6.061820
7.261375, 6.088030
7.224995, 6.120032
7.179470, 6.160936
7.144414, 6.195371
7.087124, 6.237405
7.048194, 6.272391
7.021491, 6.295301
7.002301, 6.310701
b9c07680-4b33-4e4c-869b-914fb4f9c872
7.477124, 8.311341
7.436402, 8.326672
