main root
6.918024, 5.595386
6.759971, 5.983028
6.731552, 6.080740
6.676201, 6.181152
6.584659, 6.462993
6.515104, 6.629455
6.450590, 6.807433
6.394233, 7.053782
6.340126, 7.283162
6.298857, 7.527317
6.258599, 7.701788
6.305557, 7.899431
6.315668, 8.017201
6.315238, 8.135222
6.317060, 8.204656
6.313237, 8.266996
8dcc0938-5bf0-4bdf-a3bf-72db5aef424f
6.903802, 5.793270
7.031457, 5.852254
7.064633, 5.884202
7.089745, 5.925171
7.131317, 5.925373
7.182242, 5.951436
7.229156, 6.006705
7.259405, 6.051188
7.291033, 6.096014
7.323433, 6.140288
7.364957, 6.185291
7.370875, 6.221804
7.393436, 6.247483
7.433037, 6.297095
7.470254, 6.348519
7.526425, 6.422543
7.573659, 6.477362
7.619981, 6.528830
7.671634, 6.579509
7.722099, 6.626924
7.777808, 6.673105
7.821524, 6.717119
7.869879, 6.763682
7.914344, 6.800267
7.968753, 6.843096
8.019963, 6.877695
8.053936, 6.897035
a35f501b-5dd5-48e7-8e7b-3a6f8b49e99b
6.820305, 6.029153
6.874310, 6.073973
6.934667, 6.145840
6.970049, 6.195522
7.013246, 6.239435
7.065120, 6.286289
7.119668, 6.330001
7.170903, 6.371059
7.217930, 6.412581
7.285318, 6.477693
7.344347, 6.530563
7.394762, 6.581748
7.467514, 6.652596
7.498159, 6.686616
2fabbf48-6530-487c-a881-5c86d26a2127
6.821627, 5.788492
6.594021, 5.906520
6.519065, 5.945390
6.450141, 5.984503
6.383870, 6.022111
6.287145, 6.074569
6.198914, 6.124825
6.121163, 6.161952
6.040933, 6.193368
5.958645, 6.218909
5.877789, 6.244006
5.806985, 6.262847
5.737595, 6.275120
5.690339, 6.277397
5.666592, 6.304927
5.572984, 6.343382
5.488876, 6.382482
5.417597, 6.420570
5.351618, 6.452433
5.289846, 6.484600
5.241861, 6.498736
2564f52f-d830-49f2-837f-4ae16aa75d36
6.640907, 6.058719
6.543498, 6.068888
6.467176, 6.075139
6.160384, 6.088926
6.106264, 6.087029
