main root
6.735227, 4.710043
6.645516, 4.935634
6.620331, 5.183808
6.628693, 5.329871
6.647441, 5.509315
6.689657, 5.764845
6.680126, 5.866739
6.671767, 6.069648
6.651271, 6.251473
6.623126, 6.386091
6.598549, 6.566082
6.586711, 6.729035
6.575302, 6.922531
6.562939, 7.061577
6.549624, 7.187626
6.535092, 7.305107
6.520491, 7.440153
6.499432, 7.556413
6.482398, 7.674131
6.462170, 7.799264
6.447364, 7.917292
6.437850, 8.027142
6.436766, 8.137754
6.433747, 8.231097
6.426837, 8.316427
6.424747, 8.394358
6.430399, 8.501606
6.428963, 8.694652
6.445127, 8.791325
6.464354, 8.880720
6.525021, 8.972281
6.591318, 9.040249
6.674543, 8.976880
6.573238, 9.073335
6.559418, 9.117612
6.586583, 9.184638
6.558943, 9.309930
6.514551, 9.388478
6.480598, 9.489236
6.475163, 9.528807
e41490cc-1f8d-4ef6-b818-2a976116aa7b
6.699015, 5.222268
6.743244, 5.205770
6.787088, 5.192629
6.839949, 5.163964
6.884369, 5.148045
6.995645, 5.141118
7.101827, 5.059892
7.151913, 5.033767
7.199806, 5.018276
7.273782, 5.003190
7.367640, 4.992637
7.422866, 4.983416
0510fccf-36d3-4b3a-851d-89466fb3f19c
6.566251, 5.194304
6.506267, 5.241029
6.390035, 5.277429
6.308211, 5.300879
6.263370, 5.318046
6.187119, 5.364900
6.103942, 5.411357
6.042959, 5.438192
5.991753, 5.453791
5.933044, 5.463004
5.813799, 5.468897
5.763789, 5.468372
5.719951, 5.458931
5.634789, 5.449774
5.576141, 5.437448
5.498025, 5.424087
5.422915, 5.411239
5.324419, 5.384876
614fb1bd-9e1f-4544-8658-7b48445f23ad
6.638169, 5.542798
6.553733, 5.631471
6.526000, 5.660596
6.480311, 5.736325
6.401230, 5.797968
6.352817, 5.835706
6.309035, 5.863276
6.200508, 5.909059
6.143641, 5.939801
6.079015, 5.986729
6.031512, 6.013534
d099e411-4672-4474-aecb-01948ba440f0
6.731734, 5.662661
6.805364, 5.670661
6.923358, 5.720678
7.065914, 5.765744
7.171554, 5.769666
7.212998, 5.782618
0ca89751-efd9-4e6b-888c-9d3fa2a7c71e
6.717701, 5.084211
6.758079, 5.087696
6.818742, 5.091430
6.853072, 5.095042
6.893761, 5.111512
7.075363, 5.161599
7.129074, 5.171408
7.174192, 5.176603
7.216237, 5.181442
7.248671, 5.188185
7.283903, 5.195508
7.304031, 5.203869
