main root
6.678982, 4.454314
6.691199, 4.833989
6.682314, 4.951538
6.672743, 5.078172
6.673538, 5.206937
6.672159, 5.325310
6.673641, 5.461807
6.680725, 5.531093
6.704656, 5.619585
6.723095, 5.720172
6.737859, 5.812386
6.747283, 5.897475
6.747847, 5.959884
6.736057, 6.032385
6.721111, 6.124309
6.697707, 6.215817
6.676727, 6.306337
6.645473, 6.403714
6.612863, 6.491550
6.566696, 6.591584
6.533697, 6.678145
6.503517, 6.775123
6.484171, 6.872880
6.466538, 6.972883
6.455184, 7.073814
6.443826, 7.174783
6.437812, 7.285037
6.426918, 7.370509
6.416213, 7.454500
6.403988, 7.526739
6.399730, 7.569842
6.362821, 7.655390
6.341509, 7.720765
6.324623, 7.834452
6.306366, 7.942964
6.302338, 8.005050
6.344664, 8.121820
6.409561, 8.217223
6.422273, 8.277537
6.399076, 8.357369
6.377604, 8.411690
6.361218, 8.621457
6.356970, 8.713996
6.351929, 8.823811
6.348992, 8.933908
6.354750, 9.035390
6.350287, 9.143489
6.343978, 9.244992
6.333445, 9.346293
6.325930, 9.438903
6.323284, 9.522785
6.318239, 9.616050
6.313664, 9.700595
6.310963, 9.778257
6.308313, 9.854410
6.308144, 9.920115
6.306984, 9.972598
6.308124, 10.071846
6.301334, 10.132187
6.292404, 10.171394
6.320152, 10.265294
6.340440, 10.390120
6.358075, 10.498621
6.365882, 10.585992
6.361384, 10.678244
6.358960, 10.771133
6.346223, 10.853772
6.331212, 10.937558
6.309932, 11.021050
6.286905, 11.102996
6.259777, 11.184205
6.237523, 11.260272
6.214093, 11.329697
6.184313, 11.417937
6.143377, 11.519484
85286da1-a237-477c-842e-e07a356f4436
6.709482, 4.991096
6.631701, 5.013354
6.588743, 5.023394
6.564699, 5.037163
6.400256, 5.136517
6.343789, 5.160822
6.273363, 5.192765
6.201333, 5.232009
6.135372, 5.273251
6.059470, 5.319540
6.012001, 5.337937
5.931444, 5.385956
5.880677, 5.416186
5.829895, 5.446393
5.776997, 5.484858
5.738937, 5.505164
5.685540, 5.537076
5.633753, 5.571543
5.588027, 5.609202
83992fcf-a484-434e-a190-d1e72976e3fb
6.678331, 4.642663
6.599945, 4.801229
6.576523, 4.857936
6.563770, 4.881570
6.534327, 4.974818
6.415967, 5.193151
6.396400, 5.232387
6.382776, 5.252996
6.368770, 5.274185
6.326690, 5.386793
6.315165, 5.404808
6.292416, 5.440368
6.260478, 5.490291
6.228086, 5.538146
6.199212, 5.578136
6.168463, 5.613053
6.118861, 5.672884
f6a3eb77-8cf5-47a9-b9c6-4b6a3f1fc64d
6.683266, 5.511964
6.631594, 5.553375
6.554996, 5.579089
6.490123, 5.595505
6.401711, 5.624801
6.363484, 5.634304
6.334475, 5.647675
6.293147, 5.673316
6.234687, 5.685524
6.188671, 5.701240
6.150533, 5.711092
6.119799, 5.719021
6.095211, 5.725356
5.977906, 5.795934
dbcf8b58-4fbb-444e-865f-9ddf7a5b4038
6.289706, 8.095381
6.267876, 8.127756
6.235938, 8.165336
c3461f5f-aa98-43ea-8afa-9dc70269191d
6.333269, 7.871427
6.384038, 7.878404
d35549c5-5b79-462c-a1cd-ce7259f22d32
6.412368, 7.611379
6.455261, 7.632729
6.485243, 7.652668
6.519074, 7.685591
080e5055-110c-485f-902b-29c5f078b134
6.409470, 8.265110
6.482271, 8.263030
c8c8f51d-4154-4e47-b217-9c00ce184927
6.752317, 6.064255
6.799208, 6.083332
10d7301a-b86c-4c6c-a73b-0648463fd5d8
6.751346, 5.614240
6.802607, 5.620523
