main root
6.620422, 4.156117
6.643141, 4.380582
6.693144, 4.567681
6.696435, 4.696963
6.720731, 4.843144
6.735320, 4.981625
6.750742, 5.107970
6.760874, 5.225810
6.766077, 5.335722
6.775515, 5.445581
6.778052, 5.549295
6.771331, 5.647828
6.754379, 5.741700
6.725130, 5.856183
6.685821, 5.976110
6.642443, 6.094974
6.597026, 6.213298
6.548823, 6.321218
6.500483, 6.429447
6.460396, 6.550083
6.428263, 6.653443
6.417898, 6.715214
6.406711, 6.807300
6.386450, 6.915371
6.312672, 7.219327
6.287300, 7.297779
6.272416, 7.377499
6.255861, 7.477689
6.250865, 7.558815
6.247583, 7.636460
6.238637, 7.706362
6.234411, 7.786545
6.237480, 7.870511
6.230960, 7.938017
6.228357, 8.030624
6.233722, 8.106020
6.228935, 8.165263
6.224851, 8.234390
6.225199, 8.304641
6.230048, 8.376842
6.236179, 8.445816
6.242177, 8.513284
6.241682, 8.575317
6.241158, 8.640932
6.243839, 8.679931
6.275355, 8.854112
6.282425, 8.910004
6.286406, 8.941501
6.296279, 8.971887
6.318358, 9.030159
6.339349, 9.085567
6.364199, 9.142712
6.383885, 9.195498
6.398813, 9.248376
6.414915, 9.305401
6.412913, 9.336870
6.406754, 9.386501
6.411512, 9.452883
6.422145, 9.517524
6.431758, 9.575988
6.441369, 9.634453
6.447537, 9.690449
6.454021, 9.749342
6.462158, 9.809563
6.465040, 9.864433
6.467433, 9.949511
6.470874, 10.018674
6.474240, 10.086327
6.480957, 10.179007
6.487453, 10.247944
6.488915, 10.311326
6.491860, 10.374153
6.507257, 10.446871
6.514190, 10.508515
6.527670, 10.588203
6.541791, 10.671680
6.544774, 10.725210
6.549459, 10.755506
6.561607, 10.814484
6.568012, 10.845581
6.625166, 10.951633
6.649231, 11.002594
6.678526, 11.057619
6.706383, 11.109939
6.740312, 11.164108
6.769711, 11.213864
6.802687, 11.281905
6.826226, 11.340772
6.853318, 11.404492
6.885707, 11.469196
6.912006, 11.528424
6.935032, 11.595030
6.961834, 11.667976
6.994631, 11.745216
7.015833, 11.798978
7.060439, 11.929355
7.068205, 11.979810
7.090872, 12.048374
7.099638, 12.123358
7.103646, 12.203512
7.102727, 12.245068
7.098492, 12.301260
7.092073, 12.346597
6.948714, 12.672621
7f5c555f-e27d-4ead-aaf0-568f62fc077a
6.592562, 4.314032
6.483640, 4.401407
6.468486, 4.450566
6.440610, 4.510593
6.423273, 4.537265
6.395588, 4.579857
6.368177, 4.616534
6.349171, 4.641967
6.206862, 4.768449
6.175467, 4.792348
6.147405, 4.809948
6.104253, 4.874690
6.012153, 4.973253
5.990404, 4.994337
5.927741, 5.036935
5.886128, 5.063414
5.846790, 5.095542
5.793906, 5.142598
5.736853, 5.195367
5.687128, 5.241358
5.644254, 5.269719
5.561781, 5.363760
5.488924, 5.414981
5.427390, 5.454582
5.362045, 5.501975
5.306168, 5.538805
61352bc5-fd03-4797-b93d-907741193c72
6.629077, 4.418509
6.546164, 4.596428
6.506111, 4.646531
6.490451, 4.668165
6.476513, 4.694703
6.466498, 4.722956
6.452539, 4.775118
6.441118, 4.806213
6.426046, 4.834227
6.404772, 4.867451
6.383085, 4.901319
6.371203, 4.930981
6.357823, 4.964385
6.352415, 5.032928
6.343631, 5.087185
6.333036, 5.133896
6.321056, 5.193484
6.303780, 5.251613
6.227247, 5.407473
6.208595, 5.445463
6.191370, 5.473762
6.167365, 5.501684
6.151125, 5.525162
6.133823, 5.555437
6.111709, 5.588091
6.088779, 5.627286
6.066335, 5.659714
6.051433, 5.686502
6.040378, 5.718691
a0006404-d4c1-4996-af3a-11b7bea2f307
6.715177, 5.220369
6.698311, 5.230183
6.644503, 5.251143
6.597478, 5.263266
6.508750, 5.285316
6.476012, 5.290367
6.436672, 5.293407
6.395841, 5.295062
6.342211, 5.300231
6.202665, 5.324412
2a156343-09bc-4ce3-8a68-f342dd6e973d
6.712151, 5.417976
6.680531, 5.440999
6.649339, 5.456290
6.634453, 5.486057
6.579728, 5.546605
6.539558, 5.578683
6.477665, 5.608180
6.442511, 5.631731
6.371812, 5.664117
6.330823, 5.689834
6.296284, 5.713271
803edc23-5df0-486e-ad30-f53b210baece
6.570362, 6.137685
6.535881, 6.123891
6.517802, 6.120979
6.487378, 6.120805
6.425206, 6.114352
6.367873, 6.109299
6.330585, 6.101505
6.290933, 6.091687
6.241864, 6.081080
6.210831, 6.074372
7a54fa91-a351-4407-983a-75e96cd9ec41
6.261435, 7.340587
6.221954, 7.343749
6.159293, 7.344841
62210c55-ac79-4df5-ae25-b0b11531cf95
6.420888, 6.622958
6.351886, 6.643236
6.324895, 6.656663
6.284343, 6.683533
6.251624, 6.694440
6.211520, 6.707800
6.181403, 6.717823
6.151618, 6.737200
7ea8de49-ec3c-4c32-b853-dd7edfb1e6ac
6.399938, 6.762054
6.339538, 6.772858
75c38dbc-9f17-4c42-9da2-5913f8bc3da4
6.411976, 6.900814
6.522735, 6.908951
21a9aaf9-86bc-48f7-b234-8003625aa80f
6.396574, 6.963481
6.444150, 6.980862
6.472604, 6.996386
2c8758bf-081c-4847-86fb-4591ee1de804
6.463168, 6.510712
6.437235, 6.509716
6.403505, 6.517699
6.351921, 6.536716
6.400438, 6.544791
6.428181, 6.487188
6.435213, 6.463407
6.443521, 6.441084
6.429138, 6.402524
1d20faee-a012-4d41-b73a-fa3b51c34a9d
6.752455, 5.651174
6.680085, 5.630166
6.647364, 5.611270
6.625259, 5.593120
6.609857, 5.593590
6.366061, 5.603499
b4af9e67-7900-4e05-9a4a-95d376a50e12
6.639269, 4.281631
6.451573, 4.372665
6.384945, 4.400474
6.333540, 4.415441
6.294936, 4.426668
6.254290, 4.441591
6.216963, 4.461660
6.163615, 4.493727
6.111349, 4.530383
6.062888, 4.564370
6.032696, 4.589201
