main root
7.486298, 4.630205
7.388013, 5.009506
7.347624, 5.182052
7.330730, 5.291360
7.314089, 5.359839
7.293893, 5.430272
7.275526, 5.505189
7.259575, 5.582820
7.248899, 5.664534
7.242896, 5.745130
7.230329, 5.813102
7.218142, 5.913931
7.211322, 5.982838
7.203310, 6.048602
7.192510, 6.112501
7.179995, 6.177556
7.170761, 6.249322
7.160823, 6.314821
7.154428, 6.386895
7.149800, 6.455982
7.143878, 6.521965
7.136468, 6.587797
7.130209, 6.656755
7.125443, 6.725833
7.119389, 6.791802
7.118614, 6.865757
7.111980, 6.927434
7.099903, 7.020044
7.087272, 7.082180
7.078550, 7.147628
7.078603, 7.226540
7.072658, 7.288295
7.065850, 7.380967
7.059505, 7.446918
7.051670, 7.512711
7.041767, 7.613771
7.033816, 7.679551
7.025688, 7.746800
7.010957, 7.816092
6.993415, 7.877014
6.970578, 7.934688
6.930941, 8.017648
6.892842, 8.082957
6.853892, 8.133264
6.806489, 8.180742
6.744534, 8.230888
6.677631, 8.274216
6.605187, 8.308600
6.510469, 8.346534
6.415296, 8.382370
6.360174, 8.398605
6.325418, 8.438460
6.308860, 8.473119
6.290799, 8.517704
6.256748, 8.717783
6.253954, 8.796639
6.253002, 8.865876
6.253546, 8.935119
6.258605, 9.007301
6.286272, 9.080913
6.305939, 9.137497
6.307236, 9.233675
6.297334, 9.279443
6.281547, 9.362224
6.274152, 9.445285
6.264678, 9.517941
6.263390, 9.597271
6.268464, 9.675846
6.268966, 9.730082
6.284774, 9.941704
6.289632, 10.034972
6.296085, 10.118991
6.302569, 10.203410
6.301977, 10.273876
6.304305, 10.353092
6.309655, 10.463118
6.303513, 10.550304
6.297564, 10.634761
6.289433, 10.707580
6.288847, 10.766785
6.291056, 10.846007
6.299157, 10.921648
6.310569, 11.000079
6.328330, 11.080552
6.344754, 11.154965
6.361179, 11.229380
6.384284, 11.306278
6.417396, 11.385274
6.429048, 11.440175
6.452196, 11.539055
6.459456, 11.597355
6.458689, 11.651767
d9840340-e78f-4810-9bc3-419caf23a25a
7.451848, 4.946070
7.492499, 4.962909
7.555283, 5.000079
7.615621, 5.034060
7.690948, 5.062742
7.740374, 5.092461
7.858507, 5.211894
7.905114, 5.258268
7.951280, 5.310537
7.989622, 5.366479
8.026458, 5.428165
8.056973, 5.487355
8.075095, 5.535575
8.091785, 5.584234
8.096191, 5.630564
2f5a64b1-3466-49db-a376-db85ea220f97
7.457233, 4.960484
7.493855, 5.049544
7.503886, 5.078056
7.517955, 5.104721
7.540813, 5.119346
7.561353, 5.137820
7.589095, 5.170823
7.627230, 5.216190
7.648891, 5.246610
7.665955, 5.278317
7.690030, 5.323049
7.716092, 5.374632
7.738453, 5.405614
7.831296, 5.531270
7.868443, 5.609582
7.856178, 5.645649
7.871603, 5.670892
7.880309, 5.729330
7.881926, 5.780817
7.883455, 5.829476
55dada81-50c8-4057-a3e6-ed2c19f5f18e
6.437689, 8.331331
6.383404, 8.290339
0ebcb44f-ba6f-45ab-9d45-daab0531292e
6.399970, 8.352768
6.334582, 8.356109
6.292002, 8.364238
