main root
5.612029, 4.180405
5.621056, 4.775968
5.199323, 5.360791
5.147221, 5.492474
5.139359, 5.634682
5.162199, 5.771846
5.301606, 6.178301
5.370277, 6.272011
5.455719, 6.406916
a673dce5-c0f5-42bc-8125-8e8f9b73e1c2
5.453105, 4.728374
5.601790, 4.652363
31c6836d-6a6d-4dcc-98ff-f062df6b784b
5.646751, 4.486366
6.008738, 4.553671
db03e755-bc76-4cfa-afbf-8464946385a9
5.611260, 4.365712
5.365016, 4.470200
5.194105, 4.584903
8eb4b13a-e44d-4f6d-8a20-4de6ea530a05
5.576575, 4.269393
5.514772, 4.214857
2a44695b-6938-4096-b0a5-5e46d86dac38
5.643033, 4.787900
5.722406, 4.824605
28bc5deb-4ff8-429d-bb3e-92b09999acfb
5.584013, 4.853608
5.634188, 4.896159
