main root
5.742504, 5.389650
5.685419, 5.594520
5.772985, 5.792067
5.933432, 5.851562
6.026392, 5.870218
6.165777, 5.886920
6.235052, 5.897346
6.291489, 5.933651
6.319787, 5.993189
6.329631, 6.103514
6.319084, 6.199582
6.298983, 6.329302
6.311712, 6.453807
6.245061, 6.484520
6.272569, 6.540519
6.252882, 6.771514
6.244005, 6.944064
6.187023, 7.106124
6.142280, 7.203759
6.111417, 7.271107
6.090109, 7.321198
0b7bfa08-044e-42eb-88b2-8bfbea8104ee
5.704716, 5.497180
5.589827, 5.496772
5.525078, 5.483439
5.476942, 5.474275
5.467007, 5.440512
5.427904, 5.377864
b379659c-e627-4d46-82bc-875d1839b5ce
5.776580, 5.477473
5.913770, 5.559964
5.998349, 5.588070
6.107010, 5.602900
6.140336, 5.609913
6.165935, 5.620302
6.199301, 5.637073
6.234761, 5.661597
6.285586, 5.694929
6.342224, 5.732072
6.395932, 5.763715
6.449047, 5.793272
6.488631, 5.808448
3bf1df58-e0fe-45e8-9986-d43895ab6a82
5.801094, 5.512572
5.926827, 5.508072
6.003748, 5.502324
6.064930, 5.496794
