main root
6.841707, 4.556776
6.828367, 4.804833
6.724156, 4.944182
6.670322, 5.085552
6.662750, 5.169813
6.606556, 5.434567
6.593226, 5.557794
6.575111, 5.686310
6.546743, 5.807018
6.510226, 5.948425
6.500127, 6.021001
6.485175, 6.113188
6.475851, 6.196588
6.464742, 6.269006
6.459865, 6.320539
6.460673, 6.375530
6.472423, 6.462042
6.477623, 6.533701
6.484977, 6.635026
6.499581, 6.720030
6.523483, 6.809458
6.551472, 6.897886
6.578225, 6.972491
6.596293, 7.040609
6.615832, 7.114270
6.642692, 7.192180
6.650948, 7.234497
6.657301, 7.298325
6.659935, 7.370130
6.663040, 7.454738
6.664284, 7.529450
6.665975, 7.631031
6.665722, 7.705747
6.665436, 7.790408
6.663744, 7.848175
6.663461, 7.908958
6.665142, 7.993216
6.666494, 8.060938
6.668014, 8.137122
6.669534, 8.213306
6.675634, 8.293891
6.686201, 8.374012
6.697271, 8.457950
6.698304, 8.511560
6.705548, 8.576691
6.712101, 8.635599
6.714645, 8.685547
6.722223, 8.716588
6.741004, 8.768280
6.761245, 8.823987
6.780261, 8.867556
6.803122, 8.919934
6.824738, 9.011287
6.840334, 9.077199
6.846777, 9.130429
6.861973, 9.193694
6.877620, 9.252433
6.895056, 9.317883
6.908482, 9.374092
6.916677, 9.421288
6.925085, 9.478462
6.934939, 9.545472
6.943562, 9.604108
6.948789, 9.660218
6.957543, 9.721932
6.965867, 9.780610
6.975883, 9.840565
6.987045, 9.907377
6.995088, 9.964601
7.002157, 10.014903
7.015476, 10.077411
7.029590, 10.143653
7.045493, 10.203923
7.058253, 10.262467
7.101894, 10.389375
7.115307, 10.428728
7.123357, 10.452699
7.140312, 10.468401
7.167148, 10.520748
7.187258, 10.566540
7.207144, 10.619264
7.224202, 10.672972
7.245901, 10.731406
7.262685, 10.785201
7.276588, 10.839816
7.289390, 10.896169
7.306185, 10.963349
7.313538, 11.023621
7.330074, 11.097376
7.341317, 11.161202
7.356800, 11.223221
7.371392, 11.287850
7.386310, 11.353924
7.401151, 11.412862
7.415872, 11.477455
7.427159, 11.526983
7.438537, 11.583640
7.445014, 11.631100
7.449053, 11.671762
7.452437, 11.720973
7.455922, 11.771655
7.459988, 11.830784
7.460570, 11.861068
7.461188, 12.047269
7.456817, 12.083010
7.449084, 12.121576
7.442124, 12.186738
7.434501, 12.244026
7.425227, 12.291027
7.413754, 12.349171
7.401102, 12.405557
7.389980, 12.455124
7.377005, 12.512952
7.367427, 12.576144
7.354741, 12.659852
7.348397, 12.701705
7.343310, 12.745262
7.334790, 12.792401
7.324248, 12.850730
7.315435, 12.882662
7.310767, 12.910828
3875dd93-a259-453c-877d-ee1a5af40f0a
6.841408, 4.848509
6.980539, 4.866034
7.033352, 4.868062
7.073224, 4.882872
7.119559, 4.925993
7.163583, 4.970055
6039af22-4f11-4d3e-8281-c8e2055e5130
6.757756, 5.033187
6.853766, 5.050366
6.906372, 5.071969
6.955964, 5.115904
7.066951, 5.200908
7.091369, 5.221575
7.116996, 5.237466
7.143327, 5.255630
7.168743, 5.275056
7.193180, 5.295697
7.221654, 5.315830
7.238221, 5.331210
7.286488, 5.359405
7.317119, 5.380764
7.341078, 5.399297
7.376987, 5.439017
7.396920, 5.469995
7.416391, 5.500256
7.434273, 5.522513
7.463669, 5.554325
7.485138, 5.573146
7.525420, 5.600500
7.554206, 5.625474
7.592577, 5.658763
7.635229, 5.697748
7.662705, 5.730974
7.704690, 5.777047
7.748841, 5.821052
7.783322, 5.855419
7.823211, 5.889514
7.871993, 5.922329
7.905044, 5.946366
7.946130, 5.976246
7.991972, 6.011436
8.043604, 6.052957
8.081086, 6.085021
8.115468, 6.118371
8.158008, 6.159634
8.202665, 6.200865
8.250004, 6.236423
8.297387, 6.272016
8.346874, 6.307315
8.383790, 6.329971
8.422184, 6.350020
8.450328, 6.364718
9e2a1de5-45dd-4602-b9bd-edb3c988b3eb
6.646456, 5.225457
6.729474, 5.296673
6.770103, 5.327570
6.822951, 5.351073
6.861618, 5.368268
6.898310, 5.386223
6.936031, 5.409681
6.970711, 5.427722
7.031567, 5.463117
7.070857, 5.479042
7.102256, 5.493384
7.125185, 5.508794
7.157924, 5.534403
7.185399, 5.559695
7.222661, 5.600100
7.259895, 5.636060
7.304308, 5.672710
7.360766, 5.715420
7.410132, 5.750886
7.475581, 5.788695
7.515692, 5.813594
7.568008, 5.864191
7.600290, 5.899576
7.625917, 5.923226
7.686809, 5.968846
7.706934, 5.985617
7.724538, 6.002052
7.736958, 6.019595
7.754175, 6.046260
7.774375, 6.074526
7.791710, 6.101114
7.807895, 6.128418
7.827000, 6.157436
7.851599, 6.186375
7.871104, 6.211414
7.889523, 6.237263
7.906821, 6.263875
7.927108, 6.292079
7.944525, 6.318613
7.960793, 6.345866
7.979987, 6.374826
7.996378, 6.402006
8.011593, 6.429861
8.029666, 6.459532
8.049120, 6.488319
8.065753, 6.515352
8.085334, 6.544051
8.102087, 6.571009
8.125917, 6.600582
8.135740, 6.619702
fd69ea4e-c0c8-47c6-8d48-90fcba4b7c59
6.738899, 8.661880
6.699104, 8.703163
6.596139, 8.767876
6.574634, 8.781392
6.504122, 8.904854
6.482612, 8.936860
6.459643, 8.971372
6.438926, 8.997439
6.412798, 9.025804
6.384850, 9.056424
6.358329, 9.099083
2952e819-31d7-43b9-89ba-03e3a25b15d4
6.523648, 6.383977
6.572405, 6.388681
6.600605, 6.400904
6.652683, 6.430433
6.690858, 6.432702
6.736281, 6.432402
6.770776, 6.433671
6.796723, 6.436124
1c31d330-b22d-4d01-a53c-10c22399a563
6.582855, 5.828243
6.636456, 5.894211
6.645413, 5.926395
6.653075, 5.965085
6.670030, 6.025357
6.705388, 6.163035
6.730938, 6.202795
6.753824, 6.238410
6.780847, 6.274927
6.811081, 6.323330
169f5eca-044e-4653-bf0c-1986b5bfa033
6.598451, 5.774460
6.672851, 5.791079
6.723898, 5.805379
6.770378, 5.827196
6.829314, 5.854853
6.853161, 5.863698
6.890930, 5.879304
6.935921, 5.894655
6.995583, 5.901267
9f9ed8df-0eaf-4d88-af1d-db76b12fd0b9
6.759223, 8.850322
6.730831, 8.976572
6.725256, 9.071553
6.721798, 9.103032
6.719396, 9.137596
6.718377, 9.172228
6.716007, 9.198077
6.713688, 9.223371
69f20f7c-7962-46fe-aa42-c933ebba6ddd
6.854860, 9.181225
6.907316, 9.176357
8f5d91a1-76f1-45b7-b179-a65c628c30a7
6.907445, 9.383194
6.944554, 9.381100
6.969134, 9.380393
53e1412d-2fdf-4115-ac04-5de6fb4dd1af
6.643536, 8.101193
6.671722, 8.081962
ac8d95fb-4fda-4a88-af5b-fe209f62ccba
6.599767, 7.099300
6.639046, 7.096903
aef6f1ab-eb97-48f5-b032-a47a50233d2d
6.489715, 6.234995
6.534574, 6.273715
6.562247, 6.289692
6.581012, 6.289586
6.601950, 6.293952
6.621804, 6.304209
6.647991, 6.319426
6.664969, 6.320956
6.688711, 6.324533
