main root
4.768063, 10.003981
4.807655, 9.845323
4.965995, 9.513275
5.073374, 9.371330
5.175896, 9.274340
5.257461, 9.215457
5.332680, 9.161549
5.393849, 9.121231
5.457467, 9.079301
5.547128, 9.015138
5.610484, 8.962437
5.669070, 8.913704
5.728431, 8.856540
5.783242, 8.807915
5.840501, 8.753118
5.895371, 8.708894
5.954251, 8.665282
6.017671, 8.605269
6.068114, 8.567839
6.155002, 8.513902
6.219739, 8.473715
6.283513, 8.437650
6.346721, 8.392240
6.408604, 8.347780
6.509565, 8.252838
6.570090, 8.198976
6.611901, 8.166906
6.678203, 8.128804
6.738055, 8.095545
6.813938, 8.084973
6.873823, 8.082676
6.964271, 8.100132
7.040462, 8.150692
7.078380, 8.203094
7.095089, 8.285313
7.072080, 8.392591
7.052557, 8.443490
7.016317, 8.514482
6.973973, 8.597429
6.907928, 8.695217
6.865653, 8.761938
6.821024, 8.832375
6.771176, 8.911049
6.733170, 8.987815
6.693941, 9.040065
6.646995, 9.092628
6.620682, 9.131079
6.577646, 9.193970
6.534611, 9.256862
6.506380, 9.327170
6.468030, 9.391707
6.458271, 9.412538
6.396687, 9.530515
6.340464, 9.633660
6.288012, 9.768006
6.231489, 9.889827
6.192753, 9.993422
6.160095, 10.098887
6.126996, 10.212904
6.101868, 10.329738
6.072555, 10.435840
6.058587, 10.549777
6.039033, 10.674777
6.022019, 10.783527
6.005007, 10.892277
5.996323, 11.002553
5.980136, 11.127869
5.973505, 11.245081
5.981608, 11.363333
5.989710, 11.481584
5.999349, 11.591296
6.016072, 11.709335
6.032700, 11.826700
6.050242, 11.935434
6.066423, 12.035733
6.088148, 12.143824
6.111921, 12.251372
6.139604, 12.366825
6.165149, 12.482416
6.188631, 12.598448
6.205838, 12.715379
6.214646, 12.833206
6.214395, 12.943372
6.205680, 13.053193
6.199777, 13.180668
6.129801, 13.324993
81486638-1501-4e21-b5c8-7ec54304331c
7.031567, 8.191500
6.983185, 8.233892
6.935071, 8.240750
6.855131, 8.242431
6.722675, 8.255766
6.656036, 8.252234
6.594441, 8.256728
6.562525, 8.288699
6.451936, 8.312426
6.375257, 8.341785
6.283416, 8.365687
6.243614, 8.371408
6.218534, 8.396094
6.141446, 8.433798
6.096659, 8.449039
e87ca31f-e031-4b74-a12f-af4d21649c27
6.762748, 8.132321
6.778126, 8.162332
6.794318, 8.193591
6.833519, 8.278492
6.857904, 8.336567
6.870930, 8.374938
6.883888, 8.414440
6.896736, 8.453978
6.905704, 8.491629
6.915362, 8.532181
6.967666, 8.657731
7.001230, 8.715182
7.017423, 8.748833
7.033783, 8.786282
7.054117, 8.832829
7.066827, 8.861924
7.075026, 8.884427
e8b62206-cc75-4464-96de-74e998b7a449
6.944306, 8.578296
6.889056, 8.564560
6.867458, 8.559924
6.777063, 8.553519
6.667337, 8.544949
6.585698, 8.532205
6.509812, 8.507513
6.426009, 8.486882
6.376925, 8.476340
ff22bdce-e335-4355-beec-10c46d911511
6.705511, 8.954695
6.664384, 8.948596
6.610977, 8.929634
6.584882, 8.917190
6.564344, 8.919850
6.538341, 8.921717
6.505982, 8.922545
6.473619, 8.921885
6.441320, 8.919735
6.405970, 8.918890
6.378832, 8.913744
6.364113, 8.919683
6.340250, 8.926083
6.303522, 8.932834
6.265489, 8.935259
6.214794, 8.938492
6.164782, 8.938682
6.123937, 8.937340
6.074717, 8.934226
6.031403, 8.934485
5.983979, 8.937762
5.932579, 8.939814
25bc0988-7f4b-429e-8f83-fc1d1fd9a8a8
6.576501, 9.233642
6.649591, 9.256992
6.691171, 9.269767
6.728443, 9.283834
6.760079, 9.297644
6.814521, 9.340454
6.860321, 9.372661
6.917140, 9.405297
6.977081, 9.444905
7.017391, 9.473335
7.058599, 9.495071
7.128017, 9.529996
7.159924, 9.549399
7.193790, 9.573498
7.224106, 9.598746
7.256636, 9.625838
7.289166, 9.652930
7.329646, 9.680799
7.385434, 9.719208
7.432168, 9.753201
7.475340, 9.782752
7.509272, 9.811419
7.550187, 9.844026
7.589912, 9.875685
7.623018, 9.902067
7.654020, 9.928688
7.681320, 9.952129
7.698481, 9.968837
93792c40-33f0-46d3-9ad2-571cae790862
6.292666, 9.619819
6.218143, 9.625037
6.189143, 9.622967
6.147886, 9.619569
6.102596, 9.618343
6.050858, 9.619938
6.006310, 9.625803
5.939161, 9.634644
5.881685, 9.640701
5.836487, 9.639444
5.804749, 9.638562
5.776284, 9.640765
5.757352, 9.652367
5.696554, 9.671020
5.666200, 9.680334
5.642909, 9.685915
9d1d9ce5-5e27-4a6b-a513-6d4d86cb22de
6.151870, 9.971583
6.013015, 9.958377
5.953116, 9.962348
5.868096, 9.966543
5.784581, 9.974816
5.712775, 9.977417
5.636622, 9.980174
5.571133, 9.991015
5.523104, 9.998966
5.478020, 9.997382
80b7230e-07a1-432b-96c9-d3dea78a4979
6.040202, 10.399137
5.998861, 10.401504
5.959875, 10.411170
5.886558, 10.425875
5.849473, 10.430261
5.808748, 10.433569
5.767930, 10.435384
5.717866, 10.439107
5.652560, 10.454208
5.596699, 10.475656
5.572987, 10.484760
7c476f5e-20c3-44d2-acde-e43fffc2a27c
4.766967, 9.926206
4.640868, 9.868493
4.543989, 9.846313
4.492913, 9.874761
4.559096, 9.909346
4.616088, 9.933779
4.655897, 9.996210
4.673103, 10.037262
f350907c-d845-42a7-814f-eaecfc1a6135
4.705282, 9.921720
4.624315, 9.978823
4.579006, 10.011820
4.535624, 10.047092
4.481806, 10.091177
4.420769, 10.132239
4.374348, 10.173438
4.327671, 10.235691
4.203810, 10.296136
4.164578, 10.323993
856f8d55-9453-4548-a65f-c445ddac741f
4.707098, 9.922071
4.599543, 9.933175
4.494389, 9.966678
4.436569, 9.985767
4.400841, 10.005493
4.361030, 10.019889
4.321218, 10.034285
4.281408, 10.048681
4.238003, 10.070746
4.195018, 10.106027
4.170062, 10.130384
1c9078f9-899f-4388-b942-f7544379a24d
4.759016, 10.086412
4.608041, 10.146692
4.512851, 10.198166
4.424683, 10.223329
4.317364, 10.245166
4.266707, 10.284648
4.220943, 10.324429
4.184544, 10.374945
4.029887, 10.436019
3.947227, 10.460368
3.863032, 10.478683
3.783716, 10.504425
3.713165, 10.524176
3.665246, 10.539145
603f1dd8-ae87-4835-a042-721e7a97c200
4.787503, 10.029050
4.844345, 10.263011
4.826403, 10.345447
4.750004, 10.418881
4.706225, 10.479806
4.637466, 10.525817
4.590184, 10.556515
4.538755, 10.581835
4.504915, 10.600279
4.480543, 10.629354
4.432572, 10.695999
4.362812, 10.764786
4.323015, 10.776834
4.270350, 10.789597
4.209973, 10.817320
4.157497, 10.851236
4.092426, 10.898640
4.031085, 10.943326
3.982901, 10.981030
3.957897, 11.000598
