main root
6.944992, 6.927750
6.746796, 6.670237
6.607498, 6.555058
6.488878, 6.459704
6.396147, 6.369041
6.303672, 6.281565
6.231133, 6.239153
6.204105, 6.186598
6.035983, 6.286749
5.959311, 6.320109
5.919927, 6.353315
5.905598, 6.428292
5.872021, 6.503414
5.856155, 6.554467
d78a4220-f019-40a1-a5c7-cba0df7dadb5
6.822705, 6.899560
6.792953, 6.923237
6.747191, 6.955788
6.716467, 6.984953
6.677957, 7.025557
320eeca6-b5b0-46bb-ab19-40f7dd6c2fea
6.866860, 6.706742
6.941208, 6.673314
b3e42928-210e-48e3-8865-7d8adb773d43
6.888976, 6.816332
6.983742, 6.790849
e651d90b-05ff-49dc-a118-3c535b39dd35
6.854396, 6.918770
6.803696, 6.992962
