main root
6.652518, 5.329581
6.521789, 5.521893
6.415008, 5.672526
6.370385, 5.814252
6.360713, 5.975145
6.451046, 6.213993
6.479271, 6.374582
6.514443, 6.478860
6.579202, 6.624490
6.623371, 6.734204
6.674393, 6.827210
6.739420, 6.937015
6.791806, 7.033775
6.827332, 7.108286
6.858065, 7.204973
6.893817, 7.321109
6.918049, 7.428587
6.926111, 7.531161
6.931465, 7.625927
6.876826, 7.792425
6.844622, 7.928445
6.833597, 7.993380
6.785015, 8.067612
6.752853, 8.111286
6.740378, 8.171855
6.713508, 8.218269
6.671155, 8.308301
6.620663, 8.425499
6.575193, 8.525689
6.562885, 8.593656
6.535626, 8.708661
6.515793, 8.819777
6.505200, 8.939163
6.494106, 9.040256
6.476440, 9.125195
6.459763, 9.198025
6.443992, 9.260192
2c446049-77b7-45d2-9227-4fb72e38e323
6.488802, 5.579460
6.537139, 5.652133
6.564840, 5.680230
6.599859, 5.717897
6.722487, 5.792321
6.829674, 5.860349
6.884011, 5.907290
6.947043, 5.964482
7.012983, 6.015912
7.078804, 6.069879
7.118786, 6.106531
7.161454, 6.148816
6fa7f625-d95f-4651-9ddf-e50166e5d1d3
6.547113, 5.447463
6.465210, 5.416083
6.374907, 5.407161
6.231666, 5.400367
6.144554, 5.377367
6.097048, 5.361729
6.065362, 5.357602
6.034721, 5.356631
5.966222, 5.363446
5.908011, 5.370742
5.866458, 5.360379
