main root
7.149083, 5.187919
7.126119, 5.357704
7.089712, 5.646860
7.077582, 5.790445
7.031566, 5.984087
6.955949, 6.264294
6.909534, 6.476817
6.889857, 6.643353
6.876057, 6.860971
6.869517, 7.028322
6.857431, 7.212918
6.840345, 7.379103
6.820716, 7.535188
6.797188, 7.713983
6.773817, 7.859940
6.753128, 8.001602
6.734106, 8.162530
6.713788, 8.298951
6.699155, 8.425707
6.696920, 8.554920
6.696818, 8.682215
6.692503, 8.800402
6.689959, 8.927661
6.672696, 9.060317
6.665680, 9.179627
6.657109, 9.289320
6.643697, 9.406818
6.637501, 9.517067
6.636033, 9.618587
6.647283, 9.718577
6.661698, 9.827770
6.674996, 9.928497
6.693612, 10.037169
6.716386, 10.145055
6.737038, 10.253131
6.750869, 10.370477
6.767969, 10.479403
6.778742, 10.588958
6.788684, 10.690064
6.801938, 10.781866
6.817293, 10.873505
6.838232, 10.972858
6.858849, 11.080946
6.877883, 11.180738
6.894326, 11.289533
6.910289, 11.381069
6.926805, 11.463705
6.939496, 11.548370
6.950794, 11.623732
6.958373, 11.694480
6.960266, 11.766824
8f4382d3-4eb5-4f04-9cdd-52f60973f548
7.213561, 5.116300
7.261160, 5.088535
7.364427, 5.079379
7.395317, 5.071498
7.426520, 5.064966
7.452382, 5.060967
7.478418, 5.058343
7.502451, 5.057312
7.520856, 5.062514
2f02f102-9eb4-4b9d-ac77-ae6ebf4e7185
7.259447, 5.156138
7.372358, 5.150863
7.408572, 5.142606
7.443851, 5.135543
7.485038, 5.127297
7.530426, 5.121263
7.564809, 5.118201
7.623443, 5.126776
7.698886, 5.128022
7.828681, 5.107929
7.905596, 5.110171
7.954836, 5.113104
8.029604, 5.117885
8.133532, 5.140492
8.236472, 5.138012
8.303927, 5.141986
8.365976, 5.155998
8.387174, 5.163854
f830221f-e72f-4828-a056-9b8e7d4b9975
7.218211, 5.306449
7.332873, 5.246410
7.414085, 5.253002
7.472107, 5.260834
7.583790, 5.266729
7.710227, 5.275634
7.811717, 5.278543
7.877658, 5.284641
7.932143, 5.300261
7.982303, 5.323280
8.064294, 5.370164
8.126355, 5.409100
8.186774, 5.450540
8.278780, 5.511077
8.351869, 5.551721
8.409727, 5.595761
8.455815, 5.638659
8.492113, 5.684003
8.545828, 5.761204
8.586727, 5.805461
8.634206, 5.861252
8.694839, 5.907322
8.776477, 5.950554
8.835719, 5.988701
8.914610, 6.042018
8.962227, 6.084210
9.027060, 6.152900
9.079359, 6.208308
9.118963, 6.263351
9.186744, 6.350306
9.241991, 6.411442
9.293080, 6.467974
9.348399, 6.524720
9.393121, 6.579173
9.437269, 6.637642
9.495763, 6.700205
9.541453, 6.755650
9.602907, 6.836875
9.657266, 6.898798
9.707531, 6.956059
9.780136, 7.038767
9.828297, 7.095899
9.877414, 7.154164
9.945042, 7.240955
9.987678, 7.300543
10.029932, 7.362169
10.089091, 7.444707
10.128548, 7.499756
10.159897, 7.548941
4daf23b5-0db0-4bb2-821c-01f05b7cd0a8
7.045284, 5.254946
6.947051, 5.309404
6.914764, 5.321627
6.887030, 5.334390
6.811775, 5.376535
6.728604, 5.422654
6.635003, 5.463831
6.585880, 5.492334
6.519691, 5.542729
6.474401, 5.571998
6.348501, 5.611201
6.269698, 5.640082
6.201715, 5.658621
6.129389, 5.696250
6.096193, 5.716896
6.063715, 5.744144
6.004602, 5.801552
5.949940, 5.854638
5.895091, 5.920422
5.806065, 6.023987
5.732750, 6.106029
5.672677, 6.167028
5.645176, 6.206946
5.612475, 6.272947
5.565441, 6.363113
5.526284, 6.438178
5.482198, 6.513595
5.434314, 6.574630
5.379840, 6.640700
5.331591, 6.709003
5.284680, 6.779003
5.258342, 6.833205
5.223655, 6.897738
5.201041, 6.952455
5.172742, 7.020920
5.157393, 7.073730
5.146701, 7.131962
5.137748, 7.213877
5.126818, 7.286321
5.123318, 7.349643
5.121937, 7.428878
5.120608, 7.505062
5.140820, 7.556706
5.151214, 7.641077
5.161177, 7.718708
5.171685, 7.800591
5.187653, 7.891964
5.207697, 7.971891
5.217426, 8.035294
5.228983, 8.110610
5.237127, 8.183421
5.245599, 8.259148
5.267303, 8.345444
5.271355, 8.410648
5.278073, 8.470489
5.298628, 8.546259
5.311234, 8.615588
5.321383, 8.688148
5.330474, 8.753132
5.329292, 8.804525
115fea97-72f9-4001-8de9-462d6d62c72d
7.186426, 5.517178
7.279200, 5.563631
7.364440, 5.602786
7.459612, 5.632547
7.561924, 5.673411
7.650098, 5.701832
7.727970, 5.733468
7.795054, 5.769675
7.875425, 5.817834
7.929182, 5.855280
7.967742, 5.889436
8.011990, 5.939869
8.055904, 5.996732
8.110875, 6.058116
8.122689, 6.112513
8.153954, 6.139497
8.178694, 6.215978
8.200338, 6.258981
8.224282, 6.316810
8.247808, 6.377867
8.281742, 6.444782
8.311671, 6.544875
8.332890, 6.610187
8.359415, 6.676901
8.378511, 6.736747
8.400925, 6.801659
8.424864, 6.866023
8.442123, 6.924954
8.459260, 6.988354
8.475067, 7.052096
8.489538, 7.116157
8.502668, 7.180506
8.514451, 7.245116
8.528361, 7.312364
8.540317, 7.376941
8.550920, 7.441753
8.560165, 7.506774
8.568049, 7.571973
8.562773, 7.628072
8.553258, 7.679945
8.555402, 7.743320
8.565274, 7.817421
8.572306, 7.882475
8.577723, 7.947682
8.578292, 8.010269
8.583307, 8.081627
8.586277, 8.146991
8.590752, 8.215263
8.596597, 8.283433
8.597333, 8.346018
8.593452, 8.408487
8.590583, 8.476847
8.586220, 8.542133
8.583029, 8.610479
8.575509, 8.672616
8.566042, 8.737361
8.554975, 8.801850
8.547201, 8.872961
8.538483, 8.937809
8.530728, 9.005788
8.521705, 9.070596
8.513631, 9.138538
8.506922, 9.206628
8.498894, 9.271566
8.494468, 9.342961
8.488803, 9.408148
8.481526, 9.473176
8.472641, 9.538003
8.464713, 9.605962
8.458151, 9.674066
8.457107, 9.747323
8.453201, 9.811315
8.449719, 9.868358
8.453783, 9.900049
7bc17ae3-1f25-4faa-becc-37393bba14e4
7.140879, 5.833601
7.190658, 5.836720
7.226278, 5.845063
7.258514, 5.855951
7.290115, 5.861483
7.320323, 5.868505
7.353692, 5.874942
7.387279, 5.880111
7.419573, 5.885082
7.443211, 5.890022
7.463009, 5.898531
7.491339, 5.912106
7.527074, 5.924017
7.560232, 5.933270
7.597495, 5.938787
7.631756, 5.942132
7.652361, 5.948444
7.685734, 5.956882
7.715850, 5.965822
7.753018, 5.971951
7.787219, 5.975860
7.818259, 5.980701
7.841887, 5.985687
7.861669, 5.994236
7.889972, 6.007867
7.913697, 6.024043
7.934059, 6.039992
7.949647, 6.040730
7.991306, 6.035206
587194da-0576-4803-9e03-f18a9d03fb95
7.068948, 6.204475
7.203943, 6.339138
7.239655, 6.392405
7.277984, 6.444208
7.352898, 6.520093
7.421228, 6.574396
7.455775, 6.617144
7.510950, 6.672033
7.564971, 6.725774
7.623226, 6.779503
7.688135, 6.863001
7.745298, 6.936534
7.772580, 6.971628
7.868565, 7.042118
7.909670, 7.079733
7.974643, 7.147744
8.019319, 7.196674
8.052143, 7.232626
99494a6b-dae2-4842-94e8-52a8bd832948
7.049551, 5.657967
6.986411, 5.676900
6.876474, 5.797919
6.857838, 5.835669
6.837974, 5.868884
6.825931, 5.894631
6.814216, 5.919403
6.806155, 5.950183
6.795967, 5.989088
6.761976, 6.038201
6.739847, 6.075435
6.719263, 6.115926
6.701393, 6.157687
6.683950, 6.194640
6.664411, 6.246556
6.626962, 6.307560
6.577173, 6.361895
6.555999, 6.391647
bcfc2cdb-d2da-4c6e-b5e7-6cd39af22c8c
7.108592, 5.416602
6.944090, 5.544859
6.887096, 5.592480
6.835026, 5.629342
6.773550, 5.669193
6.692902, 5.748716
6.638765, 5.785279
6.580076, 5.828530
6.575918, 5.852863
6.533080, 5.903363
6.481142, 5.946242
6.436614, 5.972691
6.421705, 6.029320
6.344466, 6.103068
6.257480, 6.168017
6.198661, 6.227777
6.110888, 6.319948
6.037649, 6.390721
5.961533, 6.458392
5.866619, 6.542775
5.775289, 6.632399
5.694852, 6.725986
5.600986, 6.840173
5.524591, 6.946311
5.450766, 7.065729
5.363366, 7.152379
5.324010, 7.202714
5.276043, 7.254346
5.220466, 7.335300
5.178883, 7.406451
5.140431, 7.472244
5.078180, 7.551888
5.054444, 7.591977
0506fc7c-1028-484b-a3c2-92a106d92258
7.047366, 5.530770
6.939209, 5.649856
6.870872, 5.704056
6.763107, 5.748680
6.681056, 5.791479
6.560669, 5.872193
6.431474, 6.020989
6.363895, 6.086176
6.263639, 6.162465
6.202636, 6.224832
6.133161, 6.298888
6.060453, 6.370205
5.965950, 6.454077
5.864627, 6.544002
5.773220, 6.633547
5.694697, 6.727781
5.599032, 6.839488
5.517277, 6.958647
5.451321, 7.073290
5.426155, 7.261317
5.411684, 7.353578
5.404907, 7.436928
5.391742, 7.522075
5.383033, 7.605550
5.369135, 7.698220
5.355321, 7.790326
5.345278, 7.867382
5.335430, 7.942939
5.323393, 8.035292
5.322263, 8.090277
