main root
6.419880, 4.111055
6.383604, 4.553886
6.346729, 4.703377
6.309859, 4.945930
6.301751, 5.145096
6.352522, 5.266977
6.515079, 5.406267
6.585058, 5.457847
6.622179, 5.507975
6.636968, 5.532879
6.650210, 5.566903
6.665370, 5.606012
6.684423, 5.646885
6.698192, 5.683505
6.714449, 5.735251
6.724073, 5.785857
6.736894, 5.845267
6.747625, 5.909182
6.760886, 5.970085
6.769934, 6.025709
6.779449, 6.084206
6.785528, 6.140224
6.795221, 6.201791
6.802727, 6.259094
6.809324, 6.309463
6.817021, 6.368226
6.820017, 6.402616
b0c0b184-c60b-4258-8b26-fd27e8f6fd6c
6.434706, 4.345695
6.596425, 4.556212
6.621114, 4.590121
