main root
7.307054, 5.074151
7.302592, 5.262689
7.285325, 5.461097
7.248538, 5.686299
7.228221, 5.836242
7.202990, 5.959906
7.173595, 6.082974
7.154062, 6.173811
7.132378, 6.264645
7.095235, 6.365713
7.042035, 6.480040
6.997548, 6.590643
6.949527, 6.698727
6.899770, 6.815887
6.849998, 6.952076
6.788801, 7.064566
6.737471, 7.172162
6.686436, 7.279140
6.635306, 7.396067
6.580290, 7.539074
6.539154, 7.663507
6.511479, 7.720794
6.487764, 7.766444
6.434549, 7.917874
6.421331, 8.000147
6.422368, 8.108026
6.424341, 8.271302
6.417460, 8.381516
6.407895, 8.467333
6.388737, 8.543721
6.380093, 8.595235
6.367367, 8.655498
e40a646f-b3b7-4750-b991-714aee395bc8
7.252537, 5.170983
7.182748, 5.190117
7.106324, 5.215726
7.063233, 5.231745
6.935468, 5.296177
6.854621, 5.327658
6.750626, 5.363612
6.708257, 5.387162
6.654590, 5.424211
6.605601, 5.460549
6.578549, 5.489934
4c9a6e53-955a-4546-936f-ea60ddcb1efd
7.320946, 5.187375
7.451085, 5.239477
7.501005, 5.271787
7.537171, 5.279249
7.581229, 5.322665
7.630143, 5.362372
7.641167, 5.376333
37a77b58-de29-494c-bd33-9826f9bae3b2
7.320000, 5.530928
7.347714, 5.545213
7.383345, 5.558368
7.411388, 5.570166
7.438879, 5.583202
7.461937, 5.595635
7.489205, 5.611880
7.519858, 5.628233
7.551248, 5.643123
7.583305, 5.656517
7.598910, 5.669525
