main root
6.597645, 5.338498
6.615574, 5.559060
6.604485, 5.733548
6.599936, 5.890789
6.613583, 6.019429
6.609879, 6.096368
6.601428, 6.232464
6.586804, 6.299765
6.572466, 6.428661
6.571480, 6.558349
6.561419, 6.628477
6.532103, 6.765723
6.501765, 6.898663
6.472943, 7.035818
6.472033, 7.159607
6.465736, 7.337905
6.450744, 7.463213
6.452071, 7.601297
6.445075, 7.736415
6.388318, 7.941479
6.366612, 8.056252
6.357562, 8.155428
6.359267, 8.262706
6.369698, 8.390638
6.371390, 8.514719
6.364425, 8.624663
6.351142, 8.733937
6.334664, 8.834436
6.307438, 8.908943
6.256980, 9.077851
6.258276, 9.233370
6.273884, 9.333917
6.292067, 9.451052
6.294081, 9.546793
6.292162, 9.656810
6.279671, 9.766399
6.268165, 9.867344
6.249411, 9.975818
6.243672, 10.071092
6.242941, 10.153590
6.285662, 10.322206
6.300834, 10.399316
6.283719, 10.543917
6.233716, 10.683997
6.230906, 10.802559
6.242083, 10.865246
6.269776, 10.972342
6.288437, 11.061413
6.291826, 11.118868
6.287730, 11.229088
6.320743, 11.376367
6.337330, 11.459846
6.342311, 11.527483
6.344429, 11.584870
6.334606, 11.633670
e1cd8c20-9553-4a66-9cf6-b7b6ca82bd06
6.521459, 5.261593
6.505743, 5.212864
6.498472, 5.163687
6.492280, 5.121810
6.481767, 5.091637
6.463802, 5.066104
6.446068, 5.043270
6.430489, 5.023209
6.384315, 5.013806
6.346381, 5.003025
6.316218, 4.997560
6.271099, 4.992428
6.242866, 4.986204
6.206876, 4.973671
6.161274, 4.964130
6.090238, 4.946209
6.035764, 4.938642
5.978748, 4.929210
5.930349, 4.919686
5.849991, 4.906924
5.739919, 4.917918
5.700474, 4.918849
5.656691, 4.921380
5.605976, 4.924311
5.543992, 4.930891
5.502670, 4.936783
5.451553, 4.942561
96275dbf-6e34-4aaa-9398-08369a7728d3
6.504282, 5.527068
6.445842, 5.537883
6.395224, 5.547443
6.344327, 5.547888
6.311186, 5.567939
6.278240, 5.580242
6.217233, 5.599387
6.142630, 5.629074
6.039684, 5.627608
5.963492, 5.626524
5.878193, 5.634292
5.839346, 5.631817
5.763299, 5.626973
5.723199, 5.612420
5.692954, 5.634263
5.600344, 5.658721
5.528794, 5.674521
5.422523, 5.704489
5.342974, 5.731231
5.258267, 5.768583
5.173056, 5.806157
5.083575, 5.836419
5.033028, 5.862396
4.975588, 5.901375
4.902652, 5.958495
4.831154, 6.006586
4.763917, 6.056810
4.690748, 6.114091
4.627307, 6.169023
4.537311, 6.256156
4c3ea993-199e-4ba9-89f0-9a3f5937b075
6.534296, 5.799463
6.456530, 5.846465
6.369189, 5.913152
6.248608, 5.967257
6.185960, 6.004460
6.121490, 6.039262
6.028815, 6.119728
5.989901, 6.139641
5.922825, 6.178622
5.873413, 6.207337
5.807777, 6.257101
5.746480, 6.307331
5.687124, 6.359841
5.629535, 6.418783
5.576283, 6.473285
5.522883, 6.515089
5.478395, 6.546115
5.464253, 6.578203
5.437670, 6.612868
5.380439, 6.677273
5.329699, 6.743741
5.280231, 6.811959
5.232455, 6.881375
5.197797, 6.950022
5.163725, 7.026712
5.125911, 7.111824
5.091931, 7.173561
5.057545, 7.248453
5.024277, 7.313737
4.989679, 7.381635
4.959660, 7.463623
4.928114, 7.523660
4.905473, 7.571273
e059dd8d-5c8f-44cf-b2fd-b15d3018dede
6.680837, 5.799359
6.803708, 5.860251
6.860818, 5.891032
6.917506, 5.937286
6.981573, 5.986909
7.033992, 6.035379
7.072662, 6.079609
7.107935, 6.132557
7.155047, 6.228637
7.182994, 6.319486
7.191122, 6.374124
7.194599, 6.468961
7.198935, 6.541459
7.199901, 6.627071
7.207491, 6.737225
7.213234, 6.826920
7.190888, 6.979536
7.180888, 7.078044
7.166562, 7.145062
7.153060, 7.222550
7.125863, 7.329318
7.109163, 7.420446
7.098132, 7.503645
7.080378, 7.589549
7.056891, 7.672446
7.041116, 7.735735
7.038825, 7.779226
7.036233, 7.856899
7.032245, 7.931516
7.025008, 7.989209
7.012365, 8.041918
50ee2ba3-13a8-4eab-8ea1-27afafe349e6
6.643877, 5.834858
6.757219, 5.886346
6.792012, 5.901484
6.951657, 6.028274
6.992486, 6.077754
7.017246, 6.110113
7.032344, 6.134769
7.047019, 6.164468
7.060825, 6.199165
7.072587, 6.236821
7.085209, 6.277231
7.101005, 6.332818
7.114890, 6.381682
7.127391, 6.436629
7.144122, 6.496672
7.156341, 6.551679
7.176333, 6.614077
7.194414, 6.670513
7.208730, 6.725012
7.223788, 6.782330
7.233579, 6.831376
7.241661, 6.887143
7.250160, 6.945793
7.262051, 7.006976
7.275111, 7.066334
7.284244, 7.114804
7.291902, 7.163534
7.301500, 7.214965
7.312566, 7.266100
7.321531, 7.314606
7.327301, 7.345827
7.330173, 7.369604
