main root
6.954032, 4.121023
6.881379, 4.459230
6.802287, 4.790521
6.772418, 4.886152
6.750331, 4.956867
6.727042, 5.299409
6.695573, 5.494097
6.672638, 5.609533
6.639861, 5.731413
6.608836, 5.854865
6.577892, 5.985817
6.540893, 6.115175
6.498970, 6.223385
6.458263, 6.316743
6.408522, 6.414943
6.358765, 6.503808
6.311317, 6.584247
6.266299, 6.656483
6.219537, 6.727596
6.171054, 6.797552
6.118935, 6.865472
6.088146, 6.919499
6.059949, 6.998891
6.026072, 7.113192
5.994134, 7.253791
5.975267, 7.374888
5.959784, 7.501545
5.941988, 7.653503
5.927835, 7.774361
5.917172, 7.901524
5.906560, 8.028072
5.898016, 8.155068
5.883780, 8.272396
5.873650, 8.373436
5.860992, 8.458106
5.844176, 8.574871
c52f73ef-a460-4856-a706-5edda5a2f0b8
6.917587, 4.269818
6.781214, 4.308407
6.672060, 4.362164
6.616180, 4.396362
6.570780, 4.396264
6.541939, 4.417159
6.453093, 4.443784
6.380103, 4.472792
6.314577, 4.497222
6.247663, 4.522170
6.182214, 4.546573
6.128997, 4.558533
4597672c-65b7-4f13-8b97-991fb41564e3
6.973117, 4.235397
7.035498, 4.215793
7.171191, 4.290690
7.318492, 4.349956
7.340126, 4.361886
7.373083, 4.383480
7.416742, 4.415664
7.460263, 4.451466
7.503927, 4.489323
7.544418, 4.522448
7.583034, 4.550172
c7aea453-23ab-4682-8648-3babbc53cf74
6.936333, 4.321442
7.053186, 4.509299
7.080625, 4.563403
7.119103, 4.632656
7.193739, 4.705344
7.203104, 4.745776
7.227098, 4.778667
7.260302, 4.821733
7.285915, 4.847683
7.330698, 4.882399
5a3246e1-d322-43bb-81b7-b3b523cae28d
6.828367, 4.965700
6.942890, 5.005536
7.106174, 5.054860
7.173504, 5.079889
7.227426, 5.109518
7.289514, 5.123388
12ccad7f-2f72-4998-957f-511b347c5746
6.747565, 5.460136
6.762336, 5.482887
6.785323, 5.518292
6.800277, 5.541365
6.818203, 5.563558
e339fa9c-30a7-4ac6-bf56-2f17feda37d2
6.896768, 4.709691
6.958621, 4.756349
6.989896, 4.783706
7.021667, 4.799584
7.078614, 4.824712
7.130884, 4.847790
7.159911, 4.860620
7.194970, 4.866313
7.240562, 4.872199
7.274232, 4.894120
47829c6d-eb8c-4a4e-bbd1-5229d5572bd2
6.928916, 4.517789
6.993667, 4.597300
7.051735, 4.676108
7.220504, 4.943004
7.238958, 4.964581
7.262220, 4.996386
7.282987, 5.029863
7.300486, 5.052411
7.324446, 5.073536
7.347199, 5.091600
7.364989, 5.107635
22b1d685-67d2-42d1-ad87-37ab72942007
6.913095, 4.646082
6.986156, 4.665734
7.055447, 4.678503
7.218911, 4.702930
7.283349, 4.716532
37721d6c-deac-4fea-912f-853b159b59c5
6.936706, 4.261442
7.187304, 4.564960
7.243238, 4.618552
7.304040, 4.702276
7.339985, 4.722286
7.373763, 4.739124
