main root
6.313805, 3.018822
6.526919, 4.174625
6.627989, 4.531078
6.509300, 5.507383
6.112412, 6.299308
5.983664, 6.455570
6.242628, 6.971315
6.282001, 7.409004
6.366630, 7.546060
e7bda938-c0f8-4474-b937-6d6bb1a17232
6.470061, 3.794448
7.483258, 3.952441
abda74a0-ff44-434a-a24e-f3138d901cd1
6.466114, 3.866124
7.568276, 3.825452
0de5dda4-b889-44c4-a12b-347d07576f3c
6.558184, 4.258553
7.043306, 4.231326
cb360307-00c4-4135-8a8e-3c68746e3e7b
6.546307, 4.259673
6.179855, 4.529986
f0a4b031-c566-4394-8241-87aba1b9f111
5.981700, 6.455833
5.412659, 6.548613
d9b1e747-de25-4d9d-a613-dd0a40ab94e8
5.987849, 6.452291
5.820690, 6.690874
5.760848, 6.940893
9a38cc85-7876-4a1b-b500-a0812d73e057
5.981700, 6.455833
6.163304, 6.786229
6.441086, 7.203469
