main root
7.001957, 4.303206
6.981596, 4.493920
7.014480, 4.788177
7.041668, 5.149037
7.036446, 5.337223
7.010097, 5.508572
6.974594, 5.681292
6.925550, 5.811840
6.835881, 5.984928
6.743801, 6.162668
6.644313, 6.342342
6.540659, 6.507865
6.467267, 6.688580
6.391331, 6.864355
6.349679, 7.033993
6.306830, 7.184199
6.238817, 7.376348
6.175878, 7.560492
6.128399, 7.758267
6.077895, 7.916542
6.009563, 8.076609
5.957303, 8.240545
5.920368, 8.389864
5.881939, 8.589270
5.860412, 8.746905
5.825012, 8.925882
5.805745, 9.087029
5.793057, 9.219784
5.773817, 9.355423
5.755105, 9.472321
5.741148, 9.572898
5.729511, 9.656755
5.725599, 9.728502
5.706865, 9.771374
64dd07fc-4c05-438c-aca1-e80cb1bf903a
7.063819, 4.699587
7.172621, 4.731236
7.251473, 4.747864
7.353585, 4.765984
7.446022, 4.793897
7.535554, 4.818735
7.633952, 4.843838
7.730164, 4.879297
7.825491, 4.914431
7.906084, 4.935114
8.014440, 4.956367
8.114140, 4.975923
8.175016, 4.990914
8.222153, 4.995947
8.288759, 5.013863
8.372546, 5.047143
8.465541, 5.084083
8.566165, 5.128605
8.665916, 5.175055
8.742178, 5.212855
8.795172, 5.240792
8.843352, 5.266349
5a316c2f-20f6-4fb2-8c1c-c5b9b857a589
6.913088, 4.757255
6.840988, 4.784012
6.756748, 4.807872
6.666358, 4.842957
6.576620, 4.871020
6.478243, 4.897353
6.388273, 4.921435
6.298303, 4.945517
6.211421, 4.977483
6.121169, 5.003965
6.033437, 5.034092
5.942635, 5.058602
5.845176, 5.087099
5.749000, 5.119628
5.641609, 5.144782
5.525885, 5.169722
5.408349, 5.182101
5.281855, 5.203869
5.140005, 5.228279
4.992951, 5.266059
4.849443, 5.307160
4.730663, 5.349914
4.658968, 5.375720
4.597230, 5.397944
82213851-67af-44d8-ae54-1653e0317959
6.943973, 4.567785
6.785777, 4.590085
6.722510, 4.579897
6.677716, 4.569877
6.637638, 4.566568
6.579639, 4.558895
6.537671, 4.553344
6.495703, 4.547792
6.470522, 4.544461
6.438623, 4.546280
6.392131, 4.553430
6.354885, 4.556128
6.315429, 4.555986
6.274598, 4.554340
6.223835, 4.552296
6.166173, 4.548475
6.131307, 4.549165
6.102328, 4.551235
c11a8b76-2619-4e31-baf6-80936760a291
7.081451, 4.544984
7.229478, 4.563214
7.301317, 4.579030
7.361722, 4.575440
7.426496, 4.565592
7.471711, 4.572344
7aa4dab1-fb4d-439e-858b-f0cf4758e5c1
6.923783, 4.339426
6.781144, 4.349513
6.722831, 4.344371
6.673783, 4.334454
6.640995, 4.326655
6.599592, 4.319539
6.572472, 4.314878
6.543982, 4.313020
6.512272, 4.316952
6.467655, 4.325502
6.427265, 4.331718
6.379558, 4.336031
6.337397, 4.339844
6.280629, 4.349485
6.212627, 4.362553
6.171351, 4.367437
6.131932, 4.369087
6.089636, 4.370858
6.047341, 4.372628
6.006479, 4.372840
5.955680, 4.373105
5.896414, 4.373413
5.839032, 4.378202
5.770165, 4.385451
5.704136, 4.390897
5.652143, 4.396687
5.600334, 4.403962
5.551302, 4.409335
5.519975, 4.417286
5.465323, 4.438878
5.431288, 4.445887
5.372074, 4.459611
5.319760, 4.467126
5.269476, 4.474349
5.213353, 4.479389
5.155684, 4.483064
5.107789, 4.483117
5.050387, 4.487670
4.982229, 4.496079
4.936811, 4.503191
4.885779, 4.509667
