main root
7.072394, 5.072222
6.939531, 5.307581
6.883932, 5.418787
6.865075, 5.693778
6.834696, 5.906039
6.821431, 6.087649
6.815185, 6.275488
6.793431, 6.371882
6.759495, 6.540122
6.742560, 6.645489
6.727175, 6.754545
6.716814, 6.873298
6.685515, 7.019063
6.676941, 7.106998
6.669908, 7.265468
6.658197, 7.340303
6.654474, 7.383457
6.608278, 7.659090
6.605511, 7.748027
6.595169, 7.791663
6.582042, 7.873014
6.567424, 7.944807
6.554558, 8.023005
6.540344, 8.072516
6.523420, 8.153163
6.515442, 8.220327
6.490582, 8.260189
1485a7fa-ab6c-4cca-9bc9-12396a8145b4
6.819177, 5.368692
6.773438, 5.401401
6.655269, 5.438415
6.583168, 5.454368
6.510300, 5.468324
6.476148, 5.473340
6.440585, 5.488149
6.315137, 5.495063
6.243267, 5.503521
6.178369, 5.515680
6.132522, 5.494825
5.973618, 5.499301
5.899408, 5.502888
5.845130, 5.507010
d7ce3316-fcab-4958-8d70-f4bdf5d593b5
6.866513, 5.687269
6.951365, 5.764911
7.002544, 5.856221
7.029962, 5.900668
7.048061, 5.935711
7.064278, 5.980156
7.084593, 6.035832
7.108745, 6.093292
7.133669, 6.148726
7.163426, 6.211258
7.190538, 6.271715
7.218255, 6.333522
7.239171, 6.391134
7.257398, 6.444833
07d187e1-8433-47f8-858f-7cb482249ff0
6.828367, 5.499100
6.765890, 5.538384
6.698580, 5.591320
6.647832, 5.590727
6.618328, 5.616683
6.566508, 5.640072
6.457019, 5.670491
6.393773, 5.686723
6.343447, 5.698305
6.299585, 5.697860
6.225250, 5.704792
6.145654, 5.688901
6.071322, 5.681901
5.972745, 5.672378
9d369e85-5a69-4053-8859-f35ba93c9083
6.945567, 5.499970
6.987724, 5.562586
7.030788, 5.632460
7.070113, 5.684855
7.114584, 5.744106
7.129898, 5.771989
7.150287, 5.815333
7.173525, 5.868247
7.202151, 5.925986
7.220141, 5.958901
7.247896, 6.048886
7.292479, 6.099285
7.344583, 6.147867
7.424861, 6.222718
7.489188, 6.291326
7.543982, 6.341012
7.585296, 6.376455
7.610854, 6.412832
8e2e0c6f-2e25-48dc-a572-b7e39de68899
6.863204, 5.340936
6.710007, 5.288804
6.618659, 5.272481
6.557580, 5.257177
6.429579, 5.245184
6.380354, 5.231552
6.333041, 5.215342
6.243855, 5.197996
6.182171, 5.189049
6.121825, 5.181807
6.064670, 5.167421
e3d2197a-2268-46d2-b96f-19180eff519e
6.768173, 5.909630
6.699511, 5.943971
6.650051, 5.987532
6.601891, 5.995397
6.545687, 5.982662
6.507078, 5.986404
6.472609, 5.988242
