main root
6.895145, 4.703789
6.830751, 4.842400
6.833423, 4.983452
6.845214, 5.114135
6.862460, 5.350583
6.855382, 5.536448
6.842658, 5.711913
6.808972, 5.841741
6.777664, 5.990831
6.753934, 6.132762
6.726709, 6.283377
6.716010, 6.447492
6.708117, 6.600201
6.690104, 6.749386
6.671915, 6.917333
6.641276, 7.102562
6.626399, 7.297695
6.609664, 7.517188
6.588260, 7.719290
6.596622, 7.905631
6.573472, 8.095663
6.571786, 8.242423
6.552999, 8.383578
6.528065, 8.540050
6.500955, 8.656812
6.487706, 8.700641
6.497137, 8.736837
92071f31-7026-411e-b219-7fa7fb3f4b9f
6.922658, 5.018271
6.992465, 5.017081
7.046836, 5.016932
7.122103, 5.016724
7.198862, 5.015014
7.300435, 5.012751
7.358228, 5.012960
7.409370, 5.019132
7.483353, 5.029569
7.567062, 5.039283
7.636009, 5.045777
7.705080, 5.050778
7.818396, 5.054367
7.903014, 5.057047
7.983807, 5.055114
8.058526, 5.054824
8.142761, 5.052422
8.213375, 5.047415
8.271151, 5.047535
8.302901, 5.047601
51f86293-fe6b-4a03-80ba-62e5237830c7
6.843857, 4.646249
6.747557, 4.638104
6.710923, 4.619806
6.625032, 4.585342
6.571619, 4.532484
6.648791, 4.516151
6.705787, 4.491022
6.750165, 4.491215
6.848834, 4.519980
6.940511, 4.578237
7.006941, 4.658122
7.043920, 4.743411
7.059637, 4.773818
7.080187, 4.811451
7.097147, 4.840086
7.112142, 4.862465
0e4a0225-7c6d-46d5-9688-734c995364d3
6.788344, 4.779576
6.720132, 4.741451
6.674639, 4.720690
6.659033, 4.677833
6.674629, 4.644751
6.646951, 4.613291
6.598491, 4.632558
6.540239, 4.574119
6.496553, 4.571981
6.471184, 4.570739
6.439541, 4.575183
6.395072, 4.584452
6.370454, 4.586525
6.329633, 4.588461
6.277467, 4.592433
6.226815, 4.596290
6.182493, 4.599664
6.155788, 4.603198
cf681826-ca52-413f-986c-0ecaeb5037b6
6.763420, 4.835585
6.663448, 4.848003
6.614377, 4.868423
6.522622, 4.885922
6.480219, 4.892938
6.455160, 4.897083
6.410282, 4.936464
6.391190, 4.953217
6.382787, 4.994633
6.374790, 5.034046
0214bf3c-bf22-4d57-8a09-4bc1d24a2f5a
6.769683, 5.187868
6.688678, 5.198171
6.634798, 5.208837
6.583200, 5.218559
6.547289, 5.231593
6.473891, 5.261417
6.415764, 5.272111
6.357846, 5.291322
6.284571, 5.317204
6.209982, 5.348311
6.117097, 5.389340
6.039649, 5.423551
5.973006, 5.446443
5.900943, 5.471197
5.834504, 5.502915
5.765036, 5.537737
5.697587, 5.569874
5.605867, 5.613575
5.536369, 5.648345
5.469560, 5.678424
5.372762, 5.726646
5.301200, 5.770657
5.249404, 5.800754
5.197414, 5.827502
eb3e9cdd-9a25-46f8-a4d1-4b6b7d240b1f
6.938433, 5.363633
6.985091, 5.373462
7.063478, 5.397858
7.162656, 5.424246
7.222827, 5.443354
7.285784, 5.463345
7.374549, 5.491533
7.443418, 5.516543
7.534221, 5.533596
7.600378, 5.553634
7.657225, 5.562012
7.730913, 5.574385
7.814556, 5.592635
7.892569, 5.606593
7.960633, 5.615730
8.013910, 5.625902
27f3c526-9d1e-4819-9583-a4efc2e8c63d
6.862658, 5.203360
6.982905, 5.320507
7.072014, 5.400552
7.145297, 5.456052
7.184832, 5.489285
7.215119, 5.516699
7.248551, 5.550997
7.283571, 5.593357
7.318044, 5.632707
7.347293, 5.670637
7.381385, 5.717298
7.415536, 5.758965
7.457320, 5.805224
7.494934, 5.849096
7.527996, 5.887660
7.552706, 5.921082
7.577885, 5.962691
7.604186, 6.006156
7.619938, 6.040858
7.634990, 6.084886
7.649902, 6.123872
7.669388, 6.133989
7.709043, 6.187546
7.735140, 6.218343
7.766597, 6.258964
7.787558, 6.301534
7.813197, 6.311226
7.875368, 6.359259
7.906594, 6.396624
7.936294, 6.427832
7.975092, 6.460234
8.018783, 6.490872
d47a23e6-1cfb-4317-ad9a-c5927d1327bd
6.919646, 5.465028
7.011821, 5.546372
7.072737, 5.594977
7.107228, 5.639008
7.126036, 5.669968
7.150173, 5.712981
7.159597, 5.738952
7.175008, 5.785807
7.187101, 5.832153
7.200906, 5.873208
7.217745, 5.937426
7.238579, 6.005075
7.255393, 6.074927
7.265795, 6.118143
7.268633, 6.201833
7.266759, 6.234906
7.277812, 6.250940
7.287059, 6.294792
6fd66bd6-f202-49a3-902e-611d13be8827
6.870843, 5.793116
6.940741, 5.847185
6.994089, 5.906411
7.043455, 5.958947
7.098170, 6.011791
7.130739, 6.045654
7.158596, 6.064161
7.219808, 6.099719
7.281321, 6.131989
7.334064, 6.164730
7.406401, 6.202311
7.470543, 6.232261
7.527937, 6.262364
7.610410, 6.305621
7.653231, 6.331461
7.687306, 6.341534
