main root
6.716145, 4.743981
6.728517, 5.075364
6.721582, 5.229962
6.698692, 5.407591
6.684585, 5.556303
6.677264, 5.678092
6.676444, 5.810056
6.663132, 5.951328
6.655348, 6.078694
6.655918, 6.207044
6.660682, 6.334565
6.665424, 6.461474
6.668058, 6.588199
6.670521, 6.706711
6.668952, 6.833226
6.663355, 6.943114
6.660731, 7.035998
6.655280, 7.154259
6.646973, 7.289137
6.641782, 7.407746
6.636599, 7.526172
6.628302, 7.619507
6.626405, 7.712126
6.624671, 7.796777
6.621645, 7.871433
6.617210, 7.943899
6.608994, 8.004637
6.629461, 8.364276
6.641204, 8.438948
6.642842, 8.497537
6.649348, 8.569608
6.653812, 8.635713
6.653594, 8.699117
6.654851, 8.768353
6.648462, 8.828732
6.647988, 8.904321
6.649049, 8.973558
6.642490, 9.033918
6.641803, 9.109505
6.636739, 9.172708
6.635446, 9.245059
6.629827, 9.308214
6.625182, 9.377307
6.624816, 9.449670
6.622985, 9.515901
6.619657, 9.582071
6.617672, 9.651291
6.617184, 9.720536
6.618193, 9.789780
6.617662, 9.856033
6.621571, 9.928290
6.619704, 9.976888
6.615665, 10.043019
6.615743, 10.115386
6.608324, 10.175646
6.603680, 10.225636
6.605153, 10.290685
6.605109, 10.354822
6.612569, 10.389827
5a529719-0472-4d1b-b8e9-47ce3e082b65
6.790390, 5.106157
6.848364, 5.118326
6.912277, 5.140921
6.982611, 5.139543
7.036193, 5.147850
7dc0e16a-835f-4b1e-8ec3-deba6170499d
6.777057, 5.317036
6.839566, 5.323176
6.926169, 5.340123
7.017400, 5.360119
7.073164, 5.376588
7.105815, 5.387791
4ac50660-51ca-45d7-9e0c-58c190f04839
6.750371, 4.880968
6.807230, 4.812399
6.829283, 4.802835
6.860675, 4.792619
6.872392, 4.776316
6.932303, 4.737660
6.979879, 4.708744
7.024412, 4.677187
2dec490c-b0f9-4a5f-8817-5a95659da9a7
6.752211, 5.480051
6.791645, 5.475725
6.818409, 5.473459
6.850543, 5.463227
