main root
7.182180, 4.790519
7.135486, 5.070124
7.078765, 5.244771
7.070323, 5.355392
7.043746, 5.538152
7.031587, 5.665531
7.026660, 5.797449
7.021919, 5.924358
6.981678, 6.036301
7.004803, 6.151971
6.988359, 6.260814
6.975283, 6.361517
6.966416, 6.462663
6.949818, 6.555642
6.937675, 6.647605
6.927599, 6.739982
6.916583, 6.840978
6.919332, 6.952385
6.911275, 7.054610
6.909637, 7.156154
6.914347, 7.257611
6.920325, 7.341664
6.926331, 7.426115
6.935020, 7.518637
6.938888, 7.604169
6.934254, 7.687959
6.920658, 7.781426
6.911073, 7.891428
6.901620, 7.976018
6.894325, 8.059967
6.884893, 8.144564
6.870115, 8.277092
6.829278, 8.527848
6.817824, 8.637670
6.794279, 8.741777
6.763881, 8.828783
6.641505, 9.005362
6.603143, 9.099784
6.563722, 9.279369
6.544210, 9.339232
6.507454, 9.418536
6.478028, 9.496820
6.467048, 9.579079
6.420680, 9.684281
6.380325, 9.760415
6.351423, 9.823974
6.321099, 9.863886
ac4ff1e4-df7a-4265-901f-59e34fc8350e
7.211171, 4.973060
7.341951, 5.017197
7.419802, 5.032304
7.502902, 5.046317
7.567460, 5.052997
7.617069, 5.066466
eecf01b3-fb3e-4f15-8cb5-5d080ff9728a
7.080049, 4.916760
7.008894, 4.875591
6.936932, 4.848000
6.861535, 4.836371
6.814359, 4.824553
6.752287, 4.805916
6.695522, 4.788873
6.635421, 4.765544
