main root
7.029019, 3.916920
6.996702, 3.972927
6.979903, 4.085811
6.962534, 4.253307
6.944293, 4.431668
6.943042, 4.555442
6.946010, 4.678472
6.948664, 4.788503
6.952050, 4.886156
6.964332, 4.996085
6.978434, 5.122304
6.990839, 5.214395
7.000144, 5.298999
7.009399, 5.383154
7.021645, 5.475269
7.030804, 5.559889
7.037898, 5.644710
7.046984, 5.728486
7.054098, 5.813296
7.059143, 5.898260
7.066207, 5.982232
7.075336, 6.066008
7.082493, 6.150829
7.092087, 6.282334
7.093547, 6.441284
7.106873, 6.518064
7.120765, 6.610417
7.141312, 6.691238
7.160270, 6.774222
7.178810, 6.874371
7.190482, 6.983918
7.204252, 7.093189
7.210690, 7.195022
7.212887, 7.296841
7.212800, 7.390238
7.219049, 7.491605
7.221088, 7.593435
7.227150, 7.685990
7.226986, 7.780045
7.230987, 7.863874
7.231487, 7.937139
7.227920, 8.030771
7.226066, 8.079419
7.202862, 8.558262
7.190639, 8.624966
7.181101, 8.677014
7.195054, 8.869564
7.197245, 9.056163
7.196420, 9.166156
7.203964, 9.285426
7.207757, 9.411896
7.213174, 9.521902
7.214771, 9.640161
7.218375, 9.750244
7.221699, 9.851784
7.220557, 9.945478
7.221106, 10.023191
7.218629, 10.096422
7.219924, 10.183411
7.222229, 10.237796
7.251293, 10.417891
7.263433, 10.493102
7.266356, 10.548746
7.267208, 10.621994
7.262040, 10.692257
7.261986, 10.774648
7.255957, 10.844843
7.260345, 10.933701
7.270382, 11.015479
7.262184, 11.120834
7.261778, 11.203221
7.264384, 11.282412
7.266892, 11.358555
7.263223, 11.428912
7.267760, 11.514431
7.271799, 11.590508
7.269544, 11.660925
7.272903, 11.743249
7.272899, 11.816502
7.272898, 11.892688
7.269908, 11.965879
7.269671, 12.045114
7.260490, 12.112287
7.253014, 12.189055
7.251005, 12.271415
7.257907, 12.356771
7.257597, 12.427219
7.253099, 12.493289
7.250943, 12.524965
b75f6ac8-0a42-455f-b5e0-e8c7f7795b8a
6.906242, 4.179915
6.831826, 4.219270
6.783785, 4.275689
6.679823, 4.337222
6.614773, 4.373983
6.524102, 4.420366
6.455612, 4.457084
6.387232, 4.497140
6.293284, 4.554623
6.235504, 4.589976
6.178221, 4.623272
6.132471, 4.649864
6.030271, 4.729467
5.971825, 4.774991
5.930469, 4.765169
5.906994, 4.801210
5.815230, 4.858115
5.725346, 4.906387
5.647202, 4.938938
5.578474, 4.964325
5.505223, 4.994573
5.405758, 5.042513
5.346839, 5.065926
5.304693, 5.084283
5.265498, 5.106253
5.204691, 5.145482
5.166002, 5.175787
4.927669, 5.322467
4.879818, 5.363517
4.822145, 5.411021
4.764550, 5.446826
4.670004, 5.503111
4.594406, 5.543290
4.514563, 5.590488
4.433487, 5.626199
4.340511, 5.667150
4.274611, 5.688000
4.200013, 5.714740
4.093094, 5.741827
4.013783, 5.768337
3.934549, 5.797008
3.854933, 5.825818
3.783283, 5.851744
3.712531, 5.875754
3.634490, 5.906617
3.584440, 5.928020
3.538936, 5.940969
e2d7a289-53b9-4433-a51e-89a6848929e0
7.045797, 5.874333
6.960496, 5.998853
6.864714, 6.073254
6.812423, 6.108186
6.756970, 6.143319
6.721636, 6.170912
6.667627, 6.220686
6.618373, 6.262006
6.587563, 6.287854
6.395266, 6.398133
6.337195, 6.432889
6.279782, 6.468722
6.222093, 6.509745
6.167679, 6.549985
6.114025, 6.591234
6.060831, 6.635903
6.014927, 6.662726
5.934516, 6.709711
5.857892, 6.761792
5.787869, 6.809386
5.725642, 6.848062
5.659963, 6.892408
5.580027, 6.941304
5.528970, 6.974289
5.504967, 6.993360
840772a0-71ff-4747-9956-9317a56b7b53
7.091524, 3.905727
7.122888, 3.946143
7.149869, 3.987322
7.170650, 4.008688
7.189833, 4.028413
7.216004, 4.046740
7.245145, 4.059840
7.276224, 4.067250
7.318438, 4.071161
7.334802, 4.080272
7.243092, 4.094807
7.232468, 4.125990
7.308861, 4.159107
7.485227, 4.161298
7.587296, 4.225016
7.619238, 4.251110
44196d01-fa01-4f48-a24a-4fbb9d7a582b
7.048971, 4.136783
7.108108, 4.128087
7.150540, 4.136872
7.205041, 4.151212
7.260531, 4.167359
7.319116, 4.181290
7.361332, 4.185175
7.432819, 4.178772
7.458869, 4.177941
7.556663, 4.180541
7.547630, 4.238645
7.556553, 4.263952
7.566609, 4.296974
7.579613, 4.324258
7.652911, 4.557657
7.785112, 4.734841
7.795857, 4.783243
7.798072, 4.807719
7.812879, 4.826365
7.829617, 4.857071
7.919658, 4.957873
7.967550, 5.021887
7.982380, 5.046706
7.999981, 5.082000
8.022417, 5.133694
8.040398, 5.171363
8.068614, 5.217347
3d14683c-ee5e-43b6-809b-f7e0c0f4867a
6.914618, 3.974127
6.868972, 3.993188
6.804411, 4.030578
6.752314, 4.048152
6.687628, 4.057337
6.640181, 4.073144
6.583211, 4.086550
6.176356, 4.190472
6.085327, 4.205086
6.020013, 4.203444
5.967112, 4.202115
5.908078, 4.206622
5.866210, 4.227830
5.810107, 4.235959
5.754815, 4.242458
5.707716, 4.239255
c7fe502f-5d6e-4072-b825-ac04fd450f23
7.246979, 7.039653
7.334749, 7.060099
7.381273, 7.082987
7.440303, 7.128943
7.469924, 7.140006
7.520816, 7.162334
7.578266, 7.184400
7.636683, 7.203757
7.688374, 7.224164
7.738843, 7.247434
7.794043, 7.271237
7.834767, 7.295316
7.889198, 7.329240
7.937699, 7.359469
a661abc4-b09d-40f9-a3e8-f6ac323bb2e9
7.244927, 7.684331
7.277455, 7.708775
7.312151, 7.748832
7.445716, 7.940624
7.464078, 7.984910
7.476531, 8.046368
7.480231, 8.072166
7.485533, 8.098579
7.505339, 8.112492
7.542802, 8.171884
7.555806, 8.200915
7.574595, 8.246524
7.588083, 8.291053
7.599076, 8.337670
7.613565, 8.373025
7.634326, 8.415791
7.656532, 8.462307
3af43c03-fa3a-4214-9e54-5ef08e36e223
7.163910, 6.207788
7.197837, 6.227536
7.219788, 6.240315
7.239445, 6.236548
7.304844, 6.240747
7.342342, 6.241655
7.440461, 6.249978
7.475072, 6.251523
7.506594, 6.254540
7.537922, 6.259155
7.568974, 6.265355
7.601564, 6.271862
7.636046, 6.277106
7.670735, 6.280754
7.702264, 6.285462
7.740365, 6.286497
7.775238, 6.285835
7.810043, 6.283567
7.841914, 6.282877
7.876713, 6.280514
7.904318, 6.283027
7.939163, 6.284583
7.974042, 6.284531
8.000175, 6.285876
8.031910, 6.288897
8.062008, 6.293153
8.085594, 6.297886
c699657a-dac6-4512-8397-a8184b05fef5
7.122577, 5.936084
7.225446, 5.939758
7.264642, 5.944153
7.313317, 5.943587
7.371103, 5.944412
7.421299, 5.943633
7.447339, 5.944725
7.565586, 5.962290
7.604062, 5.971032
7.656093, 5.973646
7.728598, 5.993687
7.771246, 6.003922
7.819882, 6.010978
7.877339, 6.014776
7.948108, 6.016454
8.005827, 6.019321
8.054995, 6.023260
8.105634, 6.027318
8.159875, 6.036168
8.211730, 6.043112
8.237321, 6.048049
8.264014, 6.051675
21aae0e9-c5a5-4885-be44-229a00391eb2
7.071633, 4.923003
7.143039, 4.913538
7.184994, 4.907974
7.224377, 4.905769
7.269455, 4.900246
7.314071, 4.891760
7.355649, 4.883850
7.386235, 4.884126
7.419494, 4.882929
7.483427, 4.891929
7.535492, 4.890188
7.567117, 4.893624
7.617621, 4.899110
7.676538, 4.905510
7.740403, 4.907932
7.945863, 4.913110
8.026289, 4.922024
8.053638, 4.925056
8.075579, 4.930499
d9735823-ddb8-4fd4-acab-ff1f88af56c6
7.106194, 4.345418
7.145371, 4.363486
7.218522, 4.393922
7.283017, 4.417515
7.330522, 4.430111
7.478830, 4.530632
7.585833, 4.563420
7.644377, 4.586151
7.751929, 4.602487
7.790762, 4.612927
7.848838, 4.634739
7.904266, 4.653958
7.950454, 4.673140
44197e1f-fe3a-47cd-91f9-64b25ad9f96c
7.212316, 6.799930
7.262989, 6.813220
7.303478, 6.823841
7.345793, 6.833393
7.405342, 6.865906
7.507983, 6.912342
7.621569, 6.928729
7.672248, 6.937551
7.700066, 6.945433
7.726541, 6.952934
7.749131, 6.960889
121d4666-43a0-4e8b-9c67-9fe8ebd4e8e1
7.139496, 7.188779
7.034366, 7.196882
6.957042, 7.204341
6.903199, 7.215551
6.852713, 7.230358
6.805743, 7.235088
6c8ebbc2-0eae-47d0-95bf-87f8716a0945
7.192398, 8.056807
7.134895, 8.076210
7.079842, 8.096304
7.016762, 8.120790
6.987142, 8.143463
6.933898, 8.182335
6.892138, 8.207263
6.835530, 8.235826
6.761251, 8.275628
6.717115, 8.302674
a7e8cd1b-cdbd-4636-abba-e3ad43157a32
7.261246, 8.312242
7.288724, 8.319431
7.326046, 8.316596
7.387927, 8.324131
23f9b2d7-d80d-4ac6-bcb5-680da319132e
7.251030, 8.665660
7.271913, 8.687216
7.319753, 8.698309
7.393154, 8.715330
7.471943, 8.728992
7.527685, 8.742951
7.569463, 8.758042
7.611419, 8.776379
7.653995, 8.799887
0f354aa0-9451-4f9d-b8a5-91c41f5086dd
7.156921, 8.714261
7.109569, 8.716028
7.065200, 8.717632
7.000488, 8.732715
6.948642, 8.750891
6.911933, 8.768519
4f82c1d2-e14f-41c4-8c37-9daecdf484d1
7.232304, 9.146523
7.299202, 9.135041
7.472090, 9.163838
7.513947, 9.173596
c28948fe-5f1d-45b6-a776-41c8700f1bb8
7.157386, 9.349313
7.153844, 9.352294
7.124700, 9.376833
7.079126, 9.380841
7.003265, 9.415896
5872995a-1040-40f1-b145-4f749e991e56
7.251731, 9.809904
7.317270, 9.824170
7.340101, 9.830850
