main root
6.306002, 4.929441
6.266035, 5.173679
6.247583, 5.354768
6.221006, 5.559084
6.254629, 5.671808
6.283685, 5.851135
6.307733, 6.054795
6.299925, 6.223223
6.296553, 6.433042
6.296967, 6.536354
6.297178, 6.589271
6.284247, 6.638967
211c1f4d-0253-41c1-967e-b54146c47080
6.305424, 5.927887
6.373452, 5.932622
8eb5ed7e-bec1-40fe-b710-a151a4d55e37
6.268549, 5.458852
6.374580, 5.470432
eb06e5dc-2746-4bfb-9013-200d8cff3689
6.303438, 5.100162
6.358467, 5.135033
6.400411, 5.142178
6.442986, 5.154194
6.476413, 5.156064
6.514397, 5.146197
6.584650, 5.139764
6.629499, 5.144622
