main root
6.822097, 4.975370
6.809279, 5.172326
6.809633, 5.324251
6.839946, 5.486474
6.856658, 5.705895
6.866897, 5.873292
6.888079, 6.083331
6.884645, 6.242909
6.869006, 6.427938
6.813250, 6.603917
6.801088, 6.712842
6.794700, 6.853293
6.819788, 6.976296
6.835089, 7.043827
6.855725, 7.125524
6.866859, 7.187940
6.874915, 7.224575
6.893377, 7.273690
6.924920, 7.340589
6.939519, 7.385590
6.953384, 7.438027
6.959592, 7.484929
6.963162, 7.546116
6.961341, 7.621707
6.955329, 7.684824
6.943515, 7.745718
6.933739, 7.827540
6.924807, 7.920030
6.930872, 8.010393
6.955331, 8.130507
6.978322, 8.274486
6.991217, 8.408174
6.998918, 8.563043
7.002078, 8.691540
7.003157, 8.820604
7.002037, 8.938979
6.994590, 9.056942
6.980837, 9.174334
6.961012, 9.307694
6.946413, 9.434458
6.927772, 9.559604
6.917211, 9.687516
6.899289, 9.832800
6.874594, 9.964813
6.845199, 10.087694
6.823569, 10.214209
6.806598, 10.348521
6.799504, 10.465535
6.798223, 10.556168
6.806388, 10.613954
1878c095-649c-4c1b-bc38-5e071cec6ba9
6.808602, 4.973018
6.924382, 5.004231
7.036252, 5.040766
7.125806, 5.074962
7.199484, 5.105514
7.227942, 5.108831
7.278402, 5.114714
7.328862, 5.120597
7.369693, 5.128371
7.410516, 5.142239
7.468531, 5.160365
7.525246, 5.179654
7.569648, 5.199498
7.627530, 5.228644
7.676444, 5.256626
7.729930, 5.285500
7.763622, 5.301988
55cc61db-e0cf-4153-952c-a978765629e2
6.854742, 5.119978
6.912858, 5.113517
7.003648, 5.093941
7.056520, 5.046356
7.102451, 5.019407
7.148719, 5.000337
7.171267, 4.999567
7.222815, 4.995308
8e74b87f-4fe6-48c7-911f-85a57af811b8
6.738288, 5.121164
6.619268, 5.156801
6.550631, 5.168368
6.464599, 5.184119
6.376652, 5.187600
6.342132, 5.187468
6.315229, 5.188862
87aa11a3-8e05-4b4f-8999-c45b8150cabf
6.773036, 5.063015
6.637551, 5.140941
6.567987, 5.225794
6.515965, 5.277593
6.481039, 5.319088
6.448802, 5.350835
6.413616, 5.396371
6.383810, 5.437833
6.355457, 5.480304
6.329420, 5.527883
6.304094, 5.565374
6.275236, 5.599587
6.259005, 5.620729
6.244865, 5.650989
6.229877, 5.693033
6.218537, 5.728494
6.213534, 5.757990
6.203847, 5.804524
6.194758, 5.854205
6.186875, 5.904092
6.180206, 5.954155
6.174752, 6.004366
6.167866, 6.051397
6.159236, 6.098138
6.151274, 6.148012
6.142041, 6.194639
6.131079, 6.240888
6.126131, 6.267079
6.120458, 6.319846
6.116278, 6.370179
6.113322, 6.420599
6.111590, 6.471076
6.111683, 6.504073
6.112984, 6.530695
45f7e395-fb4e-434f-8821-acdb9057d130
6.793782, 5.686245
6.702273, 5.700232
6.667754, 5.708772
6.593821, 5.728605
6.516971, 5.755632
6.386289, 5.768879
9e8715da-3687-4823-91f8-e522c81be8cc
6.752712, 5.418632
6.703521, 5.498891
6.656923, 5.561677
6.621603, 5.609267
6.576138, 5.707302
6.489826, 5.845171
6.456000, 5.944616
6.438866, 5.989927
6.422439, 6.037221
6.414707, 6.072759
6.405110, 6.123281
6.401861, 6.163725
6.399105, 6.215077
6.394881, 6.263335
6.392614, 6.304875
6.394304, 6.353847
6.400534, 6.408066
6.411221, 6.461731
6.415292, 6.505846
6.426149, 6.669194
6.423567, 6.741978
6.418579, 6.798087
6.419313, 6.857282
6.425923, 6.907637
6.443409, 7.003383
6.444971, 7.053586
6.451723, 7.137236
6.465744, 7.217937
6.469352, 7.280710
a4a86973-60bc-4363-9e83-cc616b1299f9
6.836560, 6.148934
6.724080, 6.244141
6.667549, 6.289806
6.632427, 6.317357
6.599800, 6.339099
6.578673, 6.353132
6.556689, 6.371283
6.536301, 6.395830
6.509384, 6.428181
6.483215, 6.468991
6.462436, 6.493079
6.428941, 6.527322
6.400890, 6.562422
6.360394, 6.617888
6.326102, 6.669934
6.306731, 6.702055
