main root
6.792331, 4.899521
6.700309, 5.324184
6.680209, 5.452675
6.645569, 5.597662
6.616312, 5.737065
6.619874, 5.854308
6.610547, 5.985746
6.597299, 6.172436
6.583832, 6.333274
6.576008, 6.501279
6.568918, 6.653512
6.558569, 6.807745
6.559242, 6.941719
6.560008, 7.094126
6.575140, 7.251203
6.593297, 7.413994
6.608417, 7.566600
6.615320, 7.716976
6.623252, 7.844005
6.631691, 7.945201
6.638552, 8.027465
6.638102, 8.076097
6.637573, 8.133245
6.634118, 8.183138
6.594289, 8.308929
6.581513, 8.349270
6.569371, 8.387608
6.560453, 8.425666
6.553030, 8.470463
6.546108, 8.512208
6.539185, 8.553953
6.532259, 8.595698
6.525330, 8.637442
6.518399, 8.679187
6.513928, 8.724373
6.507076, 8.763209
6.502148, 8.808348
6.494901, 8.847111
6.487124, 8.888706
6.479344, 8.930302
6.471562, 8.971895
6.463778, 9.013488
6.458382, 9.058573
6.453353, 9.100591
6.445707, 9.139281
6.430683, 9.192145
6.411135, 9.255455
6.394117, 9.325790
6.377085, 9.389819
6.361797, 9.458937
6.351272, 9.520380
6.338408, 9.595478
6.329625, 9.655622
6.323202, 9.699606
75ac0c2f-72a4-455d-b347-0486f2aebf5c
6.703965, 5.143698
6.504708, 5.205511
6.434281, 5.243909
6.354696, 5.285552
6.327829, 5.296232
6.291003, 5.306039
6.240851, 5.320943
6.202326, 5.338638
6.133080, 5.370443
6.075119, 5.399921
e7efcb26-9088-411b-9c50-5da71195dae4
6.669224, 5.513229
6.575516, 5.537705
6.534848, 5.555638
6.486529, 5.581959
6.437014, 5.602323
bce6c283-1b37-4dd3-b13e-d0920e05293a
6.751831, 5.266280
6.829150, 5.281433
6.902508, 5.271214
7.013826, 5.334588
7.048776, 5.354485
7.072690, 5.368098
7.102929, 5.378424
7.139088, 5.392352
7.204058, 5.431342
7.245561, 5.457994
7.282389, 5.485201
7.312643, 5.509412
7.332474, 5.525283
