main root
6.802429, 5.127186
6.754824, 5.230800
6.717057, 5.432282
6.691864, 5.555939
6.670492, 5.681872
6.653271, 5.808438
6.622683, 5.957784
6.594336, 6.085752
6.557720, 6.243207
6.536061, 6.373334
6.515208, 6.498615
6.493549, 6.641370
6.469209, 6.773967
6.448993, 6.929501
6.436659, 7.087977
6.437032, 7.192259
6.484333, 7.322338
6.542469, 7.434761
6.597415, 7.531909
6.706765, 7.696608
6.751289, 7.817578
6.772777, 7.914693
6.789555, 7.997305
6.784436, 8.074609
6.787350, 8.190509
6.794555, 8.309235
6.801735, 8.427546
6.797885, 8.569383
6.796531, 8.696664
6.797173, 8.832498
6.789992, 8.928137
6.769728, 9.028544
6.749724, 9.127668
6.725886, 9.235089
6.699534, 9.295407
6.659040, 9.372238
6.620749, 9.431280
6.579593, 9.483078
6.538379, 9.524948
6.470107, 9.579525
6.423825, 9.629937
6.386793, 9.638787
50cdae37-ec0b-40fb-ba3a-9a7a7615eed2
6.757047, 5.381097
6.899982, 5.452661
6.955356, 5.482197
6.988647, 5.503347
7.018461, 5.525833
7.054420, 5.558579
7.091982, 5.592784
7.133687, 5.632786
7.164000, 5.668082
7.199939, 5.705335
6f02c064-56c8-4ab4-ad95-68a65ab46cb8
6.781731, 5.380591
6.819900, 5.488517
6.835832, 5.538458
6.849107, 5.587686
6.854223, 5.640810
6.853178, 5.676803
6.850680, 5.711232
2a1df4eb-8d12-4116-a7b6-84df05bdf9a9
6.819922, 5.091643
6.905330, 5.077197
6.994197, 5.137676
7.029992, 5.168756
7.065098, 5.197510
7.090139, 5.221270
03aff111-5c2c-411b-8f71-c5b6b8161a43
6.404787, 7.169059
6.306948, 7.213268
6.267455, 7.221119
6.248360, 7.255435
6.174618, 7.307630
6.137698, 7.338917
6.116009, 7.365142
d5158c92-6328-44df-a5d5-cd89da40ebfb
6.537674, 7.562814
6.503726, 7.624200
6.472334, 7.661642
