main root
7.052786, 4.871406
6.996114, 5.093958
6.977099, 5.202929
6.945730, 5.308851
6.910448, 5.413083
6.893745, 5.539155
6.860527, 5.662432
6.829389, 5.800691
6.793242, 5.913178
6.758937, 6.026829
6.723434, 6.122487
6.682620, 6.248903
6.649366, 6.345018
6.618169, 6.441657
6.596366, 6.522701
6.576568, 6.596286
6.558884, 6.673540
6.537381, 6.740648
6.516065, 6.816979
6.494162, 6.878723
6.480716, 6.916626
6.431347, 6.938789
6.375292, 7.015638
6.341629, 7.112540
6.329822, 7.227131
6.325001, 7.335669
6.331733, 7.422444
6.341695, 7.523501
6.350000, 7.607756
6.357066, 7.700877
6.367544, 7.784145
6.377112, 7.877043
6.389827, 7.959998
6.392841, 8.029058
6.396163, 8.105186
6.400224, 8.198238
6.396564, 8.251723
6.397466, 8.282366
6.405915, 8.315016
6.459574, 8.594728
6.470740, 8.652931
6.477208, 8.702524
6.484871, 8.761291
6.489179, 8.817475
6.496922, 8.879319
6.497601, 8.932927
6.504412, 8.998095
6.507286, 9.054372
6.513449, 9.116396
6.519310, 9.175369
6.528447, 9.237025
6.530334, 9.290606
6.538615, 9.355609
6.546104, 9.414397
6.553594, 9.473185
6.564431, 9.534564
6.571269, 9.590499
6.581795, 9.651932
6.588349, 9.707900
6.595244, 9.766763
6.598818, 9.822999
6.605755, 9.884943
6.609043, 9.941196
6.615664, 10.003172
6.618664, 10.059442
6.621820, 10.118624
6.624188, 10.163012
57268d2a-3c07-49ee-a695-42c415b46774
6.984883, 5.034917
6.900877, 5.062191
6.874235, 5.083746
6.848661, 5.112140
6.725306, 5.125021
6.683201, 5.129418
6.644747, 5.136444
6.611106, 5.145633
6.578493, 5.151440
6.564066, 5.164519
6.508758, 5.187071
6.470377, 5.201105
6f12cf85-1f9b-4cbe-a8fc-7a5898272df3
7.030897, 5.092727
7.071039, 5.145780
7.069818, 5.309971
7.093825, 5.499913
7.096400, 5.532215
7.096974, 5.558271
7.111648, 5.568525
7.140569, 5.664620
7.159956, 5.729036
7.179308, 5.793403
fc05d9bd-ffe4-4228-b1b5-cc807ea6a1b2
6.503091, 6.889213
6.536244, 6.925439
6a48a92e-2e6f-40e9-b300-218e51249233
6.799087, 5.558787
6.695120, 5.624548
6.631113, 5.677296
6.591495, 5.698308
6.545367, 5.721080
6.506663, 5.707454
6.482398, 5.734473
6.403808, 5.758748
6.363392, 5.775568
6a0b8aa5-3c73-4d2b-ab1f-86b552786759
6.877831, 5.328211
6.691015, 5.518148
6.666020, 5.538153
6.561586, 5.757389
6.575439, 5.850998
