main root
5.697837, 2.895315
5.714319, 3.857868
5.701489, 4.152975
5.705960, 4.804405
5.717014, 5.204093
5.729526, 5.343052
5.848689, 5.519949
6.074460, 5.609684
6.337680, 5.981880
4876fb1d-9c10-44ca-bce3-f9a1cb5badcf
5.721248, 3.519196
6.695652, 3.738605
0979048c-0326-4c36-8fab-9afbd05354c8
5.693833, 2.916767
4.915597, 3.135721
802ce0c1-3f0a-4ac7-a282-127685e5aa60
5.705966, 3.251680
5.937573, 3.397422
6.149420, 3.419818
6.583197, 3.568667
f26087bd-d2ab-4a85-a5d1-4f9616e611a1
5.705966, 3.251680
5.216703, 3.609191
4.213713, 3.976953
87c1084e-76eb-4c8e-b9ff-7fa447969bf0
5.707618, 3.439821
5.037957, 3.536125
25ebc4f3-b625-459e-8289-bd300ca6f61b
5.720376, 3.304302
5.946685, 3.589539
6.700771, 3.757092
7b5bd7fc-ea8c-4881-927e-6f3d4f7b345c
5.719790, 3.783301
6.310072, 3.903115
c0b96f86-a978-4d83-9f31-2f730d633958
5.693008, 3.492690
5.045453, 3.861655
898acecd-0595-4e32-bbb0-c33900a23d49
5.716717, 3.820257
5.085495, 4.008915
199aff95-ca3a-41ca-80f0-4cb7c5fc23bf
5.712881, 3.898988
6.072646, 4.209169
6.305777, 4.300376
fd99fe60-8445-41eb-b32a-edf196bb97c9
5.702300, 4.195233
6.360745, 4.656762
14db5bea-3108-4fc6-9ac6-51d911cce776
5.702300, 4.373033
5.537497, 4.543112
5.136982, 4.707055
df99b10d-6e3b-442a-a00f-e1a353ed0dde
5.691835, 4.687881
5.116209, 4.872740
d3e238a4-bb7b-4209-87a6-0b3a298d9c87
5.720238, 4.834426
6.245999, 4.911829
e5514aea-2670-4e23-b616-55e0ac9f65d5
5.694148, 5.001283
5.599254, 5.106513
5.376908, 5.178186
1426134d-8e83-44af-8a0b-5cfc22cde00b
5.727785, 5.353972
5.645007, 5.469143
5.391744, 5.550458
f859d621-7647-4f90-8590-c6c379e019f9
5.727700, 5.346700
5.610988, 5.632963
5.330554, 5.853427
