main root
6.380137, 4.140895
6.317058, 4.371775
6.292632, 4.453309
6.279553, 4.504189
6.264302, 4.564207
6.246087, 4.644314
6.242578, 4.687798
6.242074, 4.771422
6.231181, 4.858143
6.226960, 4.941663
6.237336, 5.023989
6.217854, 5.147052
6.202502, 5.230771
6.195695, 5.313877
6.185977, 5.406763
6.175723, 5.525047
6.171175, 5.626478
6.164893, 5.719656
6.164405, 5.821220
6.159847, 5.906716
6.159115, 5.999466
6.164696, 6.091938
6.176498, 6.182172
6.190658, 6.258449
6.213531, 6.324044
6.246862, 6.400738
6.284077, 6.475960
6.335120, 6.550673
6.386052, 6.628952
6.441462, 6.714114
6.492252, 6.792174
6.543046, 6.870243
6.592203, 6.949650
6.636769, 7.021643
6.687456, 7.099524
6.727612, 7.176432
6.767206, 7.261356
6.801140, 7.349073
6.826345, 7.431468
6.844915, 7.513443
6.853568, 7.589181
6.860012, 7.682655
6.862061, 7.755891
6.858039, 7.826239
6.858801, 7.865323
6.865772, 7.915632
6.886356, 7.998771
6.899232, 8.069454
6.919506, 8.168951
6.927733, 8.231816
6.943160, 8.293239
6.982826, 8.384452
7.003927, 8.444238
7.020741, 8.505367
7.043132, 8.609348
7.044239, 8.664449
7.045940, 8.749094
7.038695, 8.807344
7.020536, 8.868133
6.981208, 8.962833
6.940259, 9.055922
6.893447, 9.146581
6.852578, 9.239561
6.807757, 9.331016
6.756805, 9.411082
6.705908, 9.498942
6.665039, 9.582078
6.633835, 9.659656
6.598075, 9.737446
6.576456, 9.794546
6.566283, 9.861456
6.498006, 10.005911
6.463173, 10.079608
6.425376, 10.164497
6.397137, 10.243216
6.370645, 10.323207
6.341922, 10.403335
6.309160, 10.482439
6.275556, 10.569073
6.240765, 10.647295
6.194845, 10.729835
6.147611, 10.810410
6.108799, 10.884818
6.071649, 10.969686
6.031487, 11.045918
5.985929, 11.119048
5.939178, 11.190169
5.890702, 11.260138
5.842485, 11.329733
5.799093, 11.392361
5.775289, 11.437227
5.743303, 11.516675
5.710701, 11.577618
5.667768, 11.657872
5.646801, 11.697068
5.634281, 11.733168
5.616702, 11.820400
5.598552, 11.887735
5.583770, 11.944284
16912969-824a-4746-a29c-d8671cfcadd3
6.412480, 4.271372
6.485554, 4.357719
6.509151, 4.383015
6.523690, 4.402989
6.543040, 4.429574
6.551716, 4.449123
6.565453, 4.480077
6.575240, 4.509509
6.586705, 4.548731
6.600439, 4.590379
6.609303, 4.637560
6.612246, 4.661329
