main root
6.398218, 4.226643
6.352868, 4.366459
6.330098, 4.519030
6.294102, 4.675443
6.267773, 4.798070
6.248780, 4.906688
6.230790, 4.974824
6.219383, 5.041493
6.218920, 5.079699
6.223909, 5.161956
6.228525, 5.238020
6.233141, 5.314083
6.240926, 5.392953
6.248411, 5.468787
6.259170, 5.547306
6.269515, 5.622805
6.279860, 5.698303
6.290206, 5.773800
6.300555, 5.849299
6.317649, 5.929914
6.326357, 5.999845
6.339958, 6.109065
6.349410, 6.201981
6.359998, 6.285575
6.372641, 6.368891
6.391304, 6.450414
6.415978, 6.530312
6.439105, 6.612228
6.463989, 6.692737
6.488993, 6.773632
6.518984, 6.850387
6.522333, 6.895973
6.525590, 6.940304
6.551227, 7.031890
6.580990, 7.110460
6.595657, 7.174523
6.616440, 7.265307
6.631650, 7.338456
6.648933, 7.414216
6.667441, 7.514369
6.679545, 7.588100
6.691889, 7.663294
6.701753, 7.749507
6.702060, 7.807708
6.694076, 7.866596
6.682557, 7.940415
6.673687, 8.006957
6.513771, 8.209398
6.426846, 8.288794
6.389308, 8.340225
6.341537, 8.423623
6.308232, 8.494531
6.286181, 8.556408
6.266206, 8.656564
6.237976, 8.754851
6.209611, 8.861277
6.199958, 8.963201
6.184908, 9.032887
6.152611, 9.122641
6.127256, 9.211740
6.108305, 9.293489
6.088856, 9.364133
6.066537, 9.433925
6.059456, 9.475723
6.057970, 9.538251
6.053699, 9.715265
6.051861, 9.791433
6.041263, 9.858408
6.041799, 9.950783
6.042243, 10.026970
6.045697, 10.106134
6.007486, 10.188091
6.033425, 10.363880
6.044241, 10.437169
6.017377, 10.476595
6.030476, 10.515652
6.029000, 10.619493
6.038345, 10.691597
6.054963, 10.771402
6.080668, 10.832593
6.110334, 10.914141
6.123287, 10.980510
6.138626, 11.081193
6.144479, 11.175469
6.148164, 11.268788
6.151505, 11.353396
6.154510, 11.429528
6.163731, 11.511407
6.180532, 11.593721
6.182213, 11.646860
6.185982, 11.699447
6.180164, 11.743913
6.223003, 11.924391
6.233087, 11.979836
6.208028, 12.049769
6.223889, 12.081177
6.252557, 12.131262
6.230008, 12.181921
6.250520, 12.321340
6.254596, 12.421691
6.255149, 12.487418
6.237902, 12.564975
6.134584, 12.677012
5.662927, 12.703808
4.660900, 12.738100
9601180b-9fb0-4fd9-a8df-0414a922b7dd
6.267291, 4.478619
6.201960, 4.503116
6.167825, 4.538197
6.072288, 4.589456
6.017588, 4.620504
5.970733, 4.647812
5.821256, 4.727393
5.726241, 4.739579
5.641328, 4.769392
5.605543, 4.785128
5.569533, 4.807503
5.502885, 4.855963
5.439272, 4.913319
5.393575, 4.956538
5.331192, 5.098372
5.291676, 5.182990
5.257911, 5.260196
5.232265, 5.339537
5.212683, 5.419581
5.190181, 5.486360
5.162087, 5.550988
5.140855, 5.607339
5.126928, 5.652792
5.116638, 5.706818
5.107140, 5.788674
5.105322, 5.856286
5.100760, 5.914574
d4e9d442-9b09-4965-8074-aeab1d13a557
6.364108, 4.357719
6.444655, 4.400393
6.461030, 4.414151
6.485220, 4.434585
6.504507, 4.450985
6.526344, 4.453572
6.549920, 4.457859
6.564685, 4.473289
6.577949, 4.479007
6.597341, 4.490625
6.693374, 4.541205
6.723632, 4.552195
6.752801, 4.564503
6.785228, 4.576683
6.816625, 4.583800
6.847104, 4.592360
6.875302, 4.598843
6.909344, 4.605248
6.943613, 4.610289
6.974660, 4.616482
7.005353, 4.624246
7.035611, 4.633560
7.069098, 4.642420
7.101484, 4.649558
7.130004, 4.654427
7.156639, 4.657570
7.187290, 4.658173
7.208108, 4.663073
7.304487, 4.692685
7.367308, 4.707016
7.397014, 4.718398
7.438608, 4.737542
7.469185, 4.756558
7.512323, 4.783385
7.558528, 4.815646
7.609206, 4.849204
7.649489, 4.877673
7.693062, 4.906635
7.737445, 4.934338
7.782604, 4.960761
7.822354, 4.987486
7.853652, 5.010332
7.878351, 5.024654
c2ad60c3-b0af-42c7-ae6e-d10808c65465
6.710912, 7.905842
6.746793, 7.928090
6.876686, 7.967900
6.902815, 7.976372
6.928803, 7.985264
6.954644, 7.994574
6.984162, 8.002499
7.123337, 8.051685
fad13b5e-695d-4b38-83ee-1385894c5f34
6.707733, 7.741974
6.783749, 7.819128
6.804983, 7.849210
6.825729, 7.878606
6.848715, 7.900798
6.870470, 7.909260
6.902619, 7.919795
6.925296, 7.928443
6.957332, 7.938696
6.976305, 7.949124
6.992928, 7.962997
7.015825, 7.983614
7.071783, 8.085667
7abe053f-fb42-49e0-a4e8-d07ff5033b24
6.677172, 7.931478
6.614134, 7.946557
6.590113, 7.960930
6.547089, 7.984930
6.502200, 8.011685
6.456367, 8.031934
0f70c1cf-3922-45d3-9215-1a1e7ce65c5d
6.684433, 8.064500
6.703078, 8.077161
6.755283, 8.114419
6.796896, 8.151473
c3658206-b1cd-443e-8095-ad7893d8185e
6.614593, 8.131793
6.654336, 8.154761
6.705217, 8.209443
6.726718, 8.247542
692c89b4-6a78-4467-9465-2be26996f3dd
6.306508, 8.433146
6.353101, 8.441112
