main root
6.471136, 4.583350
6.333983, 4.849351
6.257632, 5.118930
6.319865, 5.492770
6.430133, 5.725814
6.547962, 5.929095
6.649457, 6.165024
6.690571, 6.443873
6.701048, 6.762137
6.652957, 7.126129
6.580828, 7.378681
6.439400, 7.705026
6.310651, 8.052461
6.256835, 8.277354
6.223772, 8.455146
6.207775, 8.546900
6.191777, 8.638652
6.183559, 8.720649
6.175961, 8.796472
6.165684, 8.869018
6.157539, 8.947849
6.149709, 9.023649
6.144550, 9.102735
6.139590, 9.178776
6.140214, 9.261182
6.143805, 9.340349
6.144131, 9.413619
6.150481, 9.495778
6.156353, 9.571753
6.168656, 9.653238
6.169810, 9.721050
6.161975, 9.788413
6.169516, 9.868416
6.179928, 9.946981
6.189940, 10.022524
6.199951, 10.098066
6.209963, 10.173610
6.216615, 10.246576
6.223534, 10.322464
6.227200, 10.395644
6.231014, 10.471751
6.237967, 10.550698
6.247898, 10.629326
6.254100, 10.702332
6.263786, 10.780991
6.276436, 10.859227
6.292032, 10.936931
6.299981, 11.006951
6.315202, 11.087942
6.325781, 11.160443
6.333390, 11.233317
6.341303, 11.309108
6.349215, 11.384899
6.357128, 11.460690
6.365041, 11.536480
6.372953, 11.612271
6.380866, 11.688062
6.385490, 11.761186
6.396652, 11.842833
6.406974, 11.918334
6.410555, 11.988715
6.417570, 12.067658
6.421066, 12.140843
6.421571, 12.214111
6.425111, 12.293285
6.425390, 12.366555
6.425681, 12.442759
6.425973, 12.518961
6.432277, 12.601127
6.431679, 12.671595
6.434000, 12.750813
6.430074, 12.821175
6.425828, 12.897260
6.425466, 12.957478
6.431227, 12.995250
c5432f83-caa3-4f3c-a4c6-07fd6d23f5ba
6.364100, 4.791486
6.256824, 4.806016
6.212591, 4.832146
6.157042, 4.846452
6.132547, 4.849670
6.117861, 4.865668
6.083599, 4.905205
6.050179, 4.941484
6.023192, 4.977409
5.992978, 5.020119
5.964713, 5.067850
5.941013, 5.101996
5.916577, 5.126701
5.886806, 5.156801
5.868968, 5.179094
5.842984, 5.216358
5.821096, 5.255598
04607781-2fc9-464d-a8f3-0f462e85afd4
6.276940, 5.339107
6.206473, 5.367707
6.164349, 5.392366
6.118146, 5.421147
6.075148, 5.440879
0c1dfbdf-1b07-41ae-af70-c50d85411b9b
6.451579, 5.795011
6.377370, 5.837814
6.332359, 5.867563
