main root
6.777560, 4.794709
6.687849, 5.020300
6.662664, 5.268475
6.671026, 5.414537
6.689775, 5.593982
6.731990, 5.849512
6.722459, 5.951406
6.714101, 6.154314
6.693605, 6.336140
6.665459, 6.470758
6.640883, 6.650748
6.629045, 6.813702
6.617635, 7.007197
6.605272, 7.146243
6.591957, 7.272293
6.577426, 7.389774
6.562824, 7.524819
6.541766, 7.641079
6.524731, 7.758798
6.504503, 7.883931
6.489698, 8.001959
6.480184, 8.111809
6.479099, 8.222420
6.476080, 8.315763
6.469171, 8.401093
6.467081, 8.479024
6.472733, 8.586272
6.471296, 8.779318
6.487460, 8.875992
6.506687, 8.965386
6.567354, 9.056948
6.633651, 9.124916
6.716877, 9.061547
e41490cc-1f8d-4ef6-b818-2a976116aa7b
6.741349, 5.306934
6.785577, 5.290437
6.829422, 5.277296
6.882282, 5.248630
6.926702, 5.232711
7.037979, 5.225784
7.161891, 5.165596
0510fccf-36d3-4b3a-851d-89466fb3f19c
6.608585, 5.278971
6.548601, 5.325696
6.432368, 5.362095
6.350544, 5.385546
6.305703, 5.402712
6.229453, 5.449566
6.146276, 5.496024
6.085292, 5.522859
6.034086, 5.538458
5.975378, 5.547671
614fb1bd-9e1f-4544-8658-7b48445f23ad
6.680503, 5.627464
6.596066, 5.716138
6.568333, 5.745263
6.522645, 5.820991
6.443563, 5.882635
6.395151, 5.920373
6.351368, 5.947943
d099e411-4672-4474-aecb-01948ba440f0
6.774067, 5.747328
6.847697, 5.755328
6.965692, 5.805345
0ca89751-efd9-4e6b-888c-9d3fa2a7c71e
6.760035, 5.168878
6.800412, 5.172363
6.861076, 5.176096
6.895405, 5.179709
6.936094, 5.196178
