main root
6.508357, 4.265758
6.621405, 4.536576
6.656184, 4.751722
6.706770, 4.945219
6.758803, 5.114087
6.796198, 5.235450
6.848309, 5.380824
6.891348, 5.519280
6.926535, 5.632478
6.960062, 5.754482
6.989525, 5.877542
7.011010, 5.985456
7.029475, 6.110458
7.055619, 6.244618
7.063647, 6.351996
7.059864, 6.442201
7.043453, 6.534714
7.013190, 6.657232
6.992603, 6.784352
6.968945, 6.917385
6.943234, 7.050037
6.921419, 7.184524
6.899057, 7.309277
6.871170, 7.441190
6.846348, 7.548380
6.823427, 7.647358
6.804520, 7.738328
6.789408, 7.821232
6.783282, 7.896571
6.776595, 7.960360
6.761521, 8.009659
6.684681, 8.205737
6.659127, 8.266826
6.642712, 8.325797
6.619910, 8.379787
6.637740, 8.422755
6.617344, 8.516515
6.605971, 8.608380
6.590355, 8.717296
6.578041, 8.818091
6.571992, 8.901801
6.561050, 8.994862
6.554408, 9.087386
6.545623, 9.180366
6.541869, 9.264199
6.529255, 9.357809
6.518933, 9.450160
6.511637, 9.534111
6.502203, 9.618706
6.492819, 9.702849
6.484613, 9.795402
6.475034, 9.879976
6.465504, 9.964108
6.455021, 10.056652
6.446445, 10.132368
6.443145, 10.214708
6.428608, 10.278404
6.414377, 10.354215
6.407831, 10.421533
6.403146, 10.500644
6.404264, 10.583039
6.397713, 10.651850
6.388083, 10.753002
6.385363, 10.813159
6.375190, 10.865948
f37c9f97-6e0b-4417-ba3b-1671992ed522
6.528659, 4.518940
6.492307, 4.539624
6.477247, 4.588157
6.462732, 4.624827
6.447155, 4.664174
6.433258, 4.707408
6.420307, 4.747696
6.407354, 4.787984
6.399581, 4.812167
6.398256, 4.832989
6.380907, 4.888348
6.349704, 4.998021
6.303244, 5.133726
6.293748, 5.158569
6.282410, 5.177219
6.266146, 5.202168
6.249104, 5.226592
6.233529, 5.262970
6.218392, 5.274712
6.198590, 5.288162
6.200186, 5.305442
6.186068, 5.326874
6.161952, 5.358021
6.145105, 5.379766
6.130081, 5.404032
6.108791, 5.444100
6.087095, 5.475365
6.058512, 5.519179
6.030321, 5.559652
6.001284, 5.601341
5.966201, 5.635349
20e691a0-01e3-4a8c-bae3-49d5bce44339
6.656332, 4.785749
6.477314, 4.800224
6.378658, 4.793568
6.328320, 4.790561
6.196966, 4.856478
6.176264, 4.861844
6.145630, 4.866691
6.105059, 4.871594
6.054624, 4.877690
6.013902, 4.881104
5.966010, 4.882115
5.926619, 4.879952
5.894951, 4.884208
5.852998, 4.889846
5.823159, 4.896875
5.781956, 4.906581
5.738525, 4.919887
5.696066, 4.936025
5.674058, 4.941188
22588f01-6095-4d4c-bb44-0b0de322dc2f
6.607444, 4.724916
6.513676, 4.862347
6.489845, 4.897259
6.475113, 4.924133
6.454786, 4.961196
6.443919, 4.993439
6.430409, 5.033493
6.415012, 5.069750
6.400872, 5.110680
6.387061, 5.150631
6.379915, 5.180432
6.374718, 5.214905
6.373435, 5.263514
6.370862, 5.304244
6.366797, 5.344851
6.361738, 5.395401
6.349612, 5.442496
6.331043, 5.578390
6.309273, 5.652235
6.294056, 5.697944
6.279158, 5.746883
6.261547, 5.788722
6.241327, 5.832449
6.218143, 5.871475
6.218540, 5.894590
6.155596, 6.013433
6.123017, 6.065350
6.099391, 6.103001
f472dfa8-41d4-4e48-b156-856c95bf51ec
7.052752, 6.514219
7.113238, 6.579366
7.152065, 6.625003
2535dd09-0263-43db-b65a-174fc6aaa8bc
6.772287, 5.146624
6.735876, 5.366741
6.724494, 5.474443
6.718491, 5.517002
6.703458, 5.565085
6.696230, 5.593224
08906280-3ef0-4e65-ba0f-c5e3db8077bd
6.823901, 5.306785
6.685912, 5.431100
6.648328, 5.462931
6.627506, 5.478589
6.606318, 5.500126
6.570649, 5.525695
6.565901, 5.553043
6.528004, 5.588633
6.478815, 5.630720
6.417639, 5.685833
6.366988, 5.737509
6.338773, 5.759882
6.285703, 5.801963
97a17b43-895d-4fc9-a5ee-42d57b03f560
6.949007, 5.702740
6.899818, 5.742177
6.880468, 5.753828
6.829745, 5.822926
