main root
6.614886, 4.888409
6.591205, 5.049941
6.579951, 5.231895
6.589412, 5.368559
6.568962, 5.562109
6.537117, 5.807521
6.528747, 6.005697
6.528244, 6.212958
6.532291, 6.367752
6.535026, 6.530721
6.525073, 6.676078
6.523310, 6.817105
6.517377, 6.960107
6.505174, 7.142898
6.503459, 7.309748
6.529712, 7.432282
6.575608, 7.600024
6.577286, 7.783094
6.550570, 7.949346
6.538514, 8.076031
6.542686, 8.226844
6.539109, 8.320738
6.527016, 8.415910
6.516115, 8.489829
6.502117, 8.562705
a8637eb1-ab0e-4d6c-bda0-3b3e2ab4e1da
6.481233, 5.177367
6.441237, 5.194947
6.397732, 5.216367
6.359607, 5.240144
6.316063, 5.265048
28d87151-6f85-487e-ad3f-5cae5dc8a9b2
6.684565, 4.900085
6.752981, 4.897472
6.836508, 4.883747
6.903625, 4.903325
6.987690, 4.969399
7.055409, 5.024980
7.179526, 5.079073
7.264275, 5.118304
7.325717, 5.155886
7.383489, 5.203318
7.447123, 5.258236
7.510189, 5.315405
7.571508, 5.377334
7.635752, 5.457247
7.689811, 5.544747
7.750243, 5.626464
7.812823, 5.735801
7.837977, 5.782740
7.956166, 5.950098
8.019273, 6.100848
8.044276, 6.197162
8.071826, 6.278415
8.087732, 6.427886
8.085401, 6.485922
8.074488, 6.546695
8.056096, 6.601231
8.023432, 6.665176
7.971457, 6.752978
7.914126, 6.837371
7.862640, 6.905778
7.817406, 6.970857
7.774287, 7.035515
7.732639, 7.101780
7.709827, 7.129639
18470c93-fd48-45f1-9382-536d43c9572f
6.677779, 5.126628
6.810384, 5.191729
6.852414, 5.213629
6.974049, 5.244648
7.044527, 5.264687
7.115975, 5.286559
7.211490, 5.322434
7.307948, 5.354144
7.416074, 5.378553
7.498493, 5.405663
7.576714, 5.451041
7.661355, 5.509170
7.795224, 5.701480
7.865533, 5.884333
7.893230, 5.962243
7.915917, 6.041006
7.939737, 6.131304
7.955643, 6.215990
7.969892, 6.283752
7.976740, 6.345406
7.979743, 6.399561
7.978176, 6.452390
7d58027d-5258-4aa2-90a7-110b75160a95
6.472934, 6.762743
6.402961, 6.782312
6.370223, 6.797224
