main root
6.813976, 4.715733
6.850205, 5.011777
6.843269, 5.144217
6.850454, 5.281567
6.850350, 5.421823
6.848155, 5.526760
6.841798, 5.628412
6.829642, 5.721679
6.805974, 5.821448
6.799131, 5.923599
6.788567, 6.049900
6.780614, 6.172477
6.771845, 6.307660
6.760620, 6.479574
6.750230, 6.661417
6.747108, 6.824408
6.735110, 7.011428
6.722085, 7.181585
6.701359, 7.324580
6.695557, 7.393336
6.660016, 7.634985
6.621271, 7.793705
6.608125, 7.841243
6.595070, 8.004922
6.592546, 8.117716
6.590590, 8.212832
6.586647, 8.308798
6.585717, 8.382669
a82f491a-5a1e-4a1d-a2f2-c5ecef5deedf
6.875230, 5.266318
6.973960, 5.382626
7.024642, 5.442331
7.050669, 5.472991
7.071327, 5.492699
7.107943, 5.517289
8ac65d9f-962c-4a78-be88-4cbc940a2630
6.770272, 5.014336
6.660857, 5.054254
6.560166, 5.092210
6.477046, 5.125603
400b57fa-5c9b-41b9-9a64-e9a57661b2c1
6.860085, 5.179430
6.465687, 5.102996
6.434388, 5.096153
6.409421, 5.089048
6.394349, 5.093030
6.350228, 5.089726
352fa3b1-10e7-4224-a702-c26423d22599
6.772777, 5.036346
6.559545, 5.248871
6.527831, 5.289557
6.497298, 5.330945
6.467875, 5.373127
6.440356, 5.420427
6.422767, 5.441731
6.396557, 5.466422
6.359706, 5.497026
6.328767, 5.522720
f9831561-3cf4-434f-9a9d-29abc6a6fe26
6.795109, 5.608766
6.772144, 5.608648
6.734607, 5.609875
