main root
6.697108, 4.543600
6.732804, 4.824305
6.761778, 4.938476
6.818047, 5.087644
6.861179, 5.249203
6.890413, 5.423187
6.917147, 5.596324
6.942865, 5.733589
6.949389, 5.791145
6.936806, 5.865454
6.885279, 6.095641
6.868634, 6.169998
6.850691, 6.222748
6.826153, 6.294886
6.799745, 6.363226
6.775705, 6.442044
6.753477, 6.514928
6.737220, 6.599020
6.725129, 6.677341
6.705998, 6.742401
6.684503, 6.815505
6.671603, 6.869989
6.669846, 6.909890
6.637351, 7.043572
6.614950, 7.110382
6.582229, 7.142049
6.605740, 7.176142
6.589464, 7.296373
6.580048, 7.397471
6.580858, 7.479505
6.590180, 7.571613
6.601628, 7.663819
6.622503, 7.763287
6.639623, 7.855104
6.652052, 7.956379
6.666517, 8.056888
6.682562, 8.139256
6.698351, 8.231310
6.712664, 8.314760
6.729000, 8.392302
6.741161, 8.464548
6.754586, 8.556968
6.755445, 8.620584
6.754987, 8.681692
6.776774, 8.984495
6.783235, 9.053440
6.780022, 9.099374
6.779460, 9.171733
6.774479, 9.234938
6.767785, 9.300853
6.759604, 9.366599
6.752541, 9.435484
6.739600, 9.488339
6.726786, 9.559559
6.711542, 9.618923
6.691464, 9.679062
6.674743, 9.752775
6.656372, 9.813458
6.635747, 9.876418
6.611792, 9.935121
6.587020, 9.999784
6.561929, 10.061104
6.540368, 10.133548
6.522054, 10.200328
6.500997, 10.260130
6.479415, 10.325929
6.457351, 10.388401
6.433882, 10.450360
6.417506, 10.497815
e50d5a9e-9818-495a-b947-ff312519aaf3
6.699216, 4.721841
6.609215, 4.783763
6.584098, 4.808385
6.548299, 4.849770
6.521835, 4.878074
6.420305, 4.955966
6.380273, 4.984791
6.354848, 5.001255
6.332199, 5.021270
6.312512, 5.048653
6.287591, 5.091011
6.267173, 5.137518
6.247521, 5.186008
6.224556, 5.254627
6.201170, 5.315069
6.245227, 5.528360
f42bcfef-9d10-4948-bd3f-4fe9d109fe16
6.752138, 4.916310
6.693596, 4.999233
6.659058, 5.194592
6.630453, 5.250333
6.609953, 5.283594
6.595496, 5.306938
6.582607, 5.330592
