main root
6.303602, 4.815448
6.360349, 5.042846
6.283877, 5.406660
6.212125, 5.583827
6.176422, 5.638420
6.184108, 5.793272
6.202122, 5.902077
6.245826, 6.011824
6.284613, 6.131918
6.340737, 6.292577
6.350309, 6.366543
6.364910, 6.511598
6.375563, 6.656745
6.405378, 6.811059
6.418819, 6.918819
6.423214, 7.022389
6.426681, 7.139384
6.427537, 7.184901
7f3bb791-353e-469f-b4c3-df50d41d5cd1
6.419926, 5.075643
6.495939, 5.091756
6.533277, 5.112295
6.584649, 5.155881
6.636426, 5.205700
6.696308, 5.266195
6.753755, 5.318335
6.798097, 5.368561
1ebb5246-d5cf-4835-8b38-c5d9f2b93dab
6.329440, 5.248298
6.400919, 5.347671
6.437484, 5.416449
6.471305, 5.476876
6.499247, 5.529865
e611ef6b-ed5a-4946-a170-7e53fcc5f21d
6.349714, 5.074668
6.212000, 5.153825
6.120615, 5.176426
6.077755, 5.186617
6.019480, 5.182315
5.958106, 5.212770
e9da470a-444f-439c-a56f-c4e706856aca
6.313942, 5.275902
6.165093, 5.248758
6.127047, 5.246497
6.098503, 5.240415
6.066001, 5.233490
5d275226-d73b-4912-9a49-d32445177a71
6.229041, 5.498534
6.097992, 5.479689
6.081322, 5.469732
6.009922, 5.510389
