main root
6.334181, 4.660119
6.257344, 4.900241
6.239657, 5.186846
6.234450, 5.378305
6.224721, 5.558773
6.217671, 5.758250
6.208263, 5.964546
6.218200, 6.140181
6.219966, 6.319484
6.231777, 6.525310
6.216972, 6.635829
6.190897, 6.784738
6.148180, 6.932041
6.086207, 7.095247
6.057726, 7.208095
6.031090, 7.375061
5.999873, 7.544359
5.958225, 7.712904
5.935622, 7.853814
5.909999, 7.980499
5.877897, 8.125797
5.838477, 8.255936
5.797291, 8.414433
5.763574, 8.576606
5.749807, 8.724276
5.730348, 8.869365
5.716284, 9.036629
5.705643, 9.163183
5.692933, 9.289295
5.683328, 9.422639
5.674204, 9.549302
5.673378, 9.677653
5.672561, 9.804653
5.673842, 9.931939
5.679385, 10.068076
5.678225, 10.194416
5.681354, 10.313320
5.684248, 10.423344
5.688794, 10.516154
5.690886, 10.601244
5.690904, 10.686356
5.690917, 10.747739
5.684942, 10.801613
e3887b52-f777-4867-99cf-ad56341afb74
6.290795, 5.466887
6.366136, 5.482140
6.415419, 5.498195
6.466212, 5.521101
6.547867, 5.569461
6.621408, 5.610607
6.694657, 5.653966
6.769590, 5.691092
6.846535, 5.724586
6.914432, 5.755774
6.975735, 5.790522
7.037690, 5.832891
7.099873, 5.882955
7.160971, 5.945457
7.221341, 6.004247
7.283139, 6.061534
7.348523, 6.113662
7.413759, 6.168324
7.465508, 6.225213
7.521229, 6.289551
7.575365, 6.355226
7.631876, 6.417262
7.674737, 6.473202
7.710167, 6.509596
7.767556, 6.564256
7.835432, 6.616503
7.883223, 6.664623
7.960789, 6.742722
8.016602, 6.796795
8.069213, 6.849850
8.131854, 6.916023
8.163206, 6.951319
88ac5f50-de65-42fd-9315-ce04714a9b64
6.323611, 4.849643
6.427292, 4.779267
6.574028, 4.710784
6.749513, 4.710393
6.779523, 4.716312
6.841184, 4.725425
6.899812, 4.734090
6.956738, 4.744015
7.010242, 4.750305
7.069108, 4.757226
7.127968, 4.764146
7.162045, 4.769659
7.239383, 4.802923
7.303746, 4.815942
7.353538, 4.826013
7.480526, 4.866142
7.542623, 4.883246
7.580762, 4.889087
7.600759, 4.896682
7.634319, 4.907820
7.658552, 4.917432
7.684174, 4.932417
7.719524, 4.947881
7.752494, 4.960661
7.770378, 4.972399
7.800737, 4.990527
7.827735, 5.008382
7.858031, 5.026615
7.889075, 5.043543
7.916751, 5.060330
7.943625, 5.078372
7.969641, 5.097631
7.998929, 5.117442
8.029035, 5.135988
8.055783, 5.154214
8.077506, 5.174442
8.108617, 5.197264
8.128723, 5.213860
8.152713, 5.235590
8.175676, 5.258402
8.201800, 5.282231
8.224685, 5.305122
8.246491, 5.329042
8.271404, 5.354135
8.293128, 5.378130
8.313726, 5.403099
8.337368, 5.429393
8.357880, 5.454433
8.377217, 5.480390
8.395342, 5.507209
8.420526, 5.536441
8.444723, 5.562224
8.465764, 5.586820
8.485651, 5.612357
8.508544, 5.639305
8.532561, 5.665255
8.553432, 5.689997
8.577362, 5.716030
8.598146, 5.740843
8.617768, 5.766586
8.644575, 5.794336
8.665968, 5.818625
8.690447, 5.844142
8.715989, 5.868595
8.742546, 5.891938
8.760069, 5.913307
8.787845, 5.940087
8.810087, 5.963602
8.831225, 5.988115
8.851213, 6.013575
8.878417, 6.040939
8.895711, 6.060447
8.916047, 6.085629
8.939413, 6.112169
8.958292, 6.135866
8.977275, 6.162083
8.995033, 6.189146
9.015671, 6.217857
9.033334, 6.244981
9.053873, 6.273764
9.071442, 6.300949
9.091882, 6.329803
9.113531, 6.357761
9.132150, 6.384238
9.149529, 6.411543
9.169769, 6.440538
9.182236, 6.460998
9.193396, 6.482189
8e50b319-940a-4034-bf96-fc0fb966017c
6.238115, 4.725224
6.092071, 4.665881
5.991129, 4.620419
5.913016, 4.586653
5.890545, 4.588154
5.807697, 4.573159
5.756939, 4.565492
5.709581, 4.561366
5.644541, 4.563211
5.578286, 4.563592
5.525995, 4.565390
5.475226, 4.567136
5.415997, 4.569172
5.375702, 4.575050
5.344284, 4.579633
5.311561, 4.593481
5.256982, 4.616577
5.233231, 4.623377
5.194587, 4.631328
5.154290, 4.638090
5.112544, 4.645096
5.052869, 4.656627
4.986073, 4.672584
4.936506, 4.687501
4.882830, 4.708345
4.828702, 4.730970
4.799408, 4.743215
2f1cfce9-6ce0-4ddf-8404-c84d4ca6c636
6.100401, 4.747676
5.997697, 4.842407
5.954483, 4.879404
5.892357, 4.921461
5.801910, 4.972472
5.718310, 5.014791
5.628980, 5.043508
5.552534, 5.076797
5.468830, 5.101937
5.391750, 5.133748
5.307707, 5.172984
5.221113, 5.208768
5.113481, 5.269147
5.010108, 5.327138
4.903316, 5.399082
4.820299, 5.457560
4.741083, 5.521124
4.667378, 5.591114
4.580081, 5.647759
4.479984, 5.720415
4.367767, 5.799294
4.310963, 5.842244
4.185859, 5.974728
4.121916, 6.042443
4.061356, 6.112704
4.000548, 6.183251
3.941490, 6.254992
3.882066, 6.317387
3.821881, 6.377574
3.763780, 6.438612
3.707198, 6.501061
3.657636, 6.568119
3.595793, 6.630855
3.547468, 6.691862
3.499180, 6.743183
3.450967, 6.813815
3.413156, 6.879825
3.378058, 6.956158
3.344021, 7.019432
3.292029, 7.115599
2b2bbed3-6122-405e-8bae-938b3bdf84f3
6.194876, 4.974031
6.106852, 5.009882
6.028398, 5.040688
5.939294, 5.057208
5.860677, 5.078754
5.796182, 5.102881
5.722499, 5.141517
5.642159, 5.174275
5.555914, 5.209441
5.463598, 5.233453
5.374218, 5.258874
5.328194, 5.282745
5.239040, 5.331368
5.159246, 5.365438
5.073593, 5.402010
4.991067, 5.444108
4.913009, 5.479271
4.845036, 5.506606
4.774342, 5.535036
6d0ef7f1-9ade-4445-8684-48e9fc1ccbe8
6.177512, 5.289642
6.098945, 5.317464
6.014465, 5.341157
5.932415, 5.363786
5.851759, 5.388181
5.773740, 5.418278
5.707975, 5.448460
5.647154, 5.474727
5.587316, 5.495680
5.533491, 5.497080
5.508100, 5.497741
5.420143, 5.559819
5.303457, 5.598577
5.233065, 5.618801
5.180190, 5.630873
5.077218, 5.685961
5.011280, 5.717838
4.941800, 5.758072
4.875881, 5.796238
4.808868, 5.838492
4.743497, 5.883250
4.682979, 5.913801
4.585629, 5.965316
4.496889, 6.014669
4.409188, 6.065864
4.340303, 6.113279
4.265984, 6.156883
4.192956, 6.199729
4.113893, 6.248554
4.044755, 6.296125
3.963872, 6.344118
3.892482, 6.388888
3.830871, 6.425292
3.765074, 6.476211
3.706135, 6.534935
3.637336, 6.588845
3.595470, 6.632189
3.540210, 6.698484
3.492947, 6.764901
3.447731, 6.835595
3.408036, 6.905991
3.358132, 6.994491
3.297360, 7.105313
2b8ee2ee-6547-485b-a799-0dcb57de3582
6.139133, 5.563253
6.022124, 5.568039
5.974262, 5.576027
5.953270, 5.571943
5.926303, 5.566658
5.897907, 5.564107
5.867292, 5.564325
5.822233, 5.567602
5.777451, 5.573861
5.755300, 5.570911
5.711654, 5.566609
5.662735, 5.560283
5.607326, 5.557646
5.539666, 5.554426
5.480467, 5.551609
5.368407, 5.576734
5.236433, 5.567841
5.180827, 5.576019
5.138945, 5.582179
5.095799, 5.590037
