main root
7.158588, 4.930776
7.210414, 5.130664
7.219284, 5.206326
7.223668, 5.339397
7.226986, 5.502574
7.242775, 5.666963
7.258420, 5.809269
7.275606, 5.926967
7.283300, 6.008725
7.285790, 6.057627
7.282059, 6.112229
7.383707, 6.224948
7.421602, 6.267370
7.450829, 6.291503
7.501218, 6.327289
7.534787, 6.396983
7.550049, 6.448280
7.535674, 6.644559
7.531809, 6.697335
7.531948, 6.736426
7.538157, 6.799540
7.547232, 6.861205
7.550766, 6.916054
7.556710, 6.985040
7.562524, 7.052521
7.564372, 7.108841
7.566315, 7.168079
7.566714, 7.225866
7.567182, 7.293597
7.569098, 7.354343
7.572776, 7.423486
7.577949, 7.492535
7.583008, 7.560080
7.587436, 7.619181
7.591388, 7.671950
7.593759, 7.703611
7.618272, 7.835510
7.620769, 7.873521
7.620357, 7.912956
7.623028, 7.943492
7.626713, 7.985647
7.633640, 8.030525
7.636681, 8.069846
7.641251, 8.128939
7.645821, 8.188031
7.650390, 8.247123
7.654960, 8.306215
7.659530, 8.365306
7.664100, 8.424397
7.668669, 8.483484
7.673238, 8.542571
7.681023, 8.604411
7.690096, 8.664509
7.695098, 8.727717
7.705272, 8.799354
7.711411, 8.863877
7.718657, 8.924226
7.726732, 8.991476
7.729711, 9.041401
7.734097, 9.094196
7.725793, 9.268801
7.723767, 9.310946
7.724865, 9.349999
7.726029, 9.392179
7.727174, 9.434359
7.731371, 9.479448
7.735261, 9.521463
7.739153, 9.563498
7.739789, 9.602830
7.740747, 9.662090
7.743225, 9.722815
7.742873, 9.787617
7.741062, 9.845379
7.740389, 9.914621
7.739731, 9.982355
7.737673, 10.040104
7.741031, 10.113987
7.741365, 10.187263
7.743139, 10.248021
7.743576, 10.314273
7.747036, 10.384982
7.752329, 10.462512
7.755202, 10.526586
7.759749, 10.561160
d76de480-a1ac-475f-a673-bc51a1eadb26
7.203363, 5.136747
7.129380, 5.158010
7.078063, 5.159693
7.045442, 5.168250
6.954879, 5.225743
6.920073, 5.244293
6.882726, 5.264198
6.852822, 5.275048
6.806865, 5.288538
6.757108, 5.307823
6.692238, 5.336176
6.637203, 5.355835
6.491627, 5.406575
6.453494, 5.416697
6.428945, 5.423213
6.418830, 5.440375
6.366655, 5.464519
6.314328, 5.485436
6.260962, 5.503543
6.206708, 5.518791
6.147578, 5.538518
6.092302, 5.555382
6.024532, 5.580753
5.964204, 5.605552
5.926192, 5.622796
4cd617c0-f303-450e-90ad-b9b4c0390cd3
7.229545, 5.009505
7.309424, 5.026968
7.436002, 5.054799
7.484317, 5.059253
7.511758, 5.061746
7.532700, 5.069622
7.583741, 5.079183
7.607337, 5.086610
7.647563, 5.099232
7.671845, 5.106812
7.799412, 5.160696
7.834243, 5.178698
7.862449, 5.193276
7.972532, 5.202746
8.004207, 5.205433
8.026320, 5.210275
8.049681, 5.218416
8.089504, 5.232253
8.125530, 5.247899
8.172092, 5.261553
8.206668, 5.271653
8.227383, 5.280784
8.237164, 5.302081
3399ec40-be4b-4d2c-a829-bbbc932af421
7.295402, 5.816372
7.335789, 5.823210
7.435975, 5.884579
7.491293, 5.918309
