main root
6.057176, 5.476645
6.020345, 5.688503
5.998889, 5.939878
5.963313, 6.235484
5.922263, 6.432558
5.868943, 6.610462
5.818734, 6.827115
5.803678, 6.955614
5.846655, 7.256929
5.854154, 7.427678
5.862224, 7.597918
5.865959, 7.721158
5.880252, 7.845441
5.889564, 7.963348
5.900343, 8.072957
5.902065, 8.136340
5.902302, 8.221457
5.905493, 8.292178
5.908927, 8.368300
5.913638, 8.439507
5.921493, 8.495414
5.934809, 8.557922
5.947157, 8.615885
5.968361, 8.693867
5.994353, 8.773654
6.012712, 8.830007
6.038618, 8.890199
6.068742, 8.960194
6.098866, 9.030187
6.127023, 9.099397
6.146698, 9.159670
6.165826, 9.223096
6.185385, 9.287947
6.205522, 9.359899
6.227466, 9.427203
6.247312, 9.497732
6.261522, 9.553751
6.278173, 9.619398
6.295087, 9.692173
6.305030, 9.754788
6.313940, 9.820438
6.323048, 9.887550
6.338064, 9.964807
6.357867, 10.043168
6.369010, 10.105586
6.384387, 10.174679
6.397368, 10.246791
6.402654, 10.301500
6.414068, 10.372950
6.429406, 10.455809
6.436909, 10.504564
6.441222, 10.552273
6.444934, 10.609941
6.450874, 10.678937
6.456685, 10.746420
6.460149, 10.804101
6.465793, 10.873112
6.471314, 10.940610
6.479140, 11.017936
6.485961, 11.085334
6.498554, 11.165159
6.513728, 11.248047
6.519391, 11.295606
6.528061, 11.355761
6.534335, 11.420271
6.541707, 11.480610
6.548253, 11.546535
6.554946, 11.613937
6.559165, 11.671575
6.560907, 11.736364
6.564035, 11.797062
6.565949, 11.863280
6.565450, 11.897796
6b1c47df-7052-4a05-aea2-1f2c3151adc4
5.971281, 5.537677
5.865284, 5.651471
5.879230, 5.862171
5.874680, 5.984897
5.776590, 6.097286
5.670619, 6.187155
5.564002, 6.321734
5.500672, 6.379942
5.461955, 6.432668
5.395137, 6.520086
5.334682, 6.588732
5.269129, 6.647165
5.188893, 6.710185
5.101088, 6.767211
5.074632, 6.783704
5.053077, 6.797141
5.017296, 6.851367
4.984237, 6.887878
4.946645, 6.931626
4.901863, 6.974556
4.859076, 7.015574
4.816202, 7.060824
4.775379, 7.101732
4.739493, 7.135572
4.702722, 7.164078
4.677363, 7.185631
4.646547, 7.213786
4.613731, 7.243768
4.585237, 7.291313
4.569550, 7.308756
4.541474, 7.344454
4.514307, 7.369311
4.484824, 7.392227
4.464769, 7.407814
db9ad5df-7f64-4cd2-a4da-5351d653c211
5.941061, 6.004130
5.837543, 6.063811
5.784400, 6.110719
5.683112, 6.176208
5.700563, 6.225747
5.571404, 6.315717
5.528842, 6.350714
5.486654, 6.396360
5.433675, 6.472276
5.374796, 6.545619
5.313674, 6.608242
5.229417, 6.679420
5.155230, 6.739322
5.069229, 6.795171
5.076110, 6.830391
5.040304, 6.868192
5.011198, 6.898918
4.976431, 6.938961
4.948683, 6.970919
4.920936, 7.002876
4.881781, 7.043406
4.840600, 7.086033
4.799275, 7.120194
4.753194, 7.162170
4.709575, 7.197852
4.670207, 7.245524
4.632065, 7.287010
4.592307, 7.339100
4.556067, 7.384115
4.527510, 7.412425
4.491431, 7.448192
4.449378, 7.481452
4.413042, 7.521641
4.373081, 7.561376
4.331047, 7.605283
4.284207, 7.654210
4.243268, 7.699137
4.199269, 7.751866
4.173503, 7.782745
