main root
6.084566, 3.596937
6.050277, 3.800340
6.024505, 3.975533
6.020110, 4.102573
6.018169, 4.213838
5.974884, 4.407883
5.977068, 4.490646
5.975022, 4.637022
5.960591, 4.786260
5.947197, 4.946042
5.928275, 5.103735
5.898182, 5.268071
5.863450, 5.434713
5.818717, 5.608335
5.787000, 5.781741
5.767911, 5.878316
5.747205, 5.941170
9006f4f9-07a4-4abe-a55d-aa65e3ea6a43
6.062133, 3.822700
6.198585, 3.977700
6.236030, 4.032234
6.278470, 4.078177
6.312624, 4.097506
6.375455, 4.131341
6.410238, 4.168899
6b7f3d79-a9c6-41ab-b50b-4e66554dca97
5.913967, 4.152900
5.846739, 4.171053
5.769091, 4.185457
5.719438, 4.214513
3271a727-0816-41a7-9b91-4b1c9bea9d5d
5.999950, 3.973217
5.890085, 3.995666
5.853403, 4.007744
5.832138, 4.010018
5.808211, 4.011073
5.798398, 3.991851
5.786889, 3.969241
5.774755, 3.980048
5.703399, 3.986242
5.660125, 4.016320
c83c84ad-8a87-4de1-9270-42a3c258755d
6.020204, 3.718783
5.904038, 3.712173
5.863429, 3.712928
5.763785, 3.699348
5.712059, 3.691006
5.669860, 3.683229
5.646405, 3.688661
5.623924, 3.690763
