main root
7.202993, 5.033117
7.129803, 5.131981
7.038595, 5.302218
7.011052, 5.423374
6.982752, 5.536545
6.992297, 5.620794
6.986783, 5.716378
6.990870, 5.800363
6.993036, 5.909815
7.005370, 6.001540
7.016823, 6.102590
7.021711, 6.220646
7.035074, 6.339412
7.045813, 6.489112
7.053495, 6.653754
7.048356, 6.805713
7.036709, 6.934635
7.031747, 7.077617
7.025221, 7.231245
7.023872, 7.361722
7.024851, 7.471853
7.027868, 7.573359
7.045672, 7.673918
7.042918, 7.767557
7.046282, 7.869059
7.048668, 7.992430
7.057149, 8.133981
7.068935, 8.296290
7.087311, 8.463458
7.113874, 8.629180
7.128671, 8.772782
7.125509, 8.882218
7.099768, 9.055123
7.079936, 9.230940
7.038569, 9.382518
7.001137, 9.551346
6.960538, 9.724794
6.930027, 9.872829
6.901781, 10.030175
6.869111, 10.177777
6.838784, 10.311784
6.817090, 10.431014
6.801837, 10.538377
6.794934, 10.618893
6.792516, 10.699667
6.791592, 10.801208
6.792458, 10.870449
6.790275, 10.935223
6.786262, 11.009838
6.777528, 11.095002
6.770146, 11.152324
6.761494, 11.219505
6.749173, 11.291736
6.738807, 11.370311
6.730858, 11.462724
6.727142, 11.523389
6.726323, 11.585712
6.725322, 11.661907
6.724321, 11.738099
6.718890, 11.809742
6.712389, 11.875674
6.703059, 11.939809
6.689559, 12.011814
6.675518, 12.086704
6.659086, 12.158099
6.641996, 12.232352
6.623783, 12.304815
6.607273, 12.370504
6.594483, 12.433669
6.581131, 12.492068
fdfee613-1efd-4f2c-a6db-973d1b432cef
7.055835, 8.583184
7.025546, 8.591347
6.985726, 8.600526
6.945598, 8.608241
6.863345, 8.625579
d14c7adf-038a-4e2e-9517-b6af6c3e71e2
7.054823, 8.192822
6.937869, 8.228040
6.910454, 8.235070
6.871783, 8.241587
6.841871, 8.252813
6.798750, 8.275389
6.759994, 8.299058
6.734388, 8.309434
6.688130, 8.326564
6.617266, 8.350280
67d66b9b-f661-4e1b-9b00-267062a3b9f1
6.976863, 7.692921
6.926380, 7.732294
6.865698, 7.729009
6.794153, 7.738218
6.755998, 7.735169
6.732797, 7.730456
6.704334, 7.711011
6.680474, 7.704135
47ddd21e-9009-463f-85fb-cf48df8fab08
6.990645, 5.535788
6.873334, 5.541837
6.796560, 5.549904
6.764309, 5.536297
6.735491, 5.532241
6.695886, 5.537230
6.656479, 5.539177
6.626154, 5.543673
6.581755, 5.553281
6.516924, 5.562716
6.454287, 5.559668
6.403543, 5.557199
6.341214, 5.557163
6.298002, 5.560130
6.248094, 5.569559
6.170833, 5.587201
6.117369, 5.596338
6.063839, 5.599412
6.001851, 5.605971
5.951890, 5.608248
5.920807, 5.615657
5.855391, 5.642022
5.821404, 5.649264
5.765744, 5.658064
5.708448, 5.665608
5.638717, 5.677807
5.581554, 5.686289
5.530044, 5.695445
5.489770, 5.708684
5.424469, 5.731727
5.368410, 5.748334
5.321713, 5.755924
5.259505, 5.770583
5.176207, 5.788082
5.127650, 5.796753
5.080063, 5.802209
5.024602, 5.807062
4.970674, 5.814595
e407f539-6814-4f36-86ed-0927668ba527
6.747930, 5.516210
6.753518, 5.496498
a3891e76-0bf3-4539-835a-ec536588c7fd
7.058957, 5.115087
7.036704, 5.073138
7.015151, 5.036608
6.984555, 5.010152
6.958189, 4.986866
6.925868, 4.975689
6.908518, 4.972262
6.835830, 4.979127
6.778577, 4.981131
6.759875, 4.980676
6.728156, 4.979884
6.679840, 4.984646
6.642502, 4.985318
6.610933, 4.981395
6.563863, 4.972530
6.524341, 4.965086
6.477327, 4.940468
6.436365, 4.915640
6.382888, 4.890228
6.345987, 4.884293
6.293803, 4.868422
