main root
7.093713, 5.468090
7.094010, 5.740463
7.103184, 5.953896
7.107673, 6.177859
7.111771, 6.357260
7.126516, 6.569678
7.129467, 6.729890
7.127191, 6.897439
7.107134, 7.025295
7.081296, 7.178321
7.075506, 7.331431
7.031884, 7.404755
6.996790, 7.572240
6.962175, 7.742280
6.955195, 7.898959
6.921238, 8.139443
6.903223, 8.236120
6.886764, 8.337316
6.876832, 8.439419
6.860808, 8.541090
6.849392, 8.601488
6.856885, 8.655541
6.817094, 8.692150
6.699296, 8.650678
6.581310, 8.730169
6.511465, 8.801151
6.469950, 8.849745
6.431620, 8.896914
6.392116, 8.948816
6.353368, 9.019496
6.322585, 9.084988
6.293053, 9.144296
6.258153, 9.190881
6.233005, 9.236932
6.199766, 9.288428
6.204764, 9.331566
6.178617, 9.394237
6.121738, 9.548574
6.101571, 9.590191
6.089788, 9.624704
6.076225, 9.678191
6.067049, 9.732650
6.057421, 9.780778
6.045309, 9.848952
6.035885, 9.919108
6.028309, 9.997990
6.023718, 10.077106
6.017896, 10.151595
6.008492, 10.214289
6.002214, 10.266227
5.991474, 10.330139
5.982879, 10.390314
5.975470, 10.452774
5.968738, 10.509526
480987e7-c085-4e58-b97b-2e1f53649efc
7.168920, 5.891588
7.209172, 5.891962
7.301827, 5.907461
7.338610, 5.910202
7.384023, 5.910584
7.424833, 5.912425
7.464550, 5.918712
7.500092, 5.924337
7.707869, 5.964056
7.749334, 5.971983
7.779425, 5.982306
7.827474, 5.998791
7.877326, 6.012729
7.907903, 6.021278
7.967048, 6.066368
7.988930, 6.083050
8.013324, 6.097884
8.086429, 6.121112
8.124781, 6.134869
8.164516, 6.149122
8.204441, 6.165033
8.228102, 6.179296
8.258919, 6.197873
450be03e-bffa-404a-8ddd-b8559939f9d4
7.141378, 6.017668
7.168706, 6.059365
7.187370, 6.076543
7.216633, 6.093306
7.266842, 6.116892
7.291597, 6.131828
7.323735, 6.154714
7.354499, 6.169272
7.398664, 6.186861
7.432094, 6.200173
7.539807, 6.219523
7.561676, 6.228014
7.599191, 6.244185
7.641904, 6.265857
7.696768, 6.292015
7.757912, 6.321167
7.809416, 6.347382
7.841484, 6.363703
7.940196, 6.452212
7.966950, 6.482232
8.000750, 6.520157
8.040179, 6.564400
8.083836, 6.608886
8.125344, 6.651184
8.155629, 6.679908
