main root
6.256395, 5.033533
6.371012, 5.283557
6.386794, 5.379921
6.404469, 5.512465
6.344548, 5.739405
6.305546, 5.903364
6.251551, 6.067625
6.206582, 6.219841
6.161790, 6.348072
6.123798, 6.469572
6.074167, 6.586628
5.984968, 6.748269
5.900594, 6.857739
5.830415, 6.961385
5.753859, 7.058143
5.670341, 7.148961
5.611027, 7.218598
5.543967, 7.379519
5.509300, 7.559782
5.427116, 7.751945
5.409408, 7.829220
5.380392, 7.970406
5.369960, 8.084185
5.351503, 8.192804
5.341542, 8.269293
5.327336, 8.329913
5.291476, 8.469694
5.268231, 8.536214
5.245050, 8.603427
5.235973, 8.667223
5.230326, 8.749430
5.225102, 8.825446
5.211534, 8.891887
5.198406, 8.956178
5.193975, 9.022766
5.191703, 9.101978
5.170421, 9.202684
5.151943, 9.259916
b99ee0c6-6068-49e0-9246-ff99fff941b6
6.354299, 5.130438
6.431503, 5.165536
6.469720, 5.194273
6.521759, 5.235276
6.557207, 5.253679
6.611685, 5.281963
6.675482, 5.340887
6.724931, 5.376370
6.852224, 5.416728
6.907053, 5.454467
6.943022, 5.491811
6.987886, 5.540552
7.040097, 5.590646
7.095317, 5.637404
7.124032, 5.669564
7.170557, 5.726165
7.203578, 5.763980
d08324b1-6f31-42af-b8ec-559ef3236826
6.423501, 5.461288
6.540849, 5.475738
6.594913, 5.488535
6.639826, 5.514903
6.657646, 5.528826
6.686774, 5.555372
6.718038, 5.583851
6.757764, 5.611930
6.792305, 5.636332
6.826849, 5.660726
6.857227, 5.685831
6.898260, 5.711965
6.933935, 5.734674
6.960170, 5.754912
6.993662, 5.780735
7.027158, 5.806551
7.069057, 5.831273
7.091621, 5.869168
7.111249, 5.876753
7.167422, 5.926784
7.207151, 5.960163
7.240051, 5.985851
7.325653, 6.056099
7.396501, 6.116960
7.460546, 6.160138
7.497383, 6.201075
7.514085, 6.238746
1a79107f-ed32-4118-a168-7a14c8284869
6.423482, 5.090538
6.466230, 5.074799
6.513978, 5.076731
6.584014, 5.098839
6.664536, 5.126432
6.706892, 5.145693
6.804634, 5.160510
9a05949a-0f67-427d-a9a5-f158bb48c9f6
6.362684, 5.459779
6.251053, 5.615001
6.207468, 5.680733
6.161242, 5.754276
6.141007, 5.802057
6.112086, 5.874187
6.084559, 5.946861
6.056594, 6.044575
6.033575, 6.114131
6.009634, 6.186471
5.978303, 6.274446
5.955579, 6.338254
5.930132, 6.396325
5.900291, 6.474756
5.877482, 6.526290
5.864444, 6.563145
5.852855, 6.604879
5.843046, 6.651394
5.835441, 6.716483
5.827249, 6.773691
5.811530, 6.827036
5.566533, 7.321561
5.474645, 7.803586
5.461625, 7.846648
5.457115, 7.876265
5.456537, 7.908314
5.453943, 7.956008
5.452446, 8.006725
5.449306, 8.054385
5.447230, 8.105082
5.449488, 8.153920
5.453088, 8.204533
5.460331, 8.279543
94639ded-500e-4253-8bec-0a9e4d1d16f0
6.379549, 5.429676
6.055859, 5.657082
6.010076, 5.685036
5.962329, 5.710556
5.912578, 5.750306
5.817001, 5.874672
5.765379, 5.924585
5.716616, 5.975897
5.669851, 6.020761
5.601021, 6.083880
5.551375, 6.123314
5.512367, 6.176122
5.489416, 6.214750
5.456908, 6.281185
5.425765, 6.338019
5.398707, 6.390693
5.338234, 6.472766
5.318766, 6.494141
5.322326, 6.518857
5.288244, 6.605847
5.269241, 6.670759
5.258041, 6.731613
5.245626, 6.774265
5.265598, 6.864946
5.302310, 6.992093
5.316699, 7.052719
5.331763, 7.116188
5.348797, 7.206175
5.356322, 7.262024
5.361705, 7.313183
5.358721, 7.362226
2e76443f-2fe3-4585-9a98-a774219e4f38
6.396998, 5.691711
6.379633, 6.223000
6.379721, 6.275092
6.376777, 6.303853
6.367119, 6.339402
6.360459, 6.363913
6.365735, 6.386117
6.369631, 6.415469
6.375864, 6.449141
6.380190, 6.479362
6.382378, 6.503449
