main root
6.731011, 5.176838
6.670365, 5.325665
6.616219, 5.502393
6.567359, 5.771296
6.571951, 5.876646
6.585769, 6.037722
6.586897, 6.198160
6.579661, 6.347389
6.577848, 6.453966
6.584098, 6.532408
6.613662, 6.636948
6.622202, 6.705724
6.631777, 6.844736
6.641801, 6.924924
6.647912, 6.997934
6.648535, 7.059223
6.647711, 7.125471
6.645391, 7.191684
6.641575, 7.257826
6.636266, 7.323864
6.629466, 7.389768
6.626518, 7.462071
6.622325, 7.528193
6.620837, 7.598969
6.617769, 7.673625
6.614988, 7.741303
6.611121, 7.798966
6.609374, 7.869737
6.606452, 7.927450
6.605866, 7.998240
6.602266, 8.071417
6.599354, 8.130608
6.595021, 8.188233
6.592702, 8.258984
6.587866, 8.315131
6.581419, 8.372560
6.572541, 8.438212
6.560900, 8.501968
6.551457, 8.562015
6.540934, 8.628927
6.530481, 8.685761
6.521293, 8.735718
6.509373, 8.792258
6.495402, 8.858527
6.483177, 8.916510
6.472105, 8.976281
6.458568, 9.041143
6.455284, 9.093510
6.448244, 9.157930
6.444455, 9.220151
6.450466, 9.296473
6.448564, 9.345015
6.446912, 9.387199
6.445260, 9.429384
6.442942, 9.488596
6.440623, 9.547808
6.438304, 9.607026
6.435986, 9.666244
6.432230, 9.723908
6.423639, 9.786723
6.418036, 9.838737
6.408127, 9.902781
6.401564, 9.964769
6.396656, 10.025356
6.396495, 10.082938
6.399292, 10.153678
6.400077, 10.211455
6.402285, 10.263731
6.405143, 10.331410
6.407644, 10.390630
6.408587, 10.448417
6.409415, 10.499214
6.411902, 10.559949
6.413981, 10.610708
6.419520, 10.672791
6.421539, 10.729104
6.419015, 10.783997
6.419534, 10.837872
6.423289, 10.917027
6.424532, 10.974799
6.427517, 11.043985
6.427316, 11.108789
6.428625, 11.169561
6.429718, 11.220347
6.437108, 11.285453
6.442137, 11.343019
6.448179, 11.394981
6.454275, 11.467336
a9d1c547-b9c3-49a6-b196-5921decb5603
6.577252, 7.882135
6.541460, 7.883902
6.500755, 7.890937
6.454535, 7.889433
c1b9ec2f-d834-460e-9c3e-6e4e5d49302b
6.641723, 7.698351
6.678942, 7.708858
6.739224, 7.720861
ef45e335-01a3-43cb-bb9b-b335e7cb1700
6.608233, 7.463367
6.559634, 7.471677
6.522366, 7.484472
6.484469, 7.493671
6.442337, 7.505831
6.399621, 7.521275
6.343180, 7.546456
6.285608, 7.575420
6.253464, 7.591591
41847b59-a111-4b4c-a026-20899c0acd64
6.618209, 7.090698
6.595777, 7.090942
6.570032, 7.089432
6.556162, 7.098161
6.532818, 7.100427
6.485301, 7.111053
6.446256, 7.116718
6.418586, 7.123757
6.375395, 7.137834
6.333226, 7.154726
6.294760, 7.168522
6.246042, 7.187586
6.206894, 7.206119
1102a272-182c-4ada-aaa2-f288145335d2
6.677759, 7.000853
6.741349, 7.005729
6.780798, 7.024942
6.839300, 7.061759
6.910210, 7.108833
6.982342, 7.151740
7.051936, 7.189654
7.120882, 7.225510
7.169773, 7.255705
7.206481, 7.289687
ebc30031-cee9-4504-a7bd-f91f77718f51
6.692522, 7.029064
6.702617, 7.080851
6.706797, 7.113181
6.707505, 7.142076
6.726145, 7.178109
6.737691, 7.226003
6.749556, 7.256065
6.772473, 7.285592
6.795190, 7.339702
6.803882, 7.364273
5563eef8-0bda-45f0-88eb-f221b229690a
6.677134, 7.264236
6.710165, 7.265625
6.784710, 7.264727
6.811416, 7.265857
6.845840, 7.265606
6.865296, 7.271452
6.894464, 7.281998
6.921989, 7.290581
6.951596, 7.295332
6.981903, 7.301924
7.015362, 7.307886
7.051004, 7.311195
7.085396, 7.312674
7.106313, 7.317857
7.140098, 7.324470
7.174167, 7.329399
7.201656, 7.337700
7.238796, 7.344003
7.262355, 7.349307
7.285598, 7.355857
6b9ea901-5419-4804-8ced-a0ba4b7111dc
6.658585, 6.589167
6.698810, 6.602134
6.726165, 6.612456
6.770948, 6.629206
6.815730, 6.645955
6.843542, 6.657955
a07ce8f0-41df-4f9f-8376-2b4489c56fdc
6.559069, 6.637761
6.509068, 6.658743
6.470846, 6.673159
6.432994, 6.684232
6.406585, 6.695075
6.381457, 6.708624
6.342995, 6.732762
6.307150, 6.755254
6.270359, 6.781872
6.236072, 6.806678
6.204494, 6.823981
6.173531, 6.839241
6.150067, 6.852475
477235db-4d05-41a8-bd30-474fbbfeb952
6.533200, 6.417570
6.466037, 6.445941
6.394045, 6.481340
6.322765, 6.522181
6.255725, 6.564042
6.193655, 6.593978
6.104128, 6.641852
6.054346, 6.666775
6.000017, 6.697756
9d46565e-45f8-4303-aaf4-bf827d5c6b57
6.541672, 6.258936
6.497380, 6.303439
6.473820, 6.316382
6.437309, 6.334731
6.400150, 6.351730
6.353214, 6.374848
6.315092, 6.398630
6.269340, 6.425347
0d1018cb-84c2-44af-bd8b-4d6c0d43c9e6
6.725370, 5.339823
6.764322, 5.379302
6.810004, 5.431995
6.852986, 5.481574
6.872335, 5.508462
6.889175, 5.536987
6.907774, 5.577327
6.927060, 5.622726
6.944959, 5.668692
6.965330, 5.716880
6.982325, 5.760925
6.997274, 5.787194
7.015959, 5.810952
