main root
6.263910, 5.089398
6.212342, 5.278691
6.158989, 5.443311
6.126734, 5.629147
6.094811, 5.847070
6.078233, 6.001112
6.066329, 6.238998
6.056787, 6.448985
6.025046, 6.650702
6.020610, 6.839155
5.981833, 6.991979
5.960328, 7.200743
5.938229, 7.341166
5.899434, 7.466642
5.809486, 7.657267
5.737989, 7.862870
5.664307, 8.099421
5.604865, 8.262665
5.562136, 8.380011
5.540239, 8.435770
5.515509, 8.490503
853a8212-8046-4614-8cc9-0f1d118f0ade
6.091635, 5.403848
6.033724, 5.384917
6.002550, 5.372062
5.967333, 5.354302
5.925523, 5.336570
5.904141, 5.321000
5.875817, 5.296668
5.852333, 5.280436
5.831341, 5.282120
5.804553, 5.269031
5.762893, 5.250109
5.732171, 5.240856
5.679065, 5.229551
5.630533, 5.219220
5.570786, 5.208033
5.500713, 5.197956
5.440756, 5.192359
5.348895, 5.200051
5.258061, 5.225452
5.186758, 5.242282
5.130184, 5.254099
5.086006, 5.258738
5.036813, 5.262400
4.988915, 5.262962
4.931127, 5.262145
4.879413, 5.264407
4.834945, 5.270847
4.758153, 5.284062
4.707733, 5.295777
93ee0148-cbaf-40cf-99d6-5d8bb5308f32
5.987853, 6.165239
5.907497, 6.174396
5.842079, 6.185735
5.771123, 6.193334
5.696717, 6.199900
5.610563, 6.201257
5.555245, 6.210424
5.480927, 6.224256
5.390634, 6.257999
8a4c8e04-6e11-48da-aae7-0a3909d97733
6.079316, 6.561473
6.224704, 6.625514
6.255618, 6.644204
6.326636, 6.692688
931feb4d-ff35-470f-9fe5-f0ef9a79ef0c
6.157498, 5.979259
6.222959, 6.047833
6.265778, 6.094857
6.297028, 6.131399
6.322596, 6.168543
6.338211, 6.194255
6.372574, 6.215421
6.411540, 6.259933
6.452137, 6.300757
6.520458, 6.363494
6.592808, 6.421363
6.670886, 6.486523
6.757958, 6.539903
6.829375, 6.581203
6.873466, 6.612576
6.941812, 6.674189
7.002338, 6.760080
7.048730, 6.796535
7.123525, 6.868765
7.198022, 6.937767
7.256843, 7.000729
7.303084, 7.050226
7.343613, 7.096690
7.372733, 7.139181
f8ccb584-c1e2-467f-975e-c10c033bd2bb
6.214762, 5.570418
6.250729, 5.622006
6.276140, 5.663529
6.301856, 5.711285
6.340595, 5.757411
6.362511, 5.778849
6.390647, 5.797998
6.450044, 5.829368
6.498408, 5.858296
6.546982, 5.890839
6.579757, 5.916400
6.615182, 5.949721
6.658172, 5.996322
6.706213, 6.046192
6.755319, 6.095009
6.795309, 6.126322
6.857407, 6.173045
6.907340, 6.214361
6.948784, 6.252538
6.983911, 6.293037
7.022742, 6.337805
7.073686, 6.370469
7.145689, 6.404573
7.236561, 6.454638
7.333380, 6.522433
7.424798, 6.583864
7.509430, 6.627992
7.597642, 6.673986
7.639285, 6.700443
7.714311, 6.779640
7.746996, 6.811966
a2b38275-3460-4fac-931c-3e29d95db8ee
6.256761, 5.343101
6.393745, 5.476522
6.552581, 5.555575
6.625999, 5.589522
6.701877, 5.629175
6.740695, 5.656218
6.809400, 5.671960
6.890844, 5.684478
6.961743, 5.712363
7.012040, 5.739284
5729f4b2-edd7-40c5-895d-3c66cea36deb
6.304914, 5.244584
6.347955, 5.317124
6.442309, 5.421253
6.517322, 5.469504
6.552313, 5.494070
6.587368, 5.506164
6.685414, 5.540954
6.735452, 5.561885
6.793406, 5.590732
99dba2e8-0dfd-48ac-b4d2-252974bad9ed
6.301339, 5.359324
6.379688, 5.359631
6.565221, 5.416774
6.639595, 5.451250
6.694686, 5.467462
6.785500, 5.485417
6.876337, 5.509810
6.961097, 5.528191
7.021731, 5.534882
7.124878, 5.516472
7.316453, 5.534750
7.418207, 5.533834
7.488346, 5.539548
7.573490, 5.552728
7.629967, 5.561470
7e19effe-8080-4334-bdd3-1525891c1429
6.367326, 5.125646
6.445354, 5.161234
6.530854, 5.179851
6.582747, 5.191934
6.629881, 5.206581
6.697438, 5.241613
6.742679, 5.272082
6.794704, 5.310728
6.860059, 5.355548
6.921825, 5.394278
6.998760, 5.431918
7.065206, 5.466093
7.156547, 5.521647
7.256023, 5.594699
7.324536, 5.642369
7.457099, 5.706865
7.515318, 5.718719
7.582589, 5.736722
7.742901, 5.823233
7.797873, 5.840880
7.896323, 5.865822
7.978589, 5.882384
8.058965, 5.905003
8.120471, 5.925421
8.165016, 5.944941
8.210762, 5.967843
