main root
5.957261, 5.822768
6.044538, 5.918012
6.145720, 5.974268
6.272998, 6.193754
6.318098, 6.497335
6.232112, 6.802812
6.191296, 6.934934
6.201423, 7.062001
6.223657, 7.268596
6.241126, 7.333118
6.302382, 7.544590
6.365958, 7.714473
6.435427, 7.885384
6.491317, 8.061907
6.508220, 8.230849
6.543836, 8.354436
6.627059, 8.570518
6.741522, 8.792700
6.895447, 9.127235
7.006321, 9.482723
7.152585, 9.859334
7.250233, 10.236250
7.389782, 10.632699
7.534918, 11.031269
7.600326, 11.320092
7.679621, 11.606659
7.699880, 11.769822
7.705030, 11.904096
8a7d38fa-dff5-46c2-80ec-0753cb944b34
6.070371, 6.061849
5.994757, 6.079901
5.927237, 6.110187
5.896414, 6.119640
5.876242, 6.147372
5.790247, 6.216216
5.736439, 6.268813
5.688234, 6.313770
5.638469, 6.372462
5.598077, 6.410843
5.542948, 6.459098
5.497041, 6.495303
5.453160, 6.522284
5.394149, 6.556812
5.345650, 6.580383
5.295113, 6.598288
5.223287, 6.623737
5.169072, 6.636593
5.096033, 6.652375
5.031045, 6.664296
4.996854, 6.669046
9d3581c6-7e5d-4ce6-a314-db79b573938e
6.170965, 5.877790
6.287538, 5.878704
6.374791, 5.878520
6.487928, 5.924580
6.573614, 5.961734
6.662879, 5.972933
6.787382, 6.023551
6.876525, 6.048440
6.941765, 6.066655
7.011428, 6.097025
7.042542, 6.130830
7.078380, 6.174206
7.105495, 6.202346
7.136011, 6.225367
2b32a8de-29d1-4413-af2a-450663091480
6.176371, 5.877985
6.289002, 5.880209
6.425033, 5.903099
6.520298, 5.934149
6.600555, 5.962489
6.681842, 5.980196
6.789816, 6.024907
6.864183, 6.044478
6.935170, 6.058517
6.985959, 6.073138
7.047162, 6.092315
7.079626, 6.104055
7.140599, 6.125962
7.200960, 6.163370
7.265165, 6.236561
86a9cfcb-fbff-4b7d-a9f0-ce72adbb845c
6.286333, 6.038856
6.451780, 6.029190
6.597818, 6.061065
6.636263, 6.073785
6.686626, 6.093934
6.730502, 6.122089
6.758144, 6.145163
6.798944, 6.185067
6.835568, 6.225075
6.862097, 6.260704
6.896264, 6.314112
6.930700, 6.370717
6.972072, 6.430084
6.996027, 6.468086
7.016023, 6.511729
fe21ee72-0c12-48f6-a1d5-69b3534d3c03
6.412635, 6.559365
6.481724, 6.602618
6.538417, 6.641207
6.609824, 6.674870
6.677067, 6.729790
6.714773, 6.760585
ec88f621-5ff0-466e-98a7-430cd8090876
6.371160, 6.608586
6.387857, 6.656356
6.404231, 6.715014
841b9ba2-526f-4f51-a634-b93897304098
6.109256, 6.923609
6.027571, 6.919559
5.933106, 6.951230
5.789514, 6.997631
5.707655, 7.020944
5.657766, 7.036707
5.612253, 7.046379
5.559102, 7.062264
5.509423, 7.078673
5.460233, 7.096497
5.413368, 7.111885
5.362236, 7.133400
5.317809, 7.147223
5.268317, 7.164190
5.217470, 7.186368
5.179048, 7.198226
5.131494, 7.211337
5.081475, 7.226679
5.000965, 7.242690
4.949964, 7.254357
4.899315, 7.267480
4.851211, 7.278397
4.798285, 7.295013
4.750795, 7.308354
4.702923, 7.320247
4.652529, 7.334307
4.606715, 7.342428
4.555480, 7.353030
4.504570, 7.365094
4.456249, 7.375005
4.405319, 7.386980
4.356979, 7.396807
4.303690, 7.412224
4.255912, 7.424488
4.207783, 7.435296
4.154819, 7.451792
4.109268, 7.461275
4.053731, 7.480481
4.008495, 7.491374
3.955791, 7.508684
3.908481, 7.522647
3.858746, 7.538885
3.809495, 7.556538
3.780511, 7.565336
952428a8-3053-4bd2-aaab-bec4690a72ec
6.500563, 7.884983
6.640614, 7.861630
6.707285, 7.855410
6.771429, 7.855438
6.840046, 7.862956
6.941039, 7.874020
7.033623, 7.884163
7.126191, 7.890072
7.218423, 7.881205
7.312438, 7.878505
7.428916, 7.873050
7.497626, 7.857128
7.588352, 7.836103
7.665246, 7.807489
7.760462, 7.772057
7.848700, 7.741466
7.930856, 7.717373
8.000929, 7.701504
8.069054, 7.686076
8.121673, 7.681291
d8d4d36e-8ae5-4266-9bf5-c4bdac0ea0a5
6.558251, 8.079264
6.641651, 8.060246
6.706407, 8.050485
6.739490, 8.045357
6.780673, 8.039917
6.819904, 8.037381
6.848025, 8.032585
6.896979, 8.015126
6.933045, 8.005442
6.972803, 7.999416
7.020520, 7.995212
7.066296, 7.994184
7.106347, 7.997775
7.155316, 8.003670
7.204088, 8.011048
7.250908, 8.021158
7.312398, 8.031375
7.370863, 8.041088
7.427609, 8.052033
7.494120, 8.064861
7.554071, 8.074901
7.613617, 8.089423
7.662970, 8.101461
7.716928, 8.117703
7.769949, 8.136788
7.821879, 8.158662
7.874535, 8.182467
7.918846, 8.204141
7.966483, 8.225776
8.012738, 8.246783
8.070667, 8.269805
8.121861, 8.293370
8.179666, 8.316685
8.236578, 8.338025
8.300000, 8.361806
8.357423, 8.381740
8.417604, 8.405799
8.470693, 8.428635
8.517356, 8.448707
8.569832, 8.472907
8.615961, 8.494182
8.667793, 8.519733
8.707344, 8.544237
8.769036, 8.578938
8.818646, 8.608559
8.862260, 8.634601
8.913151, 8.664988
8.961989, 8.695893
9.002856, 8.723525
9.044938, 8.751980
9.089882, 8.785982
9.139248, 8.821454
9.173256, 8.847734
9.211366, 8.884252
10df726f-d075-4aaa-944a-1a253c70e6ef
6.431973, 8.327729
6.281803, 8.453588
6.207009, 8.527422
6.098898, 8.618895
6.048520, 8.685090
6.022674, 8.711813
5.994698, 8.746620
5.969517, 8.787690
5.931284, 8.809464
5.922161, 8.828155
5.877370, 8.882782
5.834211, 8.933061
5.792784, 8.998104
5.771638, 9.034091
5.707944, 9.165167
5.688189, 9.221611
5.644216, 9.384232
1c6704de-b04f-46c9-9e71-36b00c69a8d1
6.502440, 8.443402
6.410459, 8.487698
6.347299, 8.503117
6.261316, 8.515454
6.117436, 8.551659
6.059211, 8.562404
6.018619, 8.568625
5.967122, 8.577833
5.919538, 8.583300
5.858023, 8.593380
5.786528, 8.600546
5.735981, 8.605612
5.675673, 8.613160
5.631871, 8.623168
5.575780, 8.642123
5.508288, 8.671595
5.460959, 8.693894
5.416435, 8.711562
5.361340, 8.733425
5.306256, 8.755284
5.250333, 8.779087
5.189595, 8.801685
5.133174, 8.824274
5.087685, 8.839262
5.029493, 8.861588
4.974163, 8.882814
4.917963, 8.905979
4.856150, 8.929838
4.792112, 8.956161
4.728648, 8.983865
4.666573, 9.010963
4.611488, 9.036643
4.549379, 9.067250
4.486575, 9.103206
4.427797, 9.136855
4.375246, 9.170390
4.319475, 9.207754
4.276162, 9.238257
9866927e-516c-44f2-a1ed-88bb04ad5f5a
6.600188, 8.654537
6.493759, 8.766438
6.440893, 8.802662
6.357181, 8.851753
6.313518, 8.883017
6.282548, 8.895988
6.240339, 8.908378
6.213189, 8.920621
6.186483, 8.940444
6.146532, 8.975692
6.113728, 8.996649
6.064240, 9.026488
6.006235, 9.061463
5.955987, 9.090013
5.897656, 9.121434
5.836810, 9.157609
5.770797, 9.198597
5.716498, 9.227027
5.657761, 9.254403
5.605496, 9.275459
5.548871, 9.301500
5.481106, 9.329369
5.426286, 9.351912
5.372282, 9.372504
5.307265, 9.400496
5.222774, 9.439165
5.174614, 9.470511
5.099242, 9.524589
5.033181, 9.562508
e7b6a738-37c8-4093-bc6a-6d5469f9a456
6.724788, 8.930222
6.587705, 9.030260
6.530244, 9.077656
6.462945, 9.126658
6.428996, 9.151022
6.380665, 9.187892
6.326808, 9.228977
6.279976, 9.262822
6.238473, 9.294663
6.198174, 9.325581
6.151425, 9.359559
6.095972, 9.403565
6.049786, 9.438308
6.009192, 9.468843
5.961825, 9.504473
5.914459, 9.540103
5.867685, 9.571541
5.818899, 9.602527
5.775102, 9.633891
5.727604, 9.664225
5.677657, 9.696122
5.644674, 9.713634
ea6e84e0-9588-4ae9-bcce-795e35470ca9
6.832641, 8.698342
6.902784, 8.678551
6.969350, 8.663423
7.010285, 8.654545
7.052686, 8.643542
7.100786, 8.632607
7.148068, 8.624929
7.202004, 8.619203
7.254844, 8.618108
7.304170, 8.618582
7.353452, 8.620553
7.404213, 8.622583
7.463427, 8.624951
7.522640, 8.627319
7.580298, 8.631124
7.632575, 8.633073
7.680232, 8.637846
7.739203, 8.643752
7.798177, 8.649658
7.855512, 8.656904
7.905913, 8.663273
7.966383, 8.669406
8.016922, 8.674530
8.059504, 8.680350
8.084671, 8.683790
98fe4b8f-abb2-47c6-87a8-98d41b96ea34
6.850243, 9.386069
6.715463, 9.441342
6.626258, 9.477176
6.599770, 9.482976
6.585347, 9.499135
6.530480, 9.536154
6.503769, 9.555927
6.483051, 9.573073
6.458002, 9.599575
6.423458, 9.642658
6.395189, 9.673129
6.373517, 9.694290
2105c15d-dd76-4800-af35-d1c5816fc659
6.788961, 9.153868
6.789792, 9.310279
6.783211, 9.580033
6.789262, 9.641873
6.797931, 9.707876
6.806567, 9.751223
6.793341, 9.793271
6.803120, 9.810252
6.802298, 9.839882
6.799451, 9.886965
6.799281, 9.913855
6.803535, 9.943727
6.812305, 9.995007
6.819048, 10.043574
6.823226, 10.124161
6.817297, 10.183298
6.813782, 10.233377
