main root
7.159826, 4.188425
7.080205, 4.510796
7.076086, 4.622487
7.061939, 4.833802
7.047533, 4.993572
7.020740, 5.128592
6.990418, 5.259957
6.964325, 5.399263
6.945767, 5.540617
6.923665, 5.676993
6.903660, 5.805938
6.884010, 5.950495
6.874031, 6.023903
6.865190, 6.092323
6.874582, 6.154059
6.870785, 6.294846
6.861681, 6.354873
6.851524, 6.421842
6.885649, 6.605362
6.888919, 6.663884
6.892724, 6.736638
6.898808, 6.948465
6.891384, 6.999601
6.927673, 7.131680
6.926500, 7.345386
6.927957, 7.464095
6.935515, 7.564004
6.937470, 7.617348
6.930028, 7.659469
6e8b7807-bd34-41eb-aea0-8d3c6edfa4f6
7.192433, 4.250267
7.326856, 4.297005
7.348571, 4.312103
7.368648, 4.308446
7.438934, 4.322376
7.479419, 4.325900
7.531222, 4.328906
7.557112, 4.331908
7.675807, 4.365310
7.714135, 4.372988
7.762678, 4.376606
7.801675, 4.382515
7.858566, 4.392649
7.901287, 4.404820
7.950145, 4.418738
8.008994, 4.433948
8.041557, 4.440817
c32e87dc-1607-4dac-b3e4-9d231ad33efc
7.103816, 4.375202
6.962279, 4.397906
6.897490, 4.408299
6.856998, 4.420858
6.710845, 4.504906
6.665475, 4.516818
6.584644, 4.535907
6.511237, 4.564111
6.417540, 4.597844
6.369031, 4.620081
52a426fd-6063-4c3c-8a44-2aaf508a8b2a
7.143365, 4.274767
7.056273, 4.246882
7.026257, 4.240454
6.993953, 4.225882
6.957243, 4.212566
6.902257, 4.205398
6.867998, 4.179290
6.850047, 4.184501
6.820434, 4.173170
6.800577, 4.162366
6.779956, 4.149727
6.702589, 4.130310
6.657949, 4.122193
6.618093, 4.113424
6.568763, 4.104104
6.526412, 4.102194
6.448729, 4.100191
6.407364, 4.096129
2a1a39e9-166d-456b-9f8a-34eb5d917015
6.995425, 5.656322
6.938603, 5.646415
66e1422c-12e0-481d-ba35-efb90976e7a0
6.863971, 6.113385
6.797790, 6.151301
