main root
8.148981, 4.121152
8.028109, 4.143512
7.891852, 4.188171
7.715464, 4.243006
7.583558, 4.289261
7.444097, 4.354785
7.333850, 4.436636
7.214935, 4.545834
7.105133, 4.619538
7.014714, 4.669536
6.838048, 4.700044
6.700182, 4.822940
6.600927, 4.933878
6.501752, 5.008460
6.484094, 5.067516
6.471742, 5.129722
6.476208, 5.168711
6.499795, 5.256263
6.498907, 5.351972
6.492222, 5.401866
6.481903, 5.445072
6.468253, 5.482896
6.449028, 5.522940
6.422190, 5.568469
6.386735, 5.622719
6.345048, 5.686505
6.312769, 5.744103
6.279922, 5.833372
6.269886, 5.913970
6.277449, 6.013921
6.303512, 6.126650
6.338657, 6.222317
6.358685, 6.313433
6.362120, 6.388190
6.362938, 6.498220
6.355211, 6.597542
6.345276, 6.648089
6.338611, 6.705284
ce3da44c-f82f-4d96-b5c4-8f7090e01412
8.009210, 4.202249
8.003765, 4.273683
8.016457, 4.330775
8.033285, 4.374832
8.057404, 4.420104
8.074254, 4.458099
8.084892, 4.489470
8.094738, 4.546371
8.091697, 4.619083
8.086000, 4.683637
8.078074, 4.739428
8.068682, 4.784242
8.057250, 4.824203
8.039613, 4.869527
8.014198, 4.930709
7.989843, 4.985439
7.964331, 5.031725
377e74b7-6dd7-49dd-9fbc-a7737f7fdb1e
7.802916, 4.219582
7.826537, 4.373799
7.854949, 4.452249
7.863101, 4.496806
7.868543, 4.551496
7.876886, 4.620239
7.881716, 4.684873
7.884528, 4.742589
7.889083, 4.805322
7.893428, 4.863921
7.918177, 4.963993
7.931034, 5.034681
7.950026, 5.113830
99604680-cf52-48bb-983a-fd4fe3128051
7.673322, 4.253442
7.633167, 4.392766
7.596947, 4.488186
7.554134, 4.560327
7.473849, 4.701902
7.455241, 4.747156
7.425908, 4.780278
a02d7cfa-1c7d-4393-bdc2-0016459c1e8e
8.050853, 4.090936
8.038150, 4.037106
8.004491, 4.011101
7.952476, 3.996911
7.896075, 3.997630
7.806885, 4.025709
7.774256, 4.042057
7.660453, 4.136716
7.578102, 4.220063
7.530760, 4.377721
7.523933, 4.438079
7.519079, 4.492109
7.526774, 4.559360
7.541188, 4.670107
7.552267, 4.713817
