main root
6.785859, 4.423878
6.778954, 4.572532
6.721859, 4.727696
6.689803, 4.844979
6.656478, 4.977442
6.630360, 5.105766
6.609239, 5.188736
6.585954, 5.289805
6.564276, 5.357933
6.552846, 5.471855
6.557859, 5.541829
6.564967, 5.620103
6.582552, 5.720213
6.599201, 5.797689
6.611653, 5.869885
6.621143, 5.942529
6.624301, 6.012921
6.642575, 6.073804
6.660751, 6.144776
6.665083, 6.209960
6.709350, 6.287247
6.742193, 6.409831
6.775457, 6.539613
6.803928, 6.633679
6.803612, 6.694627
6.839073, 6.735409
6.881265, 6.866347
6.935779, 6.982237
6.975912, 7.077430
7.007868, 7.237454
7.028514, 7.362288
7.061930, 7.487121
7.105765, 7.616161
7.095463, 7.743178
7.109551, 7.812571
7.130228, 7.925014
7.167723, 8.114923
7.184193, 8.211698
7.198449, 8.332027
7.200898, 8.442616
7.200706, 8.527727
7.204995, 8.616888
7.215215, 8.699883
7.235336, 8.778441
7.206509, 8.810836
7.217836, 8.851881
7.204017, 8.963412
7.211414, 9.075797
7.202030, 9.158755
7.199051, 9.260356
7.197881, 9.356631
7.180141, 9.490768
7.192583, 9.590030
7.180050, 9.698573
7.171486, 9.791097
7.165786, 9.875172
7.157961, 9.959926
7.145969, 10.044701
7.137156, 10.137037
7.138889, 10.229578
7.136565, 10.331398
7.130224, 10.424879
7.126034, 10.517711
7.128490, 10.601301
7.128916, 10.686417
7.131411, 10.770657
7.134957, 10.839811
7.139293, 10.924365
7.143900, 10.984977
7.154814, 11.049591
7.149437, 11.080663
7.140863, 11.112659
7.138524, 11.144526
95259bb7-81bc-4852-a453-66e2173207b0
7.006669, 7.029430
7.084996, 7.014585
7.127800, 7.017599
7.174283, 7.026333
90fc1464-b8cd-488c-8370-268b5a42488a
6.608233, 5.532967
6.660841, 5.544803
6.721388, 5.560257
6.765043, 5.578171
849dbd27-87b3-4cc0-8ce0-02166104a5a3
6.624657, 5.274702
6.651272, 5.284622
6.688828, 5.311124
e926e6a7-d1e3-4b82-905d-7c5d12a89766
6.877657, 4.491702
7.006987, 4.583445
7.045663, 4.615419
7.107917, 4.677801
7.141063, 4.715253
7.166348, 4.734789
3c4c9e96-1ada-4e46-8782-2ff5f115e223
6.801046, 4.681606
6.909588, 4.752239
6.957663, 4.799621
7.006491, 4.845666
7.042077, 4.873073
7.106148, 4.912989
7.157358, 4.950202
7.224628, 4.987984
7.275459, 5.023400
7.352880, 5.074779
7.423426, 5.121595
7.490798, 5.176259
7.538601, 5.206922
7.586958, 5.225619
7.681717, 5.262258
7.768582, 5.295846
7.835786, 5.325040
7.897882, 5.353647
7.949663, 5.380798
30a5eb59-e045-45a3-9757-922633949b65
6.738691, 4.898706
6.803284, 4.954258
6.836341, 4.979758
6.878215, 5.012082
6.990065, 5.055009
7.049512, 5.087443
7.128896, 5.121169
7.206688, 5.147363
7.295846, 5.172945
7.354667, 5.188266
7.409971, 5.202671
7.436600, 5.209607
