main root
7.133719, 4.592979
6.946663, 4.727324
6.918620, 4.811369
6.885090, 4.806037
6.817184, 4.882177
6.752443, 4.990051
6.709512, 5.080714
6.678401, 5.269092
6.678894, 5.400690
6.679464, 5.553087
6.684151, 5.697864
6.699511, 5.855664
6.703631, 5.982684
6.720184, 6.102631
6.729080, 6.228528
6.729578, 6.354736
6.732129, 6.464854
6.736594, 6.566300
6.732624, 6.668485
6.726897, 6.761701
6.722784, 6.863159
6.714434, 6.964666
6.708914, 7.057424
6.704995, 7.158887
6.703191, 7.260416
6.707734, 7.361877
6.710168, 7.463543
6.712601, 7.565120
6.716927, 7.657944
6.718818, 7.743043
6.719805, 7.787483
94af3d1a-3bf1-4d82-be64-26bb3ad8dacd
6.978733, 4.698938
7.021447, 4.763839
7.015784, 4.802831
