main root
5.911140, 4.404373
5.938660, 4.576070
5.961480, 4.801172
5.972842, 4.986111
5.980929, 5.117745
5.985564, 5.227683
5.991952, 5.329031
5.989042, 5.414998
5.985604, 5.516545
5.979218, 5.643136
5.966950, 5.760686
5.944240, 5.843047
5.905751, 5.942817
5.891833, 6.093651
5.873296, 6.164414
5.864169, 6.211067
5.859549, 6.265870
5.853147, 6.341800
5.849532, 6.402477
5.847223, 6.476129
5.845962, 6.516327
5.852353, 6.626919
5.851029, 6.681845
5.852318, 6.752622
5.849134, 6.824401
5.848990, 6.895192
5.842860, 6.965394
5.841786, 7.029303
5.836235, 7.092460
5.830305, 7.159931
5.824993, 7.237461
5.817107, 7.322211
5.808346, 7.367908
5.804353, 7.396684
5.803819, 7.433198
5.807501, 7.488546
5.810873, 7.539234
5.811623, 7.595581
5.810893, 7.653367
5.812995, 7.724127
5.813715, 7.798841
5.812857, 7.865089
5.810503, 7.931300
5.809539, 8.000539
5.805644, 8.065231
5.789211, 8.125103
5.794857, 8.190290
5.792396, 8.271067
5.788884, 8.337227
5.783877, 8.403295
5.780138, 8.472441
5.775067, 8.538504
5.767127, 8.602822
5.762470, 8.664980
5.760803, 8.727290
5.755854, 8.800392
5.751850, 8.859521
5.746454, 8.917060
5.745532, 8.991018
5.741626, 9.064180
5.741296, 9.126507
5.742472, 9.187270
5.746833, 9.257918
5.750484, 9.317072
5.754135, 9.376224
5.757786, 9.435374
5.757613, 9.481162
5.757413, 9.534079
5.760785, 9.749214
5.758408, 9.788584
5.750239, 9.824487
5.746858, 9.852834
5.747077, 9.901509
5.750275, 9.946808
5.748013, 9.978539
5.743015, 10.027611
5.737867, 10.078153
5.733201, 10.138749
5.727999, 10.206276
5.720693, 10.262153
5.716879, 10.325951
5.710028, 10.390403
5.705093, 10.450985
5.702335, 10.521717
5.696492, 10.594748
5.690391, 10.652220
5.683241, 10.719573
5.675655, 10.776863
5.668051, 10.845693
5.661937, 10.914670
5.653239, 10.978892
5.647849, 11.040996
5.642621, 11.118539
5.639457, 11.187718
5.637790, 11.256942
5.636158, 11.324659
5.634731, 11.383909
5.634765, 11.444692
5.634801, 11.512425
5.634833, 11.571688
5.633367, 11.629455
5.634565, 11.700231
5.635855, 11.776418
5.636859, 11.835674
5.637864, 11.894931
5.638867, 11.954187
5.636827, 12.010502
5.639006, 12.074376
5.638222, 12.139184
5.641940, 12.202982
5.644299, 12.269186
5.647658, 12.321397
5.652508, 12.373489
5.658787, 12.440923
5.660435, 12.490908
5.661481, 12.522642
5.650837, 12.741211
5.645877, 12.779798
5.645155, 12.808248
5.646927, 12.853076
5.651602, 12.897696
5.655871, 12.939249
5.663432, 12.983561
5.663563, 13.019929
5.665280, 13.080690
5.662341, 13.135580
5.660698, 13.194221
5.668985, 13.272696
5.687396, 13.347267
5.722930, 13.363578
5.743868, 13.382701
5.764665, 13.399738
5.781481, 13.401567
5.805152, 13.405584
5.838192, 13.411192
6.018790, 13.436992
6.090918, 13.438992
6.127078, 13.445985
6.159032, 13.446069
6.201360, 13.446181
6.243688, 13.446295
6.286015, 13.446407
6.328343, 13.446520
6.394115, 13.445139
6.447516, 13.450008
6.513048, 13.449969
b7866466-2cb8-4412-87ce-b13b5cc1fe12
5.927391, 4.887564
5.868361, 4.905228
5.806075, 4.927194
5.617929, 4.958459
5.545332, 4.975270
5.473356, 4.988865
5.404723, 5.001825
5.314024, 5.030273
5.265614, 5.048591
5.210904, 5.078890
5.143092, 5.119867
5.079410, 5.153102
5.037586, 5.177269
4.963906, 5.227260
4.882548, 5.265954
4.818009, 5.286702
4.759193, 5.315436
4.727914, 5.337374
4.664086, 5.389452
4.605276, 5.435504
4.558225, 5.462843
4.483612, 5.503799
4.409393, 5.544537
4.342596, 5.581203
4.262977, 5.634563
4.199680, 5.676982
4.135152, 5.725634
4.073954, 5.774424
3.991411, 5.872242
3.948022, 5.909734
3.877550, 5.970629
3.818972, 6.033114
3.776375, 6.058856
3.723840, 6.090602
3.683769, 6.121810
3.630955, 6.170530
3.574778, 6.226426
3.520764, 6.280170
3.466738, 6.338146
3.414941, 6.398123
3.374048, 6.434024
3.293334, 6.496440
3.223149, 6.545472
3.150997, 6.603575
3.086683, 6.658030
3.025390, 6.715361
2.969741, 6.767413
2.914091, 6.819465
2.861110, 6.877714
2.815436, 6.925703
2.787867, 6.961183
7b4505e7-4469-48ac-a0d5-2313206093a1
5.915331, 5.027284
5.869199, 5.069864
5.815122, 5.086116
5.763975, 5.109998
5.735309, 5.136304
5.690174, 5.175692
5.650578, 5.198846
5.558632, 5.256839
5.506631, 5.296714
5.479184, 5.310214
5.424634, 5.340382
5.373937, 5.364995
5.320620, 5.390883
5.267302, 5.416770
5.212598, 5.446657
5.160585, 5.475072
5.110359, 5.497396
5.078996, 5.508061
5.051208, 5.523834
4.960379, 5.593803
4.915104, 5.628688
4.832920, 5.674982
4.782449, 5.699983
4.723956, 5.742328
4.692716, 5.757559
4.636715, 5.791530
4.587077, 5.818147
4.536097, 5.842094
4.478172, 5.879232
4.446123, 5.892676
4.386692, 5.927349
4.321894, 5.928232
4.304174, 5.950167
4.214789, 5.990232
4.138766, 6.026581
4.074842, 6.063781
4.023050, 6.096355
3.970896, 6.122909
e5ceb01d-cf3f-4de2-833a-4d0df2212b67
6.052825, 4.867239
6.107457, 4.869877
6.176888, 4.867239
6.235436, 4.863515
6.305133, 4.875424
6.351756, 4.886425
6.411235, 4.898924
6.462724, 4.908214
6.510978, 4.918441
6.562448, 4.927820
6.610682, 4.938130
6.656514, 4.949459
6.682983, 4.954459
6.833116, 5.001336
6.871653, 5.014936
6.915735, 5.033669
6.962534, 5.048675
7.024483, 5.062254
7.080590, 5.076085
7.133537, 5.086054
7.190035, 5.098216
7.239699, 5.108906
7.295865, 5.122526
7.348852, 5.132296
7.405392, 5.144242
7.451549, 5.157053
7.512339, 5.170821
7.541514, 5.178963
7.623948, 5.200123
7.663119, 5.211723
7.703699, 5.223741
7.760523, 5.240569
7.817348, 5.257396
7.874172, 5.274224
7.929137, 5.292062
7.961732, 5.307362
8.019068, 5.337580
8.071499, 5.365213
8.125949, 5.392219
8.190639, 5.420961
8.248751, 5.443504
8.307842, 5.461612
8.376344, 5.479472
8.437346, 5.492284
8.493579, 5.505623
8.543008, 5.517348
8.597068, 5.533248
8.653923, 5.549970
8.714500, 5.564667
8.770291, 5.579743
8.837523, 5.596360
8.886845, 5.608550
8.942575, 5.623866
8.981756, 5.637738
9.013597, 5.647424
09843461-2b29-4868-ac72-046adeae6d56
5.784412, 7.770524
5.801666, 7.754285
5.707051, 7.768729
5.671470, 7.766591
5.644533, 7.766471
5.611618, 7.773809
5.563172, 7.783075
5.519224, 7.783862
5.485833, 7.790447
5.444019, 7.801744
5.407172, 7.814800
5.346581, 7.841033
5.295693, 7.859804
2fbb118b-f528-44ab-b65d-bd618501f56b
5.789990, 8.126483
5.759995, 8.130320
5.670637, 8.157371
5.638298, 8.166553
5.598618, 8.176262
5.559707, 8.182701
5.520409, 8.186170
5.475520, 8.193138
5.415701, 8.203938
5.352881, 8.218323
5.302051, 8.234567
5.240238, 8.251720
9d9f8bb6-8b88-4b62-a287-14fd7ef73f71
5.860487, 6.940027
5.890893, 6.948437
5.958174, 6.958970
6.016228, 6.963891
6.058291, 6.967456
6.098856, 6.972395
6.147617, 6.979842
6.199540, 6.986257
6.248288, 6.993787
6.308275, 7.005155
6.372226, 7.019096
6.405823, 7.024588
6.436225, 7.030778
6.466366, 7.038142
6.499816, 7.044473
6.530055, 7.051420
6.560003, 7.059533
6.593284, 7.066696
6.615199, 7.075705
6.647324, 7.086975
6.676180, 7.098374
6.704573, 7.110883
6.732459, 7.124485
6.759797, 7.139157
6.794651, 7.152435
6.823194, 7.164596
6.859100, 7.174694
6.892311, 7.182174
6.922292, 7.190161
6.955604, 7.197182
6.989239, 7.202443
7.019684, 7.208422
7.049874, 7.215578
7.083367, 7.221677
7.117135, 7.226007
7.147733, 7.231144
7.178110, 7.237463
7.208218, 7.244955
7.241641, 7.251427
7.267894, 7.260786
7.300518, 7.270515
7.333608, 7.278516
7.363461, 7.286971
7.392963, 7.296578
7.421635, 7.307180
7.443912, 7.316700
ee897aef-a17f-43e8-8010-2d443fb0e88f
5.830221, 6.433175
5.716695, 6.602848
5.680059, 6.652337
5.654254, 6.682160
5.626869, 6.718383
5.601347, 6.752140
5.575825, 6.785898
5.540665, 6.837368
5.514771, 6.885888
5.442798, 7.034523
56c740eb-83cf-4280-98be-ced32670a7b1
5.919529, 6.172950
6.011335, 6.201161
6.056967, 6.226005
6.131942, 6.264464
6.184281, 6.300634
6.246965, 6.343954
6.299582, 6.387594
6.333795, 6.415971
6.399568, 6.467680
6.449123, 6.514677
6.480156, 6.536313
6.555709, 6.576218
6.594411, 6.603429
6.666529, 6.664420
6.720495, 6.713981
6.771047, 6.752278
6.831790, 6.798293
6.892481, 6.836759
6.965108, 6.875700
7.022136, 6.914770
7.092803, 6.960669
7.131559, 6.987628
77a0d5d6-6567-49b1-8643-72bbaefff4ac
6.018468, 5.776651
6.068733, 5.776929
6.130596, 5.790806
6.169767, 5.799653
6.205282, 5.798466
6.245817, 5.798610
6.295110, 5.800281
6.345877, 5.802003
6.397216, 5.805242
6.434177, 5.810573
6.462212, 5.817640
6.492999, 5.825401
6.515810, 5.832695
6.590949, 5.862731
6.620430, 5.876132
6.649495, 5.884415
6.683895, 5.892664
6.715003, 5.901667
6.745660, 5.912100
6.777620, 5.921393
6.792642, 5.937622
6.814051, 5.956423
6.833182, 5.959125
6.851567, 5.967767
6.879816, 5.982772
6.896873, 5.982809
6.920801, 5.984330
6.941413, 5.990111
6.979440, 5.996083
7.014483, 6.000043
7.046353, 6.005123
7.081387, 6.009163
7.116563, 6.011685
7.148616, 6.015455
7.183786, 6.018056
7.215829, 6.021900
7.247665, 6.027197
7.282671, 6.031478
7.314495, 6.036847
7.346040, 6.043659
7.371192, 6.050592
7.393872, 6.058368
1d10b51d-cfba-451f-82b9-495874ab380a
5.850258, 6.595092
5.803871, 6.530778
5.736672, 6.488024
5.717369, 6.473917
5.699586, 6.478713
5.677846, 6.476028
5.647630, 6.476822
5.628066, 6.471348
5.569735, 6.474044
5.534497, 6.477176
5.502141, 6.478552
5.478949, 6.475040
5.461845, 6.484177
5.426281, 6.501478
5.389505, 6.519110
5.351223, 6.540525
5.315517, 6.560234
5.279019, 6.582088
5.258258, 6.591031
5.234551, 6.597983
5.194943, 6.608038
5.145700, 6.620539
5.089338, 6.633303
5.039793, 6.644524
4.994183, 6.657922
4.928184, 6.681990
4.886424, 6.697218
4.862561, 6.705920
a419006d-c49b-491d-aba2-bf09b6a9356c
5.931684, 5.298160
5.889180, 5.317587
5.864316, 5.322777
5.807143, 5.390119
5.784624, 5.414747
5.755875, 5.441749
5.737228, 5.463368
5.709898, 5.499635
5.693631, 5.523706
1460a158-288f-4ac4-9d25-eaa7d8243274
5.762603, 9.922760
5.809758, 9.933074
5.873786, 9.944425
09689771-de50-405d-ad72-2803777035a4
5.778227, 9.467868
5.807814, 9.478638
5.829682, 9.488260
5.846958, 9.486569
5.870951, 9.485662
5.894954, 9.486189
5.915824, 9.491076
8491d2cd-dbd1-4e58-9a42-8dad95d182c8
5.745595, 9.507956
5.726023, 9.539649
5.713274, 9.563787
d819bb1e-603a-4948-b84e-a71fa80131e0
5.727700, 9.275233
5.700320, 9.279860
5.668251, 9.283744
5.641742, 9.288448
5.615533, 9.294603
5.587472, 9.305791
5.556939, 9.316335
5.533866, 9.322703
b7b8a615-30d4-4a4d-a069-74fba07a3c9a
5.765803, 9.537524
5.794130, 9.546115
5.821686, 9.552613
6e0d5c61-fa84-4592-af99-f64cff8d6435
5.765991, 8.842282
5.737477, 8.843721
5.706935, 8.842052
5.686391, 8.844998
5.644541, 8.850990
5.602200, 8.860069
5.564716, 8.871167
5.540361, 8.878378
48da5e0a-46b6-4677-8136-c0144cb79909
6.037636, 5.001018
6.159733, 5.022197
6.235292, 5.039067
6.273022, 5.050558
6.309767, 5.064881
6.347166, 5.076250
6.387654, 5.088561
6.453662, 5.108017
6.492581, 5.122610
6.537677, 5.144178
29f3df90-e8b9-4225-a0e6-1212770322cc
6.069879, 5.167173
6.126587, 5.123267
6.175799, 5.099690
6.238138, 5.087961
