main root
6.532203, 5.454377
6.656584, 5.927763
6.736551, 6.275559
6.739330, 6.340975
6.773172, 6.444737
6.824758, 6.722109
6.847286, 6.900428
6.877893, 7.046246
6.897119, 7.207779
6.915004, 7.322299
6.922214, 7.402848
6.954115, 7.544957
6.958835, 7.613318
6.954030, 7.694278
6.947796, 7.764305
6.918124, 7.860394
6.894477, 7.901831
6.860292, 7.940814
6.817982, 7.985917
feed92e9-3857-4d50-a0ee-6a4ad7057f20
6.671776, 5.739092
6.784440, 5.738896
6.829312, 5.730988
6.866307, 5.719908
6.889635, 5.714484
6.901204, 5.726850
6.970684, 5.749587
7.047201, 5.776053
7.113553, 5.810199
7.164941, 5.834312
7.214889, 5.863183
982068af-d7b4-44eb-99a4-0127d0acec34
6.635263, 5.983050
6.577292, 5.995131
6.539148, 6.003536
6.386496, 6.097988
6.347039, 6.115357
6.300768, 6.140101
70656257-8c41-4eee-8c9e-f4014f479b24
6.686541, 6.041407
6.655575, 6.512697
6.652829, 6.569468
6.647932, 6.608553
6.644765, 6.633746
6.656690, 6.651481
6.668624, 6.719171
6.675678, 6.767798
6.683147, 6.808864
6.716548, 6.897425
6.758655, 6.976468
6.792459, 7.043107
6.810460, 7.085209
6.825069, 7.134606
6.845595, 7.193457
6.865112, 7.249413
0bd47f49-9f12-4c21-9d4f-c78a451285fb
6.642100, 5.947833
6.465985, 6.025896
6.411754, 6.132344
6.394591, 6.173503
6.376687, 6.208663
6.359050, 6.236703
6.358047, 6.255231
6.330389, 6.330924
