main root
6.797873, 3.939856
6.770737, 3.978489
6.717799, 4.060829
6.633244, 4.279049
6.504148, 4.736756
6.468895, 4.869017
6.427623, 5.038385
6.430790, 5.139769
6.435720, 5.287333
6.461761, 5.425338
6.475194, 5.534617
6.519819, 5.747757
6.582994, 6.031617
6.736147, 6.211999
6.854889, 6.463147
6.935611, 6.735233
bb257b95-7d81-49c6-87ff-3f0ff17f2519
6.426164, 5.167420
6.354248, 5.265120
6.335651, 5.313695
6.301910, 5.404596
6.277089, 5.476551
6.262958, 5.515957
6.252475, 5.545927
5305132d-7030-4383-a309-6f2e6f89bccf
6.541641, 4.670104
6.730255, 4.817516
6.834533, 4.942809
6.872163, 4.996484
6.932550, 5.063125
6.963198, 5.108090
6.996410, 5.159164
fe212133-a44f-434b-8a03-cc0d3a4dd8ec
6.593465, 4.438387
6.709867, 4.550926
6.791562, 4.645693
6.846747, 4.712205
6.912395, 4.773005
6.980702, 4.836269
7.051540, 4.896143
7.123849, 4.954505
7.186818, 5.013323
7.259674, 5.084270
7.336721, 5.150443
7.412482, 5.218298
7.470214, 5.283925
7.522306, 5.352560
7.569307, 5.424779
44ccbe91-11e7-4c2f-8152-61cb70f847d9
6.713541, 4.280311
6.838029, 4.361138
7.048039, 4.551070
7.096904, 4.607019
7.141276, 4.668755
7.189336, 4.750038
7.235043, 4.831475
7.276484, 4.905309
7.327225, 4.982820
7.376607, 5.050681
7.429842, 5.127414
7.470116, 5.203757
7.505852, 5.303250
7.548729, 5.366273
7.623985, 5.481922
7.659653, 5.552256
7.696469, 5.638805
7.729608, 5.716712
7.753546, 5.784459
7.773997, 5.842336
7.786685, 5.890764
f31a79af-da2e-4ccc-a0ee-79bfdecc42f3
6.796159, 3.957366
6.855775, 4.067154
6.931856, 4.121471
6.982593, 4.135792
7.038414, 4.171425
7.055944, 4.187110
7.140581, 4.237679
7.209108, 4.268668
7.247369, 4.286244
7.280121, 4.301143
7.313094, 4.309567
7.352275, 4.321122
7.389148, 4.335117
7.436839, 4.359622
7.493582, 4.385412
7.531957, 4.407787
7.575842, 4.433374
7.627042, 4.463226
7.651987, 4.482967
7.689719, 4.514737
7.726469, 4.547637
7.768544, 4.581286
7.814833, 4.618305
7.865326, 4.654854
7.917518, 4.688936
7.967143, 4.721342
8.012620, 4.754616
8.044692, 4.779935
8.077917, 4.806166
8.122333, 4.843138
8.159268, 4.875831
8.180930, 4.897003
