main root
7.390033, 4.625955
7.400311, 4.745858
7.407196, 4.908630
7.436102, 5.119832
7.473306, 5.372335
7.522568, 5.617649
7.515338, 5.783895
7.510353, 6.045864
7.493248, 6.278960
7.484575, 6.539702
7.491656, 6.828152
7.476500, 7.069245
7.464773, 7.319008
7.425621, 7.641022
7.395117, 7.859086
7.360740, 8.073970
7.332057, 8.187017
7.304599, 8.286727
7.285202, 8.341542
7.262341, 8.392266
8cddcf77-5fae-4ea6-bc28-63e98cb7e563
7.284800, 4.620540
7.201393, 4.614186
7.148116, 4.606089
7.105625, 4.600481
7.043565, 4.594625
7.006788, 4.588147
6.966830, 4.579589
6.921882, 4.573024
6.889671, 4.565293
6.869453, 4.569287
6.846890, 4.570692
9e923c92-572d-4a10-a135-8f3fe17eb27e
7.589235, 5.662185
7.685313, 5.676633
7.732794, 5.687488
7.801463, 5.709027
7.866112, 5.735933
7.978501, 5.753558
8.051691, 5.766550
8.155176, 5.803989
8.222999, 5.831708
8.309149, 5.853985
8.357184, 5.872590
8.402581, 5.890173
2386e992-7beb-4ae8-883d-49a508ebace2
7.303185, 4.796820
7.221960, 4.828121
7.153603, 4.873459
7.095696, 4.915040
7.043083, 4.949134
6.997333, 4.969864
6.920218, 5.004806
6.850806, 5.036257
6.779902, 5.071673
6.712398, 5.103717
6.644976, 5.132410
6.576564, 5.177137
37e01ff6-a3e8-4ea4-ac28-e44368bdd6f1
7.379899, 5.221662
7.268761, 5.303335
7.236016, 5.342371
7.193727, 5.383980
7.160566, 5.416674
7.116942, 5.456788
7.087604, 5.477665
7.046563, 5.505032
7.004714, 5.531139
6.963887, 5.554844
6.945973, 5.576184
6.919233, 5.603383
6.890438, 5.628069
6.871180, 5.644272
6.851045, 5.668733
6.825795, 5.708829
6.807470, 5.729504
6.773521, 5.763292
6.731520, 5.802982
6.696016, 5.840651
6.668745, 5.880495
6.625704, 5.943381
6.586024, 6.030789
6.543553, 6.115776
6.484099, 6.197358
6.446901, 6.261611
6.415552, 6.325317
6.386310, 6.347944
6.367396, 6.377927
6.326009, 6.437923
6.281810, 6.494086
6.223708, 6.574757
6.180194, 6.642857
6.140076, 6.711201
6.115964, 6.755234
fa38d162-fa00-400d-a3b2-d5c34636c547
7.330881, 5.087403
7.211691, 5.133730
7.099581, 5.182109
6.953728, 5.237415
6.794701, 5.286891
6.661352, 5.349481
6.473674, 5.411918
6.317223, 5.472708
6.153616, 5.540766
5.951618, 5.606456
5.769549, 5.687120
5.617561, 5.754458
5.465225, 5.812986
5.364905, 5.873479
5.208564, 5.960427
5.086077, 6.011936
4.921615, 6.065348
4.786877, 6.111605
4.679143, 6.162461
4.619150, 6.186817
4.570694, 6.207920
4.516740, 6.226520
4c635fd3-3242-4c7d-9082-0c97ca4c9d4e
7.336367, 5.084233
7.222876, 5.126588
7.138998, 5.168274
7.010024, 5.216302
6.851335, 5.264424
6.715133, 5.322573
6.565439, 5.373158
6.416510, 5.429974
6.263976, 5.499260
6.102345, 5.559014
5.885315, 5.634951
5.708245, 5.714799
5.560602, 5.774657
5.408371, 5.845326
5.267365, 5.933648
5.174394, 5.975867
5.009873, 6.036779
4.860798, 6.087639
4.718259, 6.137089
355f0ac3-8999-40ca-a7af-0f489b05c940
7.312454, 4.882466
7.186722, 4.949566
7.133692, 4.986690
7.083231, 5.023550
7.057296, 5.044182
7.032450, 5.063949
6.997357, 5.118080
6.934919, 5.178404
6.867185, 5.259824
6.741271, 5.308599
6.587744, 5.384484
6.465433, 5.521325
6.430125, 5.543941
ab836684-752c-437f-91c9-6b34a3e2488f
7.496563, 4.821794
7.564707, 4.825705
7.655680, 4.840526
7.714798, 4.860965
7.768082, 4.883967
7.817654, 4.898107
7.886575, 4.910836
7.945932, 4.924151
8.011892, 4.935186
8.074912, 4.945041
8.138034, 4.954225
8.204641, 4.960206
8.264981, 4.967947
8.328331, 4.975390
8.385112, 4.987407
8.447653, 4.999948
8.510323, 5.011823
8.561785, 5.014791
8.622338, 5.020602
8.692425, 5.020632
8.750216, 5.025970
8.818824, 5.026978
8.918489, 5.043289
8.986860, 5.049099
9.052239, 5.052333
9.111417, 5.058937
9.173383, 5.066533
9.220948, 5.073047
9.252463, 5.081068
9.309154, 5.099285
9.360847, 5.122897
9.395346, 5.157654
9.424182, 5.148863
9.529798, 5.165506
9.630918, 5.175016
9.731234, 5.199323
9.825912, 5.211381
9.945240, 5.218072
10.044394, 5.225751
10.102423, 5.238565
10.170630, 5.253626
182a1d0b-a9a0-4ee7-a2c9-b073609e4c38
7.514229, 4.950882
7.594833, 4.970073
7.661172, 4.981471
7.740228, 4.993397
7.822440, 4.999071
7.895268, 5.007096
7.974315, 5.012796
8.053521, 5.015505
8.129678, 5.018109
8.259878, 5.054786
8.341523, 5.075631
8.423760, 5.092347
8.515209, 5.108789
8.615208, 5.126767
8.704370, 5.149209
8.785887, 5.182813
8.872577, 5.216276
8.969433, 5.246860
9.066880, 5.275412
9.163864, 5.306033
9.266855, 5.349612
9.358925, 5.393165
9.443800, 5.430987
9.520677, 5.467516
9.598670, 5.497686
9.675161, 5.515936
9.774820, 5.535365
9.857703, 5.562302
9.967995, 5.604803
10.062110, 5.643337
10.159048, 5.673883
10.247871, 5.701874
10.336287, 5.731940
10.403998, 5.763904
10.484253, 5.808765
10.556870, 5.854110
10.611460, 5.895255
10.653718, 5.927106
