main root
7.200079, 4.564374
7.293942, 4.681189
7.361009, 4.781148
7.404808, 4.865700
7.436214, 4.949356
7.446215, 5.017557
7.446109, 5.103130
7.431706, 5.190235
7.393601, 5.318357
7.356295, 5.458330
7.303345, 5.605681
7.255096, 5.753705
7.225036, 5.873114
7.192060, 5.995501
7.178534, 6.101847
7.169473, 6.233549
7.146927, 6.351986
7.125317, 6.465509
7.102664, 6.573190
7.080004, 6.680907
7.059405, 6.789112
7.032032, 6.887650
7.016738, 6.998045
6.989202, 7.089187
6.943748, 7.219847
6.923679, 7.312368
6.910721, 7.441433
6.894815, 7.567309
6.880653, 7.679384
6.873132, 7.789543
6.861979, 7.890780
6.856217, 8.001045
6.844567, 8.102405
6.832966, 8.203339
6.815980, 8.295851
6.782970, 8.393647
6.754347, 8.520192
6.718097, 8.632644
6.689555, 8.748693
6.667349, 8.856696
6.649305, 8.965470
6.638658, 9.093801
6.626769, 9.211586
6.614866, 9.329519
6.599614, 9.438489
6.578094, 9.546446
6.564503, 9.647091
6.555119, 9.748188
6.554976, 9.840754
6.556923, 9.950871
6.548455, 10.068725
6.543289, 10.170138
6.548703, 10.271753
6.554108, 10.373205
6.559062, 10.466211
6.558570, 10.576301
6.558116, 10.677899
6.561855, 10.788100
6.559238, 10.898151
6.558938, 10.999698
6.550177, 11.101582
6.542198, 11.194368
6.527871, 11.287321
6.512860, 11.371099
6.491580, 11.454591
6.468553, 11.536536
6.447758, 11.618204
6.435746, 11.665383
bd5b1183-7fac-4d75-9113-5cc3d3fd9bb7
7.219828, 4.670075
7.197683, 4.703728
7.171053, 4.741916
7.134623, 4.805321
7.121965, 4.827332
7.122825, 4.845869
7.117843, 4.867653
7.106153, 4.905338
7.099974, 4.935365
7.096097, 4.983901
7.087236, 5.019657
7.075376, 5.055067
7.069196, 5.082940
7.077405, 5.104138
7.076867, 5.177508
a22d604b-ea38-45e2-b610-44d67df67a81
7.305964, 5.428904
7.207344, 5.418779
7.118381, 5.428908
7.044656, 5.423781
7.003343, 5.431364
6.961708, 5.439007
6.920073, 5.446650
6.831183, 5.472625
6.613326, 5.548017
6.586912, 5.562415
6.548555, 5.586736
6.516903, 5.597945
6.480818, 5.607545
6.467293, 5.623287
6.403873, 5.656805
6.359755, 5.678431
6.297564, 5.712249
6.230019, 5.750681
6.188208, 5.781630
6.131479, 5.822455
730c8b52-9894-4b98-be3c-23ebc72f5c8b
7.336367, 5.422900
7.160694, 5.424090
7.059145, 5.453307
6.954803, 5.461302
6.869953, 5.509972
6.694068, 5.533405
e295b379-6d3f-43af-8736-8b031b8b241d
7.253652, 5.579056
7.188890, 5.593261
7.124401, 5.617591
7.056684, 5.636741
6.987595, 5.650040
6.932982, 5.666595
6.884407, 5.684429
6.812976, 5.710638
6.739759, 5.740673
6.672625, 5.761722
6.534567, 5.849054
6.479088, 5.869132
6.400298, 5.904357
6.325469, 5.942355
6.266963, 5.972063
6.233399, 6.002536
