main root
6.745943, 4.712966
6.663561, 4.964761
6.594253, 5.117368
6.536375, 5.241391
6.472847, 5.400617
6.396713, 5.581298
6.367496, 5.680753
6.345268, 5.808553
6.325443, 5.957823
6.320384, 6.087750
6.329671, 6.217844
6.356233, 6.363532
6.374543, 6.520888
6.387823, 6.707818
6.414192, 6.900253
6.417475, 7.037577
6.401611, 7.161573
6.380089, 7.346368
6.364710, 7.493128
6.325035, 7.634151
6.310504, 7.736245
6.295433, 7.881293
6.295274, 8.013012
6.287290, 8.175440
6.274293, 8.312671
6.257433, 8.446432
6.247854, 8.556268
6.242430, 8.642670
6.230056, 8.714972
2e2b887a-caf3-4897-9de2-d98967ef16e8
6.720931, 5.030117
6.821081, 5.062570
6.875685, 5.080490
6.985128, 5.110726
7.041801, 5.135233
7.142073, 5.183697
