main root
6.908774, 4.543600
6.944471, 4.824305
6.973445, 4.938476
7.029714, 5.087644
7.072846, 5.249203
7.102079, 5.423187
7.128813, 5.596324
7.154532, 5.733589
7.161055, 5.791145
7.148473, 5.865454
7.096946, 6.095641
7.080300, 6.169998
7.062357, 6.222748
7.037819, 6.294886
7.011411, 6.363226
6.987372, 6.442044
6.965144, 6.514928
6.948886, 6.599020
6.936795, 6.677341
6.917664, 6.742401
6.896169, 6.815505
6.883269, 6.869989
6.881512, 6.909890
e50d5a9e-9818-495a-b947-ff312519aaf3
6.910882, 4.721841
6.820881, 4.783763
6.795765, 4.808385
6.759965, 4.849770
6.733502, 4.878074
