main root
6.767202, 4.628616
6.748198, 4.940583
6.706276, 5.042275
6.682380, 5.308761
6.695020, 5.402696
6.710405, 5.577386
6.723033, 5.720766
6.735660, 5.864141
6.736227, 5.990228
6.755760, 6.136194
6.769855, 6.286710
6.777044, 6.424860
6.795898, 6.543586
6.813699, 6.669071
6.837157, 6.811286
6.853443, 6.923004
6.872653, 7.040164
6.883395, 7.157830
6.889177, 7.267713
6.903424, 7.377407
6.921812, 7.486124
6.938073, 7.594950
6.951007, 7.695828
6.963927, 7.796599
6.979885, 7.887968
6.989812, 7.981500
7.000767, 8.065057
7.013774, 8.148312
7.028828, 8.231229
7.035861, 8.305485
7.034377, 8.355804
7.032972, 8.407263
7.045324, 8.547292
7.057037, 8.622459
7.075611, 8.702666
7.103574, 8.783546
7.117043, 8.849932
7.146313, 8.933889
7.154366, 9.034483
7.159956, 9.104124
7.145493, 9.221193
7.131207, 9.263716
7.118285, 9.358626
7.110594, 9.437428
7.113972, 9.526275
7.116881, 9.602343
7.113519, 9.670634
7.109792, 9.746666
7.108926, 9.825837
7.102189, 9.895905
7.097612, 9.974947
7.090414, 10.047783
7.088312, 10.130084
7.074973, 10.183405
7.052402, 10.237945
7.039278, 10.383845
7.028717, 10.434251
7.061007, 10.523453
7.093116, 10.740078
7.090751, 10.810708
7.078687, 10.918093
7.061085, 10.998961
7.038907, 11.061059
7.008941, 11.119798
6.945906, 11.210766
6.911472, 11.271599
6.892364, 11.363858
6.888157, 11.425900
6.895789, 11.501005
6.911138, 11.610191
6.935502, 11.707507
6.966274, 11.804293
6.998545, 11.884850
7.031043, 11.937534
7.086138, 12.022825
7.116539, 12.081584
7.135430, 12.136508
7.145834, 12.199091
7.153863, 12.260222
7.034955, 12.644921
7.011621, 12.734661
6.992374, 12.825396
6.970941, 12.916299
6.937727, 13.011084
6.904127, 13.106969
6.871590, 13.163620
6.887487, 13.320507
7.109098, 13.492264
f81a8516-a6e8-401d-ad9d-9bffd7b34b36
6.681327, 4.947405
6.611481, 4.970675
6.514613, 5.004782
6.480330, 5.021705
6.454578, 5.027740
6.427077, 5.029485
6.373989, 5.070122
6.295808, 5.094505
6.233683, 5.122816
6.195914, 5.138382
6.156787, 5.154509
6.101179, 5.179047
6.037679, 5.210339
5.970010, 5.242017
5.923278, 5.265546
5.877238, 5.290401
5.829462, 5.319596
5.758860, 5.374794
5.726291, 5.394558
5.690110, 5.416511
5.655728, 5.437371
5.633007, 5.454656
5.598754, 5.484472
5.567125, 5.508037
5.535792, 5.525781
5.498957, 5.546640
5.448514, 5.571766
5.396136, 5.596183
5.351541, 5.613670
5.296640, 5.638412
5.246148, 5.666092
5.202484, 5.694759
5.171545, 5.718652
4.996745, 5.803900
4.961975, 5.817526
4.934937, 5.834553
4.898173, 5.861242
4.863913, 5.886115
4.829652, 5.910988
4.794728, 5.940042
4.762182, 5.967120
4.730880, 5.997057
4.700189, 6.030553
4.671402, 6.057540
4.640379, 6.090727
4.611254, 6.115309
4.572614, 6.145964
4.533300, 6.173332
4.483913, 6.211360
4.423807, 6.255753
4.382942, 6.285934
4.335267, 6.321146
4.287278, 6.358450
4.235209, 6.400821
4.207516, 6.421427
b31f2d73-a6c1-49e7-b1d5-c0ef020f9bd4
7.082323, 8.346016
7.129568, 8.360863
7.194736, 8.387619
7.247607, 8.412567
7.366885, 8.430980
7.473257, 8.458118
7.523639, 8.492291
7.695574, 8.711560
7.721745, 8.728691
7.789587, 8.769501
7.818500, 8.800866
7.868687, 8.855337
7.897276, 8.881973
7.928943, 8.903318
7.984620, 8.933646
8.046280, 8.963843
8.169754, 9.007284
8.224388, 9.044866
1adf2d7c-a1c4-46fb-9788-80b69982c01a
6.895417, 8.369256
6.839353, 8.403518
6.770597, 8.436320
6.705223, 8.445027
6.683700, 8.450032
6.662399, 8.450259
6.649158, 8.463218
1e22498a-1954-4e18-a558-40c8ef73545b
6.912866, 8.350257
6.794461, 8.427000
6.714669, 8.486390
b58a3a9c-32cf-4366-9d58-ce22705ebbea
6.957496, 9.647152
7.021795, 9.699935
7.047573, 9.714836
6e9ecf58-f50a-4819-a43b-f7fe037fce92
6.903954, 9.497909
6.953134, 9.488110
dfc46103-a131-4c66-8e40-07415fa84384
6.956810, 9.831751
6.997700, 9.873544
7.032176, 9.902360
fb90ce29-6128-41a3-a268-42cd3efef265
6.937158, 10.030806
6.954944, 10.054132
6.988666, 10.115390
7.013081, 10.156637
7.037667, 10.192297
89feb15f-82cd-4278-908d-e212e8e0c355
6.909533, 10.329312
6.982942, 10.340959
7.010961, 10.351970
7.046422, 10.369131
7.073284, 10.378806
4516b1a7-1e51-4fc8-8fc1-32f435c7e148
6.945215, 10.631182
6.989550, 10.643172
7.010397, 10.651912
611fbfcf-c7cd-4b71-b66b-4b683134beb2
6.972432, 10.962218
6.995506, 10.966556
7.036455, 10.974100
7.064696, 10.985544
7.092135, 10.993433
4843e17d-db58-40bb-9fb0-2f6abfd0bb30
6.920781, 11.125138
6.932768, 11.134873
6.962944, 11.157326
6.982176, 11.201550
7.003553, 11.212989
7.040091, 11.253077
731a102c-0811-46d0-aa96-85b91badf9b8
6.819185, 11.295170
6.766955, 11.336139
6.728634, 11.361098
578402b7-3bdc-4409-9095-d958e0c4f59d
6.852687, 11.720236
6.788818, 11.746082
