main root
7.566614, 5.679070
7.114804, 6.047236
7.064315, 6.096549
7.015879, 6.146813
6.947900, 6.262365
6.893095, 6.351348
6.856121, 6.431496
6.810159, 6.541200
6.771488, 6.644453
6.736809, 6.749116
6.706170, 6.855039
6.675586, 6.960770
6.649708, 7.050234
6.630089, 7.140768
6.610656, 7.240430
6.595395, 7.340805
6.576766, 7.449249
6.565859, 7.550222
6.559171, 7.651536
6.561493, 7.744085
6.561733, 7.837477
6.564108, 7.938987
6.570711, 8.040297
6.578850, 8.132854
6.585651, 8.234332
6.595394, 8.317683
6.608267, 8.409703
6.618177, 8.511068
6.627238, 8.603758
6.636300, 8.696454
6.643292, 8.789590
6.648184, 8.882858
6.655614, 8.984135
6.660944, 9.085695
6.661283, 9.171314
6.663755, 9.264208
6.663947, 9.349327
6.659991, 9.434848
6.650766, 9.504714
6.643369, 9.583619
6.647060, 9.672526
6.640876, 9.740064
6.630837, 9.849680
6.618112, 9.942511
6.607580, 10.034828
6.589732, 10.135289
6.570689, 10.218761
6.549976, 10.309554
6.527397, 10.374883
6.499736, 10.454910
6.473919, 10.525023
6.452915, 10.608059
6.404141, 10.696473
6.365701, 10.741371
6.366354, 10.780785
6.295274, 10.996124
6.273370, 11.062435
6.236210, 11.111460
6.221734, 11.137995
6.210763, 11.164354
6.231813, 11.354930
6.221169, 11.576769
6.220648, 11.649159
6.223315, 11.694509
6.219473, 11.731146
6.215057, 11.773250
6.203309, 11.799166
6.216673, 11.818774
6.222649, 11.895041
6.226209, 11.960661
6.229853, 12.027836
6.232405, 12.102509
6.237812, 12.173089
6.240418, 12.246313
6.240978, 12.304105
6.243145, 12.373310
6.243722, 12.439557
6.244312, 12.507284
6.241809, 12.563584
6.240605, 12.624358
6.233397, 12.685975
6.227823, 12.746500
6.225673, 12.818826
6.222207, 12.884983
6.216562, 12.992783
ef46f518-93ee-4f59-8d93-e565dfc83afb
7.666685, 6.196885
7.626689, 6.487312
7.591222, 6.680013
7.577782, 6.744271
7.572087, 6.792986
7.568140, 6.864627
7.557004, 6.974246
7.552084, 7.022681
450064de-b69c-4a0a-a562-427e63636c05
7.626503, 6.220848
7.556113, 6.432646
7.526014, 6.498675
7.503127, 6.537526
7.490686, 6.561158
7.480643, 6.589402
7.466767, 6.641829
7.442154, 6.698784
f9e55c37-cbdd-41b4-be45-11e2f30298ee
7.597238, 6.216919
7.526805, 6.310296
7.506595, 6.341509
7.481992, 6.376749
7.450550, 6.409061
57e591b0-49c6-40fe-852d-de7334c3a5da
7.293971, 6.292851
7.317468, 6.351924
7.324730, 6.394805
8e10c548-8205-4ea5-97e6-b1ac3ac9d174
7.110314, 6.426888
7.145218, 6.469307
7.152466, 6.491077
7.168062, 6.518965
