main root
7.569148, 4.624224
7.478469, 5.005413
7.441538, 5.178733
7.426834, 5.288357
7.411565, 5.357155
7.392782, 5.427978
7.375916, 5.503246
7.361522, 5.581181
7.352481, 5.663094
7.348092, 5.743792
7.336887, 5.812003
7.326719, 5.913055
7.321278, 5.982085
7.314582, 6.047996
7.305062, 6.112098
7.293851, 6.177391
7.286055, 6.249327
7.277428, 6.315011
7.272476, 6.387199
7.269231, 6.456365
7.264629, 6.522452
7.258537, 6.588420
7.253659, 6.657489
7.250275, 6.726648
7.245541, 6.792726
7.246246, 6.866682
7.240846, 6.928479
7.230624, 7.021312
7.219238, 7.083687
7.211826, 7.149297
7.213458, 7.228192
7.208749, 7.290054
7.203796, 7.382843
7.198771, 7.448908
7.192254, 7.514844
7.184373, 7.616083
7.177739, 7.682009
7.170959, 7.749406
7.157615, 7.818979
7.141295, 7.880240
7.119616, 7.938359
7.081645, 8.022094
7.044861, 8.088153
7.006925, 8.139228
6.960481, 8.187645
6.899541, 8.239021
6.833518, 8.283677
6.761776, 8.319504
6.667836, 8.359324
6.573398, 8.397057
6.518612, 8.414391
6.484660, 8.454933
6.468800, 8.489915
6.451633, 8.534853
6.421589, 8.735573
6.420374, 8.814468
6.420806, 8.883712
6.422736, 8.952929
6.429237, 9.024997
6.458370, 9.098039
6.479165, 9.154220
6.482385, 9.250352
6.473401, 9.296309
6.459272, 9.379388
6.453540, 9.462581
6.445519, 9.535413
6.445820, 9.614753
6.452464, 9.693211
6.454050, 9.747426
6.474087, 9.958689
6.480810, 10.051841
6.488941, 10.135713
6.497112, 10.219987
6.497929, 10.290450
6.501841, 10.369603
6.509391, 10.479501
6.504993, 10.566793
6.500734, 10.651351
6.494062, 10.724318
6.494660, 10.783523
6.498454, 10.862685
6.508065, 10.938149
6.521043, 11.016336
6.540410, 11.096437
6.558320, 11.170507
6.576229, 11.244578
6.600867, 11.321000
6.635552, 11.399318
6.648300, 11.453975
6.673420, 11.552372
6.681845, 11.610515
6.682167, 11.664931
6.673101, 11.830317
6.683496, 11.947058
6.685380, 12.018856
6.684308, 12.092089
6.682697, 12.202144
6.690431, 12.287451
6.682203, 12.329309
6.669865, 12.407594
6.666719, 12.494846
6.656842, 12.561134
6.641867, 12.661623
6.629377, 12.735289
6.614190, 12.806967
6.603009, 12.888609
6.602673, 12.935197
6.930162, 13.288049
7.218854, 13.278178
7.310051, 13.210855
d9840340-e78f-4810-9bc3-419caf23a25a
7.541021, 4.940714
7.582001, 4.956736
7.645517, 4.992643
7.706521, 5.025412
7.782408, 5.052580
7.832418, 5.081306
7.952916, 5.198352
8.000442, 5.243785
8.047643, 5.295121
8.087096, 5.350284
8.125158, 5.411221
8.156851, 5.469789
8.175935, 5.517636
8.193593, 5.565952
8.198925, 5.612184
8.252446, 5.782595
8.266420, 5.832097
8.336933, 5.963510
8.358143, 6.053254
8.368466, 6.122965
8.377930, 6.197086
8.392884, 6.297523
8.401158, 6.363257
8.408997, 6.401554
8.425256, 6.527872
8.421958, 6.572595
8.412603, 6.632364
8.411864, 6.696994
8.420457, 6.757826
8.436997, 6.824593
8.457584, 6.890862
8.480681, 6.955124
8.493785, 7.009281
8.507731, 7.102695
8.523774, 7.179744
8.532745, 7.237518
2f5a64b1-3466-49db-a376-db85ea220f97
7.546695, 4.955018
7.585089, 5.043327
7.595689, 5.071633
7.610289, 5.098010
7.633434, 5.112176
7.654340, 5.130236
7.682736, 5.162678
7.721771, 5.207272
7.744036, 5.237253
7.761731, 5.268613
7.786695, 5.312855
7.813783, 5.363906
7.836760, 5.394435
7.932097, 5.518209
7.970803, 5.595762
7.959262, 5.632067
7.975188, 5.656997
7.985061, 5.715249
7.987708, 5.766693
7.990210, 5.815312
7.967687, 5.917431
7.951275, 5.991846
7.932584, 6.062695
7.924457, 6.105239
7.920874, 6.155905
7.923823, 6.241510
7.920857, 6.285832
7.908934, 6.339768
7.890209, 6.410602
7.864312, 6.500333
7.839067, 6.604084
7.796009, 6.740792
7.771200, 6.809471
7.747159, 6.884726
7.726945, 6.962755
7.671308, 7.072255
7.634995, 7.148300
7.604675, 7.226234
7.567717, 7.304071
7.531399, 7.380559
7.505699, 7.455621
7.475605, 7.536988
7.460769, 7.572784
55dada81-50c8-4057-a3e6-ed2c19f5f18e
6.594766, 8.345580
6.539671, 8.305681
6.419421, 8.289057
6.370099, 8.269353
6.346602, 8.258261
6.327474, 8.259490
6.293100, 8.263372
6.261592, 8.265600
6.233116, 8.262937
6.191120, 8.277100
6.149941, 8.289408
6.124583, 8.295424
5.998633, 8.293100
5.976287, 8.289692
5.958291, 8.303669
5.901500, 8.321789
5.875441, 8.333114
5.840953, 8.351231
5.802899, 8.374460
5.766376, 8.400261
5.741162, 8.414409
5.715191, 8.423831
5.668336, 8.439239
5.629178, 8.453692
5.588791, 8.473384
5.541063, 8.501650
5.498405, 8.523433
5.473247, 8.537961
0ebcb44f-ba6f-45ab-9d45-daab0531292e
6.557484, 8.367766
6.492175, 8.372415
6.449767, 8.381393
6.216599, 8.508763
6.192552, 8.512798
6.182090, 8.528499
6.129430, 8.545565
6.027354, 8.668938
5.930655, 8.802873
5.895965, 8.850918
5.861947, 8.903142
5.829601, 8.952797
5.803903, 8.997729
5.781834, 9.036314
5.771447, 9.066531
5.755896, 9.130179
5.745127, 9.193175
5.730247, 9.244680
5.715103, 9.313278
5.707799, 9.360252
9ab6cd91-11c6-448a-a91a-f2efb5c5d4f3
7.342574, 5.505869
7.380231, 5.542777
7.401698, 5.568007
7.430644, 5.608761
7.459686, 5.662854
7.477732, 5.693297
7.481738, 5.712022
7.490604, 5.739161
be93baf6-8257-4ab5-94fc-72f4511938a9
7.331608, 5.798277
7.386509, 5.834640
7.410066, 5.852765
7.432295, 5.867981
7.516638, 5.863153
7.527461, 5.876488
7.550038, 5.885813
7.604822, 5.913297
7.647868, 5.941591
7.685012, 5.966005
c60a9698-3f5f-40ad-8809-f9a04210a913
6.438658, 8.490102
6.311016, 8.476602
6.227731, 8.458426
6.168302, 8.452802
6.000813, 8.418739
5.963681, 8.428282
5.888074, 8.450800
5.813377, 8.476171
5.741022, 8.505191
5.665308, 8.545234
5.613538, 8.565840
5.556851, 8.589033
dc7b6698-5268-46c8-8a7e-08f13e01bd9c
6.393518, 8.911550
6.361002, 8.918418
6.316696, 8.907537
6.198264, 8.851522
537f8186-8dd3-4b67-9670-8f4030d7c15e
7.412530, 4.721929
7.325421, 4.916391
7.300105, 4.980230
7.286237, 5.027379
7.266566, 5.108961
7.251953, 5.156791
7.239451, 5.187467
7.216196, 5.228668
7.188201, 5.284357
7.160918, 5.335297
7.128327, 5.392978
7.105895, 5.429638
7.074757, 5.468894
c5bd426d-2173-4e30-8ad3-9668afa4dc67
7.452742, 4.834282
7.563711, 5.233910
