main root
7.063304, 5.719850
7.027567, 5.947879
6.997119, 6.115368
6.979681, 6.255325
6.974444, 6.365809
6.964263, 6.491932
6.938431, 6.624562
6.927046, 6.766182
6.906513, 6.890597
6.881051, 7.006015
6.855516, 7.121759
6.823586, 7.227201
6.794503, 7.352222
6.765727, 7.475920
6.731000, 7.597399
6.702386, 7.712849
6.669786, 7.817993
6.632720, 7.930418
6.595605, 8.042988
6.545965, 8.164601
6.475641, 8.298845
6.414464, 8.420127
6.344936, 8.534794
6.265980, 8.633266
6.169211, 8.760504
6.103262, 8.857622
6.068780, 8.919615
6.049508, 8.980303
6.027727, 9.048894
6.011882, 9.102591
5.951744, 9.256377
5.944413, 9.338946
5.949090, 9.422432
5.972520, 9.559060
5.999713, 9.717626
5.998917, 9.821539
5.999929, 9.949962
5.983271, 10.102345
5.974036, 10.173048
5.960959, 10.257155
5.949407, 10.302226
5.942630, 10.340726
761383fb-bce8-4220-b170-bddc876e3b0d
7.040788, 6.138266
7.067416, 6.149114
7.114415, 6.161796
7.129472, 6.179750
7.196753, 6.225122
657c7b4f-3b9d-4c8c-bc91-6ce0456c5c91
6.989273, 6.146153
6.933576, 6.172267
6.900843, 6.199692
6.806400, 6.314105
6.778980, 6.340269
6.748505, 6.369350
6.710420, 6.397417
6.676974, 6.418346
6.649109, 6.439314
6.615283, 6.464769
6.585938, 6.490597
6.566737, 6.509491
7b458536-3028-4f72-bce2-b52ce7e610f1
7.013868, 6.555270
7.042186, 6.567890
7.071273, 6.577575
7.097265, 6.584652
