main root
6.792450, 5.084757
6.800259, 5.320079
6.800155, 5.507154
6.776914, 5.696001
6.758187, 5.833454
6.813063, 6.069980
6.871123, 6.245776
6.883562, 6.359887
6.872733, 6.553090
6.871861, 6.782089
6.871037, 6.998406
6.857861, 7.163295
6.840230, 7.322129
6.832058, 7.395760
6.781500, 7.509565
6.718141, 7.862762
6.700817, 8.006712
6.691231, 8.138886
6.686178, 8.208552
6.700994, 8.326326
6.696603, 8.566000
6.691784, 8.716662
6.670836, 8.867306
6.646576, 9.026891
6.636866, 9.104802
6.623416, 9.177887
6.525812, 9.427511
6.527055, 9.527398
6.467245, 9.750433
6.426630, 9.853523
6.385813, 9.962857
6.363733, 10.016070
6.173562, 10.367758
6.123338, 10.456193
6.065651, 10.540636
5.988936, 10.651559
5.928326, 10.735493
5.899108, 10.779567
5bcbf5cf-466a-4dfe-a3b4-81452b1b843f
6.845871, 5.246755
6.908841, 5.313186
6.946968, 5.336037
7.031693, 5.441124
7.055378, 5.475276
7.154973, 5.570706
7.208863, 5.636604
7.269149, 5.693944
7.329371, 5.754086
7.388115, 5.815682
7.442921, 5.882165
7.498106, 5.945847
7.553554, 6.009832
7.600748, 6.059722
7.667790, 6.106895
7.813549, 6.273388
7.841272, 6.321022
7.882282, 6.395606
7.926303, 6.467059
7.966272, 6.531933
8.006386, 6.579920
8.063688, 6.639136
8.103978, 6.693685
8.167638, 6.783435
8.215178, 6.854044
8.254466, 6.923537
8.289748, 7.002801
8.344285, 7.113833
8.409945, 7.325398
8.449021, 7.408755
8.488553, 7.493080
8.524476, 7.579619
8.558330, 7.666659
8.587241, 7.746714
8.617807, 7.825246
8.648518, 7.904149
8.676671, 7.993880
8.696462, 8.077737
8.715906, 8.160130
8.731607, 8.233177
8.745399, 8.304458
8.751109, 8.367026
8.774654, 8.540130
8.796119, 8.609107
8.803088, 8.651653
8.816107, 8.712612
8.824932, 8.768270
8.830789, 8.824319
8.836950, 8.883267
8.843112, 8.942216
8.845984, 8.998498
8.852146, 9.060526
8.861279, 9.122187
8.866562, 9.178291
8.875378, 9.239998
8.883761, 9.298672
8.895532, 9.359882
8.903216, 9.415710
8.914672, 9.476980
8.918580, 9.530453
8.926103, 9.592329
8.926591, 9.645946
8.930153, 9.708179
8.933537, 9.767350
8.940081, 9.829339
8.943009, 9.885616
8.949236, 9.947639
8.944376, 10.008710
91c37fea-1777-442a-b814-5025c727453a
6.725841, 5.369063
6.644235, 5.384244
6.622626, 5.388862
6.572946, 5.399477
6.519813, 5.415420
6.472223, 5.437513
6.432108, 5.464385
6.391133, 5.486430
6.368156, 5.500491
6.344014, 5.524038
6.102897, 5.640977
6.028316, 5.695311
5.959052, 5.753576
5.899241, 5.812019
5.840437, 5.872378
5.791129, 5.931905
5.749473, 5.991947
5.718374, 6.044049
5.692039, 6.098263
5.646768, 6.363797
5.639095, 6.445693
5.622781, 6.530909
5.609490, 6.622706
5.594770, 6.693037
5.581476, 6.771169
5.565091, 6.880079
5.554609, 6.963690
5.555419, 7.040586
5.556311, 7.125250
5.559393, 7.218114
5.562201, 7.302738
5.567820, 7.381783
5.573223, 7.457786
5.575976, 7.517628
5.584658, 7.701209
5.583526, 7.740647
5.585702, 7.769114
5.594548, 7.806286
5.604351, 7.847471
5.617758, 7.890875
5.633997, 7.933300
5.649130, 7.972838
5.668129, 8.014101
5.681865, 8.051089
5.696603, 8.090775
5.711341, 8.130462
5.733776, 8.173676
5.747228, 8.209334
5.765159, 8.256864
5.784148, 8.311440
5.810216, 8.377251
5.838275, 8.448091
5.860101, 8.503194
5.885813, 8.559978
5.904318, 8.611731
5.927122, 8.675506
5.938750, 8.712468
6.215874, 9.570940
6.229552, 9.618185
6.241786, 9.665824
6.258635, 9.731432
6.275199, 9.789912
6.291808, 9.854049
6.314261, 9.922836
6.333388, 9.986263
6.351079, 10.050108
6.369313, 10.110306
6.392681, 10.177123
6.417833, 10.249047
6.433585, 10.303155
6.452005, 10.361079
6.472531, 10.425626
6.486732, 10.480160
6.503492, 10.538586
6.512046, 10.579261
6.525646, 10.629802
a4871ce4-15cd-41f9-90f4-1b2aae47d28c
6.717734, 5.759646
6.643260, 5.867592
6.527457, 6.029750
6.486564, 6.092002
6.442596, 6.145307
6.394124, 6.204071
6.316095, 6.282038
6.257966, 6.343053
6.204613, 6.405069
6.164263, 6.447381
6.131668, 6.504382
6.109725, 6.554811
6.070219, 6.681383
6.051603, 6.761341
6.032224, 6.831672
6.012130, 6.904850
5.987866, 6.970605
5.963951, 7.043866
5.946776, 7.105909
5.934699, 7.160510
5.922824, 7.241598
5.915630, 7.321711
5.902065, 7.389105
5.889120, 7.474863
5.876812, 7.536338
5.879740, 7.601935
5.886261, 7.680910
5.895759, 7.759582
5.916788, 7.884897
5.920465, 7.951638
5.932123, 8.079612
5.945458, 8.132059
5.955971, 8.175261
5.962424, 8.216368
5.975709, 8.265348
5.983235, 8.306273
5.994313, 8.352486
6.000515, 8.393159
6.006766, 8.437181
6.012564, 8.481264
6.014552, 8.522828
6.019352, 8.570106
6.023389, 8.614386
6.026972, 8.658705
6.030098, 8.703058
6.035966, 8.750216
6.041003, 8.794393
6.042273, 8.835983
6.049341, 8.886240
6.055082, 8.930332
6.060369, 8.974481
6.065201, 9.018680
6.069578, 9.062925
6.076774, 9.109899
6.083055, 9.153916
6.092269, 9.200537
6.100442, 9.244244
6.104674, 9.285639
6.108742, 9.329916
6.112353, 9.374230
6.115509, 9.418582
6.118207, 9.462961
6.119394, 9.489999
6.108388, 9.530195
6.172147, 9.923177
6.191471, 10.005027
6.207611, 10.145558
6.329130, 10.617268
6.359991, 10.689733
6.413830, 10.805435
6.437474, 10.871292
6.454414, 10.934939
7f0764f4-db1d-406e-9aa2-3a71677a8b16
6.869454, 5.344988
7.007518, 5.328675
7.131879, 5.338368
7.144248, 5.347324
7.168990, 5.361554
7.201018, 5.373068
7.238896, 5.388276
7.284093, 5.408035
7.326855, 5.421829
7.376955, 5.434846
7.439788, 5.446532
7.487985, 5.457018
7.535843, 5.468962
7.579690, 5.484534
7.629475, 5.500626
7.675926, 5.517213
7.725676, 5.533389
7.772063, 5.556851
7.792718, 5.568975
7.991811, 5.692585
8.031832, 5.743548
8.068439, 5.790163
8.109243, 5.837277
8.150152, 5.882225
8.188575, 5.919995
8.228725, 5.961561
8.266136, 5.998137
8.304578, 6.033628
8.337675, 6.068259
8.376512, 6.111062
8.412764, 6.148788
8.445843, 6.185371
8.475683, 6.222836
8.499956, 6.255713
8.530129, 6.296583
8.553178, 6.330322
8.574976, 6.364883
8.604138, 6.408314
8.630382, 6.450083
8.654219, 6.490834
8.669091, 6.513294
8.812622, 6.814327
8.828844, 6.851831
8.845650, 6.890682
8.871147, 6.945856
8.899561, 7.007340
8.922436, 7.060407
8.944511, 7.107837
8.963957, 7.153164
8.983985, 7.199849
9.013250, 7.256677
9.040233, 7.315610
9.060938, 7.368025
9.082711, 7.423141
9.108371, 7.479948
9.130788, 7.533213
9.150496, 7.580038
9.171525, 7.633863
9.190010, 7.681178
9.204247, 7.721730
9.211454, 7.746777
9.218478, 7.771186
9.278135, 7.928764
9.289267, 7.966620
9.301210, 8.007238
9.316071, 8.063087
9.325472, 8.110056
9.338865, 8.169347
9.348419, 8.232018
9.356074, 8.282234
9.365006, 8.340824
9.373939, 8.399414
9.379459, 8.455497
9.390174, 8.518507
9.401528, 8.585278
9.411465, 8.643712
9.421401, 8.702145
9.427884, 8.758128
9.436361, 8.818320
9.443445, 8.868623
9.448329, 8.924764
9.458326, 8.987890
9.465494, 9.052292
9.473706, 9.112524
9.481170, 9.178356
9.490205, 9.231474
9.496691, 9.287454
9.503268, 9.344224
9.504664, 9.394194
c62e8225-83a5-485e-a603-f8e6bc7f5d77
6.724016, 5.144723
6.621402, 5.164647
6.589601, 5.180286
6.549912, 5.165351
6.510046, 5.172113
6.260427, 5.160854
6.219714, 5.157519
6.179150, 5.152695
6.133697, 5.142768
6.089061, 5.137616
6.041587, 5.135149
6.005163, 5.137753
5.960890, 5.145419
5.909262, 5.158916
5.846666, 5.179922
5.780571, 5.205259
5.748695, 5.214273
5.658860, 5.251493
5.637013, 5.257304
5.625491, 5.274681
5.580440, 5.319310
5.538495, 5.367181
5.508784, 5.394277
5.471348, 5.426393
5.441147, 5.448359
5.407571, 5.469077
5.372032, 5.489247
5.329538, 5.508202
5.283144, 5.528897
5.232547, 5.556384
5.171828, 5.592776
5.105955, 5.634001
5.062419, 5.663012
5.005227, 5.704722
4.957012, 5.741737
4.903013, 5.785080
4.878253, 5.804954
4.838634, 5.829207
4.685506, 5.996604
4.661204, 6.022826
4.644086, 6.045357
4.619801, 6.081886
4.597026, 6.115721
4.575746, 6.158058
4.558826, 6.178388
4.531941, 6.213033
4.500000, 6.246866
4.465248, 6.288039
4.426840, 6.331224
4.392954, 6.367071
4.358058, 6.403988
4.317223, 6.442828
4.274226, 6.485792
4.226317, 6.531548
4.189579, 6.566634
4.148250, 6.606105
4.125288, 6.628034
3.744383, 7.062696
3.723179, 7.082351
3.721452, 7.101651
3.603703, 7.263223
3.573492, 7.302136
3.542076, 7.340162
3.509920, 7.381432
3.478175, 7.417305
3.438897, 7.461690
3.399361, 7.501850
3.357797, 7.546203
3.311549, 7.597743
3.277620, 7.635554
3.237924, 7.677552
3.203089, 7.716586
3.169022, 7.750263
3.131365, 7.791698
3.089779, 7.830782
98b7b519-de00-47b1-ae48-f9b932ddbc4a
6.743251, 5.056700
6.292773, 5.220688
6.247201, 5.237667
6.209307, 5.248588
6.180848, 5.253673
6.089019, 5.321511
6.055609, 5.342470
6.034092, 5.355966
6.010685, 5.377713
5.979524, 5.410747
5.950607, 5.445765
5.922654, 5.467863
5.871091, 5.520918
5.734031, 5.643947
5.702994, 5.663758
5.680672, 5.681554
5.660337, 5.701592
5.630194, 5.731290
5.600049, 5.760988
5.569933, 5.786450
5.537618, 5.813770
5.504947, 5.845313
5.482180, 5.863136
5.448857, 5.889226
5.416559, 5.906914
5.372316, 5.951624
5.354428, 5.965450
5.321482, 5.987133
5.285277, 6.014549
5.257747, 6.027887
5.216885, 6.054341
5.187564, 6.069761
5.165082, 6.081587
5.040534, 6.177963
4.996592, 6.211470
4.935593, 6.242119
4.853525, 6.285708
4.760609, 6.327874
4.684748, 6.364577
4.609820, 6.403132
4.546598, 6.440330
4.490837, 6.465709
4.260511, 6.586076
4.188340, 6.633285
4.118497, 6.694051
4.031421, 6.761396
3.946983, 6.818679
3.864155, 6.877425
3.768743, 6.931311
3.682317, 6.984981
3.603194, 7.034116
3.525384, 7.084912
3.458949, 7.135712
3.401865, 7.176751
3.360969, 7.207131
6c9876b9-269d-4228-8ef7-9934c69d1f34
6.924895, 6.982578
6.984343, 6.932310
7.106774, 6.938122
7.203419, 6.918667
7.223631, 6.920706
7.245624, 6.925931
7.266732, 6.934024
7.315228, 6.968267
7.344321, 6.981481
7.411073, 6.987550
7.467024, 6.989631
7.489304, 6.993455
7.510881, 7.000196
7.531376, 7.009734
25981495-e058-4ab3-b8f7-22b9045f4af9
6.830303, 7.349707
6.753600, 7.341003
6.633633, 7.319433
6.501611, 7.285415
6.478892, 7.277969
6.466839, 7.283989
6.443879, 7.280745
6.412461, 7.274732
6.387259, 7.268321
6.372803, 7.273411
6.301120, 7.270809
6.251905, 7.267525
6.202807, 7.262749
6.150614, 7.259176
6.117906, 7.253937
6.069085, 7.243085
406b79b5-ede4-497a-8c9f-64c5bf076939
6.918622, 6.489454
6.990704, 6.505078
7.054945, 6.527443
7.140901, 6.557369
7.186879, 6.573375
7.229922, 6.572513
7.268316, 6.588187
