main root
6.637031, 4.940771
6.506991, 5.231454
6.460616, 5.350547
6.413172, 5.487094
6.359950, 5.595331
6.331319, 5.677524
6.296202, 5.791167
6.265711, 5.897007
6.233475, 5.993621
6.206069, 6.082404
6.180190, 6.180585
6.160639, 6.271263
6.144579, 6.345753
6.130815, 6.423800
6.120009, 6.502310
6.102311, 6.627536
6.083522, 6.700018
6.063329, 6.771953
6.038588, 6.837930
6.024732, 6.883402
6.012532, 6.933705
6.007459, 6.980017
6.002963, 7.048545
6.008992, 7.116713
6.014082, 7.191255
6.021891, 7.275159
6.029797, 7.343955
6.050550, 7.419670
6.060540, 7.478762
6.069790, 7.551442
6.086106, 7.632214
6.094390, 7.715721
6.100276, 7.790212
6.106278, 7.866179
6.118008, 7.960910
6.122321, 8.007923
6.139161, 8.117943
6.147269, 8.190731
6.156898, 8.250169
6.166758, 8.292341
6.190552, 8.354688
6.217707, 8.425854
6.241100, 8.487159
6.234417, 8.579273
6.229976, 8.640500
6.187021, 8.690719
6.159514, 8.751804
6.140786, 8.807968
6.124596, 8.865962
6.119074, 8.907991
6.111727, 8.986870
6.107948, 9.059673
6.108253, 9.111429
6.114721, 9.193550
6.116985, 9.260434
6.095735, 9.387843
6.088501, 9.469038
6.086285, 9.517292
6.077277, 9.566996
6.004603, 9.738137
5.978268, 9.784838
5.956731, 9.841322
5.944134, 9.882763
5.930886, 9.946937
5.918904, 10.004981
5.899943, 10.052413
5.885015, 10.089757
5.874996, 10.130953
5.863192, 10.192155
5.847223, 10.243338
5.831535, 10.303662
5.814477, 10.357370
5.796537, 10.413857
5.781186, 10.472086
5.770338, 10.536710
5.760528, 10.595159
5.753173, 10.657055
5.746180, 10.715906
5.739186, 10.774757
5.734811, 10.836934
5.730651, 10.896054
5.726492, 10.955174
5.722334, 11.014294
5.720952, 11.076612
5.719637, 11.135864
5.721390, 11.191825
5.726265, 11.251846
5.734288, 11.313660
5.741919, 11.372435
5.749549, 11.431211
5.753828, 11.487401
5.754954, 11.541628
5.749693, 11.808373
5.751463, 11.870662
5.746697, 11.913515
5.742798, 11.975707
5.733494, 12.028489
5.728069, 12.093772
5.725902, 12.156047
5.720957, 12.212162
5.721199, 12.277669
5.718418, 12.333935
5.721182, 12.399385
5.717453, 12.452851
5.713335, 12.511955
5.709222, 12.571061
5.721786, 12.649327
5.734610, 12.710306
5.750353, 12.770597
5.753215, 12.805232
5.758098, 12.864277
5.754609, 12.894670
5.750488, 12.956846
5.741134, 13.007506
5.732779, 13.069256
5.719710, 13.121233
5.698742, 13.167786
5.688312, 13.190945
5.691663, 13.289952
5.684586, 13.346843
5.722064, 13.454028
4bfbda96-8441-44dc-8a2a-4d4e0a49d7bd
6.325310, 5.728468
6.193537, 5.845732
6.161664, 5.878102
6.136385, 5.899508
6.104426, 5.922648
6.070134, 5.947475
6.047845, 5.963612
5.985682, 6.011354
5.952106, 6.037140
5.918529, 6.062926
5.885502, 6.084513
5.847461, 6.120106
5.821326, 6.140458
5.787924, 6.166469
5.755564, 6.184077
5.714781, 6.216493
5.682600, 6.234423
5.643994, 6.266213
bc8ea71e-9b36-44dc-9c6b-e24f70e92d9e
6.404254, 5.719837
6.470586, 5.800411
6.502912, 5.841458
6.533584, 5.870726
6.585746, 5.910244
6.626626, 5.941640
6.673344, 5.964983
6.711167, 5.983881
6.748990, 6.002780
6.807841, 6.048075
6.852704, 6.084493
6.905497, 6.119636
8176f07c-ef41-4af4-940d-1ae169f423c5
6.501185, 5.392569
6.449287, 5.394953
6.374473, 5.435756
6.338500, 5.451967
6.309553, 5.465013
6.284897, 5.479409
6.252747, 5.501647
6.230117, 5.517303
6.207710, 5.540083
6.178058, 5.574500
6.157649, 5.602775
a5b12bd8-37d9-4157-9131-a92766d478db
6.129564, 7.910736
6.172193, 7.913034
6384ae01-4fb4-4bb6-bb90-43bb44647fa5
6.082206, 7.862174
6.038761, 7.903289
8aec39db-e4de-44ad-991e-35c73d2d2ca5
6.175835, 8.487811
6.219930, 8.507577
6.271029, 8.520853
6.335352, 8.537677
6.373920, 8.558322
6.403619, 8.575916
6.432068, 8.597990
6.459253, 8.617188
d442e78e-c967-4006-a102-1ea16e11efec
6.108762, 8.845549
6.150694, 8.848097
6.200345, 8.854112
6.242011, 8.865191
6.292178, 8.886273
a162acb8-de6f-4629-9da5-7d7b021a19a1
6.133924, 9.182097
6.167270, 9.182964
6.220210, 9.190328
6.266741, 9.198312
6.311982, 9.212149
4fcc5b67-1bea-479f-98e8-955c9f83840d
5.926260, 10.081376
5.864404, 10.088004
23bbe4dc-ffe5-4b97-a822-09b921c3d79e
5.814180, 10.444725
5.767747, 10.443722
