main root
6.863549, 4.825807
6.838184, 5.044549
6.817065, 5.221889
6.800590, 5.478481
6.777986, 5.676774
6.760706, 5.860023
6.747452, 6.045402
6.712970, 6.283717
6.694679, 6.476478
6.670832, 6.618071
6.668332, 6.731035
6.665808, 6.869328
6.656548, 6.950105
6.651672, 7.011027
6.645610, 7.072162
ccfc523b-8082-4729-a762-517dccbc441b
6.887818, 5.073648
6.940755, 5.110339
6.990737, 5.137303
7.050372, 5.155054
7.129866, 5.176522
7.195918, 5.204826
18a17490-abea-4752-9c46-b2c921a33646
6.826179, 4.865848
6.746795, 4.886680
6.675628, 4.912181
