main root
5.951334, 5.006982
5.822201, 5.255839
5.718915, 5.692784
5.675604, 5.880382
5.657356, 5.958138
5.642443, 6.039801
5.631159, 6.118245
5.622847, 6.197059
5.610962, 6.289692
5.600188, 6.373667
5.585315, 6.442545
5.559101, 6.493033
5.573148, 6.534966
5.581155, 6.636272
5.580181, 6.730715
5.579221, 6.823846
5.571942, 6.917620
5.556275, 7.010768
5.570051, 7.081041
5.564114, 7.160104
5.577135, 7.343747
5.568876, 7.442826
5.554092, 7.519103
5.536773, 7.608457
5.526655, 7.676382
5.523275, 7.739712
5.530533, 7.828398
5.528740, 7.879878
5.520124, 7.945943
5.512186, 8.006811
5.506985, 8.046691
5.460469, 8.275531
5.453286, 8.310769
5.450532, 8.339164
5.452010, 8.385706
5.453330, 8.427879
5.457736, 8.472972
5.455300, 8.509611
5.452352, 8.553962
5.453033, 8.588827
5.464870, 8.658348
5.466845, 8.705619
5.467760, 8.763398
5.468834, 8.831126
5.467001, 8.904371
5.465518, 8.963619
5.462576, 9.021336
5.461966, 9.092126
5.458542, 9.142022
5.453383, 9.195330
5.425197, 9.358541
5.415559, 9.396405
5.407320, 9.440681
5.399589, 9.481909
5.391800, 9.523128
5.383955, 9.564334
5.378434, 9.609029
5.375889, 9.654055
5.370698, 9.692835
5.360267, 9.748210
5.348100, 9.804705
5.334989, 9.872701
5.324537, 9.942720
5.312008, 9.996242
5.301546, 10.047501
5.291388, 10.097270
5.280705, 10.157098
5.264799, 10.254686
5.227403, 10.409246
5.219225, 10.430321
5.226415, 10.453410
5.228050, 10.521236
5.229275, 10.572021
5.230704, 10.631278
5.227535, 10.686152
5.224606, 10.736875
5.218374, 10.792876
5.215785, 10.856732
5.215419, 10.902701
15bd8803-7dcb-4e2f-b96b-4df7dfa12139
5.779154, 5.222688
5.609425, 5.188709
5.523448, 5.160067
5.494486, 5.155904
5.469380, 5.152264
5.449319, 5.161421
5.413220, 5.172962
5.372129, 5.187670
5.323401, 5.206702
5.287334, 5.225608
5.240457, 5.246845
5.187943, 5.280816
5.153564, 5.299491
5.111986, 5.318668
5.051931, 5.343414
4.980524, 5.359924
4.941932, 5.376529
4.920948, 5.380670
4.888910, 5.385469
4.854169, 5.392189
4.824483, 5.393360
4.786343, 5.399360
4.760404, 5.401928
4.737045, 5.399729
4.602601, 5.371676
4.574782, 5.361281
4.561521, 5.370129
4.538879, 5.368643
4.487148, 5.366747
4.440035, 5.362026
4.382699, 5.354775
4.348672, 5.348963
85752899-1d73-4965-a031-46fda9233cf2
5.549914, 7.276395
5.635377, 7.385737
5.663302, 7.431015
5.701350, 7.488201
