main root
6.263338, 4.686379
6.210695, 5.057786
6.177506, 5.203104
6.167916, 5.298796
6.150590, 5.381633
6.120985, 5.471796
6.102292, 5.562439
6.071516, 5.685245
6.046062, 5.804148
6.023021, 5.911779
6.002037, 6.019908
5.988954, 6.120629
5.980160, 6.204431
5.991574, 6.271787
5.952992, 6.360947
5.944429, 6.404566
5.934182, 6.510934
5.944258, 6.669620
5.937994, 6.736948
5.932254, 6.821025
5.922291, 6.906061
5.918677, 6.988383
5.907221, 7.044570
5.899004, 7.129824
5.880923, 7.192600
5.860715, 7.251948
5.847899, 7.317443
5.844823, 7.379912
5.846762, 7.462288
5.845491, 7.535540
5.841227, 7.608679
5.833977, 7.681581
5.825638, 7.735175
5.840197, 7.849008
5.843163, 7.919408
5.849488, 7.998401
5.855570, 8.074352
5.857583, 8.137015
5.884822, 8.244808
5.907124, 8.320849
5.921136, 8.389904
5.936286, 8.464578
5.958493, 8.543927
5.971647, 8.613152
5.989370, 8.690389
6.013585, 8.769150
6.028496, 8.838017
6.038174, 8.932422
6.035262, 9.027769
6.033476, 9.155037
6.027736, 9.292278
6.021271, 9.425793
6.004290, 9.561159
5.999896, 9.680934
5.991940, 9.782466
5.986780, 9.875239
5.990076, 9.950756
5.987333, 9.990873
5.983486, 10.025176
5.972313, 10.157409
5.959784, 10.216794
5.970996, 10.291721
5.975659, 10.430042
5.978997, 10.529043
5.969648, 10.628566
5.955152, 10.737646
5.930761, 10.808748
5.901844, 10.906080
5.872509, 11.012250
5.847510, 11.110669
5.822495, 11.209148
5.801663, 11.299704
5.782684, 11.382210
5.765601, 11.456473
5.748517, 11.530738
5.726366, 11.636469
5.709725, 11.679400
5.712075, 12.194905
5.707864, 12.256054
5.699042, 12.318831
5.690891, 12.387590
5.676369, 12.446534
5.654692, 12.503236
5.651459, 12.508417
5.647723, 12.631547
5.647120, 12.700784
5.648015, 12.770018
5.659502, 12.848079
5.638299, 12.882167
5.635316, 12.979913
5.639184, 13.057112
5.639436, 13.062134
b4c4aa06-8082-4f50-b4bb-42574a984664
6.251163, 4.963981
6.382470, 5.059987
6.409099, 5.081601
6.440660, 5.086148
6.493964, 5.089263
6.512054, 5.112838
6.590023, 5.172675
6.634548, 5.236817
6.668929, 5.323614
6.683356, 5.364100
6.725209, 5.457161
6.747811, 5.688949
6.755426, 5.762871
6.756025, 5.823163
6.757170, 5.897469
6.750711, 5.964001
6.747606, 6.042467
6.740275, 6.120712
6.733427, 6.161708
6.703979, 6.234423
6.674433, 6.337093
6.647217, 6.399185
6.631070, 6.436013
6.607519, 6.503527
6.591871, 6.584725
6.575078, 6.656018
6.557610, 6.730165
6.542560, 6.794030
6.536530, 6.832650
6.534663, 6.883403
6.540507, 6.968837
6.535383, 7.078575
6.538027, 7.238963
6.550236, 7.338307
6.547775, 7.456664
6.581862, 7.621710
6.596614, 7.703388
6.598311, 7.746468
6.602781, 7.821931
6.589574, 7.908151
6.579085, 7.946970
6.559307, 8.008691
6.539929, 8.088782
6.523113, 8.164649
6.509594, 8.232561
6.502105, 8.297756
c68bad09-44ab-43e5-93eb-1e6a2e99418b
6.242053, 4.898126
6.111499, 4.904415
5.988484, 4.946405
5.941864, 4.949664
5.931415, 4.976639
5.876508, 5.017566
5.826417, 5.058431
5.681055, 5.167679
5.640155, 5.200292
5.601629, 5.221443
5.560066, 5.235723
5.544121, 5.257240
5.500686, 5.281380
5.402949, 5.344113
5.333736, 5.390998
5.277485, 5.414864
5.206504, 5.444981
5.127389, 5.480846
5.080306, 5.511298
5.016328, 5.552678
4.954123, 5.592911
4.899913, 5.624406
4.779136, 5.715545
4.737482, 5.743228
4.698608, 5.761878
4.629914, 5.794837
4.525189, 5.821194
4.444655, 5.853810
4.373308, 5.895624
4.308643, 5.930051
4.239544, 5.977014
4.186464, 6.007659
4dca18c7-8214-407f-b77c-1c10d51c314f
6.246584, 4.811618
6.145100, 4.829252
6.102019, 4.858141
6.070280, 4.878857
6.033953, 4.885937
6.040889, 4.907908
5.688038, 5.081313
5.640609, 5.112429
5.576484, 5.144504
5.514683, 5.173744
5.458996, 5.193081
5.371569, 5.237579
5.306295, 5.264081
5.239004, 5.284939
5.215539, 5.329917
5.086300, 5.378794
5.020141, 5.410523
4.956959, 5.445804
4.899670, 5.477795
4.853639, 5.500548
4.761960, 5.560500
4.689880, 5.605039
4.618211, 5.649325
4.504581, 5.736916
4.429734, 5.781403
4.355812, 5.822813
4.304130, 5.861262
4.242994, 5.906745
4.182474, 5.948039
4.137383, 5.976259
4.092723, 5.995510
8bc5ba40-f9db-46b4-9dac-b3c6483c7282
6.269988, 4.802449
6.140360, 4.773181
6.098658, 4.790384
5.690308, 4.899857
64b8e9fb-d302-435c-981a-cc310fabc7ea
6.068374, 8.949499
6.123409, 8.955341
6.233993, 9.011420
6.318119, 9.039228
6.384780, 9.065992
6.435939, 9.094597
6.517149, 9.144852
6.570363, 9.183063
6.616114, 9.227458
6.669414, 9.274636
6.726092, 9.324894
6.787769, 9.367676
6.849975, 9.410907
6.907976, 9.454941
6.964076, 9.501373
7.022484, 9.549716
7.085202, 9.597651
7.133800, 9.683375
7.203040, 9.787824
7.220127, 9.832369
7.248255, 9.897338
7.267288, 9.951888
7.279001, 9.999090
ee5ac054-6f87-4c17-8925-1b46826b3b1f
5.989051, 6.282087
5.930318, 6.358225
5.909728, 6.382282
5.887943, 6.405262
5.865017, 6.427106
5.840800, 6.456539
5.823649, 6.465665
5.772812, 6.518350
5.749909, 6.537774
5.717798, 6.563046
5.684782, 6.587124
5.627389, 6.615699
5.572993, 6.646127
5.520691, 6.677097
5.483494, 6.695644
5.446950, 6.710521
5.407743, 6.726481
5.368851, 6.745545
5.338972, 6.763524
5.255761, 6.816048
5.210295, 6.846956
5.175297, 6.870744
5.152540, 6.886209
5.129947, 6.908800
5.100021, 6.942953
5.054844, 6.994557
5.033790, 7.016334
5.011614, 7.032811
4.970837, 7.063110
4.938865, 7.085001
4.880411, 7.110257
4.874581, 7.112775
4.838675, 7.150551
4.835361, 7.169473
4.830285, 7.224463
4.815080, 7.264090
4.803500, 7.285914
4.785392, 7.313652
4.769916, 7.334622
4.755148, 7.357152
60aa1839-7ffb-4fdf-88be-4519fff403de
6.012838, 5.946647
5.961023, 5.998664
5.895539, 6.030929
5.858247, 6.047636
5.821546, 6.064078
5.796434, 6.075327
5.771746, 6.089665
5.699381, 6.164949
5.674319, 6.184541
5.639557, 6.209816
5.611445, 6.224705
5.567172, 6.246458
5.519525, 6.274871
5.475373, 6.302943
5.432911, 6.335263
5.386582, 6.376168
5.349957, 6.410503
5.326658, 6.436449
5.268568, 6.501415
5.240431, 6.532883
5.212177, 6.562237
5.177071, 6.605185
5.144710, 6.642408
5.111232, 6.678636
5.076588, 6.711714
5.045969, 6.740950
5.003103, 6.781879
4.960285, 6.820692
4.911359, 6.871104
4.864250, 6.923941
4.824810, 6.968177
4.785244, 7.010304
4.750464, 7.047336
4.720099, 7.081852
4.697008, 7.119430
94f9c0cb-b4a4-4679-bbf7-ef503de2d9a7
6.176282, 5.442313
6.239847, 5.465844
6.296587, 5.476695
6.415651, 5.518314
6.484040, 5.539031
6.560451, 5.562853
6.667071, 5.626653
6.729375, 5.663327
6.828708, 5.725611
6.862509, 5.748572
6.891289, 5.773550
6.934391, 5.805011
6.977516, 5.834637
7.021471, 5.863017
7.066221, 5.890129
7.105804, 5.915860
7.140113, 5.945304
7.180177, 5.973770
7.237476, 6.012646
7.264520, 6.036420
7.302673, 6.069961
7.336578, 6.097776
7.373746, 6.130201
7.392369, 6.148435
21f1f21c-0e15-427f-b817-7d9e85ae3289
6.113936, 5.406918
6.010933, 5.398205
5.967666, 5.397512
5.892938, 5.411634
5.832592, 5.433701
5.749282, 5.459865
5.670052, 5.486074
5.599628, 5.506217
5.527414, 5.525315
5.430429, 5.555340
5.369867, 5.580358
5.316807, 5.581113
5.142911, 5.632408
5.096215, 5.646185
5.052648, 5.628334
4.580467, 5.829300
7a341b8e-e81f-44ef-9cbf-c00e63d5960a
6.224823, 5.165150
6.145523, 5.159679
6.014739, 5.211202
5.918108, 5.222261
5.818469, 5.222040
5.712431, 5.214405
2cf8624a-95d0-4310-8e6f-8d0de4dec6c0
6.093208, 9.222605
6.131072, 9.234154
6.177950, 9.251581
6.260364, 9.303968
6.334996, 9.390610
6.357367, 9.428117
6.376474, 9.451472
6.405513, 9.479951
6.443653, 9.515320
6.482766, 9.549612
6.514373, 9.583354
6.550979, 9.620310
6.695205, 9.750845
20cde0dc-71a6-445b-be5e-deadcd452b24
6.060932, 9.459816
6.123689, 9.467865
6.217892, 9.523416
6.257653, 9.560984
6.286878, 9.588602
6.291493, 9.592963
6.381360, 9.611388
6.447018, 9.623695
6.509810, 9.636989
6.586859, 9.642215
6.652036, 9.693395
6.677875, 9.718929
6.710543, 9.764078
6.731759, 9.790217
68efeca4-70b5-4471-8062-0521e0025e0b
6.104485, 5.591352
6.037031, 5.991535
5.922433, 6.218767
5.879641, 6.268157
5.851920, 6.300151
5.824501, 6.336368
5.801332, 6.354573
5.779695, 6.371574
5.754226, 6.395393
5.723307, 6.424310
5.699976, 6.450228
5.681901, 6.477022
2937a29f-755f-41b3-8282-284544767cdf
6.049943, 9.812898
6.116684, 9.836194
6.180161, 9.843325
6.206748, 9.850830
6.247289, 9.862274
6.275998, 9.871935
6.315988, 9.897437
e1e49295-d5a9-4ddb-8b6f-4f0f678de125
6.047443, 9.382459
6.168254, 9.435370
6.203934, 9.480184
6.219189, 9.504466
