main root
6.164872, 5.334794
6.210595, 5.585050
6.236579, 5.684875
6.220589, 5.776133
6.208018, 5.931374
6.177333, 6.073999
6.163087, 6.179182
6.159279, 6.268370
6.155215, 6.363533
6.153138, 6.412172
6.178669, 6.527730
6.191455, 6.585597
6.197476, 6.626722
6.199293, 6.659799
6.198348, 6.697131
6.191175, 6.743895
6.180938, 6.800766
6.172854, 6.862567
6.170217, 6.905799
6.171347, 6.936435
6.195636, 7.042633
6.226776, 7.111637
6.233363, 7.187981
6.241700, 7.249729
6.242897, 7.303308
6.247287, 7.365464
6.244924, 7.416925
6.245065, 7.479235
6.242151, 7.512237
6.234227, 7.568007
6.230983, 7.633431
6.228054, 7.692603
6.212154, 7.729359
ac3c3aed-9caf-4f51-ab57-0d45c4d3639b
6.232400, 5.478724
6.376762, 5.659836
6.479795, 5.826382
6.588193, 6.008596
540ebd11-ce18-4b23-b21a-0d108d61f322
6.240570, 5.669604
6.306008, 5.741321
6.333322, 5.787906
6.523877, 5.917744
6.601251, 6.027092
6.645665, 6.086206
6.669395, 6.151231
d5dfdc86-c631-44b1-960f-2f2f5a9079b3
6.210506, 5.551644
6.162077, 5.875677
6.171304, 6.074632
6.179518, 6.116503
