main root
7.304743, 5.364903
7.232270, 5.643852
7.362777, 5.875818
7.553773, 5.936412
7.622555, 6.071865
7.586999, 6.260536
7.509875, 6.433931
7.434723, 6.564412
7.362783, 6.671467
7.195669, 6.803414
7.068264, 6.883846
7.029292, 6.972282
6.989455, 7.064971
6.943893, 7.193958
6.896932, 7.390062
6.831252, 7.705456
6.809313, 7.999791
6.792172, 8.335007
6.768211, 8.681261
6.770874, 9.040105
6.763086, 9.348226
6.747931, 9.692901
6.775497, 9.962069
6.811548, 10.355580
6.844069, 10.665984
6.858839, 10.814048
6.858987, 10.900260
6.859100, 10.965877
6.855332, 11.022964
7d914511-ea96-4a9e-9553-9480e6f3ec9f
6.709560, 7.757601
6.595388, 7.837064
6.534047, 7.866711
6.447448, 7.912108
6.402654, 7.925953
6.331827, 7.944710
6.253908, 7.971539
6.185567, 7.988738
6.110582, 8.009152
6.025585, 8.027908
5.976906, 8.040183
a0e5bcbd-627a-4ec8-b1ba-922b80211b4f
7.023602, 7.351163
7.104890, 7.356508
7.190289, 7.370594
7.225427, 7.374873
7.269189, 7.386233
7.317239, 7.390975
7.355625, 7.396268
7.383703, 7.403161
7.423005, 7.414351
7.470015, 7.429291
7.516137, 7.440808
7.566521, 7.447219
7.625312, 7.454699
7.680331, 7.463207
7.714184, 7.469957
7.739093, 7.474924
c6acab44-fb7a-4c2d-aebf-01dc55f80481
7.467993, 6.675046
7.507679, 6.743262
7.553135, 6.814020
7.592190, 6.875995
7.630729, 6.939311
7.685318, 7.024926
7.730838, 7.096318
7.773871, 7.161028
7.807769, 7.222809
7.850836, 7.305678
7.891524, 7.379472
7.927570, 7.457732
7.966404, 7.532135
7.997624, 7.598417
8.038060, 7.670217
8.090201, 7.767115
8.133574, 7.838961
8.168843, 7.903180
8.201460, 7.968786
8.248542, 8.068240
8.289849, 8.140957
8.322654, 8.219698
8.355214, 8.297853
8.390391, 8.370612
8.425558, 8.439913
8.473384, 8.529484
8.513414, 8.614374
8.545263, 8.681914
8.573129, 8.748024
8.604049, 8.854074
8.637934, 8.940230
8.673895, 9.025915
8.708409, 9.102791
8.746520, 9.177553
8.777100, 9.244132
8.808901, 9.313376
8.840702, 9.382621
8.876471, 9.453337
8.914886, 9.522652
8.951823, 9.589300
8.988762, 9.655948
9.037906, 9.726095
9.064788, 9.774900
9.106264, 9.858922
9.137989, 9.926574
9.173934, 10.003224
9.199099, 10.056886
9.222272, 10.109828
9.245155, 10.167280
9.256526, 10.199873
9707ce8c-9906-4044-acf5-b94ddbca6516
7.673179, 6.252428
7.740322, 6.295868
7.789319, 6.334212
7.855716, 6.380379
7.945245, 6.444338
8.024700, 6.498064
8.085191, 6.540774
8.140635, 6.585416
8.218504, 6.650830
8.274587, 6.694034
8.326149, 6.735644
8.405215, 6.799450
8.458199, 6.847978
8.522848, 6.899072
8.595242, 6.944842
8.663779, 6.984630
8.693178, 7.015537
8.758392, 7.071066
8.820629, 7.120127
8.876268, 7.167797
8.938355, 7.217048
8.993845, 7.264888
9.064221, 7.313705
9.153416, 7.378150
9.219429, 7.433520
9.282277, 7.491648
9.342447, 7.543223
9.396082, 7.593137
9.462999, 7.658287
9.503060, 7.705647
9.552277, 7.763829
9.589575, 7.819509
9.646122, 7.903926
9.684375, 7.966409
9.722101, 8.030898
9.775184, 8.117451
9.811715, 8.196849
9.850519, 8.271263
9.883042, 8.360932
9.920490, 8.445670
9.952991, 8.524345
9.978993, 8.614310
10.004375, 8.694658
10.024326, 8.778465
10.045851, 8.859925
10.061789, 8.944608
10.078521, 9.044936
10.090473, 9.129219
10.108343, 9.210916
10.124498, 9.294479
10.140569, 9.377606
10.155030, 9.452415
10.170686, 9.544478
10.180315, 9.610038
10.188461, 9.675796
10.195043, 9.745791
10.195547, 9.783131
584f862d-326b-4568-a5df-24c24b02c181
6.964944, 7.120768
6.743195, 7.184852
6.690903, 7.214044
6.607520, 7.255302
6.490464, 7.326515
6.455415, 7.344125
6.431449, 7.359638
6.407464, 7.378728
6.373872, 7.409286
6.342366, 7.441994
6.312886, 7.466125
6.273364, 7.500412
6.234839, 7.535814
6.169776, 7.602903
0f4dc7f6-6049-453f-af9a-dca31b05e6e0
7.274264, 6.692755
7.172457, 6.780483
6.870549, 6.856990
6.814682, 6.852292
6.735412, 6.851099
6.654066, 6.851240
6.524831, 6.824131
6.434280, 6.798690
6.365326, 6.790241
6.277485, 6.787980
6.167120, 6.791489
6.081515, 6.790062
5.987591, 6.780080
5.894940, 6.763887
5.808305, 6.757335
5.715519, 6.752428
5.652596, 6.744604
5.583704, 6.737547
5.526852, 6.731723
5.430122, 6.770402
5.279908, 6.754160
b7067944-53ad-42bd-843e-21d183fc4140
7.551661, 6.136282
7.501902, 6.161015
7.424118, 6.206984
7.378742, 6.232998
7.351333, 6.248997
7.279316, 6.309243
7.233727, 6.349332
7.197574, 6.375143
7.122469, 6.418571
7.058686, 6.448537
7.000951, 6.499113
6.924571, 6.564858
6.873714, 6.602709
6.819076, 6.645240
6.755790, 6.686617
6.677474, 6.725432
6.587452, 6.772411
6.520285, 6.795530
92a438b2-4541-4575-92c8-be9972ed2b5d
7.538847, 6.045138
7.463003, 6.070363
7.394302, 6.100530
7.322564, 6.127970
7.273456, 6.139020
7.203642, 6.148593
7.128148, 6.158944
7.035357, 6.169544
6.968063, 6.177231
6.900769, 6.184918
6.805865, 6.185174
6.704678, 6.196023
6.635529, 6.205565
02805a57-7137-40e7-82d0-79775db06163
7.471036, 5.936573
7.323489, 5.956796
7.144325, 5.990410
7.029429, 6.017646
6.892697, 6.069805
6.836729, 6.082847
6.776868, 6.088690
6.527693, 6.263256
6.388963, 6.325641
6.309376, 6.353184
6.237365, 6.378106
6.167205, 6.399218
6.076574, 6.449607
5.929135, 6.530339
5.821452, 6.587074
5.747379, 6.626101
5.660228, 6.662508
5.572234, 6.694710
5.484772, 6.726717
5.415004, 6.761209
5.342954, 6.820295
5.272313, 6.842670
5.211583, 6.884101
5.141826, 6.918009
5.033592, 6.958959
4.948314, 6.986752
4.866618, 7.019977
4.787012, 7.050112
4.712350, 7.087246
4.644796, 7.119173
4.553914, 7.164466
4.491272, 7.200702
4.444921, 7.229242
4.403713, 7.251780
613134ab-bbdc-4696-a96c-6bd075a23203
7.166652, 5.279611
7.105523, 5.250518
7.024554, 5.207336
6.950934, 5.170457
6.901380, 5.150656
6.846447, 5.136764
6.766859, 5.114456
6.733670, 5.100490
c7b27976-8c57-4a2b-9947-9eed1a0b002f
7.122787, 5.362729
7.034523, 5.458581
6.829821, 5.512800
6.647236, 5.616376
6.532033, 5.719233
6.509768, 5.718754
6.471192, 5.720002
6.461928, 5.737975
6.395444, 5.776699
6.352611, 5.803380
6.319059, 5.822131
6.295283, 5.840186
6.272571, 5.862660
6.237771, 5.898738
6.203898, 5.939850
6.172942, 5.977423
6.136517, 6.004379
6fd45238-84f0-42c2-9399-d7a293d51191
7.065433, 5.617633
6.941796, 5.578574
6.736275, 5.486564
6.489052, 5.428931
6.281635, 5.385506
6.077364, 5.373224
5.777730, 5.352152
5.661878, 5.344778
5.629679, 5.341227
5.604432, 5.338442
5.482484, 5.361095
5.449195, 5.367279
5.359880, 5.403190
5.259191, 5.405640
5.204577, 5.401259
20e728b3-bb27-46aa-8456-443f6e9e729d
7.156323, 5.530768
6.675294, 5.475277
6.636853, 5.326911
6.569078, 5.270195
6.440151, 5.244808
6.287623, 5.258163
6.209408, 5.296251
6.054889, 5.378677
5.876976, 5.443033
5.722435, 5.506662
5.570060, 5.572395
5.497654, 5.601150
5.414410, 5.625610
5.326691, 5.655770
5.254630, 5.680546
5.176999, 5.716732
5.107932, 5.748927
4.927670, 5.803559
4.748551, 5.880423
4.499731, 5.977897
4.376026, 6.025302
4.237322, 6.087120
4.096987, 6.160882
3.946079, 6.229227
3.804874, 6.279626
3.639449, 6.343112
3.445823, 6.431202
3.289690, 6.506545
3.202940, 6.552914
3.114816, 6.587719
2.999430, 6.572633
2.922200, 6.577358
2.804011, 6.578247
2.719352, 6.578885
2.627236, 6.587992
2.534992, 6.599226
2.451624, 6.611468
2.367852, 6.623769
2.306255, 6.638865
2.251441, 6.649496
5d710375-e97f-41ae-9944-ea8af0893b99
7.103932, 5.525897
6.834954, 5.514015
6.076632, 5.370949
5.816968, 5.404906
5.706246, 5.433814
5.597259, 5.471733
5.506555, 5.496610
5.423947, 5.517117
5.343598, 5.541336
5.267893, 5.572943
5.194772, 5.612643
5.103807, 5.676478
5.013710, 5.739705
4.875246, 5.826104
4.774354, 5.871600
4.633860, 5.925926
4.475175, 5.987224
4.333383, 6.041393
4.212371, 6.100060
4.070356, 6.173464
3.910736, 6.242061
3.723524, 6.305554
3.563646, 6.373811
3.395859, 6.453569
3.226141, 6.538657
3.115689, 6.589311
2.969754, 6.715179
2.916067, 6.747517
2.825559, 6.794625
2.718768, 6.845453
2.631323, 6.880084
2.552604, 6.911258
2.464029, 6.941812
2.376895, 6.974093
2.299735, 7.007103
2.212015, 7.040054
2.125792, 7.074689
2.047230, 7.106248
1.976523, 7.134651
1.905816, 7.163055
1.851122, 7.188252
1.784749, 7.225421
1.718961, 7.265693
1.682681, 7.294923
1.643519, 7.319294
9ea667e3-a64a-4881-82ea-277ad6326ee6
7.597346, 5.362127
7.709359, 5.346557
7.793565, 5.337625
7.904342, 5.334323
7.997438, 5.331615
8.075061, 5.327860
8.145484, 5.330447
8.193006, 5.329195
8.234805, 5.322106
8.318511, 5.297282
8.373302, 5.281031
8.428691, 5.275377
8.542625, 5.289818
8.611531, 5.304584
8.691691, 5.294424
8.767289, 5.284841
8.851598, 5.271401
8.919397, 5.260593
9.116222, 5.267672
9.251334, 5.254260
9.351482, 5.250886
9.416436, 5.242696
9.467343, 5.233247
9.543034, 5.244978
9.604959, 5.251533
9.673712, 5.249767
9.700360, 5.272409
9.800336, 5.293127
9.891931, 5.307812
9.948737, 5.318435
10.003506, 5.331721
10.064721, 5.343489
10.115915, 5.359427
10.165012, 5.380980
10.223228, 5.403267
10.274715, 5.426183
10.336768, 5.447248
10.366623, 5.454220
10.388068, 5.487527
10.468068, 5.541230
10.537559, 5.590375
10.605833, 5.641202
10.690934, 5.696643
10.761105, 5.744833
10.834199, 5.784967
10.915034, 5.831751
11.001983, 5.884518
11.089866, 5.935378
11.177804, 5.986269
11.255014, 6.040673
11.329108, 6.098027
11.403853, 6.153226
11.472850, 6.201602
11.544705, 6.244385
11.618143, 6.285697
11.693880, 6.321165
11.765167, 6.346285
11.841735, 6.393026
11.893373, 6.429808
11.950624, 6.468753
11.988242, 6.508825
12.039497, 6.556866
12.101608, 6.602772
12.135789, 6.635480
12.190849, 6.688168
12.233206, 6.741128
12.286161, 6.799213
12.311560, 6.840953
14d7465c-6658-4d6a-92ed-c5f20713e66c
7.481036, 5.492360
7.586687, 5.508644
7.638674, 5.508463
7.722669, 5.495368
7.803770, 5.495498
7.888012, 5.493560
7.957193, 5.490471
8.011486, 5.486548
8.085972, 5.473663
8.198521, 5.447117
8.255127, 5.449570
8.335366, 5.452432
8.384655, 5.453575
8.502477, 5.435474
8.579973, 5.425083
8.660981, 5.411820
8.734160, 5.406529
8.783727, 5.435341
8.820803, 5.402806
8.910602, 5.356881
9.021167, 5.306100
15a3a29c-41ae-4ce8-801f-4539663f6c90
7.673902, 5.941585
7.778036, 5.968344
7.845611, 5.988761
7.887438, 6.015317
7.963465, 6.051282
8.041004, 6.083374
8.117281, 6.110084
8.185327, 6.140635
8.243163, 6.169884
8.297577, 6.202433
8.385782, 6.252730
8.459988, 6.292658
8.532722, 6.338859
8.604945, 6.382277
8.694614, 6.444368
8.766735, 6.489252
8.847625, 6.534638
8.896699, 6.569037
8.936564, 6.596981
