main root
6.900101, 4.400852
6.859186, 4.561084
6.826529, 4.781636
6.797565, 5.026828
6.782163, 5.192466
6.776323, 5.344259
6.773737, 5.493352
6.767309, 5.622121
6.760134, 5.765878
6.752959, 5.909637
6.759130, 6.038720
6.765194, 6.165582
6.769254, 6.318897
6.770367, 6.440481
6.777503, 6.526967
6.787840, 6.561235
6.776865, 6.601514
6.783924, 6.803466
6.790935, 6.875486
6.795863, 6.941554
6.797881, 6.988720
6.789755, 7.032587
6.772007, 7.073518
6.713779, 7.129536
6.682054, 7.234647
6.663763, 7.279710
6.639797, 7.372768
6.624426, 7.414445
7523e982-e368-43e0-961e-aeb579d27b62
6.775362, 4.699099
6.699681, 4.710434
6.597537, 4.733801
6.556081, 4.746357
33453da8-e6e7-4e6f-8692-7d39eeb3df9d
6.882212, 4.823724
6.958619, 4.874741
7.002153, 4.902168
7.022302, 4.914816
7.043815, 4.928320
