main root
7.197617, 5.979875
7.267738, 6.173089
7.333864, 6.374032
7.402003, 6.601907
7.449622, 6.765648
7.471875, 6.879979
7.507940, 7.005363
7.530169, 7.113267
7.546127, 7.222194
7.558402, 7.305971
7.571904, 7.398125
7.583355, 7.490809
7.597906, 7.591307
7.606052, 7.676537
7.619058, 7.768376
7.628018, 7.861654
7.636923, 7.954363
7.647901, 8.046637
7.653628, 8.148512
7.666570, 8.230885
7.668776, 8.326248
7.677221, 8.418495
7.682916, 8.503423
7.689711, 8.604791
7.688613, 8.714954
7.683284, 8.824867
7.688510, 8.935597
7.690372, 9.097484
7.687678, 9.227502
7.676672, 9.353229
7.661462, 9.478847
7.650300, 9.605965
7.641258, 9.732932
7.626560, 9.850215
7.605607, 9.966529
7.578452, 10.081560
7.549203, 10.196273
7.522696, 10.338007
7.502402, 10.457970
7.487931, 10.531086
7.478960, 10.627188
7.462746, 10.819330
7.460344, 10.947655
7.453781, 11.074013
7.420553, 11.260309
7.419988, 11.474938
7.417769, 11.536815
7.412988, 11.586600
7.432455, 11.733799
7.435481, 11.779489
7.432053, 11.818265
7.426837, 11.877292
7.424341, 11.939565
7.419097, 11.995665
7.413582, 12.054666
7.410771, 12.116923
7.410955, 12.179244
7.405096, 12.221961
7.399606, 12.284042
7.392228, 12.333510
7.380969, 12.388718
7.369130, 12.446782
7.354959, 12.501315
7.333621, 12.547711
7.337572, 12.580704
7.329276, 12.628943
7.262033, 12.870374
7.247511, 12.961703
7.226242, 13.095482
7.199682, 13.236122
7.182879, 13.373484
5.737312, 13.398289
b7ba794e-91c8-4d48-8d7b-cf9e8d637847
7.285491, 6.251328
7.104418, 6.328355
6.994234, 6.366049
6.932575, 6.389362
6.671049, 6.536943
6.604138, 6.576421
6.540113, 6.608981
6.448523, 6.653188
6.374841, 6.693356
6.308533, 6.727798
6.269087, 6.748288
6.190399, 6.775980
6.120373, 6.797446
6.092853, 6.823358
6.050748, 6.845681
5.963686, 6.882317
5.875778, 6.914744
5.784600, 6.939410
5.694704, 6.963729
5.617990, 6.989134
5.557818, 7.012214
5.510995, 7.025364
5.229139, 7.065958
5.178896, 7.073194
4.880558, 7.116495
4.834129, 7.118688
4.807339, 7.121445
4.767544, 7.130047
4.722956, 7.141210
4.695051, 7.152824
5f8e74ad-29e6-49f1-b041-65e4e376289c
7.347929, 6.434969
7.124313, 6.585134
7.004012, 6.640770
6.947357, 6.673581
6.864135, 6.701422
6.811767, 6.712641
6.751576, 6.728611
6.692225, 6.747466
6.633853, 6.769164
6.589975, 6.782294
6.546304, 6.784446
6.482268, 6.808513
6.412712, 6.831453
6.352514, 6.854455
6.277903, 6.889368
6.167912, 6.935108
6.115512, 6.947734
6.022804, 6.963583
5.940883, 6.981795
5.867636, 6.996545
5.808096, 7.013116
5.756159, 7.022910
5.376610, 7.058316
5.204898, 7.091842
4.881746, 7.135933
e3de76d3-a53f-4ac9-8ae7-b086ea748af6
7.366875, 6.599094
7.334895, 6.654643
7.307988, 6.700921
7.260247, 6.767256
7.194547, 6.818628
7.192410, 6.834525
7.082922, 7.014052
7.061884, 7.054299
7.041014, 7.087765
7.021016, 7.114169
7.020524, 7.130537
7.000263, 7.189819
6.983263, 7.234007
6.969930, 7.289511
6.940983, 7.349303
6.928297, 7.372070
6.869720, 7.421184
6.861123, 7.444612
6.850185, 7.474419
6.833028, 7.604002
8d4fecd7-14a1-448a-855d-4d41c106b546
7.472807, 6.890409
7.424467, 6.913056
7.361524, 6.918456
7.214824, 6.947622
7.157524, 6.949858
7.075712, 6.959058
7.006686, 6.959290
6.962253, 6.959423
6.883703, 6.979188
6.761354, 6.991183
6.677460, 7.008431
6.602825, 7.023775
6.533161, 7.022643
6.453932, 7.024348
6.383612, 7.019873
6.336075, 7.019846
6.281401, 7.025800
6.157786, 7.047506
6.110181, 7.046179
6.014277, 7.002138
5.881565, 6.991996
5.692312, 6.993358
5.445381, 7.048107
205f1e64-01d9-499d-9f51-2c8949f1ede1
7.691005, 8.458639
7.613980, 8.522885
7.581946, 8.545677
7.559531, 8.561601
7.539176, 8.574223
7.466422, 8.606802
7.437780, 8.614708
7.406184, 8.621875
7.372034, 8.631155
7.340409, 8.638196
7.309418, 8.645098
7.213377, 8.707962
7.192558, 8.719805
7.164806, 8.730421
7.128865, 8.752187
7.108653, 8.759179
6.953526, 8.848659
6.932070, 8.859312
6.909993, 8.868610
6.879606, 8.879788
6.850512, 8.885713
6.817357, 8.892464
6.709100, 8.930481
6.641053, 8.963440
6.577157, 8.987738
6.526829, 9.008477
6.481850, 9.016636
55084672-7f77-4445-ad31-101fc4d20133
7.208937, 6.179476
6.987959, 6.442656
6.959799, 6.483252
6.936554, 6.522080
6.894752, 6.556646
6.766000, 6.814396
6.738111, 6.851234
6.712048, 6.880699
6.683818, 6.908067
6.653506, 6.937451
6.549513, 7.093470
6.533418, 7.112202
6.534679, 7.132448
6.511693, 7.198795
6.491137, 7.248988
6.475896, 7.286204
6.450323, 7.321698
6.269796, 7.612082
6.224813, 7.625493
6.158308, 7.654198
6.087652, 7.686326
6.017630, 7.719809
5.959842, 7.744123
b27d5320-fea7-41f4-ab66-7553eb7b2d6a
7.241442, 6.230458
7.100341, 6.324165
6.937712, 6.375913
6.779935, 6.445828
6.646598, 6.483143
6.542219, 6.512354
6.450141, 6.531569
6.380926, 6.543896
6.346711, 6.548469
6.228607, 6.570003
6.149441, 6.590735
6.065660, 6.608388
5.972537, 6.621560
5.888001, 6.631423
5.804571, 6.643245
5.721449, 6.657118
5.638691, 6.673032
5.556355, 6.690978
5.508789, 6.701345
5.265372, 6.718141
5.199253, 6.721193
5.159039, 6.727534
5.093440, 6.736355
5.022523, 6.750411
4.954967, 6.765316
4.887747, 6.781669
4.825295, 6.792230
4.759379, 6.804885
4.703856, 6.820106
4.635450, 6.843504
4.570489, 6.867295
4.506053, 6.892479
4.443874, 6.915162
4.379407, 6.940262
4.317198, 6.962866
4.282489, 6.977059
5a8c25ad-cec2-4ce7-b9de-3c2c9dee5b28
7.724642, 8.867946
7.794875, 8.879130
7.819947, 8.883133
7.851877, 8.882179
7.914411, 8.866951
7.946072, 8.863860
7.993939, 8.862196
8.051728, 8.861687
8.101041, 8.862747
8.151829, 8.863841
8.199728, 8.872248
8.279524, 8.868744
8.305590, 8.869093
8.329475, 8.870904
8.353202, 8.874202
8.373300, 8.881521
8.407022, 8.892205
8.441166, 8.901449
8.475673, 8.909235
8.514056, 8.913287
8.549360, 8.915505
8.584725, 8.916224
8.620090, 8.915441
8.652465, 8.916215
8.684768, 8.918481
8.720129, 8.919456
8.755498, 8.918929
8.781542, 8.920034
8.807479, 8.922628
8.834162, 8.929805
8.868680, 8.937536
8.899919, 8.946063
8.934409, 8.953921
8.965617, 8.962563
9.000077, 8.970550
9.031252, 8.979307
9.065684, 8.987420
9.094273, 8.992615
9.117528, 8.998358
bab8c620-a0fd-4b3a-ba40-5fd102456ef8
7.637596, 8.951277
7.588791, 9.007462
7.574267, 9.023631
7.547165, 9.049279
7.541740, 9.069118
7.519625, 9.117313
7.514184, 9.154288
7.509348, 9.218016
7.502585, 9.267570
7.496439, 9.301537
7.470322, 9.372670
7.460267, 9.404394
7.453568, 9.430486
7.450481, 9.460553
7.451246, 9.497061
7.453527, 9.534501
7.420571, 9.684916
7.412870, 9.720065
7.405150, 9.741312
0e119a55-004e-45a3-a692-2d28ca973a39
7.725478, 9.107096
7.773670, 9.102775
7.832794, 9.099185
7.954671, 9.107469
8.011551, 9.121132
8.042627, 9.130143
8.070901, 9.136792
8.101017, 9.139271
8.133106, 9.143419
8.162065, 9.145661
8.200605, 9.144151
8.235848, 9.141263
8.268198, 9.140107
8.303452, 9.137344
8.338555, 9.133083
8.370834, 9.130667
8.396900, 9.130208
8.419355, 9.132808
a2eba5b2-b3de-44c8-bb48-294d66dcac44
7.649633, 8.487833
7.592763, 8.462608
7.571564, 8.449927
7.551772, 8.452201
7.486695, 8.443085
7.433414, 8.440154
7.362629, 8.439260
7.325447, 8.435796
7.286555, 8.429167
7.244824, 8.422053
7.188123, 8.410871
7.134764, 8.403397
7.077762, 8.393902
7.036369, 8.388525
7.009504, 8.386544
253fe4cb-e199-4acf-8392-c7e4d3f87044
7.632700, 9.503833
7.538563, 9.572145
7.500822, 9.590286
7.372899, 9.653525
7324f2c6-83b4-4b05-8974-040f04e2d178
7.629411, 9.509133
7.524451, 9.532173
7.450153, 9.518534
7.387365, 9.504850
7.366108, 9.497157
7.347896, 9.503024
7.326616, 9.505162
7.284542, 9.509391
7.247399, 9.514627
3199a15b-3f16-43d6-96f7-eaf8e11ee6e7
7.690528, 9.732309
7.740228, 9.737368
7.766192, 9.741302
7.791934, 9.746506
7.815314, 9.752544
7.845386, 9.761641
7.870440, 9.773690
7.897517, 9.784818
7.917104, 9.796103
