main root
6.644122, 4.524808
6.669218, 4.700834
6.689431, 4.840945
6.688103, 4.993543
6.695095, 5.190722
6.699029, 5.365634
6.700396, 5.515222
6.693275, 5.649340
6.693829, 5.795227
6.694377, 5.939155
6.696891, 6.082303
6.704564, 6.225364
6.710187, 6.330215
6.719099, 6.457184
6.733749, 6.575496
6.750430, 6.693047
6.776504, 6.822475
6.807918, 6.946523
6.839104, 7.061072
6.878716, 7.166760
6.933508, 7.281975
6.981986, 7.393718
7.030498, 7.510816
7.078882, 7.649952
7.104869, 7.775728
7.141077, 7.912044
7.183135, 8.047378
7.234748, 8.182007
7.274140, 8.296529
7.299920, 8.384412
7.309909, 8.429097
7.315200, 8.487522
84aeba39-7a67-45d6-9f74-ce5665c96034
6.589770, 4.690440
6.494549, 4.682002
6.440642, 4.681191
6.397729, 4.688446
6.236795, 4.755180
6.140298, 4.788324
6.081463, 4.815110
6.025308, 4.836356
81e3739d-6ea0-4342-aa69-ab7448ea9034
6.771759, 4.723461
6.829200, 4.720094
6.872064, 4.687073
6.899227, 4.669979
6.934727, 4.683533
6.991723, 4.748493
7.016743, 4.781683
7.037213, 4.816294
7.061021, 4.859491
7.087574, 4.904568
7.103986, 4.941277
7.122742, 4.986897
7.158381, 5.061774
ff81e154-f43b-4e0c-85a0-4a597349692f
6.693625, 4.937379
6.829109, 4.948782
6.906623, 4.962057
6.929688, 4.976361
6.948646, 4.992202
6.968793, 5.012938
6.981619, 5.032582
7.002691, 5.067591
7.019322, 5.101027
7.040667, 5.127137
7.084496, 5.173655
7.118795, 5.235927
7.147369, 5.281599
7.181806, 5.330998
3ac20954-29a8-4082-8720-364835fddd80
6.707740, 5.277821
6.771315, 5.366260
6.796499, 5.406151
