main root
6.851644, 5.380831
6.869574, 5.601393
6.858485, 5.775881
6.853936, 5.933122
6.867583, 6.061762
6.863879, 6.138701
6.855427, 6.274797
6.840805, 6.342098
6.826466, 6.470994
6.825481, 6.600682
6.815419, 6.670810
6.786102, 6.808056
6.755765, 6.940996
6.726943, 7.078151
6.726033, 7.201941
6.719736, 7.380239
6.704744, 7.505547
6.706071, 7.643631
6.699075, 7.778749
6.642319, 7.983812
6.620612, 8.098586
6.611562, 8.197761
6.613266, 8.305038
6.623698, 8.432971
6.625390, 8.557053
6.618425, 8.666997
6.605142, 8.776271
6.588665, 8.876770
6.561438, 8.951277
6.510980, 9.120184
6.512276, 9.275703
6.527883, 9.376250
6.546066, 9.493385
6.548081, 9.589127
6.546163, 9.699143
6.533671, 9.808732
6.522165, 9.909678
6.503411, 10.018151
6.497673, 10.113425
6.496942, 10.195923
6.539662, 10.364539
6.554834, 10.441648
6.537719, 10.586249
6.487717, 10.726330
6.484906, 10.844893
6.496083, 10.907579
6.542795, 11.005177
6.559299, 11.075207
6.564829, 11.154028
6.571605, 11.280601
6.618513, 11.460212
6.624781, 11.542663
6.619814, 11.616484
6.598480, 11.713565
6.570140, 11.836264
6.550939, 11.956851
6.532999, 12.082864
6.528679, 12.203012
6.525113, 12.338273
6.541113, 12.453281
6.547913, 12.548183
6.517143, 12.783035
6.488746, 12.894628
6.493425, 13.010537
e1cd8c20-9553-4a66-9cf6-b7b6ca82bd06
6.775459, 5.303927
6.759742, 5.255198
6.752472, 5.206020
6.746281, 5.164143
6.735767, 5.133970
6.717802, 5.108437
6.700069, 5.085603
6.684489, 5.065542
6.638315, 5.056140
6.600381, 5.045358
6.570219, 5.039894
6.525099, 5.034762
6.496865, 5.028537
6.460876, 5.016005
6.415274, 5.006464
6.344238, 4.988543
6.289764, 4.980975
6.232748, 4.971543
6.184349, 4.962019
6.103991, 4.949257
5.993919, 4.960251
5.954473, 4.961183
5.910691, 4.963713
5.859975, 4.966644
5.797992, 4.973225
5.756670, 4.979117
5.705553, 4.984894
5.646750, 4.996749
5.593353, 5.002170
5.541365, 5.013322
5.499973, 5.022202
5.456282, 5.034636
5.388490, 5.058463
5.352380, 5.067982
5.312509, 5.076944
5.265208, 5.084509
5.209231, 5.098008
5.147350, 5.116011
5.093483, 5.136358
5.018531, 5.166220
96275dbf-6e34-4aaa-9398-08369a7728d3
6.758282, 5.569401
6.699842, 5.580216
6.649223, 5.589777
6.598327, 5.590221
6.565186, 5.610272
6.532240, 5.622575
6.471233, 5.641721
6.378791, 5.649253
6.293684, 5.669942
6.217492, 5.668858
6.132193, 5.676626
6.093345, 5.674151
6.017299, 5.669307
5.973233, 5.665611
5.924733, 5.680666
5.854344, 5.701055
5.782794, 5.716855
5.676523, 5.746822
5.596973, 5.773564
5.512268, 5.810916
5.427056, 5.848491
5.337575, 5.878752
5.287028, 5.904729
5.229588, 5.943708
5.156651, 6.000828
5.085154, 6.048920
5.017917, 6.099144
4.944748, 6.156424
4.881307, 6.211357
4.791311, 6.298490
4.746784, 6.341123
4.686109, 6.410865
4.618011, 6.476321
4.547608, 6.538157
4.482332, 6.603890
4.416968, 6.681716
4.346494, 6.746005
4.280870, 6.811563
4.214985, 6.877382
4.155711, 6.948488
4.096078, 7.020027
4.034680, 7.090398
3.977178, 7.153149
3.916347, 7.213395
3.834141, 7.295859
4c3ea993-199e-4ba9-89f0-9a3f5937b075
6.788297, 5.841797
6.710530, 5.888798
6.623189, 5.955485
6.502608, 6.009591
6.439960, 6.046793
6.375490, 6.081595
6.282815, 6.162062
6.243900, 6.181974
6.176825, 6.220955
6.127413, 6.249670
6.061777, 6.299435
6.000480, 6.349665
5.941124, 6.402175
5.883535, 6.461116
5.830283, 6.515618
5.776884, 6.557423
5.732395, 6.588449
5.718254, 6.620536
5.691670, 6.655201
5.634440, 6.719606
5.583698, 6.786075
5.534231, 6.854292
5.486455, 6.923708
5.451797, 6.992355
5.417725, 7.069045
5.379911, 7.154157
5.345931, 7.215894
5.311545, 7.290786
5.278277, 7.356071
5.243679, 7.423968
5.213660, 7.505956
5.182114, 7.565993
5.159472, 7.613607
5.133508, 7.657585
5.103986, 7.723701
5.070046, 7.810028
5.035972, 7.896700
4.999851, 7.982825
4.960555, 8.076522
4.917984, 8.178026
4.877344, 8.280397
4.837861, 8.374123
4.804356, 8.470002
4.770841, 8.565911
4.731863, 8.651945
4.695442, 8.737434
4.676288, 8.809377
4.656618, 8.891316
4.638970, 8.973718
4.621241, 9.056503
4.594100, 9.178429
e059dd8d-5c8f-44cf-b2fd-b15d3018dede
6.934836, 5.841692
7.057708, 5.902585
7.114819, 5.933365
7.171506, 5.979620
7.235573, 6.029242
7.287992, 6.077712
7.326662, 6.121942
7.361935, 6.174891
7.409047, 6.270971
7.436994, 6.361819
7.445123, 6.416457
7.448599, 6.511294
7.452935, 6.583792
7.453900, 6.669404
7.461491, 6.779558
7.467234, 6.869254
7.444889, 7.021869
7.434888, 7.120378
7.420562, 7.187395
7.407059, 7.264883
7.379863, 7.371651
7.363163, 7.462779
7.352132, 7.545979
7.334378, 7.631882
7.310892, 7.714779
7.295116, 7.778069
7.292826, 7.821560
7.290233, 7.899232
7.286245, 7.973849
7.279008, 8.031542
7.266365, 8.084251
7.248505, 8.146704
7.232544, 8.222294
7.221429, 8.303926
7.201479, 8.339509
7.175376, 8.373820
7.179985, 8.415953
7.140884, 8.559662
7.108024, 8.656261
7.078656, 8.736154
7.051650, 8.834145
7.031087, 8.924590
7.006233, 9.014932
6.975256, 9.103742
6.933701, 9.197186
6.897873, 9.282928
6.863154, 9.360640
6.828616, 9.437944
6.796021, 9.503562
6.770596, 9.554746
50ee2ba3-13a8-4eab-8ea1-27afafe349e6
6.897877, 5.877192
7.011219, 5.928680
7.046012, 5.943818
7.205658, 6.070607
7.246486, 6.120087
7.271246, 6.152446
7.286344, 6.177103
7.301018, 6.206801
7.314825, 6.241498
7.326587, 6.279155
7.339209, 6.319564
7.355005, 6.375151
7.368890, 6.424016
7.381391, 6.478962
7.398122, 6.539005
7.410341, 6.594012
7.430333, 6.656410
7.448413, 6.712846
7.462730, 6.767345
7.477788, 6.824664
7.487579, 6.873709
7.495661, 6.929477
7.504160, 6.988126
7.516051, 7.049310
7.529111, 7.108668
7.538244, 7.157137
7.545902, 7.205867
7.555500, 7.257299
7.566567, 7.308434
7.575532, 7.356939
7.581302, 7.388160
7.584174, 7.411937
7.588925, 7.464361
7.598151, 7.507196
7.607062, 7.548566
7.615972, 7.589936
7.624894, 7.645574
7.635993, 7.705331
7.646617, 7.770728
7.656479, 7.822106
7.666055, 7.871994
7.677228, 7.930202
7.691905, 7.990786
7.709475, 8.050594
7.726180, 8.107461
7.742883, 8.164321
7.751098, 8.202908
7.761689, 8.245462
7.771912, 8.286540
7.780783, 8.340778
7.790702, 8.392146
7.794017, 8.425106
