main root
6.472683, 5.489560
6.494051, 5.657964
6.504947, 5.880516
6.523965, 6.112597
6.508388, 6.218648
6.486783, 6.394530
6.486260, 6.570325
6.480957, 6.854391
6.473047, 7.093231
6.479994, 7.304927
6.481333, 7.472909
6.484108, 7.555495
6.479638, 7.622018
43b3d6e9-10f8-4edc-a470-ff49237b3ee3
6.489362, 5.720262
6.393667, 5.777880
6.314143, 5.838611
6.245118, 5.884437
feac1782-5607-408d-ab43-4577be73f4d8
6.491667, 5.663256
6.352449, 5.877678
6.331665, 5.906636
913c60ac-4cd1-4748-bf60-bb1a19beee29
6.534299, 5.810196
6.622193, 5.841672
6.651332, 5.858994
6.670854, 5.874106
6.693565, 5.880048
