main root
6.271780, 4.362438
6.247581, 4.726431
6.216666, 4.972930
6.210720, 5.240409
6.205452, 5.477420
6.216307, 5.742708
6.220008, 5.987641
6.247948, 6.217474
6.272435, 6.487427
6.306540, 6.672498
6.319223, 6.858059
6.327126, 7.002563
6.331285, 7.153974
6.326348, 7.280082
6.339203, 7.428505
6.343702, 7.585574
6.342321, 7.679765
6.328105, 7.790138
6.320804, 7.846820
6.316035, 7.904224
901f08bd-d07f-40b4-a531-52945dcb30be
6.344595, 4.459864
6.450246, 4.548726
6.510960, 4.577453
6.550980, 4.599700
6.592789, 4.629791
6.642977, 4.664069
6.687427, 4.699864
6.740177, 4.742345
6.780025, 4.780200
6.827019, 4.826907
6.870824, 4.874665
6.908771, 4.918251
6.930955, 4.948291
6.950238, 4.976922
6.984878, 5.047255
7.006388, 5.090929
ed593c09-4946-4019-9aa2-0e299fb1b282
6.226955, 4.780485
6.118680, 4.807833
6.069076, 4.829624
6.016050, 4.851262
9b48ad30-f829-4939-8de8-0a337f065f32
6.303433, 4.948767
6.424770, 5.007060
6.461870, 5.029866
6.509500, 5.053254
6.539590, 5.073031
6.577468, 5.099717
6.628665, 5.139449
6.686767, 5.186434
6.746019, 5.234350
6.832982, 5.301955
6.898889, 5.355817
6.966412, 5.405643
7.057605, 5.480230
8870c871-48c8-4be2-bfce-cd3811387e69
6.142347, 4.917014
6.065003, 4.927441
5.968827, 4.930823
5.871790, 4.942760
5.826080, 4.946005
