main root
6.983229, 5.808923
7.149719, 5.991447
7.303527, 6.180479
7.355287, 6.458442
7.330102, 6.671018
7.332094, 6.832944
7.340816, 7.027124
7.355960, 7.179419
7.341881, 7.301322
7.335964, 7.371008
7.328799, 7.455378
7.316891, 7.524829
7.312837, 7.583898
7.313182, 7.666299
7.321017, 7.749948
7.319972, 7.819061
7.316613, 7.904111
7.316812, 7.974900
7.314972, 8.068274
7.310704, 8.132940
7.305685, 8.208975
7.295085, 8.278647
7.283624, 8.353988
7.273418, 8.431029
7.262298, 8.514966
7.254515, 8.573718
7.251880, 8.639192
7.246626, 8.695298
7.243802, 8.757567
7.241117, 8.816773
7.241288, 8.879107
7.241451, 8.938372
7.235610, 8.991668
7.231803, 9.053885
7.222963, 9.100360
7.214270, 9.162085
7.204934, 9.206911
7.190529, 9.261392
7.177509, 9.322346
7.165127, 9.380302
7.150443, 9.434708
7.141329, 9.502936
7.138625, 9.568407
7.130879, 9.610821
7.127454, 9.679572
7.124505, 9.738765
7.118717, 9.794819
7.115299, 9.857055
7.107214, 9.895131
7.097209, 9.956656
7.087699, 10.015155
7.075714, 10.070218
7.060821, 10.124567
7.049352, 10.189085
7.038979, 10.247438
7.031030, 10.309261
7.020885, 10.364693
7.015026, 10.429955
7.004300, 10.482485
6.999446, 10.551147
6.990761, 10.589092
6.982038, 10.654037
6.974148, 10.712776
6.966259, 10.771515
6.958370, 10.830254
6.950480, 10.888992
6.945159, 10.951096
6.940100, 11.010145
6.937768, 11.072434
6.935552, 11.131659
6.930459, 11.187781
6.933231, 11.256559
6.935618, 11.315776
6.934892, 11.372124
6.934126, 11.431383
6.936315, 11.493673
6.935298, 11.550016
6.937168, 11.612318
6.924469, 11.652451
63e2cd9e-b498-4d28-88de-def296b923cc
7.052074, 5.942596
6.991466, 6.077515
6.951789, 6.168210
6.930736, 6.218483
6.914752, 6.270312
6.895288, 6.308034
6.879969, 6.333868
6.869538, 6.365597
6.858348, 6.413149
6.847974, 6.462578
6.838802, 6.512244
6.828439, 6.558632
6.823791, 6.598788
6.819203, 6.649085
6.813129, 6.696227
6.805305, 6.743110
6.795742, 6.789669
6.793916, 6.819531
6.794863, 6.873174
6.793932, 6.920695
6.797363, 6.960972
6.802935, 6.991118
b91b2d44-a30e-4f96-b68e-98828a6603a7
7.337310, 6.218567
7.449452, 6.332266
7.578557, 6.438462
7.733056, 6.570408
7.843386, 6.696946
8.043831, 6.923052
502fa4d2-0f17-4684-9fb6-7134a02d1f07
7.283711, 6.161663
7.570602, 6.435154
7.878163, 6.741874
7.986003, 6.865615
8.119254, 6.968936
8.173403, 7.020180
8.232985, 7.072444
8.294498, 7.122419
8.363761, 7.181418
8.397599, 7.210241
