main root
5.755677, 5.311525
6.078096, 5.403501
6.220886, 5.567266
6.261263, 5.755141
6.177144, 5.955494
6.093885, 6.121248
6.022703, 6.297322
5.972871, 6.459647
5.926029, 6.605368
5.898836, 6.696856
5.887074, 6.743706
5.869841, 6.787765
5.858770, 6.962668
5.848196, 7.036314
5.831904, 7.197829
5.821096, 7.373453
5.803868, 7.505760
5.786013, 7.658558
5.774794, 7.826033
5.758180, 7.935300
5.733628, 8.052303
5.727368, 8.112153
5.715249, 8.177726
a5812fe5-2a42-4baf-bd61-8a94aa86b01a
5.742526, 5.371660
5.747286, 5.401639
5.747053, 5.453044
e582a502-e90e-4bb2-a9f0-bce17a3b5c47
5.918863, 5.325316
5.996715, 5.181335
6.055650, 5.121404
6.148015, 5.075812
6.182038, 5.064024
6.263573, 5.044794
6.340811, 5.038517
6.444470, 5.050490
6.545545, 5.062382
6.581783, 5.082047
6.618939, 5.102220
6.637191, 5.115545
6.654671, 5.113126
6.682588, 5.117478
6.734308, 5.142117
6.773376, 5.167248
6b625820-93be-4f7c-862d-079012a29c18
6.125658, 5.359368
6.294222, 5.331338
6.357281, 5.318273
6.396313, 5.310644
6.513787, 5.330624
