main root
6.632070, 4.893409
6.707594, 5.140927
6.786049, 5.318272
6.813431, 5.415766
6.856412, 5.540582
6.892248, 5.644649
6.920661, 5.733620
6.948265, 5.813243
6.972358, 5.895399
6.993801, 5.968522
7.011529, 6.039614
7.038161, 6.146412
7.063856, 6.224710
7.069206, 6.279411
7.079687, 6.355831
7.103531, 6.441562
7.118420, 6.511854
7.134929, 6.610207
7.142371, 6.681672
7.145332, 6.753463
7.149519, 6.854967
7.147989, 6.926803
7.143438, 6.999931
7.135538, 7.092993
7.124172, 7.177850
7.112772, 7.251692
7.097393, 7.321876
7.075645, 7.421126
7.057051, 7.492000
7.035577, 7.562054
7.001311, 7.666615
6.977047, 7.747317
6.946343, 7.827826
6.916176, 7.906931
6.888158, 7.976199
6.856279, 8.039046
6.820492, 8.102982
6.796028, 8.165074
6.770626, 8.241796
6.742873, 8.306570
6.703371, 8.409511
6.674102, 8.497529
6.644714, 8.585904
6.617399, 8.674713
6.596721, 8.756050
6.575781, 8.826264
6.558031, 8.906739
6.541617, 8.981155
6.525205, 9.055572
6.508793, 9.129988
6.490105, 9.200835
6.472800, 9.278179
6.453894, 9.348968
6.441333, 9.396003
6.433104, 9.676113
6.442483, 9.764603
6.406402, 9.845452
6.418145, 9.948441
6.411457, 10.033889
6.397405, 10.159599
6.389175, 10.252154
6.387251, 10.324491
6.381180, 10.383829
f53f008a-0de4-473c-a262-6216e98160dd
6.692900, 5.312833
6.644922, 5.403144
6.633006, 5.425577
6.633283, 5.447197
6.626669, 5.466626
6.615584, 5.508507
6.604773, 5.549390
6.598229, 5.597594
6.589985, 5.636130
6.583450, 5.681038
6.572300, 5.716090
6.557532, 5.752607
6.551310, 5.783937
6.543065, 5.825393
6.542808, 5.857333
6.539489, 5.896583
6.538648, 5.941935
6.540793, 5.987244
6.542781, 6.029467
6.541332, 6.062551
6.541650, 6.089488
bb700e21-9f83-4032-9624-cfb505afec73
6.709670, 5.147421
6.598551, 5.308758
6.560373, 5.372370
6.519514, 5.419896
6.455764, 5.490804
6.406597, 5.529673
6.341797, 5.583543
6.289326, 5.631058
6.246963, 5.669418
6.206741, 5.694130
45d91a83-ef75-4088-8efa-c6969eaf47c6
6.607002, 5.026689
6.520744, 5.115278
6.491154, 5.141380
6.459403, 5.169387
6.427390, 5.201620
6.399042, 5.228037
6.340574, 5.261344
6.297553, 5.282408
6.260220, 5.299020
6.212289, 5.323624
6.182221, 5.334011
6.133277, 5.352503
6.084882, 5.372388
6.037896, 5.391694
5.999065, 5.410884
