main root
6.108762, 5.269486
6.093121, 5.522955
6.116146, 5.629341
6.117706, 5.755829
6.103297, 5.900176
6.070487, 6.041835
6.064582, 6.269008
6.051909, 6.424240
6.030523, 6.530258
6.008758, 6.638154
5.982868, 6.745101
5.959014, 6.852628
5.945445, 6.962643
5.918496, 7.077719
5.903566, 7.169151
5.882990, 7.268898
5.868392, 7.360496
5.849505, 7.452276
5.830734, 7.543495
5.805638, 7.634138
5.780935, 7.715590
5.758469, 7.796811
5.733785, 7.878274
5.707124, 7.959108
5.682707, 8.039764
5.651850, 8.120214
5.596972, 8.241153
5.558102, 8.294943
5.522764, 8.354603
5.505301, 8.494733
5.508294, 8.555625
5.524379, 8.668005
5.543286, 8.785211
5.549087, 8.887583
5.551831, 8.972648
5.547904, 9.043935
5.530201, 9.134587
5.520789, 9.226686
5.513041, 9.302489
5.501451, 9.356987
5.499559, 9.413576
5.437970, 9.615028
5.413197, 9.670456
5.386315, 9.734271
5.362415, 9.802573
5.340962, 9.868416
5.320939, 9.934705
5.298353, 9.993950
5.273359, 10.055309
5.251916, 10.127796
5.189826, 10.209832
5.128126, 10.312758
5.076622, 10.390495
5.028949, 10.470068
4.984940, 10.551711
4.949387, 10.620820
4.914206, 10.682670
4.894834, 10.741929
4.886170, 10.787708
4.876769, 10.869584
4.875997, 10.928787
4.876713, 10.983781
4.862923, 11.126947
4.858866, 11.169081
4.881544, 11.326838
4.883272, 11.359918
4.908332, 11.379913
4.939141, 11.465049
4.971031, 11.559388
4.981743, 11.609774
4.989184, 11.666356
4.990632, 11.725090
4.987231, 11.769380
4.979371, 11.813100
4.956431, 11.882095
4.934220, 11.934664
4.932863, 11.969040
4.929740, 12.030117
4.919946, 12.075109
4.902769, 12.125809
4.887463, 12.152277
4.897813, 12.184442
4.892933, 12.322236
4.888896, 12.369220
9f86878a-6586-4326-977e-d5bcd0796c52
6.103578, 5.709568
5.968508, 5.794211
5.929499, 5.820571
5.890038, 5.857545
5.834418, 5.893238
5.804849, 5.924002
5.771111, 5.959083
5.725080, 6.046141
5.697439, 6.086069
5.654581, 6.136821
5.615632, 6.173665
5.576953, 6.218491
5.538859, 6.271806
5.504403, 6.320027
5.468557, 6.359895
5.428707, 6.399741
5.386798, 6.445880
5.356911, 6.478782
5.340137, 6.503926
5.262649, 6.623598
5.228229, 6.662987
5.168835, 6.724653
5.100872, 6.789150
5.030079, 6.850534
4.972662, 6.898340
4.914492, 6.942877
4.838354, 7.014496
4.776495, 7.069836
4.746522, 7.096651
4.590057, 7.299429
4.546033, 7.344233
4.492770, 7.407009
4.442843, 7.456626
4.388887, 7.501807
4.331287, 7.542209
4.290703, 7.574311
4.241582, 7.620778
4.186178, 7.677285
4.132854, 7.727369
4.077647, 7.770986
4.017440, 7.822346
3.958871, 7.880178
3.904730, 7.931533
3.834041, 8.004416
3.791337, 8.050596
3.750186, 8.095961
1c1b67d5-7f6e-435f-ac5d-5b96f310e50c
6.178412, 5.678925
6.252980, 5.672187
6.318110, 5.668623
626f150f-f824-444f-9ebb-8d55e65fe4c0
6.168651, 5.803773
6.215601, 5.896918
6.232493, 5.954059
6.248532, 5.985028
6.275312, 6.038773
6.292393, 6.072783
6.348154, 6.212602
6.414421, 6.329812
6.447708, 6.417407
6.472819, 6.475802
6.506739, 6.583831
6.523431, 6.642477
6.531321, 6.681132
6.539932, 6.708353
6.566204, 6.758511
6.580989, 6.807791
6.592016, 6.834126
6.549793, 6.799998
6.519546, 6.793190
6.500620, 6.822829
6.501876, 6.847349
6.503176, 6.872715
6.554679, 6.900982
6.594634, 6.915845
6.595377, 6.939408
6.612058, 7.016846
6.609474, 7.214851
6.604269, 7.269532
6.596245, 7.353825
6.587933, 7.409565
6.581709, 7.471590
6.576781, 7.550690
6.572043, 7.626740
6.571290, 7.686953
6.571816, 7.764663
6.572275, 7.832399
6.571269, 7.904994
6.567380, 7.969686
6.562418, 8.027262
6.556876, 8.074144
592ee187-0fe2-418b-8d61-5914e61d1cc8
5.633477, 8.122638
5.678866, 8.164196
5.736873, 8.208837
5.796403, 8.250895
5.873598, 8.290771
5.921070, 8.322004
5.981391, 8.398526
5.990530, 8.422215
6.015078, 8.424228
6.077410, 8.476337
6.147698, 8.537841
6.213509, 8.589913
6.273263, 8.637196
6.326710, 8.685212
6.402290, 8.753113
6.465311, 8.803694
6.515163, 8.850780
38ebfcdd-6fa2-42c3-a64c-fe2f1c69a92b
5.507699, 9.438219
5.536627, 9.450573
5.568915, 9.462506
5.591089, 9.472073
5.612721, 9.482805
6029c8a9-47b3-403f-baef-0c99fbd495ee
5.342696, 9.855484
5.302454, 9.856923
5.229302, 9.844244
