main root
5.617581, 3.265946
5.588003, 3.722570
5.434724, 4.294602
5.496999, 4.714726
5.745108, 5.513254
5.840760, 6.429046
5.964296, 6.890381
6.040664, 7.073798
13bb6b78-171c-4e47-a41a-57be907a24e6
5.589859, 3.536466
5.913333, 3.700450
50a20375-5aa8-4bc0-8b3d-424895f9dd65
5.637548, 3.365552
5.518289, 3.369375
5.472287, 3.336800
d8a7da68-75bd-4bb7-ace8-70b49ed40f4b
5.610229, 3.479430
5.511352, 3.406029
163ed70c-6b4c-4fe2-a16f-0b98ece09ea9
5.600700, 3.543300
5.487315, 3.564905
b0204bb8-d3ca-418f-bdee-5fd9e09b6505
5.573988, 3.605557
5.501916, 3.648392
897a3936-ec8d-4c2f-8e4b-5e32fd4d0994
5.637548, 3.365552
5.738489, 3.367296
5.763655, 3.396718
21f45d3a-adba-4089-97f5-6c39824ad2f9
5.489813, 4.056374
5.708178, 4.226053
4b49b981-daf2-4914-96e4-212b3138221c
5.585411, 3.738814
6.013585, 4.072027
6.330499, 4.368017
ece193ed-2939-4746-87a8-6789c1ea76a2
5.530098, 3.944231
5.090928, 4.326331
f8924974-0c6e-402e-a402-e87a7cd9601c
5.432777, 4.306879
5.218963, 4.441227
4.899908, 4.745798
4.723342, 4.928796
4.588841, 5.102114
2a84b91d-6d5d-4e9e-a875-c7991e6747d5
5.616848, 5.052208
5.892633, 5.151571
b3ff26e0-1936-4b9b-bcda-9624af51e302
5.577213, 4.966604
5.296072, 5.309165
4.988701, 5.841008
4.949522, 5.958259
e7a11f3c-fdfc-4303-ad11-d7c8502fab6f
5.501333, 4.761291
5.401344, 4.929430
5.294540, 5.099696
5.151178, 5.476811
5.002761, 5.809574
5ed279d0-aa38-4968-a2f2-25c0b0160ce4
5.691236, 5.323724
5.585680, 5.429978
5.466073, 5.594370
5.203503, 5.930773
5.144954, 6.007831
32d3a7a9-833a-463f-80f1-1cac6b830bf7
5.771349, 5.731740
5.630799, 5.896421
5.414263, 6.336037
5.229585, 6.697400
bb18366f-e191-4181-ab40-fefe47f77f32
5.795603, 6.123244
5.500960, 6.364688
5.128603, 6.839904
ab7af645-e66a-4b6d-bc8e-717979d7d8ad
5.801827, 6.364496
5.674126, 6.497356
5.477248, 6.720997
5.352907, 6.870046
20ba91a4-41ee-408b-aaa3-b821bdd03aa3
5.835861, 6.431354
5.770689, 6.714035
5.665974, 6.994818
5.572894, 7.380583
5.502519, 7.691351
5.471124, 7.886784
e8239029-b218-4b3c-9460-c2fbbdf23eb7
5.633829, 3.303844
5.783792, 3.521075
