main root
6.542403, 4.886653
6.529180, 5.212523
6.504258, 5.356273
6.513208, 5.589869
6.518071, 5.716781
6.520168, 5.826786
6.515766, 5.928718
6.523334, 5.998567
6.530439, 6.083387
6.539539, 6.167165
6.544649, 6.252623
6.554520, 6.317402
6.548643, 6.348381
6.537975, 6.388552
6.535706, 6.420423
6.537043, 6.485934
6.538252, 6.545187
6.542515, 6.607371
6.543378, 6.663716
6.538206, 6.717081
6.532489, 6.776069
6.522411, 6.817989
6.545102, 6.844356
6.542464, 6.947891
6.538223, 7.032905
6.536098, 7.117142
6.529794, 7.202527
6.518655, 7.272110
6.507140, 7.325113
6.527339, 7.359903
6.540978, 7.464602
6.553007, 7.556953
6.575312, 7.646770
6.593808, 7.729848
6.616070, 7.810760
6.638811, 7.901342
6.663552, 7.999888
6.680282, 8.092443
6.701237, 8.173398
6.716749, 8.258150
6.733955, 8.340643
6.753187, 8.422688
6.766742, 8.507776
6.782044, 8.590646
6.795454, 8.674695
6.812756, 8.756815
6.824922, 8.829070
6.835849, 8.902989
6.850707, 9.003492
6.860152, 9.077613
6.868110, 9.151909
6.878095, 9.225266
6.881263, 9.259640
6.908658, 9.390156
6.911605, 9.426043
6.911440, 9.478894
6.906753, 9.542119
6.905893, 9.614474
6.891808, 9.675058
6.857649, 9.744131
6.837788, 9.774166
6.808706, 9.814296
6.834827, 9.958020
6.842551, 10.008881
6.841779, 10.087891
6.818323, 10.186014
6.797529, 10.240813
6.776106, 10.309927
6.759014, 10.380239
6.741914, 10.444242
6.727612, 10.515174
6.717739, 10.586858
6.714891, 10.662386
6.717532, 10.711459
1450cdb1-0098-40a9-a827-f4826924ffaf
6.509940, 5.141918
6.392361, 5.196653
6.346612, 5.223687
6.281250, 5.267525
6.231090, 5.297564
6.165298, 5.334374
6.080420, 5.374633
6.002987, 5.413702
5.954589, 5.442766
5.911827, 5.471939
5.869504, 5.511998
71e5f0d6-f4cc-4fcd-97bc-ca150475e297
6.527958, 5.106150
6.605999, 5.131487
6.634142, 5.138979
6.775765, 5.255091
9f389b05-57f3-4351-a927-684f3a7c1a41
6.517534, 5.189820
6.589166, 5.233871
6.605263, 5.253332
6.619345, 5.272705
6.694446, 5.309435
6.730695, 5.301995
6.770997, 5.295250
6.815324, 5.292384
6.892674, 5.283971
