main root
6.046292, 3.080941
6.063545, 3.201811
6.035780, 4.197213
6.080478, 4.934655
6.132978, 5.172991
6.177822, 5.627788
6.065185, 7.347005
5.967567, 8.472181
5.928217, 8.990699
5.892068, 9.381121
6d21a9c6-63e7-4738-a7a2-aff67b73a9c3
6.039169, 3.627743
5.756403, 3.652852
0d3450cf-9e69-4f92-8e20-9af022803833
6.059647, 3.144171
5.874323, 3.256737
5.801527, 3.317708
c8033e96-0723-4ef2-aa85-f0db1a885a79
6.053663, 3.695876
6.223325, 3.570680
6.315075, 3.572933
73b66ccd-80ac-4fa1-a776-9d03cd4e8fcb
6.066516, 3.380322
5.965724, 3.449648
5.895888, 3.456305
5.700270, 3.424157
5.419110, 3.426688
5.259087, 3.445483
