main root
6.807452, 5.115888
6.497293, 5.656379
6.434679, 5.804642
6.354299, 6.054149
6.290795, 6.265072
6.219627, 6.464738
6.193297, 6.544787
6.166362, 6.662863
6.139607, 6.761127
6.121688, 6.838328
6.099811, 6.879626
6.082332, 6.920206
6.055625, 6.970800
6.047732, 7.105355
6.031892, 7.164683
5.993673, 7.268832
5.935515, 7.433624
5.904422, 7.540578
5.889590, 7.621906
5.883439, 7.714250
5.857787, 7.812952
5.858928, 7.866522
5.898102, 7.985848
5.924021, 8.098455
5.939298, 8.183642
5.939599, 8.245087
5.933816, 8.306560
b0b35800-a220-46ad-acb7-1a7a67ff899d
6.349097, 5.782043
6.224361, 5.800693
6.181233, 5.808654
6.128877, 5.821363
6.070178, 5.837152
6.032260, 5.852000
5.983537, 5.877510
5.948540, 5.894143
5.925599, 5.905046
5.845784, 5.970958
5.826601, 5.982918
5.792111, 5.999129
5.752602, 6.016047
5.728466, 6.028010
5.703679, 6.045306
5.660907, 6.080628
5.624172, 6.103199
5.587611, 6.127420
5.545261, 6.155477
5.495433, 6.190282
5.439166, 6.233237
5.379717, 6.282386
5.351985, 6.305315
bb747108-678d-44ed-8d2d-a99de742a3cb
6.668902, 5.470784
6.763653, 5.574256
6.784706, 5.608943
6.806529, 5.676853
6.821893, 5.709981
6.843200, 5.741697
6.878088, 5.777528
6.928539, 5.818615
7.013093, 5.868354
7.096946, 5.950164
7.173570, 6.048578
7.194558, 6.085131
7.213585, 6.121277
7.229254, 6.157469
7.245033, 6.204901
7.274405, 6.250695
7.283056, 6.272501
7.297957, 6.319916
c932198a-bada-4b7b-a6b1-25a00ff4c8bb
6.618785, 5.554454
6.673029, 5.608624
6.705338, 5.650541
6.758323, 5.701289
6.828481, 5.764480
6.921481, 5.835370
6.994407, 5.908030
7.055131, 5.960445
7.135013, 6.002314
7.183610, 6.029314
7.225094, 6.038975
cc7a11d2-8cc2-4f7d-b42c-4bed317320ad
6.702020, 5.367985
6.667253, 5.655189
6.674938, 5.761702
6.693594, 5.843266
6.701992, 5.866180
6.719602, 5.937797
6.726528, 5.945610
6.800629, 6.106255
6.934648, 6.295911
6.959600, 6.335889
6.979952, 6.371322
6.995766, 6.398853
7b896388-85fb-43bf-a4ff-8c8cedcd5a5a
6.503109, 5.827763
6.530658, 5.855110
6.544109, 5.879008
6.622752, 5.966034
6.656133, 6.002161
6.701647, 6.045272
6.742247, 6.084301
6.788684, 6.125192
6.812947, 6.143474
6.985000, 6.284383
7.026868, 6.309496
7.057863, 6.326309
7.089557, 6.341766
7.117887, 6.357215
7.149547, 6.372742
7.177842, 6.388254
7.205402, 6.405037
7.232171, 6.423058
7.251205, 6.437640
