main root
6.209314, 5.664289
6.109672, 5.882929
6.112037, 6.214330
6.123817, 6.349486
6.117554, 6.435071
6.109613, 6.555656
6.109243, 6.688694
6.096241, 6.798392
6.118717, 6.938313
6.127730, 7.020952
6.139151, 7.070442
6.132501, 7.137644
6.121296, 7.190078
6.111657, 7.249520
6.102169, 7.308026
6.092683, 7.366532
6.080720, 7.421604
6.065850, 7.475963
6.046016, 7.525778
6.024092, 7.580845
5.998822, 7.628136
5.981099, 7.667658
5.966148, 7.708310
5.959789, 7.810448
5.921940, 7.922344
5.908291, 7.997212
5.913033, 8.160283
5.966999, 8.383635
5.972848, 8.570725
5.973426, 8.696451
5.956347, 9.133958
5.935049, 9.342954
5.926169, 9.450810
5.924422, 9.535864
5.936537, 9.646547
5.940890, 9.751131
43e54118-37e4-48f5-aecc-f09a798ebcf9
6.084362, 5.875907
6.023508, 5.885363
5.989234, 5.901027
5.968226, 5.905967
5.913179, 5.935776
5.885146, 5.949538
5.853850, 5.970184
5.800088, 5.986214
5.768152, 5.997037
5.738512, 6.005238
5.708455, 6.011742
5.682675, 6.018594
5.655119, 6.030305
5.624595, 6.044632
5.594621, 6.060078
5.566527, 6.072588
5.537768, 6.083481
5.511553, 6.097946
5.482090, 6.119046
5.456111, 6.135502
5.434267, 6.150815
5.413163, 6.167131
5.357147, 6.203957
5.335566, 6.219636
5.314078, 6.240488
5.290827, 6.260617
5.266293, 6.281858
5.172004, 6.408075
5.152937, 6.436517
5.136453, 6.453490
5.113944, 6.483472
5.096577, 6.499541
5.072662, 6.524049
5.049977, 6.545512
5.026218, 6.574515
5.009530, 6.588198
4.985095, 6.602101
4.979129, 6.615101
4.937259, 6.659696
4.908247, 6.688408
4.873612, 6.729003
4.840807, 6.769759
4.804972, 6.814279
4.769397, 6.886641
4.749377, 6.920577
4.726834, 6.952881
4.706240, 6.982378
4.703156, 7.010138
4.627418, 7.155942
4.607097, 7.205648
4.585430, 7.242824
4.558122, 7.274046
4.532688, 7.353147
4.495808, 7.456144
4.491281, 7.486705
4.482615, 7.555408
4.475436, 7.624281
4.469748, 7.693293
4.467813, 7.734988
4.462526, 7.885253
4.461588, 7.954493
4.441766, 8.041985
4.430187, 8.113416
4.418112, 8.178559
4.404567, 8.243413
4.393038, 8.313258
4.383239, 8.381807
4.376422, 8.440075
4.376177, 8.480796
4.380323, 8.538228
4.386798, 8.607169
4.390908, 8.666933
4.389852, 8.714848
b80f6a19-f116-4e2e-ad58-3f7b345facc5
6.165098, 5.730697
6.048958, 5.731329
6.029902, 5.725054
5.954745, 5.751853
5.867834, 5.785101
5.845143, 5.791864
5.842620, 5.806665
5.818906, 5.822023
5.785181, 5.836731
5.746376, 5.853656
5.704477, 5.878461
5.683671, 5.887300
5.662670, 5.891343
5.637728, 5.896145
5.612786, 5.900947
5.552161, 5.908446
5.510150, 5.913644
5.447425, 5.925928
5.389261, 5.937318
5.352157, 5.941535
5.312731, 5.943002
5.270424, 5.944576
5.228122, 5.946151
5.166018, 5.951458
5.108333, 5.954885
5.057621, 5.957898
4.981884, 5.969193
4.890572, 5.994470
4.846985, 6.000324
4.815518, 6.004549
4.725786, 6.032529
4.668224, 6.052046
4.620921, 6.063344
4.572618, 6.073341
4.519382, 6.088944
4.470631, 6.103233
4.412739, 6.121760
4.351369, 6.146116
4.300507, 6.169522
4.266350, 6.188535
4.142657, 6.258969
4.107100, 6.275747
4.084139, 6.286558
4.075130, 6.310564
4.015895, 6.363583
3.965663, 6.404526
3.919942, 6.439862
3.866616, 6.479182
3.816262, 6.521890
3.764431, 6.567816
3.736733, 6.604356
3b72a00f-e58f-4831-b3ec-27b5aa58e70a
6.067014, 6.059525
5.984911, 6.092285
5.943926, 6.106503
5.906227, 6.116412
5.863063, 6.133948
5.808980, 6.154305
5.736898, 6.171438
5.614516, 6.204946
5.571599, 6.219802
5.534380, 6.227934
5.503364, 6.234708
5.476265, 6.243689
5.433243, 6.262677
5.406492, 6.269577
5.374775, 6.276210
5.348999, 6.280071
5.320104, 6.288939
5.290193, 6.317248
5.229944, 6.357018
5.199064, 6.380989
4.921263, 6.671570
4.794964, 6.830349
4.667341, 6.992558
4.640664, 7.021623
4.619014, 7.040785
4.610802, 7.061007
aeaf0db5-7ee6-4163-bb43-a85e02a73a4a
6.158453, 6.148879
6.258584, 6.173958
6.312446, 6.190535
6.376572, 6.204007
6.458396, 6.235538
6.554907, 6.292789
6.591270, 6.314360
6.625582, 6.336453
6.668292, 6.363954
6.709845, 6.397831
6.759989, 6.434850
6.811854, 6.469418
6.855644, 6.518414
6.890658, 6.561720
6.956170, 6.658182
6.972528, 6.690259
6.991736, 6.727925
7.015889, 6.801368
7.019774, 6.854335
7.028914, 6.917592
7.035272, 6.961585
7.030103, 7.069555
7.027270, 7.128733
7.021590, 7.184778
7.012938, 7.240463
7.002590, 7.297316
6.991909, 7.347637
6.979768, 7.397626
46f2b091-4257-47f5-af9e-07fe108b2e11
6.103887, 6.172995
6.006500, 6.210144
5.897056, 6.257103
5.787160, 6.283587
5.748066, 6.293003
5.691601, 6.319405
5.623091, 6.386175
5.554508, 6.442507
5.496344, 6.486319
5.466435, 6.516258
5.412854, 6.574033
5.382947, 6.615085
5.309376, 6.668147
5.245838, 6.725131
5.182285, 6.748218
5.134300, 6.762536
5.087524, 6.764099
