main root
6.700155, 4.467315
6.599692, 4.649548
6.407758, 4.876560
6.370851, 4.962994
6.278012, 5.126059
6.228084, 5.243242
6.165860, 5.399865
6.137928, 5.527293
6.090203, 5.698136
6.059199, 5.818312
6.021065, 5.949440
5.972529, 6.098336
5.924305, 6.252897
5.889632, 6.364030
5.874299, 6.428253
5.839004, 6.525847
5.831818, 6.618765
5.829095, 6.714812
5.811913, 6.889289
5.793961, 7.053223
5.788263, 7.144154
5.785218, 7.192743
5.758882, 7.340821
5.738270, 7.405409
5.756476, 7.509420
5.761982, 7.679271
5.759197, 7.789286
5.754298, 7.899174
5.746919, 8.017322
5.739530, 8.135623
5.740067, 8.228267
5.745811, 8.359258
af79cf0b-c1d4-441e-8ffa-523f51d97374
6.557708, 4.665974
6.443752, 4.659258
6.372867, 4.641574
6.238914, 4.634391
6.156746, 4.634120
6.092903, 4.627923
6.023592, 4.615181
5.938239, 4.599490
5.898007, 4.589049
5.858823, 4.591252
5.756987, 4.584512
5.680971, 4.579478
5.601769, 4.577230
5.517921, 4.582337
5.447492, 4.580626
5.387516, 4.588143
5.348221, 4.602117
5.277348, 4.625732
5.225030, 4.638793
5.195315, 4.644669
ae6c48a1-d156-4263-bc76-79fe96202728
6.647442, 4.710862
6.692132, 4.784747
6.722768, 4.835397
6.743989, 4.879157
6.761690, 4.912227
6.839951, 5.050835
6.867132, 5.108111
6.898164, 5.170012
6.930527, 5.231227
6.958138, 5.289858
6.979027, 5.348269
7.003073, 5.397730
7.018208, 5.442555
7.107117, 5.530627
7.122435, 5.550013
7.135293, 5.571110
7.157321, 5.607250
7.175236, 5.642392
7.198489, 5.681405
7.220160, 5.717761
7.241833, 5.754115
7.267612, 5.791506
7.291637, 5.826350
7.315664, 5.861193
7.343856, 5.896799
7.370130, 5.929980
7.396405, 5.963160
7.418476, 5.995851
7.446315, 6.031734
7.472262, 6.065173
7.494010, 6.098081
7.521494, 6.134236
7.536517, 6.158941
7.549716, 6.180644
38d30f79-8547-4f51-8b3f-96142050adff
6.387416, 5.053511
6.437787, 5.100870
6.476734, 5.141598
6.516417, 5.167935
6.599840, 5.220115
6.628738, 5.248783
6.682817, 5.302428
6.752021, 5.362138
6.818198, 5.413756
6.876181, 5.460882
6.931102, 5.509378
6.999704, 5.572759
7.046905, 5.614330
7.078104, 5.651635
e179c44b-a69e-4db0-b1e9-47bb6286620f
6.225972, 5.093884
6.180591, 5.077794
6.121186, 5.066044
6.078499, 5.061960
6.054372, 5.056644
6.024955, 5.047097
5.988461, 5.032105
5.951254, 5.015203
5.905005, 4.994193
5.868280, 4.980797
5.824742, 4.969696
5.759106, 4.952960
5.710113, 4.942011
5.685324, 4.936472
56e10b3a-5179-4f1f-8b43-1e0c7a62ae76
6.692679, 4.619882
6.779485, 4.914646
6.824636, 5.004663
