main root
6.911699, 4.078690
6.839046, 4.416897
6.759953, 4.748187
6.730084, 4.843819
6.707998, 4.914534
6.684708, 5.257075
6.653239, 5.451763
6.630305, 5.567200
6.597528, 5.689080
6.566503, 5.812532
6.535559, 5.943484
6.498559, 6.072842
6.456636, 6.181052
6.415930, 6.274410
6.366188, 6.372610
6.316432, 6.461475
6.268983, 6.541914
6.223966, 6.614149
6.177203, 6.685263
6.128720, 6.755218
6.076601, 6.823139
6.045812, 6.877166
6.017616, 6.956558
5.983738, 7.070858
5.951801, 7.211457
5.932934, 7.332554
5.917450, 7.459212
5.899655, 7.611169
5.885502, 7.732027
5.874838, 7.859191
5.864226, 7.985739
5.855683, 8.112735
5.841446, 8.230063
5.831316, 8.331102
5.818659, 8.415773
5.801843, 8.532537
5.778853, 8.684266
5.762384, 8.792952
5.743812, 8.901406
5.717650, 9.016675
5.693434, 9.132902
5.665196, 9.247748
5.638914, 9.354638
5.614674, 9.462082
5.588589, 9.577708
5.566418, 9.685599
5.541791, 9.784420
5.515176, 9.891219
5.492642, 9.999145
5.476327, 10.108344
5.455002, 10.208131
5.441543, 10.290962
5.428718, 10.382998
5.414921, 10.466988
5.405426, 10.550373
5.399441, 10.629397
5.393687, 10.705381
5.389051, 10.766589
5.377084, 10.810870
5.407853, 11.293417
5.407233, 11.330754
5.403587, 11.370041
5.402380, 11.415454
5.401255, 11.457775
5.397216, 11.497025
5.392882, 11.539139
5.391219, 11.584537
5.386787, 11.623743
5.384666, 11.669119
5.379840, 11.708279
5.377266, 11.753633
5.372047, 11.792742
5.369019, 11.838069
5.366197, 11.880311
5.360588, 11.919368
5.357106, 11.964663
5.348351, 12.000445
5.349271, 12.059666
5.346659, 12.084231
5.344842, 12.129622
5.340700, 12.158235
5.334634, 12.200131
5.326034, 12.238639
5.316804, 12.279957
5.305305, 12.317701
5.292967, 12.358202
5.278638, 12.394964
5.265736, 12.436311
4.970058, 12.645729
c52f73ef-a460-4856-a706-5edda5a2f0b8
6.875254, 4.227485
6.738881, 4.266074
6.629726, 4.319831
6.573847, 4.354029
6.528447, 4.353930
6.499605, 4.374826
6.410760, 4.401451
6.337769, 4.430459
6.272244, 4.454889
6.205330, 4.479837
6.139881, 4.504239
6.086664, 4.516200
5.990032, 4.579849
5.926400, 4.621762
5.854912, 4.631834
5.782864, 4.662709
5.708111, 4.704511
5.640456, 4.745773
5.593658, 4.767302
5.512631, 4.799948
5.407326, 4.834525
5.348099, 4.846032
5.309271, 4.858092
5.263904, 4.876824
5.199198, 4.908335
5.097418, 4.954861
5.015422, 4.983223
4.947110, 5.000516
4.842190, 5.057826
4.778296, 5.084200
4.673516, 5.132582
4.538411, 5.202941
4.468284, 5.246210
4.364614, 5.272557
4.327576, 5.285058
4.251624, 5.317012
4.178193, 5.354400
4.114219, 5.376896
4.029126, 5.413508
3.969259, 5.434378
3.918056, 5.447473
3.867907, 5.457596
4597672c-65b7-4f13-8b97-991fb41564e3
6.930784, 4.193063
6.993165, 4.173459
7.128858, 4.248357
7.276158, 4.307622
7.297792, 4.319553
7.330750, 4.341147
7.374409, 4.373331
7.417930, 4.409133
7.461594, 4.446989
7.502085, 4.480114
7.540701, 4.507838
7.666799, 4.612573
7.712389, 4.650439
7.762195, 4.687914
7.817933, 4.722361
7.864227, 4.754490
7.912915, 4.788279
7.957439, 4.822820
8.004263, 4.859146
8.040589, 4.896798
8.065572, 4.922694
8.122848, 4.953982
8.195085, 4.996332
8.232097, 5.028441
8.281188, 5.078957
8.318959, 5.104943
8.377172, 5.141367
8.449995, 5.179873
8.517328, 5.215483
8.600849, 5.246107
8.658747, 5.273713
8.712158, 5.300838
8.754842, 5.323422
9.280731, 5.493265
c7aea453-23ab-4682-8648-3babbc53cf74
6.894000, 4.279108
7.010853, 4.466966
7.038291, 4.521070
7.076769, 4.590323
7.151405, 4.663011
7.160770, 4.703443
7.184764, 4.736334
7.217968, 4.779400
7.243582, 4.805349
7.288364, 4.840065
7.450693, 4.947194
7.483194, 4.984842
7.514279, 5.018638
7.597478, 5.081436
7.657527, 5.121196
7.728351, 5.155465
7.758435, 5.178277
7.822733, 5.217575
8.078890, 5.384702
8.212694, 5.484091
8.259111, 5.507332
8.281878, 5.518685
8.367391, 5.586468
8.472433, 5.633923
8.533927, 5.668279
8.606742, 5.702107
8.685767, 5.730567
8.739841, 5.756404
8.809813, 5.792168
8.845622, 5.810472
8.969893, 5.861152
9.046273, 5.880985
9.135426, 5.918877
9.199723, 5.944582
9.268456, 5.967223
9.342237, 5.983651
9.410142, 5.997235
9.474799, 6.011696
9.535540, 6.029882
9.602290, 6.048305
9.654696, 6.073639
9.707962, 6.101052
9.742507, 6.110414
9.809097, 6.122257
9.857594, 6.139303
5a3246e1-d322-43bb-81b7-b3b523cae28d
6.786033, 4.923367
6.900557, 4.963203
7.063840, 5.012526
7.131170, 5.037556
7.185092, 5.067184
7.247180, 5.081055
7.387827, 5.147757
7.450699, 5.182545
7.504045, 5.215482
7.593950, 5.241319
7.640011, 5.248326
7.718758, 5.257277
7.781225, 5.276426
7.854083, 5.298760
8.006115, 5.268938
8.113432, 5.284690
8.289198, 5.305926
8.416509, 5.317737
8.505844, 5.323968
8.657853, 5.346401
8.715288, 5.355938
9.044382, 5.469393
9.256130, 5.553892
9.360393, 5.632913
9.403577, 5.652687
9.480081, 5.689998
9.555647, 5.729159
9.629086, 5.774226
9.687580, 5.804854
9.736770, 5.825541
9.780965, 5.845005
12ccad7f-2f72-4998-957f-511b347c5746
6.705232, 5.417803
6.720003, 5.440554
6.742990, 5.475959
6.757944, 5.499032
6.775869, 5.521224
6.896560, 5.634422
6.908740, 5.652002
6.930760, 5.686412
6.954007, 5.728292
6.981684, 5.768903
7.006108, 5.799424
7.057637, 5.837579
7.121912, 5.863526
7.153302, 5.874584
7.179169, 5.882109
7.209125, 5.886146
7.234713, 5.891105
7.249682, 5.885992
7.265675, 5.886271
7.297967, 5.888339
7.326949, 5.894702
7.358198, 5.903103
7.392690, 5.910833
7.427477, 5.917102
7.459022, 5.924314
7.485567, 5.928854
7.505312, 5.920739
7.592948, 5.921061
7.612832, 5.926628
7.651524, 5.936947
7.701330, 5.940427
7.741308, 5.942728
7.774989, 5.950169
7.821331, 5.953771
7.858072, 5.959135
7.894369, 5.966961
7.937170, 5.972624
7.973569, 5.979964
8.012916, 5.987396
8.048856, 5.996729
8.076090, 6.003293
8.203267, 6.003774
8.228272, 6.006370
8.264864, 6.012682
8.307864, 6.016563
8.347787, 6.019670
8.390963, 6.019533
8.436968, 6.012909
8.457453, 6.015510
8.500583, 6.017471
8.540605, 6.018799
8.580638, 6.019635
8.620679, 6.019979
8.657703, 6.022798
8.700876, 6.022589
8.722926, 6.027978
8.772794, 6.030414
8.809674, 6.034720
8.845078, 6.035343
e339fa9c-30a7-4ac6-bf56-2f17feda37d2
6.854434, 4.667358
6.916288, 4.714015
6.947562, 4.741373
6.979333, 4.757251
7.036281, 4.782379
7.088550, 4.805457
7.117578, 4.818287
7.152636, 4.823979
7.198229, 4.829866
7.231898, 4.851787
7.548033, 4.982633
7.602791, 4.992337
7.624332, 4.999194
7.689085, 5.041793
7.843263, 5.105270
7.894162, 5.129463
7.945699, 5.155616
7.993391, 5.177038
8.137501, 5.222749
8.185920, 5.238108
8.524459, 5.324870
8.652903, 5.344597
8.739881, 5.359886
8.857347, 5.400497
8.971241, 5.436661
9.539656, 5.587231
9.605367, 5.588894
9.667130, 5.601023
9.750176, 5.613105
9.865213, 5.631627
47829c6d-eb8c-4a4e-bbd1-5229d5572bd2
6.886583, 4.475456
6.951333, 4.554966
7.009401, 4.633775
7.178171, 4.900671
7.196625, 4.922248
7.219887, 4.954052
7.240653, 4.987530
7.258152, 5.010078
7.282113, 5.031202
7.304865, 5.049267
7.322655, 5.065302
7.415513, 5.124960
7.506967, 5.139053
7.543745, 5.155544
7.562061, 5.146184
7.640456, 5.153495
7.725374, 5.196416
7.800329, 5.236639
7.921153, 5.275228
8.024837, 5.269671
8.131968, 5.288003
8.261930, 5.303272
8.387699, 5.313563
8.494635, 5.272088
8.645430, 5.319993
8.877488, 5.410429
9.135140, 5.502814
9.373555, 5.564575
9.569113, 5.590641
22b1d685-67d2-42d1-ad87-37ab72942007
6.870762, 4.603749
6.943822, 4.623401
7.013114, 4.636170
7.176578, 4.660597
7.241015, 4.674199
7.386707, 4.689750
7.408669, 4.695105
7.447245, 4.701429
7.485452, 4.701627
7.526282, 4.703336
7.581588, 4.697382
7.643330, 4.655655
7.816504, 4.626534
7.849134, 4.619416
7.870606, 4.619213
7.902467, 4.620297
7.937345, 4.619874
7.963491, 4.620942
7.987429, 4.623306
8.091822, 4.650762
8.204222, 4.658527
8.224819, 4.664408
8.255350, 4.674635
8.285390, 4.686230
8.318746, 4.697452
8.348769, 4.709088
8.378237, 4.722066
8.418926, 4.731762
8.441884, 4.738727
8.464378, 4.747069
37721d6c-deac-4fea-912f-853b159b59c5
6.894373, 4.219108
7.110918, 4.878619
7.214148, 5.024565
7.316882, 5.155657
7.336159, 5.217522
7.336245, 5.243663
7.348848, 5.255804
7.378972, 5.290993
7.414018, 5.329566
7.454419, 5.367291
7.475571, 5.389029
7.503983, 5.450042
7.516637, 5.473773
7.534604, 5.498017
545349da-3d56-47ee-ae8a-9a8eb75f0fb8
6.151993, 6.792613
6.217078, 6.843396
6.248149, 6.873914
6.276504, 6.896110
6.298606, 6.911511
6.376156, 6.967554
6.415819, 7.003603
6.463888, 7.043253
6.518022, 7.080145
6.562824, 7.114299
6.623424, 7.160499
6.688222, 7.206132
6.730468, 7.238457
6.752739, 7.253613
6.814641, 7.329593
6.837293, 7.357482
6.883801, 7.395583
6.915774, 7.417975
6.949343, 7.437895
6.992060, 7.456345
7.046126, 7.479753
7.132637, 7.519675
7.193882, 7.554532
7.264193, 7.591103
7.333672, 7.627241
7.371370, 7.645162
580c6d17-97b0-40d5-98ff-9bd96a36d780
6.057585, 6.860517
5.983735, 6.848335
5.917564, 6.867372
5.822949, 6.884711
5.763538, 6.886468
5.666691, 6.903815
5.559856, 6.913001
5.515441, 6.912313
5.465594, 6.902561
5.417175, 6.890036
5.296480, 6.899303
5.233812, 6.901112
5.179438, 6.900632
c1eca4bd-a839-4f57-82e3-b0ff02e9333e
6.530901, 6.129712
6.589968, 6.193965
6.605111, 6.217072
6.628250, 6.252380
6.675074, 6.315638
6.720426, 6.359113
6.752218, 6.408410
6.777231, 6.444432
6.799291, 6.478828
6.828785, 6.522041
6.858003, 6.559540
6.881719, 6.585106
6.912464, 6.618095
6.929880, 6.641173
6.945495, 6.666835
6.969556, 6.703498
6.994856, 6.739319
7.027113, 6.779803
7.049001, 6.804873
7.067819, 6.824149
ca6d1267-b928-443a-bff2-89ad8d85cf8b
6.667141, 5.628186
6.721798, 5.655809
6.784809, 5.682933
6.845463, 5.714988
6.893820, 5.743929
7.068723, 5.799221
dfaa226a-4477-4c2d-93e1-9570aeea2f48
6.767315, 5.141275
6.813892, 5.180593
6.850036, 5.215090
6.876800, 5.232431
6.942666, 5.257800
6.994212, 5.291485
7.041325, 5.303289
7.106947, 5.319732
7.197637, 5.360793
7.239373, 5.382339
7.303845, 5.406974
7.363067, 5.426401
7.408833, 5.435113
7.467048, 5.446197
7.525374, 5.448160
7.573168, 5.457149
9f282877-a6a9-4a1c-a662-1fed383e146b
6.699186, 5.178263
6.617430, 5.189024
6.558544, 5.190534
6.531694, 5.192719
6.474302, 5.198385
6.415324, 5.204208
6.318691, 5.207309
6.216774, 5.224908
6.125596, 5.222939
6.034435, 5.217993
e745da40-0c9f-41e1-ad01-30c2d15bde5c
5.928107, 7.401204
5.829881, 7.412977
5.805175, 7.412923
5.762895, 7.412831
5.708887, 7.407089
5.600700, 7.412567
5.561263, 7.411566
5.514343, 7.414868
5.454336, 7.393917
5.432317, 7.384598
5.416774, 7.387241
5.392952, 7.389782
5.364636, 7.386782
5.341032, 7.382769
5.328446, 7.390036
727ad185-8ca5-42a9-a867-d248131fa5d0
6.123463, 6.781324
6.231560, 6.810261
6.290840, 6.821094
6.325866, 6.825965
6.349342, 6.830735
6.391690, 6.857346
6.439832, 6.883064
6.526917, 6.906876
6.558772, 6.909378
6.579258, 6.904049
6.623441, 6.887913
6.649288, 6.878474
6.709017, 6.878421
6.751354, 6.878383
6.788833, 6.876854
6.817081, 6.872706
553fec95-f826-4a96-b431-84cd595bddca
6.926508, 4.372294
7.035433, 4.446295
7.088263, 4.482394
7.117971, 4.502696
7.143103, 4.516244
7.188475, 4.533904
7.225986, 4.550111
7.256975, 4.570022
7.302645, 4.592249
7.359935, 4.616802
7.392969, 4.634217
8ec105e2-6725-4f11-b8bb-ed89d52626cd
6.790716, 4.495856
6.665950, 4.479903
6.580019, 4.482209
6.546960, 4.480102
6.516863, 4.476683
6.457072, 4.457779
6.423043, 4.450160
6.346053, 4.446189
6.261965, 4.455317
6.227519, 4.457550
6.161208, 4.443208
6.116892, 4.429029
6.071331, 4.423880
6.026604, 4.408225
f219b7f8-5635-43fd-82b1-5738942f127b
5.923438, 7.679226
5.951776, 7.713051
5.975493, 7.738932
5.992654, 7.757658
6.047904, 7.766007
6.144963, 7.786512
c60aa7a0-4639-4c3b-ab32-da8bcc1b7ff4
5.895874, 7.901862
5.944358, 7.881447
6.016042, 7.855588
6.063346, 7.836059
6.100787, 7.829495
6.169155, 7.831907
33f689d4-d41c-4b96-bd58-be0e20d60261
5.473568, 9.925048
5.426138, 9.937673
