main root
6.712561, 4.527564
6.708499, 4.804044
6.731039, 4.978219
6.752726, 5.206123
6.778352, 5.366652
6.791270, 5.511485
6.792756, 5.645571
6.791956, 5.763948
6.791156, 5.882475
6.796592, 6.010324
6.801626, 6.128745
6.806301, 6.238710
6.806743, 6.348749
6.800950, 6.474968
6.787875, 6.601910
6.774181, 6.714200
6.753613, 6.830586
6.740227, 6.961132
6.740128, 7.085088
6.735835, 7.214797
6.732530, 7.347656
6.724898, 7.495042
6.712433, 7.656538
6.697968, 7.817304
6.685829, 7.952230
6.675966, 8.061853
6.669737, 8.154563
6.664061, 8.239038
6.661739, 8.318254
6.659817, 8.383842
6.663074, 8.650715
6.660173, 8.759884
6.655137, 8.869793
6.652602, 8.971310
6.643716, 9.072948
6.634867, 9.174167
6.622524, 9.267048
6.610255, 9.359371
6.595870, 9.451651
6.578600, 9.535505
6.564029, 9.627113
6.549400, 9.719089
6.530542, 9.810867
6.511799, 9.902091
6.493055, 9.993313
6.472202, 10.084353
6.455416, 10.166927
6.440666, 10.249896
6.427075, 10.350512
6.416724, 10.442853
6.411510, 10.526613
6.403607, 10.619678
6.398547, 10.703793
6.391368, 10.788601
6.390533, 10.872220
6.387609, 10.957284
6.386789, 11.041544
6.385965, 11.126212
6.381683, 11.202525
6.386318, 11.285244
6.388351, 11.329656
6.386802, 11.371231
6.384691, 11.415638
6.382126, 11.460022
6.381923, 11.507540
6.378297, 11.548986
6.379412, 11.599719
6.379934, 11.644174
6.376972, 11.685673
6.376125, 11.733181
6.380758, 11.783712
6.377426, 11.817933
6.380731, 11.871941
6.379821, 11.913535
6.378395, 11.957970
6.373617, 11.999298
6.373320, 12.050042
6.366651, 12.088014
6.365806, 12.142119
6.361847, 12.174595
6.356015, 12.218667
6.354881, 12.269397
6.347580, 12.307712
6.345952, 12.361796
6.338355, 12.400053
6.338660, 12.457644
6.307039, 12.497089
6.317360, 12.519124
6.310168, 12.603339
6.304495, 12.694440
6.299232, 12.778948
6.297670, 12.871697
6.304995, 12.936502
6.332879, 13.010330
6.416333, 13.077257
6.487521, 13.118169
6.586264, 13.167593
6.717939, 13.221134
6.807489, 13.252987
7.445584, 13.257266
7.738407, 13.221997
8.084320, 13.278573
36fff943-7aff-4bd0-aaff-939d04854077
6.641404, 4.687108
6.503986, 4.784557
6.416675, 4.850740
6.382402, 4.880486
6.352626, 4.898415
6.314363, 4.928456
6.281106, 4.954577
6.247856, 4.980705
6.225714, 5.001924
6.138287, 5.045850
6.100245, 5.076522
6.054617, 5.109450
6.005944, 5.148252
5.960135, 5.180927
5.913611, 5.214095
5.876020, 5.248231
5.831996, 5.292236
5.790129, 5.338299
5.750617, 5.388446
5.719740, 5.420380
5.677492, 5.450697
bb65f380-57dc-4b87-b381-1938cc0090f8
6.759660, 5.866486
6.716238, 5.921806
6.655783, 5.941789
6.616653, 5.953146
6.568886, 5.965452
6.520768, 5.976303
6.468949, 5.991057
6.411924, 6.010406
6.374776, 6.021430
6.331567, 6.037999
6.304506, 6.043567
6.274825, 6.045090
6.258212, 6.053964
6.235171, 6.062879
6.204179, 6.070054
6.153565, 6.083310
6.105490, 6.094354
6.068542, 6.099770
6.029184, 6.102515
5.984175, 6.108655
5.939667, 6.117746
5.880433, 6.131374
5.814241, 6.149675
5.759403, 6.165954
23addfdd-41f2-4216-a904-582a572fba23
6.722321, 5.121087
6.636230, 5.165939
6.599960, 5.181461
6.561038, 5.198117
6.522904, 5.212808
6.475502, 5.231070
6.445015, 5.244418
6.382901, 5.275496
6.347344, 5.288266
6.306008, 5.306292
6.252453, 5.328012
6.206204, 5.345155
6.159454, 5.360886
6.112246, 5.375192
6.061629, 5.393659
6.006842, 5.412055
5.964704, 5.426204
5.916424, 5.439257
f9ad7f38-9478-46ce-af65-5dd13b558a48
6.808652, 6.434358
6.877097, 6.449934
6.914777, 6.461579
6.962698, 6.470123
7.021047, 6.480526
7.077655, 6.492138
7.125345, 6.501922
7.226300, 6.512278
7.267962, 6.520853
7.343235, 6.546759
7.408711, 6.562431
7.438897, 6.571341
7.468661, 6.575589
7.502931, 6.579112
7.535826, 6.582492
7.570517, 6.584412
7.591296, 6.589917
7.621604, 6.599348
7.655229, 6.608097
7.685579, 6.617394
7.719243, 6.625992
7.753274, 6.632995
7.778625, 6.639595
7.801552, 6.646965
7.821968, 6.656671
350e6331-5a5f-448e-b10f-5e7c2148731a
6.700570, 6.774724
6.622098, 6.744380
6.598399, 6.735240
6.561473, 6.749980
6.515926, 6.753640
6.485119, 6.762123
6.405360, 6.790634
6.355173, 6.804862
6.315476, 6.814561
6.267225, 6.824809
6.218687, 6.833588
6.182732, 6.835528
6.132008, 6.838265
6.070002, 6.844609
6.012383, 6.848999
5.968146, 6.856873
5.918132, 6.865776
5.858571, 6.877897
5.820330, 6.884152
5.794028, 6.889971
24dc9a1c-0c82-41aa-9bfb-3136554a1531
6.768801, 6.773313
6.793696, 6.780461
6.831922, 6.816351
6.886742, 6.852560
6.934223, 6.888955
6.981179, 6.926835
7.025706, 6.966025
7.086889, 7.005918
7.130379, 7.041422
7.205924, 7.099528
b6596851-f02b-4a3a-8646-9d0bedbb6763
6.658989, 9.345083
6.679412, 9.355241
6.750261, 9.390161
abddf3e1-3792-442f-9f99-386d681c87e5
6.674701, 8.899860
6.741078, 8.923203
6.771383, 8.940206
6.814609, 8.957591
99a5b300-2889-4973-b49c-b79ba1c1b775
6.625166, 9.131300
6.594296, 9.138426
6.548236, 9.141902
9a22cb99-465b-444e-ae81-d7fd509b112f
6.656538, 8.181117
6.605414, 8.185617
6.483954, 8.194795
faf006b6-8837-4a8a-b2a8-6c4332a94af7
6.656349, 8.412541
6.636456, 8.434211
6.591319, 8.473041
ee9d304f-eb15-489b-b156-c8f01c106235
6.786342, 7.228413
6.828203, 7.249622
6.869911, 7.267375
6.921984, 7.307316
6.968102, 7.331344
6.999759, 7.351190
7.025435, 7.363728
df079e99-ca48-4c14-b9b4-9f3fa4fe253b
6.786033, 7.395633
6.819385, 7.398576
6.859935, 7.403656
6.913254, 7.405809
6.967121, 7.404990
7.023434, 7.407126
7.064185, 7.410171
7.099563, 7.411313
7.135528, 7.412474
7.160914, 7.413294
a97b5139-fff9-4d4e-be64-29bf577e453b
6.768815, 6.265771
6.712077, 6.247947
6.673698, 6.236997
02ccac13-14d2-489a-b828-a0ba584516bd
6.786465, 5.395378
6.831358, 5.416625
6.884435, 5.434882
6.946581, 5.457841
7.023574, 5.475118
7.099724, 5.510830
7.123686, 5.546106
ebb98ede-279f-46fa-a585-7ea73a61f129
6.662087, 4.774286
6.615600, 4.836689
6.587079, 4.860667
6.568002, 4.872795
6.534983, 4.890238
6.497552, 4.910013
6.460746, 4.927766
6.392443, 4.958079
