main root
7.065441, 4.745214
7.338839, 4.901712
7.470356, 4.973759
7.534043, 5.025407
7.607497, 5.093145
7.655076, 5.151409
7.688676, 5.202562
7.730124, 5.314607
7.741637, 5.376214
7.748960, 5.460550
7.750508, 5.530271
7.743417, 5.592140
7.730791, 5.662877
7.713799, 5.746272
7.703780, 5.817934
7.663702, 5.879085
7.667455, 5.916148
7.633354, 6.005151
7.599553, 6.081833
7.570067, 6.169583
7.537240, 6.227423
7.479287, 6.320959
7.435973, 6.402849
7.390375, 6.493580
7.357205, 6.578422
7.331476, 6.667341
7.309761, 6.757520
7.290058, 6.848328
7.272105, 6.931075
7.256570, 7.022515
7.245197, 7.114575
7.231662, 7.206984
7.212730, 7.307047
7.201748, 7.399034
7.193821, 7.482931
7.187961, 7.566996
7.186270, 7.650903
7.186200, 7.728618
7.190339, 7.830066
7.192724, 7.944981
7.191369, 8.128068
7.196818, 8.209981
7.201922, 8.285692
7.203907, 8.358615
7.212185, 8.440290
7.213345, 8.510428
7.205402, 8.577336
7.201017, 8.636524
7.210134, 8.674608
7.231311, 8.750505
7.253532, 8.824572
7.267864, 8.893176
7.290373, 9.000920
7.311428, 9.091422
7.330615, 9.173889
7.351720, 9.264603
7.374820, 9.354610
7.393963, 9.437542
7.411080, 9.520915
7.426161, 9.604681
7.439197, 9.688796
7.454150, 9.771732
7.471137, 9.854270
7.486258, 9.938032
7.496038, 10.039830
7.503326, 10.115681
7.510613, 10.191532
7.514805, 10.301536
7.520489, 10.372095
7.522704, 10.436866
7.521699, 10.530554
7.522565, 10.589214
5074f0d9-9dd8-4548-9823-9de71362ed68
7.133914, 4.819659
7.132371, 4.917083
7.111968, 5.039630
7.069157, 5.151880
7.048557, 5.193100
7.033664, 5.219402
7.022817, 5.247531
7.007836, 5.298670
6.994632, 5.348823
6.980683, 5.395664
6.965241, 5.442035
6.957451, 5.469948
d687c76d-d53b-4ec0-a112-a9bca44f1684
7.226238, 4.854566
7.193062, 5.047629
7.175820, 5.114592
7.160961, 5.148282
7.154808, 5.217106
3ee31d6c-95e6-4a92-b575-12a5acb6a6ee
7.321591, 6.638051
7.262723, 6.652943
a2b5c6d5-22e9-433f-9e9a-50f0f3cf4c66
7.588365, 6.089326
7.547490, 6.090852
7.441044, 6.098062
1e3fc41a-f134-4371-ac0d-4b26a150c791
7.638336, 6.152763
7.678595, 6.190034
7.705991, 6.217437
7.719633, 6.235400
b551db8a-1a8a-401c-acb1-ee98210e8eef
7.590377, 6.193790
7.646223, 6.232119
58557eaa-0fde-4fb3-82af-5075ac954df4
7.064344, 4.857129
7.010440, 5.126586
6.997404, 5.171827
6.990372, 5.196234
591be7de-159f-48b3-8944-b91cdc46d73c
7.484132, 5.033231
7.455168, 5.079021
7.441097, 5.098304
7.444698, 5.116450
980e359d-673d-4e72-8845-c598ece139c9
7.179741, 4.892228
7.244386, 5.193864
7.240480, 5.275499
7.242478, 5.321189
