main root
6.368389, 3.634131
6.412960, 3.836788
6.457542, 3.997061
6.515630, 4.124273
6.547759, 4.222656
6.574654, 4.338097
6.599703, 4.479922
6.611395, 4.581867
6.607439, 4.676997
6.600415, 4.795166
6.593380, 4.913497
6.577434, 5.003448
6.559700, 5.103484
6.537104, 5.194789
6.512699, 5.293409
6.492423, 5.384098
6.480299, 5.466840
6.472250, 5.550376
6.473019, 5.636026
6.460114, 5.698879
6.451174, 5.742422
6.461465, 5.862708
6.464724, 5.935907
6.466775, 6.029283
6.466734, 6.095536
6.468186, 6.164767
6.471135, 6.233951
6.481185, 6.293978
6.494092, 6.362010
6.499721, 6.423789
6.516464, 6.514833
6.523276, 6.584974
6.530642, 6.660819
6.544341, 6.739936
6.560803, 6.817462
6.580182, 6.894308
6.598814, 6.968198
6.624716, 7.046429
6.660017, 7.124472
6.679537, 7.189421
6.717347, 7.293163
6.744535, 7.373822
6.769750, 7.455121
6.800397, 7.532931
6.831428, 7.611713
6.863688, 7.699359
6.894733, 7.777703
6.925927, 7.856418
6.963974, 7.941010
7.004000, 8.024873
7.042158, 8.100009
7.082154, 8.174183
7.117463, 8.252774
7.160749, 8.323823
7.200145, 8.400444
7.240512, 8.474418
7.279450, 8.550103
7.321483, 8.622737
7.357605, 8.688148
7.396478, 8.755441
7.445505, 8.844544
7.480191, 8.904480
7.510029, 8.962014
7.554664, 9.043511
7.593296, 9.104699
7.612938, 9.158236
7.638189, 9.222714
7.662553, 9.264399
7.700826, 9.323950
7.739513, 9.381379
7.766969, 9.435529
7.807659, 9.499229
7.846187, 9.556767
7.875567, 9.611403
7.905621, 9.670449
7.946409, 9.734086
7.976757, 9.789753
8.015267, 9.851015
8.045124, 9.906946
8.070944, 9.964853
8.088645, 10.022926
8.106525, 10.086720
8.116678, 10.128484
8.164149, 10.181074
8.206750, 10.309602
8.234365, 10.495335
8.226493, 10.599712
8.212440, 10.757932
8.240662, 10.967666
8.246504, 11.058695
8.251935, 11.110947
8.246630, 11.156474
8.256898, 11.251650
8.260700, 11.300821
8.259793, 11.347331
8.258803, 11.398111
8.280406, 11.733336
8.246716, 11.867429
8.212543, 11.942814
8.136285, 12.087304
8.104847, 12.162983
8.084349, 12.245256
8.057591, 12.370023
8.040683, 12.479135
8.025125, 12.579532
8.010864, 12.671564
8.008056, 12.721167
7.992623, 12.770473
7.966885, 12.859751
7.944949, 12.927842
88f56fbd-ea80-48d6-88e6-79dd42c2da33
6.483334, 4.049334
6.423937, 4.086457
6.397696, 4.106146
6.332032, 4.157493
6.321551, 4.162240
7a014c5f-4c14-4611-a8f0-5e88bb38b221
6.547326, 4.240189
6.507811, 4.323513
6.480164, 4.481503
6.465545, 4.514394
6.452850, 4.535588
6.439797, 4.557378
6.425714, 4.575061
6.346233, 4.936923
6.275847, 5.010654
6.241291, 5.046852
6.200366, 5.089722
6.159343, 5.128360
6.117740, 5.167543
6.088528, 5.193001
08250a4c-4e12-4e3b-b992-23d03521ae29
6.569197, 4.370729
6.453520, 4.469736
6.428068, 4.493627
68e30e3d-c870-4094-a531-0633381d5497
6.699143, 4.937552
6.574910, 4.937822
6.492740, 4.943986
6.411235, 4.956105
6.350677, 4.966609
