main root
6.432527, 4.770016
6.481954, 5.052764
6.509279, 5.260526
6.525324, 5.529478
6.543625, 5.699936
6.563093, 5.844782
6.568994, 5.973974
6.579553, 6.118250
6.583765, 6.260968
6.589640, 6.395405
6.586277, 6.549222
6.577536, 6.687286
6.559534, 6.847752
6.543799, 6.969129
6.522746, 7.115812
6.501482, 7.249266
6.482831, 7.366329
6.456755, 7.489956
6.429529, 7.588294
6.410656, 7.688170
6.393362, 7.779690
6.373956, 7.871051
6.352131, 7.953839
6.332579, 8.044514
6.308734, 8.135131
6.291316, 8.226120
6.264816, 8.309403
6.243356, 8.390529
6.217483, 8.453221
6.195681, 8.506050
6.180339, 8.543227
6.173104, 8.584303
6.163528, 8.664552
6.146648, 8.730238
6.125564, 8.820728
6.102120, 8.903068
6.084967, 8.994038
6.065600, 9.085401
6.048093, 9.146336
6.035675, 9.194980
6.022685, 9.264017
6.013741, 9.335823
6.004069, 9.401364
5.995443, 9.470068
5.988303, 9.538940
5.977315, 9.601377
5.990722, 9.631815
5.989345, 9.758013
5.994435, 9.840257
5.994383, 9.912104
5.988958, 9.993437
5.999171, 10.089451
6.012148, 10.169005
6.022663, 10.242768
6.036606, 10.325875
6.046088, 10.391442
6.060196, 10.474515
6.068085, 10.538846
6.084670, 10.612595
6.104914, 10.712261
6.118395, 10.778636
6.133642, 10.846180
6.148426, 10.930512
6.158659, 10.988884
6.167160, 11.046040
6.185582, 11.127621
6.195133, 11.190300
6.208747, 11.259768
6.224639, 11.351799
6.241353, 11.422201
6.243896, 11.478270
6.245402, 11.544502
6.266521, 11.640717
6.272582, 11.703238
6.276706, 11.788754
6.287460, 11.880759
6.287237, 11.968161
6.287020, 12.052826
6.285333, 12.127523
6.276299, 12.196052
6.263021, 12.296778
6.260792, 12.382401
6.247151, 12.446295
6.231242, 12.520817
6.219658, 12.560736
6.220742, 12.599964
6.237694, 12.671639
6.244427, 12.739122
6.253630, 12.816284
6.262403, 12.889847
44e37152-bd30-46b8-aad5-2e50090cc10c
6.385426, 5.008424
6.304060, 5.027107
6.266022, 5.031724
6.187255, 5.047313
6.127053, 5.059210
6.091207, 5.072380
6.016213, 5.106308
5.942386, 5.149583
5.873516, 5.200382
5.814481, 5.230907
5.748170, 5.261807
5.704989, 5.288515
5.637351, 5.340910
5.578519, 5.377019
5.490750, 5.428404
5.416272, 5.469605
5.340806, 5.508983
5.265739, 5.548152
5.183170, 5.591235
5.112145, 5.640159
5.043944, 5.689654
4.973861, 5.737953
4.896519, 5.778662
4.807668, 5.827820
4.730830, 5.865591
4.646114, 5.904891
4.571827, 5.943926
4.503116, 5.983411
4.457788, 6.007733
4.369217, 6.067215
4.289256, 6.115849
4.207091, 6.160897
4.129088, 6.210861
4.063698, 6.262597
3.987676, 6.317380
3.917805, 6.378101
3.847507, 6.439195
3.778769, 6.501718
3.717845, 6.559937
3.656632, 6.618433
3.589300, 6.682777
3.534304, 6.731191
3.476750, 6.800049
3.443191, 6.844869
3.417753, 6.888831
3.394809, 6.938957
ee833c00-72a6-42e1-b319-bd785bd58962
6.524044, 4.967514
6.660055, 4.987630
6.714704, 4.991303
6.781051, 5.012529
6.821369, 5.025427
6.871500, 5.038322
6.936186, 5.048779
6.989542, 5.061953
7.038863, 5.074130
7.096399, 5.088336
7.157559, 5.100353
7.217467, 5.110600
7.261999, 5.121252
7.297504, 5.132824
7.363092, 5.170199
7.412545, 5.200103
7.454692, 5.222091
7.500159, 5.240745
7.566732, 5.264823
7.618632, 5.286777
7.675173, 5.309069
7.724375, 5.326859
7.768318, 5.345930
7.814891, 5.367775
7.845626, 5.380537
7.878528, 5.397457
7.920195, 5.415518
7.955084, 5.433906
7.981595, 5.444497
8.024783, 5.458528
8.068805, 5.469683
8.100049, 5.480688
8.132255, 5.496792
8.190827, 5.527753
8.246665, 5.560655
8.297725, 5.590742
8.348783, 5.620827
8.399841, 5.650913
8.452950, 5.680469
8.508994, 5.706520
8.574389, 5.733617
8.609587, 5.753061
8.656089, 5.777041
8.697203, 5.801610
8.741045, 5.826067
8.763040, 5.840051
8.786539, 5.853219
b4e37fd7-ad10-4e6c-8b02-bfdd2ff2a6d3
6.428082, 5.129134
6.361563, 5.149892
6.290224, 5.187240
6.202648, 5.235474
6.139128, 5.272826
6.097694, 5.295454
6.075402, 5.307629
6.046219, 5.356650
5.976850, 5.437460
5.922792, 5.481963
5.856031, 5.530829
5.803622, 5.605650
5.746471, 5.679909
5.684236, 5.750427
5.615373, 5.825260
5.568368, 5.867151
5.515758, 5.902926
5.453541, 5.941615
5.404529, 5.973855
5.323186, 6.031869
5.259127, 6.088611
5.204872, 6.110753
5.146880, 6.151178
5.105206, 6.185792
5.045049, 6.230638
4.966044, 6.281664
4.897883, 6.330625
4.817988, 6.380244
4.741704, 6.420296
4.670757, 6.464574
4.598929, 6.509402
4.532373, 6.557997
4.470499, 6.605025
4.413743, 6.650248
ca2ec048-caff-43de-be67-ebd73fbda945
6.456965, 5.369882
6.375250, 5.375337
6.307099, 5.391674
6.186821, 5.388392
6.102914, 5.390252
6.049217, 5.391442
5.933020, 5.473954
5.760449, 5.542571
5.717834, 5.563890
5.671517, 5.585010
5.622989, 5.608414
5.570788, 5.644847
5.501541, 5.673664
5.453870, 5.691516
5.405586, 5.707639
5.356753, 5.722012
5.307435, 5.734618
5.255535, 5.749083
5.206039, 5.760974
5.156147, 5.771073
5.105924, 5.779370
5.050503, 5.792734
4.998412, 5.806488
4.952000, 5.810350
dbaedbb9-d3a0-4635-85ca-cdd8c2f191f7
6.591115, 5.645152
6.662399, 5.647871
6.723733, 5.652238
6.745343, 5.657051
6.777120, 5.666405
6.822651, 5.687609
6.874738, 5.705262
6.928976, 5.725224
6.980490, 5.740994
7.040899, 5.756356
7.094467, 5.771523
7.127241, 5.782358
7.161998, 5.795797
7.197596, 5.812774
7.224509, 5.822295
7.266240, 5.833886
7.314387, 5.841046
7.346578, 5.848859
7.396946, 5.867246
7.458381, 5.884893
7.525335, 5.902567
7.596313, 5.916660
7.662746, 5.929851
7.720880, 5.941393
7.775496, 5.955290
7.832935, 5.969904
7.880579, 5.985115
7.920771, 5.996376
753322d6-192d-4774-8119-36dbd888d5c2
6.515581, 5.907561
6.458169, 5.932585
6.408196, 5.953639
6.300224, 5.992632
6.206076, 6.010980
6.164885, 6.025345
6.091442, 6.064136
6.011131, 6.099418
5.928727, 6.126558
5.855393, 6.152287
5.789482, 6.175412
5.756445, 6.185416
5.712498, 6.205179
5.671102, 6.217230
5.597957, 6.238529
5.532964, 6.244982
5.478781, 6.247349
5.416137, 6.278129
5.400428, 6.280508
5.290357, 6.313291
5.210212, 6.339325
5.129687, 6.365482
5.009584, 6.404979
0a4115d4-35c8-4a0c-9350-f20c28c86114
6.527470, 6.183946
6.474379, 6.203874
6.422826, 6.219757
6.349058, 6.247182
6.305189, 6.260298
6.205378, 6.322250
6.101203, 6.379864
5.997054, 6.411446
5.935261, 6.423646
5.872469, 6.438443
5.791615, 6.466723
5.717847, 6.495694
5.643535, 6.531311
5.574816, 6.564244
5.508906, 6.589194
5.413246, 6.649856
5.346115, 6.703059
5.299533, 6.735064
8b717f2a-2f6a-4c37-8946-4d50d4e18aa4
6.640709, 6.208029
6.710230, 6.233954
6.757545, 6.248208
6.805918, 6.269475
6.839022, 6.277312
6.900209, 6.288734
6.961873, 6.297214
7.015452, 6.309113
7.071259, 6.321494
7.155418, 6.356071
7.206280, 6.380189
7.271743, 6.401279
7.318098, 6.416198
7.350061, 6.445477
7.416895, 6.456262
7.468915, 6.472237
7.526501, 6.494347
7.569816, 6.519990
7.649963, 6.567440
7.719637, 6.605210
7.778514, 6.643937
7.872887, 6.700947
7.929888, 6.742375
7.991526, 6.787173
8.042265, 6.823690
9615695c-642a-4f03-ad27-211160ce1cd2
6.582833, 7.116233
6.626802, 7.135446
6.688105, 7.169313
6.756942, 7.205329
6.844235, 7.258161
6.896013, 7.294748
6.978097, 7.328628
7.042659, 7.353658
7.103873, 7.378995
7.174277, 7.401656
7.216852, 7.418504
7.263537, 7.440159
7.319802, 7.465586
7.365835, 7.482716
7.429553, 7.512816
7.506424, 7.542509
7.577507, 7.569965
7.664073, 7.590567
7.729192, 7.613756
7.824900, 7.647839
7.894773, 7.674311
7.967961, 7.700438
8.045069, 7.730211
8.080650, 7.745554
10bd2e66-94cf-49bc-a93f-6a89e7aa1c8a
6.336616, 7.766164
6.258513, 7.783647
6.169789, 7.805053
6.098160, 7.819217
6.018907, 7.840990
5.975103, 7.848368
5.926322, 7.843233
5.850092, 7.853128
5.810210, 7.858306
5.751078, 7.881642
5.659908, 7.953871
5.550634, 8.001415
5.496679, 8.028153
5.454145, 8.055914
5.416052, 8.084352
5.389392, 8.111724
5.349629, 8.161130
5.313804, 8.189720
eef28949-4a41-4a7b-9cff-066d705f13ca
6.456282, 7.643300
6.517174, 7.671835
6.561729, 7.695307
6.604867, 7.729874
6.642412, 7.766389
6.674705, 7.769901
6.754627, 7.821760
6.790974, 7.840034
6.857283, 7.868388
6.915725, 7.888494
6.949620, 7.914189
7.002512, 7.950216
7.042415, 7.979208
7.073616, 8.000028
7.122097, 8.026980
7.164460, 8.052245
7.206036, 8.078782
7.250921, 8.105657
7.292450, 8.132266
7.337288, 8.159219
7.378771, 8.185902
7.419426, 8.213831
7.463376, 8.242209
7.512257, 8.268428
7.559047, 8.291827
7.598454, 8.316557
7.634581, 8.337461
7.658610, 8.349636
ef8acbd9-e80c-4aa2-8c47-bca8d0cb03d6
6.354233, 8.149166
6.422834, 8.178814
6.509277, 8.249253
6.578715, 8.299904
6.646057, 8.352776
6.718601, 8.398315
6.752705, 8.454739
6.822736, 8.510336
6.892930, 8.556509
6.934457, 8.589200
6.980016, 8.632960
7.042360, 8.669396
7.104029, 8.708905
7.196706, 8.768279
7.270448, 8.828013
7.338192, 8.877551
7.416516, 8.927008
7.488112, 8.972216
7.566862, 9.021942
7.646540, 9.069767
7.719140, 9.113342
7.776266, 9.154613
7.817070, 9.185939
00ee7973-e78c-4a2b-8f86-e2d248e1799b
6.370718, 8.155500
6.449897, 8.170103
6.518383, 8.195696
6.570842, 8.219258
6.635808, 8.252118
6.699842, 8.287664
6.765347, 8.317184
6.846673, 8.343985
6.911462, 8.371638
6.982883, 8.404410
7.017451, 8.421919
7.088658, 8.464656
7.149891, 8.504898
7.202406, 8.532246
7.278071, 8.564898
7.348040, 8.595092
7.418009, 8.625284
7.491912, 8.653913
7.559100, 8.683149
7.628977, 8.713554
7.702793, 8.742410
7.777646, 8.768455
7.857240, 8.789809
7.908321, 8.811798
b65ccb50-3c9a-4493-a421-424ff5ebcf05
6.217698, 8.333606
6.176771, 8.345288
6.110109, 8.361790
6.044876, 8.380447
5.972640, 8.399551
5.901102, 8.415376
5.808799, 8.431483
5.738073, 8.451423
5.682033, 8.468776
5.635670, 8.482287
5.603866, 8.490641
5.553666, 8.505372
5.505938, 8.517819
5.457760, 8.531930
5.407994, 8.548066
5.358711, 8.565618
5.311765, 8.580750
5.260520, 8.601985
5.212781, 8.623386
5.167181, 8.642190
5.122658, 8.655693
5.071052, 8.676037
5.024637, 8.692724
4.975932, 8.711826
4.929763, 8.731542
4.903668, 8.744310
4.878795, 8.761480
4.852284, 8.781599
4.831764, 8.799051
e219fea9-4d77-478a-96b0-e0098d444931
6.249202, 8.493176
6.286748, 8.517359
6.331523, 8.544415
6.359779, 8.566736
6.401743, 8.597977
6.427719, 8.622911
6.455795, 8.647786
6.483334, 8.684459
6.500566, 8.699841
6.553161, 8.750806
6.614214, 8.803717
6.663335, 8.854208
6.730962, 8.917688
6.786516, 8.969837
6.842071, 9.021986
6.877402, 9.069577
6.910609, 9.109285
3cdcf379-e895-40cb-b6b0-7158d89d7e8c
6.015655, 9.965267
6.052806, 9.971020
6.097781, 9.975037
6.125192, 9.977469
6.142333, 9.992191
6.164201, 10.013045
6.188892, 10.017158
6.237282, 10.026735
6.276565, 10.043666
6.299868, 10.055339
6.324771, 10.049569
6.363970, 10.058378
6.411468, 10.069053
6.451959, 10.089397
f624615a-6468-4af5-867b-1da646aa6e63
5.946273, 9.595536
5.916858, 9.608740
5.887108, 9.625785
5.826765, 9.639538
5.789030, 9.643048
5.744931, 9.651661
5.691526, 9.666666
5.625278, 9.686834
5.584813, 9.702282
5.527012, 9.736350
