main root
7.557262, 5.199822
7.528942, 5.271067
7.486206, 5.466484
7.431986, 5.672096
7.383152, 5.875604
7.340655, 6.081316
7.311719, 6.205937
7.266284, 6.412051
7.241022, 6.525933
7.222242, 6.700783
7.209339, 6.841447
7.209710, 7.000744
7.198985, 7.134700
7.189228, 7.290307
7.179019, 7.419642
7.167691, 7.543787
7.162846, 7.668005
7.155432, 7.804593
7.152802, 7.923440
7.149336, 7.984998
cf966dc7-90cb-44f7-be43-0ae6cf132c53
7.524798, 5.364984
7.591495, 5.419537
7.633334, 5.450085
7.728415, 5.524343
7.753372, 5.551433
7.774812, 5.570286
7.796579, 5.569329
7.866576, 5.603706
7.915769, 5.631200
7.963430, 5.661269
8.011495, 5.693360
8.053742, 5.721569
8.105107, 5.754065
8.148038, 5.781225
8.200187, 5.812446
8.234692, 5.833104
7f1f7409-63f9-4ede-89e8-b68b955f0281
7.610169, 5.148969
7.785569, 5.199577
7.874550, 5.232423
7.934372, 5.250898
8.001477, 5.276588
8.066664, 5.299940
8.128520, 5.323689
8.205293, 5.341940
8.262678, 5.378483
8.298241, 5.387838
8.380856, 5.409863
8.423805, 5.421313
