main root
7.258094, 4.888533
7.193268, 5.196570
7.154259, 5.351312
7.042758, 5.580792
6.982094, 5.842534
6.952321, 6.007726
6.919750, 6.154222
6.888435, 6.314037
6.871878, 6.465635
6.854433, 6.586574
6.832845, 6.764430
6.815502, 6.907308
6.790137, 7.047488
6.767525, 7.172452
6.789028, 7.251147
6.791998, 7.333777
6.796706, 7.435528
6.804275, 7.535450
6.821044, 7.644780
6.842415, 7.770259
6.860925, 7.903796
6.863627, 8.015046
6.858291, 8.141143
6.864157, 8.250783
6.879386, 8.378221
6.892340, 8.504312
6.896435, 8.606265
6.897778, 8.691376
6.903406, 8.763516
6.892240, 8.803241
0ca64de9-dd3d-447a-a35f-dc5babb1feb9
7.296969, 5.119595
7.333944, 5.126380
7.386866, 5.152049
7.460946, 5.197200
7.506131, 5.224741
7.584133, 5.247423
7.649878, 5.272777
7.717109, 5.301911
7.787027, 5.332209
7.856861, 5.355595
7.900680, 5.365533
aea3741a-79f8-4d4e-8ace-eb7783f7721f
7.291924, 5.171992
7.341810, 5.228738
7.361195, 5.247170
7.400111, 5.275799
7.433095, 5.324998
7.451275, 5.346893
7.486330, 5.379867
7.518935, 5.408483
7.544059, 5.436507
7.577972, 5.474335
7.613984, 5.507777
7.632032, 5.526579
8c5c0389-3d52-46b0-b409-671edd552189
7.179993, 5.431112
7.219091, 5.462360
7.234979, 5.482696
7.268315, 5.522935
7.302994, 5.557758
7.342452, 5.595257
7.368116, 5.619750
7a5b6044-1389-4545-98c3-f641b964c0db
7.136421, 5.507138
7.149682, 5.521763
7.179149, 5.554560
