main root
7.013484, 4.068079
6.654975, 4.109146
6.410385, 4.338658
6.342847, 4.454410
6.320913, 4.555715
6.326856, 4.694108
6.340611, 4.768521
6.368471, 4.884430
6.402410, 4.980367
6.431711, 5.094830
6.462995, 5.191450
6.486337, 5.291008
6.511584, 5.380259
6.533014, 5.471476
6.542363, 5.566780
6.557667, 5.658153
6.565728, 5.743945
6.573649, 5.828240
6.579146, 5.902752
6.588726, 6.003836
6.596713, 6.088120
6.607164, 6.166679
6.587921, 6.234769
6.585742, 6.300397
6.588996, 6.382741
6.584232, 6.451703
6.576300, 6.536450
6.569987, 6.603885
6.563675, 6.671320
6.559275, 6.750445
6.556218, 6.843311
6.555436, 6.912554
6.547945, 7.023367
6.521429, 7.221497
6.510048, 7.322314
6.511326, 7.424138
6.518726, 7.506361
6.489083, 7.566618
6.476225, 7.669879
6.464483, 7.734878
6.443479, 7.930007
6.436863, 7.957581
6.425787, 7.988198
6.409790, 8.030563
6.393201, 8.072700
6.374337, 8.110719
6.353254, 8.149841
6.328548, 8.192535
6.312708, 8.231860
6.294748, 8.300483
6.278147, 8.340272
6.248805, 8.410595
6.221969, 8.451591
6.225195, 8.492968
6.176319, 8.709844
6.160945, 8.790085
6.131255, 8.871475
6.118364, 8.950611
6.099214, 9.007702
6.064619, 9.084918
6.044372, 9.150271
6.034634, 9.212055
6.019684, 9.362058
6.012126, 9.437881
6.001886, 9.510431
5.991237, 9.585885
5.978043, 9.657956
5.961918, 9.729428
5.949671, 9.810920
5.938347, 9.886274
5.919479, 9.951414
5.893919, 10.007381
5.885267, 10.075589
af3af97d-461b-4a47-8789-578ebc87d0aa
6.856354, 4.143783
6.843811, 4.250798
6.781078, 4.305562
6.736004, 4.352905
6.667606, 4.405211
6.645183, 4.426172
6.419198, 4.632511
6.290710, 4.763503
6.237329, 4.813641
6.210836, 4.846732
6.176051, 4.899760
6.140503, 4.936233
6.057897, 5.048473
6.018493, 5.111296
5.964408, 5.185646
5.908824, 5.251484
5.850492, 5.314146
5.798724, 5.374152
5.749569, 5.440291
5.714620, 5.490866
5.694543, 5.522551
5.610531, 5.677513
5.564687, 5.749063
5.515059, 5.818829
5.461073, 5.894723
5.408937, 5.971645
5.353620, 6.038475
5.290695, 6.107898
5.224718, 6.174426
5.157480, 6.239238
5.101758, 6.301590
5.049000, 6.366851
5.004641, 6.416963
4.970596, 6.473488
93b169e0-b000-4435-9743-1e44a8c0d9ed
7.010917, 4.151410
6.993906, 4.208556
6.923623, 4.373594
6.730352, 4.625638
6.701388, 4.659590
6.673923, 4.691785
6.646450, 4.723990
6.618642, 4.751975
6.600739, 4.769991
6.582856, 4.794359
6.461187, 4.901529
6.296578, 5.009775
6.261220, 5.033026
6.225434, 5.058351
6.184679, 5.083524
6.146375, 5.108943
6.122608, 5.128308
5.994400, 5.228167
5.962048, 5.245777
5.954973, 5.262242
5.904424, 5.317541
5.870345, 5.352604
5.835329, 5.395074
5.792039, 5.445227
5.758692, 5.481570
5.724074, 5.512656
5.533920, 5.702940
5.472266, 5.768263
5.441696, 5.798473
5.405601, 5.827830
6ce54683-e2f4-4c58-aa92-e83c6b469847
6.576671, 4.186498
6.591498, 4.211330
6.749000, 4.533285
c1136a07-cc4a-4a5e-8c8d-f3d00c7b0e66
6.626398, 6.200111
6.654691, 6.233383
6.682389, 6.270573
6.705153, 6.309112
6.719750, 6.331413
6.739502, 6.353885
6.769212, 6.381296
6.796340, 6.398180
6.940855, 6.495344
6.992502, 6.520725
7.022741, 6.543622
7.077076, 6.571283
7.119333, 6.594171
7.156935, 6.619337
7.204484, 6.645430
7.241947, 6.670800
7.285194, 6.697953
7.321103, 6.725481
7.362681, 6.755127
7.386093, 6.777004
7.408696, 6.795705
7.527205, 6.903411
7.561934, 6.936630
7.592322, 6.967394
7.611643, 6.992957
7.639633, 7.032023
7.666616, 7.071789
7.688419, 7.111434
7.722691, 7.157662
7.746131, 7.196364
7.786416, 7.242130
7.817236, 7.279002
7.851323, 7.317024
7.882479, 7.353614
7.921132, 7.391664
7.954509, 7.426240
7.991227, 7.461730
8.024919, 7.496000
8.053082, 7.530665
8.082424, 7.568725
8.110786, 7.607520
8.138149, 7.647026
8.172826, 7.688732
8.198010, 7.725618
8.214210, 7.751517
7744be5e-37aa-427a-bff7-1cfadac65917
6.491815, 5.583855
6.439160, 5.627062
6.361129, 5.670814
6.299629, 5.707012
6.251969, 5.729856
6.120922, 5.796166
6.062466, 5.820712
6.000818, 5.844974
5.938916, 5.870942
5.899426, 5.892377
5.854836, 5.921689
5.802256, 5.961625
5.766285, 5.992704
9b51d28c-ea47-400d-bbfe-eb4b2adc07fa
6.547159, 7.467478
6.620970, 7.497038
6.675582, 7.550699
6.717552, 7.587752
6.831267, 7.634646
6.886005, 7.662041
6.946081, 7.698810
6.984997, 7.715614
7.045328, 7.735148
7.117791, 7.758616
7.167613, 7.768464
7.249373, 7.778523
7.316229, 7.792780
7.384128, 7.811561
7.429604, 7.828798
7.481139, 7.858630
cc42f92d-b2b8-49a5-ab20-ec6c99aa546a
6.522946, 7.046483
6.425383, 7.079019
6.353262, 7.120927
6.312455, 7.153075
6.293002, 7.164590
6.211379, 7.191274
6.174026, 7.198760
6.132532, 7.207078
6.086602, 7.219337
6.045625, 7.233373
5.988766, 7.257595
5.924872, 7.288068
5.872088, 7.311584
5.825684, 7.332257
5.781215, 7.352068
cd734b96-90f1-4c8f-a88e-f21a9fbb470f
6.490790, 6.718230
6.445817, 6.727298
6.403486, 6.734213
6.344501, 6.757678
6.290544, 6.802615
6.178708, 6.832664
6.144969, 6.850576
6.104450, 6.865309
6.042385, 6.881506
5.949233, 6.897119
5.885008, 6.912437
5.823585, 6.928539
51ec41f1-b69c-4971-a79c-a6221d697abc
6.608233, 6.379633
6.653452, 6.380064
6.912841, 6.410031
6.936859, 6.415820
6.965167, 6.419560
7.063266, 6.436137
7.103230, 6.444408
7.148171, 6.450653
7.190509, 6.458047
7.216590, 6.467160
7.264549, 6.483918
7.322405, 6.502548
7.372643, 6.517152
7.419565, 6.532351
7.469773, 6.547042
7.518531, 6.561308
7.577269, 6.576936
7.626361, 6.589997
7.649291, 6.599195
7.672865, 6.608651
7.694492, 6.618939
93ac40eb-fbb5-43b2-91fd-75eea2a566ed
6.533919, 6.017514
6.507304, 6.017892
6.457241, 6.020101
6.407265, 6.023803
6.345549, 6.017871
6.308783, 6.011330
6.270576, 6.001493
6.227984, 5.993617
6.193276, 5.990243
6.071803, 5.971697
6.040782, 5.965334
6.014265, 5.961309
6.001556, 5.969644
5.976547, 5.973505
5.932208, 5.983381
5.892023, 5.990799
5.842068, 6.000020
5.802837, 6.004218
5.760742, 6.008722
5.673487, 6.017317
5.628726, 6.024735
5.584553, 6.035089
5.545398, 6.044267
c76088bf-025f-4a8e-a496-c91b86eb4ef3
6.537302, 7.730895
6.598600, 7.765255
6.687195, 7.813149
6.757316, 7.846342
6.839186, 7.873460
6.919303, 7.902183
6.998102, 7.937043
7.054125, 7.966737
7.100082, 7.979239
