main root
6.640174, 5.259345
6.620433, 5.457191
6.610965, 5.653082
6.606816, 5.770934
6.607009, 5.922954
6.609269, 6.036869
6.607057, 6.138693
6.607143, 6.231618
6.607237, 6.333222
6.613300, 6.415401
6.610783, 6.462644
6.606729, 6.538736
6.605506, 6.617977
6.601383, 6.691128
6.602736, 6.773521
6.607031, 6.852654
6.611161, 6.928742
6.608988, 6.999176
6.609537, 7.078422
6.619107, 7.163537
6.621003, 7.233979
6.629199, 7.315975
6.643330, 7.397159
6.646205, 7.448591
6.656770, 7.530314
6.669077, 7.602172
6.682433, 7.731427
6.680410, 7.799211
6.701359, 7.900028
6.703890, 8.000743
6.715007, 8.085669
6.721540, 8.158643
6.747825, 8.250826
6.748692, 8.350375
6.758414, 8.435474
6.767065, 8.511182
6.762651, 8.551648
6.762340, 8.637301
6.759083, 8.710497
6.752839, 8.783496
6.743617, 8.856181
6.731435, 8.928429
6.726129, 9.013918
6.721409, 9.089972
6.725096, 9.175543
6.731498, 9.254535
6.734428, 9.327744
6.746809, 9.412495
6.754427, 9.485364
6.758841, 9.556380
6.757090, 9.624717
6.749308, 9.694753
6.740891, 9.770484
6.732402, 9.819772
6.712145, 9.884491
6.701160, 9.979714
6.684534, 10.045463
6.674526, 10.133881
6.660681, 10.202974
6.652752, 10.288259
6.637588, 10.354359
6.627296, 10.439394
6.612915, 10.508378
6.606643, 10.597137
6.595720, 10.666754
6.573936, 10.728348
6.565807, 10.788032
6.563208, 10.873644
6.557993, 10.946724
6.544251, 11.013133
6.528811, 11.087752
6.515696, 11.165909
6.503085, 11.241056
6.494681, 11.309215
6.490565, 11.391516
6.483921, 11.464481
6.479720, 11.543620
6.478512, 11.622861
6.474402, 11.696012
6.461666, 11.762622
6.449730, 11.840966
6.440764, 11.919706
6.440049, 12.005353
6.430508, 12.072495
6.427414, 12.158092
6.421780, 12.231142
6.426936, 12.319971
6.428192, 12.393228
6.432541, 12.472357
6.446184, 12.556916
6.454888, 12.629664
6.470598, 12.710558
6.481615, 12.782992
6.493074, 12.858326
6.507944, 12.936170
6.510542, 12.997645
6.516876, 13.076639
6.513984, 13.115458
6.510053, 13.168228
40573e98-a924-4e03-a202-727f62c92dc7
6.549151, 5.276848
6.487063, 5.236562
6.462434, 5.221802
6.439704, 5.209041
6.417058, 5.208586
6.385346, 5.207919
6.356929, 5.210283
6.326176, 5.218817
6.284515, 5.231932
6.257165, 5.235833
6.206872, 5.243008
6.148197, 5.251378
6.089521, 5.259748
6.028302, 5.271505
5.972772, 5.286742
5.908285, 5.310888
5.859832, 5.330628
5.814429, 5.345895
5.757311, 5.366679
5.691870, 5.393677
5.618177, 5.430556
5.554602, 5.455677
5.499477, 5.477458
5.429450, 5.503519
5.365087, 5.529068
5.302976, 5.552113
5.241238, 5.571827
5.181867, 5.595499
5.119788, 5.618639
5.090485, 5.635951
5.031116, 5.674502
4.980955, 5.701720
4.936905, 5.723920
4.892866, 5.742762
4.840737, 5.760182
4.792558, 5.776281
4.743314, 5.791159
4.711921, 5.802206
32209822-3b1e-4a21-9ed8-1825ec4bb3ea
6.719850, 5.345222
6.772904, 5.346061
6.815555, 5.344451
6.856200, 5.358006
6.897089, 5.388990
6.929601, 5.419259
6.964202, 5.459117
d38b3639-e492-4400-98e8-e240f8e01623
6.690582, 5.441692
6.712717, 5.454791
6.766756, 5.472580
6.784802, 5.494286
6.815637, 5.519671
