main root
6.843224, 4.763883
6.645022, 5.074509
6.553848, 5.595851
6.510859, 5.768942
6.467850, 5.925113
6.421884, 6.069129
6.370676, 6.218367
6.327906, 6.348961
6.282273, 6.494908
6.250225, 6.622972
6.208721, 6.752341
6.169490, 6.867729
6.125884, 6.995987
6.085893, 7.131962
6.032311, 7.278446
5.979960, 7.421562
5.937335, 7.573878
5.903067, 7.734215
5.853633, 7.894830
5.803606, 8.037021
5.756998, 8.173000
5.725001, 8.272875
5.703380, 8.353962
5.662377, 8.452747
8041e854-ab7e-4f64-8580-043e695b7076
6.580240, 5.106963
6.376765, 5.195483
6.293587, 5.236257
6.237863, 5.251790
6.157267, 5.276409
6.087517, 5.305539
6.027429, 5.325769
5.968065, 5.341018
5.910920, 5.373340
5.820106, 5.432430
