main root
6.878702, 5.309204
6.830146, 5.686789
6.807791, 5.828156
6.785312, 5.970314
6.752502, 6.114771
6.752387, 6.318289
6.693091, 6.570108
6.639812, 6.738645
6.582957, 6.893056
6.530354, 7.024676
6.482064, 7.169376
6.453070, 7.289518
6.418040, 7.433804
6.396429, 7.563241
6.388531, 7.685661
6.387218, 7.829241
6.393805, 7.970126
6.395889, 8.149014
6.410670, 8.271545
6.418521, 8.389479
6.429481, 8.490423
6.437706, 8.566175
6.449002, 8.642479
60d6a5e8-73e1-4b0f-89a3-ebd0fff42bf8
6.872843, 5.455445
6.935611, 5.614811
6.929605, 5.707765
6.937683, 5.817624
6.934671, 5.838749
6.945247, 5.853768
6.950663, 5.874456
6.966845, 5.913402
6.986578, 5.953093
6.998913, 5.987989
7.011317, 6.032065
7.027373, 6.089115
7.043428, 6.146164
155fa9d1-3cf3-4f50-a2f7-dc9e4a15b8de
6.802543, 5.750607
6.670662, 5.780935
6.627205, 5.794009
6.561583, 5.796597
6.534256, 5.788679
6.513312, 5.803504
6.477031, 5.829185
6.458277, 5.850568
6.424996, 5.886096
6.391916, 5.927835
6.360932, 5.969182
6.330480, 6.007161
6.315270, 6.033152
6.290393, 6.078436
6.267382, 6.126542
6.247914, 6.156834
6.219551, 6.195431
6.184454, 6.243190
6.149678, 6.293041
6.111295, 6.350677
6.073336, 6.404977
6.044600, 6.448697
6.016697, 6.491148
5.993140, 6.532438
dff74adf-a6e4-41f3-8821-8557ab2af3a4
6.695626, 6.061957
6.617226, 6.088552
6.582901, 6.093851
6.533824, 6.154923
6.427403, 6.296060
6.396531, 6.334517
6.364044, 6.367811
6.333078, 6.405973
6.301515, 6.449623
6.265443, 6.489290
6.225771, 6.537366
6.187643, 6.578866
6.147543, 6.622511
6.111833, 6.663594
6.080190, 6.704561
6.056145, 6.740589
6.027599, 6.788755
6.000003, 6.849998
5.969176, 6.903839
5.941391, 6.961402
5.914041, 7.028395
5.889258, 7.093059
5.865881, 7.158239
5.853586, 7.205821
06e6eeb4-383f-4282-9987-ef7112fb6966
6.683669, 5.971070
6.599461, 6.038218
6.337419, 6.529999
6.325611, 6.585740
6.311754, 6.627911
6.299130, 6.679663
6.288390, 6.728625
6.278794, 6.777824
6.272019, 6.818668
6.271557, 6.848890
ef4cda3b-2198-4ec4-9f06-33686949ade7
6.837295, 5.909501
6.870239, 5.954072
6.905460, 6.001718
6.940684, 6.049363
6.971722, 6.096378
7.057351, 6.265150
7.088629, 6.330277
7.118862, 6.399385
7.187059, 6.498122
7.239744, 6.563865
7.271342, 6.606658
7.291198, 6.648007
e544831e-af3c-44bb-93e4-676431d9cf3c
6.854147, 5.997989
7.045480, 6.246733
7.166433, 6.379729
7.191850, 6.422416
7.227012, 6.482286
7.250713, 6.511645
7.279595, 6.543324
7.335014, 6.586339
7.389140, 6.632138
7.455085, 6.696205
7.493039, 6.733079
