main root
7.080898, 4.609332
6.948594, 4.986862
6.899032, 5.190962
6.823635, 5.422107
6.782496, 5.779798
6.736067, 5.979861
6.698568, 6.187605
6.660071, 6.341527
6.627409, 6.411433
6.598157, 6.484036
6.569399, 6.549731
6.516776, 6.670777
6.474937, 6.781923
6.414214, 6.893612
6.326597, 7.054762
6.271084, 7.169734
6.237130, 7.244922
6.222964, 7.286367
6.200265, 7.326224
6.157375, 7.537632
6.147929, 7.599247
6.135540, 7.640543
6.122522, 7.704768
6.108408, 7.759328
6.093564, 7.816708
6.076570, 7.870441
6.058698, 7.926952
6.042777, 7.987220
6.023921, 8.035157
6.003914, 8.094193
5.985056, 8.140513
5.961861, 8.189542
5.935089, 8.239133
5.905721, 8.287232
5.875829, 8.341931
5.847406, 8.393941
5.824411, 8.448498
5.801931, 8.527843
5.733383, 8.670342
5.708745, 8.752220
5.681239, 8.873317
5.650528, 8.999057
5.608674, 9.126455
5.572687, 9.254327
5.552515, 9.378069
5.539020, 9.501015
5.519955, 9.636518
5.500218, 9.761726
5.485877, 9.879807
5.470416, 9.972219
5.459273, 10.064306
5.452917, 10.116839
0a3f22e4-3f78-4cc4-ac53-156998fbe5ee
6.956124, 5.090742
7.010673, 5.130119
7.067230, 5.161016
7.097645, 5.170809
7.145869, 5.184765
7.190409, 5.202324
7.252737, 5.220878
7.283333, 5.231547
7.315309, 5.242698
7.337386, 5.251982
7.358841, 5.262627
7.377472, 5.276882
7.410661, 5.296623
7.441820, 5.313413
7.473660, 5.328870
7.502124, 5.344353
7.527986, 5.360123
7.546430, 5.362735
7.577150, 5.368344
7.607622, 5.375175
7.637114, 5.383064
7.666935, 5.392330
7.696363, 5.402779
7.729173, 5.412575
7.748237, 5.422691
7.768988, 5.435114
7.825988, 5.464862
7.853817, 5.481104
7.884940, 5.497569
7.912677, 5.513967
7.939607, 5.531659
7.969816, 5.549747
8.000753, 5.566558
8.028306, 5.583265
8.056154, 5.594932
8.079538, 5.606381
8.097436, 5.605093
8.121491, 5.604747
8.136436, 5.613913
8.164249, 5.625718
8.218808, 5.642369
8.259454, 5.656339
8.283773, 5.669446
8.330520, 5.692940
8.373897, 5.716416
8.412990, 5.737573
8.435328, 5.749663
73ac6f06-8405-4392-8cd2-0874edd594e7
7.004746, 4.902723
7.057950, 4.940636
7.074304, 5.032833
7.172420, 5.272262
7.199915, 5.311991
7.219746, 5.345940
7.240030, 5.380667
7.305017, 5.450584
7.393237, 5.564110
7.411285, 5.593736
7.431614, 5.628196
7.612350, 5.939215
7.695625, 6.082700
7.766322, 6.159139
7.792399, 6.242861
d3570150-1c9f-460a-9cc2-e30a07c3a30a
7.038010, 4.807279
7.125218, 4.862801
7.141396, 4.876790
7.177473, 4.903951
7.206838, 4.929807
7.225821, 4.946597
7.247183, 4.949596
7.277006, 4.955231
7.308260, 4.962594
7.339151, 4.971347
7.373318, 4.979407
7.404209, 4.988166
7.438373, 4.996232
7.469262, 5.004998
7.503426, 5.013071
7.537914, 5.019618
7.557692, 5.027879
7.579255, 5.038438
7.680889, 5.067252
7.721606, 5.078796
7.758625, 5.092403
7.812332, 5.113738
7.863431, 5.130815
7.919646, 5.149603
7.965591, 5.161802
8.024059, 5.171132
8.082589, 5.180472
8.139402, 5.191053
8.189344, 5.200355
8.243113, 5.208846
8.287709, 5.221847
8.340119, 5.228969
8.368211, 5.235807
8.401365, 5.245418
8.426297, 5.257321
8.470144, 5.279914
8.517452, 5.300922
8.564003, 5.316681
8.621930, 5.333131
8.684484, 5.346228
8.710246, 5.356209
8.755676, 5.375417
8.788794, 5.392669
8.833423, 5.420980
8.876322, 5.448196
8.921562, 5.473351
8.960781, 5.491734
9.006705, 5.514913
3ab92d52-782e-4054-9fd4-7a4636502d3c
7.055978, 4.752891
7.121826, 4.804726
7.159400, 4.850640
7.180629, 5.071469
7.196099, 5.138544
7.205137, 5.177732
7.285208, 5.340376
7.320019, 5.411309
7.342676, 5.450679
7.359704, 5.486266
7.381967, 5.525859
7.402714, 5.562756
7.423464, 5.599654
7.444214, 5.636551
7.469040, 5.674588
7.485961, 5.708730
7.504759, 5.746657
7.527567, 5.785938
7.552915, 5.823630
7.567049, 5.855375
7.587705, 5.902601
7.702489, 6.131119
7.791709, 6.236862
7.816124, 6.276502
7.850191, 6.326135
7.908133, 6.384105
7.943936, 6.430511
7.998973, 6.509583
258b651b-92ac-4527-ac03-ae2d5925dc5a
6.872932, 5.296280
6.895350, 5.451633
6.898416, 5.531368
6.899716, 5.565169
6.904542, 5.659730
6.897013, 5.769828
6.880570, 5.822645
6.866211, 5.858700
6.850788, 5.897430
6.811172, 6.128409
6.808307, 6.255825
6.804442, 6.292933
6.804443, 6.321443
6.810396, 6.352791
6.821708, 6.396526
6.838308, 6.465793
6.843086, 6.498572
05c47e5f-ab61-4655-8619-b26102547e8a
7.145869, 4.700570
7.311593, 4.821917
7.361815, 4.833376
7.421818, 4.851281
7.453534, 4.866753
7.479373, 4.875045
7.523389, 4.900023
7.592193, 4.927916
7.616761, 4.941107
7.643825, 4.955637
7.683149, 4.975052
7.721428, 4.988944
7.771097, 5.005376
7.819323, 5.021332
7.861406, 5.033678
7.899996, 5.045000
7.920654, 5.054180
19e4c3d5-f84a-4734-b481-d0e9ac9238cb
6.675282, 5.810364
6.519789, 6.170825
6.513342, 6.257951
6.506150, 6.414190
6.444544, 6.613878
6.499676, 7.007029
6.502493, 7.128989
359c899a-e175-4c13-af84-bc4a8fb8f354
6.705999, 6.338697
6.777631, 6.386718
6.868125, 6.467840
1266d42d-0d24-40ef-933b-5c7fe2ecdac5
6.759949, 6.157497
6.838751, 6.169581
