main root
6.765675, 4.714925
6.864774, 4.950980
6.904113, 5.058702
6.942368, 5.166944
6.955806, 5.262048
6.985070, 5.378659
7.020187, 5.501342
7.064834, 5.635858
7.112073, 5.760011
7.149150, 5.883197
7.185586, 5.982221
7.220670, 6.077570
7.258508, 6.162129
7.275477, 6.236300
7.300139, 6.316202
7.323254, 6.398124
7.344367, 6.480585
7.365507, 6.580213
7.386846, 6.670645
7.408211, 6.752155
7.429677, 6.834051
7.461190, 6.921093
7.487205, 7.011486
7.512498, 7.091876
7.526802, 7.178796
7.543962, 7.270122
7.557637, 7.354127
7.571240, 7.437695
7.583484, 7.512909
7.590575, 7.584413
7.594309, 7.686375
7.601439, 7.758390
7.606477, 7.824456
7.603686, 7.926960
7.605552, 8.010855
7.604186, 8.084114
7.602767, 8.160304
7.594827, 8.247663
7.585987, 8.311870
7.574189, 8.375600
7.557237, 8.467175
7.542852, 8.520216
7.527228, 8.589262
7.507021, 8.658215
7.485942, 8.719497
7.455434, 8.763085
7.428158, 8.829906
7.389361, 8.902358
7.363156, 8.944955
7.344080, 9.005593
7.344289, 9.044836
7.350611, 9.107939
7.306147, 9.193300
7.273096, 9.291693
7.242069, 9.397352
7.219114, 9.505565
7.192155, 9.612258
7.167229, 9.719544
7.152547, 9.820120
7.138736, 9.929391
7.128103, 10.030383
7.123800, 10.131860
7.121612, 10.233386
7.113074, 10.335058
7.111801, 10.426053
7.114774, 10.509921
7.117475, 10.586071
7.118627, 10.660779
7.113646, 10.731880
7.142551, 11.121683
7.140118, 11.231924
7.135396, 11.350210
7.136973, 11.469407
7.134088, 11.571214
7.137312, 11.681585
7.138166, 11.783278
7.141132, 11.884785
7.135364, 11.971348
7.131285, 12.064186
7.131058, 12.165725
7.122349, 12.275545
7.111542, 12.385048
7.099451, 12.486025
7.093605, 12.569741
7.089684, 12.647353
7.092188, 12.887749
7.288696, 13.041885
7.576156, 13.077380
7.862605, 13.137598
8.203647, 13.227778
8.431649, 13.268633
9.232275, 13.247772
9.226337, 13.263403
9.394568, 13.266359
d952bdd3-ea90-41da-a23b-5e92a6c2b637
6.935068, 4.988029
6.982898, 4.950663
7.025273, 4.942450
7.049162, 4.939167
7.070638, 4.940571
7.094578, 4.943460
7.114994, 4.950272
7.148297, 4.959619
7.182013, 4.967347
7.219650, 4.971188
7.254192, 4.973033
7.278165, 4.975636
7.298468, 4.982358
7.395609, 4.961323
7.441401, 4.958642
7.480850, 4.959331
7.501343, 4.950785
7.525129, 4.944108
7.562750, 4.936658
7.618530, 4.928662
7.675925, 4.921946
7.718761, 4.918441
7.767321, 4.923850
7.865830, 4.932919
7.911229, 4.934094
7.953537, 4.935188
8.009713, 4.939635
8.068793, 4.944312
8.117936, 4.943698
8.172527, 4.937028
8.244760, 4.929711
8.286307, 4.928511
8.340528, 4.929939
8.381891, 4.934023
8.411851, 4.938485
29837d47-73f3-401e-a49a-2db1acca5227
7.100271, 5.702980
7.065185, 5.762553
7.042826, 5.792528
6.943443, 6.004443
6.844232, 6.115870
6.815872, 6.143222
6.785516, 6.168326
6.752935, 6.195259
6.731327, 6.216991
6.701518, 6.246961
6.671713, 6.281171
6.619435, 6.310048
6.581255, 6.334545
6.556742, 6.355609
6.533039, 6.383874
6.512639, 6.408217
6.459219, 6.446405
6.439248, 6.457015
6.373022, 6.475853
6.328235, 6.494826
6.289307, 6.511330
6.254585, 6.529313
7c53c935-d2e1-44f0-8369-d6cd4664dc75
7.346591, 8.945913
7.328788, 8.948448
7.289236, 8.952627
7.190029, 8.979279
7.126604, 9.005651
7.096590, 9.011683
7.036295, 9.026887
6.976809, 9.045009
6.922261, 9.058531
6.860519, 9.080038
6.804704, 9.099516
6.774706, 9.110020
643efccc-67ba-4006-a500-dac2591449c5
7.448762, 8.792636
7.491004, 8.791917
7.572219, 8.842419
7.624366, 8.860645
7.663980, 8.874402
7.703622, 8.888078
7.739485, 8.903525
7.774098, 8.921601
7.798606, 8.934302
fbea28c6-9be7-495b-989e-13a46f9e897d
7.284602, 6.335435
7.236727, 6.351674
7.197583, 6.363371
7.168169, 6.370598
7.122214, 6.387414
7.101034, 6.390384
7.061674, 6.392879
7.018768, 6.403099
6.961113, 6.416831
6.904570, 6.428760
6.853709, 6.441020
6.800359, 6.450800
7bc7ab5f-bffa-48b0-a68a-ca6662e1fa42
7.351205, 6.550364
7.321483, 6.558107
7.291874, 6.564209
7.270536, 6.563959
7.258493, 6.577136
7.165904, 6.584162
7.127948, 6.582539
7.085771, 6.580736
7.026556, 6.578205
6.982146, 6.576307
e99d507c-4502-420b-970a-d3c0b60e772a
6.990522, 5.407087
6.916026, 5.385947
6.855075, 5.440354
6.752572, 5.474171
6.713427, 5.488661
6.603769, 5.523327
6.544078, 5.534348
6.519959, 5.561849
6.404683, 5.594261
6.336405, 5.615014
6.281813, 5.630362
f39d5525-1e3b-4ff9-88d4-a699b0fcbce0
6.831753, 4.961468
6.712631, 5.059619
6.665986, 5.098929
6.572735, 5.158569
6.555712, 5.183873
6.458498, 5.271418
6.346519, 5.342094
6.309864, 5.361690
3f21ec51-f9a8-4882-a7f1-5d96b62ab438
7.141185, 9.840367
7.065510, 9.855435
310f09b7-3c33-403e-b53e-0d8ead04e8ef
7.200018, 5.821886
7.266892, 5.815760
7.334952, 5.824363
