main root
6.225679, 4.999605
6.255477, 5.218130
6.326328, 5.452766
6.373526, 5.620565
6.392244, 5.713282
6.394721, 5.778855
6.397080, 5.897213
6.409112, 5.975199
6.388180, 6.059797
6.382878, 6.295297
6.390023, 6.386922
6.397554, 6.464243
6.401669, 6.537370
6.408988, 6.630003
6.412712, 6.696148
6.416520, 6.763771
6.421756, 6.856762
6.425088, 6.915931
6.426841, 6.973691
6.428703, 7.035047
6.435124, 7.098640
6.434522, 7.152255
6.435145, 7.229959
6.439966, 7.313748
6.440207, 7.370096
6.441964, 7.430849
6.442351, 7.515966
6.446879, 7.599761
6.447840, 7.673018
6.445805, 7.746252
6.446773, 7.819150
6.453851, 7.901245
6.460395, 7.977158
6.476656, 8.061247
6.479543, 8.115588
6.478608, 8.217614
6.471600, 8.303494
6.468915, 8.387374
6.477247, 8.457804
6.501748, 8.575123
6.525981, 8.691157
6.540152, 8.800419
6.547993, 8.910224
6.555230, 9.011566
6.567298, 9.121161
6.585673, 9.230030
6.600508, 9.330637
6.619491, 9.430375
6.640197, 9.503815
6.656341, 9.612729
6.677592, 9.712083
6.695064, 9.803825
6.716136, 9.903163
6.733112, 10.003584
6.752707, 10.094252
6.772379, 10.185280
6.796066, 10.274967
6.815902, 10.366550
6.831605, 10.458918
6.845179, 10.551316
6.855494, 10.635803
6.859734, 10.721862
6.863899, 10.806429
6.870785, 10.885382
6.874164, 10.958575
6.874910, 11.066494
6.875277, 11.119411
6.881995, 11.219660
6.879889, 11.314059
6.877813, 11.407172
6.871520, 11.500657
6.867379, 11.593481
6.860735, 11.694967
6.856214, 11.796413
6.853807, 11.897934
6.853516, 11.999480
6.853224, 12.101075
6.852957, 12.194204
6.859002, 12.286641
6.862484, 12.371682
6.865948, 12.456276
6.867667, 12.549652
6.873356, 12.633385
6.879671, 12.726311
6.883902, 12.819606
6.887738, 12.904184
6.894048, 12.996896
6.897549, 13.079476
6.889139, 13.164411
6.852208, 13.234801
6.810816, 13.281195
6.625053, 13.402026
6.400601, 13.403567
5.920586, 13.296180
5.382700, 13.305699
5.339931, 13.308870
31534792-0cc7-431c-a15c-0cdc66b1dc5d
6.187263, 5.170581
6.023471, 5.219001
5.944724, 5.254967
5.901339, 5.286407
5.815160, 5.341023
5.737773, 5.380246
5.653534, 5.420583
5.604545, 5.448640
5.543472, 5.487310
5.495043, 5.550177
5.363520, 5.662603
5.316150, 5.710573
5.230846, 5.840965
5.197063, 5.873393
5.135987, 5.932022
5.081186, 5.976328
5.021036, 6.032655
4.966108, 6.063585
4.929656, 6.077241
4.912295, 6.111399
4.841533, 6.177335
4.764251, 6.246455
4.725044, 6.277505
4.680126, 6.302504
4.523946, 6.406122
4.461288, 6.444102
4.410398, 6.481949
4.349253, 6.527425
4.287493, 6.577088
4.237729, 6.605582
4.141211, 6.658409
4.065576, 6.697441
3.989008, 6.734622
3.912848, 6.771603
3.843612, 6.806887
3.777031, 6.837458
3.705406, 6.867052
37a172b7-e6c2-406e-be79-f41f82f03e29
6.212583, 5.127494
6.095326, 5.278399
6.064091, 5.313718
6.024571, 5.353888
5.983059, 5.402484
5.944233, 5.443327
5.903291, 5.482050
5.348295, 5.405021
5.278826, 5.384656
5.240072, 5.371734
5.213741, 5.359798
5.192810, 5.362904
5.154717, 5.364018
5.117422, 5.362115
5.098614, 5.370749
5.061660, 5.384417
5.039612, 5.389372
5.022190, 5.406006
ed50e7ec-6334-4dba-ab4f-24794a997551
6.230056, 5.095600
6.378558, 5.256975
6.407235, 5.292558
6.769669, 5.323832
6.808591, 5.330195
6.850357, 5.337022
6.913999, 5.342877
6.952419, 5.347914
6.978864, 5.355910
7.023755, 5.372609
7.073233, 5.387820
7.113239, 5.395422
7.168725, 5.402916
7.232511, 5.407002
7.292722, 5.407859
7.340203, 5.405541
7.403665, 5.397947
7.439672, 5.398161
7.490469, 5.398462
7.549735, 5.398814
7.609001, 5.399165
7.641972, 5.402354
5ff1148b-78c1-42b6-83db-acb5ba380af2
6.353677, 5.436899
6.443269, 5.625854
6.457367, 5.662577
6.471754, 5.700110
6.484684, 5.725539
6.506910, 5.762690
6.525113, 5.787327
6.541436, 5.809454
6.564856, 5.831155
6.600052, 5.859686
6.634932, 5.911729
6.650250, 5.934588
6.668544, 5.956508
6.699884, 5.989390
6.728942, 6.015539
6.743595, 6.032752
373e0f8c-c3d9-4403-8bf2-9fec832e531f
6.460063, 7.929209
6.362827, 7.963069
6.280077, 8.008323
6.224200, 8.032057
6.163084, 8.058017
6.102689, 8.083670
6.072674, 8.098045
737d97cf-f6d2-47bf-b507-9568e62cc768
6.470169, 8.270124
6.424589, 8.285741
6.271279, 8.305003
6.197774, 8.314238
6.155274, 8.322594
6.115812, 8.330354
6.013094, 8.384914
5.948411, 8.407532
5.903696, 8.427924
36352eab-9998-4161-a02f-244397251c74
6.548632, 8.195746
6.614029, 8.231406
6.682882, 8.280661
6.741416, 8.317434
6.793394, 8.350087
6.905340, 8.387259
6.939956, 8.405061
7.001675, 8.441851
7.043492, 8.466777
28d88c33-a19e-42a3-b0ab-bc7023469bad
6.455602, 8.357244
6.395075, 8.398301
6.332635, 8.436631
6.272454, 8.463038
6.201141, 8.497598
6.112489, 8.542912
6.064068, 8.571024
6324c6a6-6d9c-4d9d-b6dd-9d2ee07ee0ef
6.632270, 9.180071
6.661653, 9.179736
6.747804, 9.176247
2f727b9c-cc94-45ee-80fe-5abfc3a7034c
6.626333, 9.516369
6.586873, 9.537667
6.525842, 9.564694
ce413ef5-d693-46b1-abce-19a05d2e0437
6.720186, 9.607379
6.764517, 9.612726
6.815467, 9.627917
57075dae-b171-4649-bc1a-9e4d691ea926
6.611100, 9.265688
6.566216, 9.277601
