main root
7.147284, 5.209911
7.000950, 5.826467
6.975728, 5.887046
6.878302, 6.043280
6.809413, 6.271449
6.768899, 6.434340
6.719659, 6.606320
6.678552, 6.734731
6.632843, 6.836195
6.580679, 6.951990
6.554399, 7.030933
6.533284, 7.099101
6.512391, 7.161425
6.507111, 7.291347
6.501060, 7.311280
6.492485, 7.352402
6.485290, 7.390584
6.476443, 7.425400
6.467603, 7.463236
6.459494, 7.501234
6.450257, 7.533762
6.438304, 7.567637
6.431565, 7.615976
6.424683, 7.649082
6.417192, 7.670411
6.417740, 7.793042
6.429957, 7.847289
6.420725, 7.941544
6.424662, 7.993483
6.423372, 8.016052
6.420959, 8.058310
6.418547, 8.100569
6.418953, 8.145986
6.416313, 8.185344
6.416268, 8.230763
6.422208, 8.279082
6.422748, 8.307990
6.423540, 8.350309
6.424332, 8.392630
6.425126, 8.434948
6.422873, 8.474330
6.423273, 8.519748
6.420534, 8.548531
6.416525, 8.590668
6.417911, 8.639331
6.416040, 8.678734
6.417182, 8.717810
b141a257-caea-49d8-9747-9a04744cd274
7.077876, 5.347181
7.037961, 5.362152
7.020799, 5.372901
6.985915, 5.391217
6.948480, 5.410871
6.910985, 5.435629
6.876576, 5.461937
6.847431, 5.487988
6.813942, 5.540876
6.799221, 5.564123
6.796669, 5.583972
6.788739, 5.610437
6.776637, 5.650819
6.756613, 5.701997
6.738105, 5.749300
6.715162, 5.792100
6.690073, 5.857043
6.680444, 5.894434
6.670882, 5.913566
6.655076, 5.941845
6.641076, 5.963831
6.626974, 5.983192
6.610705, 5.995358
6.588368, 6.013930
6.567404, 6.029412
6.561713, 6.046839
6.515874, 6.100032
6.477340, 6.147042
6.451428, 6.173932
6.422013, 6.202298
6.391580, 6.229568
6.353859, 6.261357
6.319511, 6.294220
6.282710, 6.333571
6.252632, 6.374499
6.207510, 6.435896
6.167717, 6.491787
c6cba385-8b0b-4393-b0ac-9f487518e28a
7.062523, 5.758174
7.169902, 5.773670
7.223162, 5.780710
7.262195, 5.782849
7.285980, 5.785652
345538d9-410a-4a11-916f-93164867d2d7
7.137697, 5.359452
7.240013, 5.290230
7.256584, 5.260263
7.270047, 5.242103
7.288192, 5.234332
7.318168, 5.219859
7.338254, 5.216810
7.364620, 5.211293
53ae562c-714a-4950-93ec-af03448ac778
7.107939, 5.260994
7.055650, 5.255568
7.042171, 5.252092
7.011692, 5.249218
