main root
6.070714, 2.353147
6.412136, 3.268747
6.582913, 3.749290
6.693560, 4.346231
6.545217, 5.073444
6.341777, 5.531374
6.258144, 5.903611
6.357027, 6.371966
6.669580, 7.357788
6.663632, 7.549260
6.825358, 7.907740
6.755179, 8.049009
6.750265, 8.349726
931269b7-2459-4994-a4df-46aa653a5f4c
6.251613, 2.848972
5.682900, 3.228320
4.529230, 3.677084
4e61a0b9-c5c4-4940-91b9-9f1f22ec40f3
6.304994, 3.011330
4.431328, 4.446774
55ac22cc-ac48-45b5-a370-c8aab1e02723
6.256848, 5.906381
6.081264, 6.102161
5.530913, 6.383216
dc5c812f-e570-477f-9771-110f5e9bba46
6.256899, 6.183314
5.932766, 6.349886
5.768352, 6.468550
88c91581-60e3-4d12-8d2a-e6c8a2c9a861
6.384507, 6.440923
6.179424, 6.661474
6.068122, 6.726551
e7603aeb-8827-4f41-b834-83bbc90509d4
6.252213, 6.078921
6.621886, 6.150732
