main root
6.332954, 4.836793
6.201320, 5.120053
6.182578, 5.221622
6.147580, 5.348644
6.118761, 5.532464
6.079515, 5.695173
6.047113, 5.855894
6.042316, 6.018056
6.031923, 6.216160
6.034195, 6.379534
6.043119, 6.537975
6.064711, 6.638987
6.090560, 6.789024
6.102235, 6.918448
6.114030, 7.042902
6.121980, 7.171238
6.135068, 7.315491
6.149877, 7.468969
6.163124, 7.606247
6.178606, 7.700613
6.193186, 7.763856
6.202220, 7.803044
6.215862, 7.887995
6.261802, 8.033447
6.297765, 8.121441
6.331435, 8.203904
6.375129, 8.314687
6.447511, 8.518893
6.513311, 8.643945
6.609386, 8.812936
6.680867, 8.958577
6.736532, 9.076748
6.789026, 9.183237
6.833567, 9.292678
6.877352, 9.411400
6.910982, 9.532923
6.944675, 9.646762
6.967960, 9.762606
6.989217, 9.879070
7.007460, 9.979022
7.018859, 10.088606
7.030561, 10.180782
7.039181, 10.282263
7.053290, 10.373822
7.053381, 10.471956
7.057708, 10.574752
7.055988, 10.684825
7.050169, 10.786502
7.053302, 10.879022
7.050170, 10.973023
7.051024, 11.074547
7.057699, 11.156684
7.049081, 11.198462
7.039009, 11.262116
7.034549, 11.309445
7.034982, 11.368650
7.044587, 11.453765
7.044856, 11.522888
7.045186, 11.607555
7.046987, 11.685249
7.045115, 11.787089
7.042974, 11.903481
7.043972, 12.018747
7.040576, 12.112358
7.041419, 12.205110
7.038065, 12.298754
7.036842, 12.391665
7.033389, 12.493302
7.038405, 12.594821
7.039605, 12.704852
7.028107, 12.814719
7.006146, 12.882262
7580ba68-9183-43c7-9135-ad539549d401
6.207478, 5.067300
6.160866, 5.093997
6.118920, 5.109074
5.976636, 5.110419
5.903868, 5.149533
5.834244, 5.194002
5.764364, 5.241097
5.693377, 5.278933
5.607592, 5.317505
5.529131, 5.350512
5.453479, 5.386834
5.370648, 5.428938
5.295178, 5.467300
5.225080, 5.510010
5.162522, 5.555411
5.098681, 5.609432
5.046798, 5.655293
4.986156, 5.717368
4.957978, 5.739786
4.887044, 5.795899
4.832204, 5.852638
4.754401, 5.907432
4.697936, 5.952690
4.645316, 5.992948
4.589007, 6.052988
4.542468, 6.096046
4.492502, 6.148392
4.445684, 6.195272
4.397825, 6.249547
4.351832, 6.281337
4.312164, 6.306936
4.297771, 6.337487
4.229414, 6.403390
4.170731, 6.462844
4.113029, 6.524256
4.049646, 6.582626
3.990800, 6.642458
3.937369, 6.696784
3.870401, 6.761874
3.821921, 6.802733
3.784156, 6.840434
3.736219, 6.890404
3.691058, 6.950452
3.650116, 6.987414
3.616741, 7.010751
3.598741, 7.038826
3.561561, 7.077453
3.518428, 7.125384
3.451813, 7.191786
3.391850, 7.251557
3.332494, 7.322603
3.272779, 7.394079
3.221487, 7.468597
3.172414, 7.547309
3.131144, 7.607848
3.087042, 7.664571
3.024679, 7.744778
2.977383, 7.800732
2.927486, 7.850489
2.873531, 7.904292
2.819569, 7.962327
2.767683, 8.018128
2.716105, 8.082393
2.667719, 8.135505
2.599300, 8.210607
2.548279, 8.273278
2.499955, 8.330266
2.437578, 8.410369
2.390758, 8.470493
2.343677, 8.528517
2.304025, 8.580742
2.265637, 8.612970
e2115d6a-b22b-41b1-a9d8-78ad53799804
6.197178, 5.463273
6.297659, 5.504792
6.328584, 5.501682
6.375789, 5.502219
6.405728, 5.498071
6.462429, 5.482659
6.522529, 5.480917
6.565345, 5.489891
6.610870, 5.510729
6.635773, 5.525419
6.656970, 5.543135
6.689449, 5.570282
6.722587, 5.601878
6.751107, 5.631141
6.780653, 5.661455
6.819905, 5.703874
6.843584, 5.727258
6.905704, 5.783149
6.937174, 5.811463
6.968645, 5.839778
7.016934, 5.879197
7.064952, 5.916464
7.102982, 5.947874
7.140045, 5.980427
7.176102, 6.014088
7.215351, 6.048682
7.253459, 6.082271
7.296319, 6.114060
7.354906, 6.153789
7.406038, 6.186654
7.453196, 6.211628
7.502135, 6.234158
7.557959, 6.258208
7.604609, 6.278307
7.661008, 6.300976
7.704249, 6.321584
7.759747, 6.346374
7.804151, 6.367848
7.845883, 6.391356
7.880729, 6.412701
7.914769, 6.435308
7.955011, 6.463832
8.004520, 6.505127
8.085233, 6.571698
8.244138, 6.681781
8.293648, 6.717363
8.335734, 6.754351
8.365421, 6.782433
8.400208, 6.817400
8.422223, 6.845894
8.455380, 6.886363
8.485467, 6.925446
8.516456, 6.965702
8.554709, 7.012940
8.588786, 7.052643
8.619760, 7.091029
8.657975, 7.131237
8.700407, 7.180228
8.730238, 7.212383
8.766907, 7.249708
8.800387, 7.285925
8.836988, 7.323312
8.878878, 7.359683
8.919351, 7.392842
8.958648, 7.425037
9.002388, 7.462808
9.047171, 7.495546
9.099756, 7.535843
9.137975, 7.567015
9.179452, 7.598915
9.213420, 7.630704
9.252630, 7.665350
9.277482, 7.689307
a6f52a8b-1fcc-4d9d-ad30-db96819e6ad7
6.180660, 5.386264
6.240899, 5.472221
6.326618, 5.604317
6.372240, 5.665627
6.397441, 5.699496
6.426832, 5.733979
6.465274, 5.779083
6.499499, 5.823852
6.533262, 5.863089
6.578250, 5.908488
6.611891, 5.944561
6.648653, 5.981787
6.686463, 6.017946
6.709180, 6.045883
6.737019, 6.084864
6.777838, 6.126570
6.821412, 6.168950
6.874203, 6.216118
6.914169, 6.255843
6.951969, 6.297635
7.007313, 6.354361
7.075520, 6.452186
6f612965-4f59-4fea-943f-458e5aa7f195
6.029331, 6.137989
6.109615, 6.169259
6.147089, 6.183855
6.172718, 6.193847
6.204123, 6.199676
6.223036, 6.195845
6.328047, 6.207438
6.356597, 6.207580
6.385004, 6.204726
6.415637, 6.195636
6.481985, 6.169925
6.559983, 6.165914
6.606465, 6.168019
6.658773, 6.168889
6.707782, 6.165215
6.761204, 6.158206
6.819962, 6.150498
6.876149, 6.146147
6.933865, 6.143178
6.975422, 6.144038
7.023744, 6.149529
7.070904, 6.157899
7.124741, 6.165936
7.171224, 6.177407
7.320239, 6.192870
7.412471, 6.210292
7.552815, 6.280639
7.627000, 6.320930
7.768167, 6.371167
8.125280, 6.599792
ef0cc1e7-d16b-4a5f-a5f8-885e12162656
5.996801, 6.514486
5.954297, 6.538274
5.920584, 6.549963
5.882923, 6.559656
5.842012, 6.570330
5.785737, 6.583465
5.736270, 6.595011
5.679669, 6.606686
5.641444, 6.613043
5.612695, 6.622376
5.571559, 6.640453
5.523915, 6.667928
5.479908, 6.693308
5.447089, 6.717417
5.393569, 6.760449
5.351643, 6.799921
5.304305, 6.845825
5.273989, 6.871050
5.254078, 6.891508
5.224648, 6.928185
5.199018, 6.955344
5.169841, 6.981899
5.138730, 7.006167
5.118184, 7.025993
5.089167, 7.058151
5.060806, 7.089585
5.042590, 7.114243
5.018063, 7.152484
4.995207, 7.188122
4.972804, 7.225827
4.953378, 7.252658
4.927883, 7.282771
4.900177, 7.310861
4.877968, 7.346166
4.854675, 7.371952
4.826402, 7.405481
4.793657, 7.444313
4.766006, 7.472461
4.736338, 7.502664
4.694804, 7.544945
4.653307, 7.591460
4.613972, 7.637800
4.569964, 7.687331
4.536596, 7.731648
4.506039, 7.772233
75e72c27-ee57-46d4-9eb5-54b6e88139f0
6.249942, 5.092479
6.350377, 5.226182
6.437221, 5.398541
6.456261, 5.541532
6.465147, 5.627112
6.468475, 5.679300
6.509913, 5.883243
6.511781, 5.930648
6.525893, 5.936723
6.533432, 5.965360
6.550449, 6.011668
7d21c53e-21e8-4f97-be6e-37a62ae2ee01
6.273595, 5.241409
6.391309, 5.299657
6.445662, 5.333755
6.484281, 5.345983
6.547774, 5.360423
6.606597, 5.375696
6.721945, 5.445780
6.793239, 5.483843
6.866538, 5.517886
6.918234, 5.545197
637e3e07-6196-4ab9-ab47-d48cbf488f20
6.386280, 4.866143
6.452025, 4.907538
6.513731, 4.974780
6.666510, 5.122934
6.804857, 5.173061
6.847494, 5.189692
6.894837, 5.192187
6.947591, 5.218541
6.998099, 5.252145
7.058405, 5.272144
7.128324, 5.290608
7.188275, 5.311093
7.248533, 5.334846
7.317342, 5.357135
7.373863, 5.377010
7.428189, 5.404038
7.488797, 5.434192
7.566527, 5.468953
3eca9961-b830-4d5e-ab96-b9a8748f4cc0
6.283161, 4.908703
6.107898, 4.974755
5.987168, 5.061954
5.858637, 5.194077
5.777651, 5.227209
5.695597, 5.265888
5.632421, 5.296405
5.519087, 5.345004
5.462316, 5.369031
5.400311, 5.397108
5.325638, 5.408489
faf2fba5-861d-47f9-a132-bfe944c667ee
6.211850, 8.000071
6.153702, 8.025344
6.130570, 8.036407
6.106373, 8.046092
c2e7b8a4-23f7-48a8-a442-5e3b86c19e8d
6.121838, 7.649626
5.994797, 7.704000
5.941412, 7.729515
5.880100, 7.759700
5.841441, 7.780401
5.799750, 7.799331
