main root
6.599767, 5.067300
6.524690, 5.238070
6.468920, 5.472950
6.424743, 5.757194
6.397513, 5.932397
6.380866, 6.107568
6.359529, 6.309736
6.350347, 6.517427
6.337929, 6.743497
6.321026, 6.914845
6.317057, 7.081784
6.314913, 7.213456
6.304024, 7.377622
6.280386, 7.547559
6.250103, 7.689746
6.214571, 7.837976
6.174458, 8.005322
6.135102, 8.160740
6.080357, 8.311725
6.038786, 8.443505
6.006070, 8.585763
5.973016, 8.716872
5.925901, 8.852989
5.895736, 8.978650
5.862133, 9.100640
5.840890, 9.193701
5.828575, 9.285450
5.817154, 9.359288
5.804064, 9.404751
5.781745, 9.497402
5.769743, 9.587125
5.752193, 9.702399
5.737832, 9.838326
5.727457, 9.956594
5.719187, 10.075022
5.708837, 10.192953
5.694299, 10.310329
5.682789, 10.437423
5.677066, 10.547533
5.665024, 10.656949
5.657868, 10.740911
5.652782, 10.825020
5.643480, 10.910125
5.635202, 10.985867
5.638325, 11.039959
3fe59252-52fb-418f-9e3b-f2f417249dfe
6.397862, 5.559759
6.333620, 5.558543
6.235020, 5.570006
6.170865, 5.573447
6.081029, 5.586674
5.989435, 5.602286
5.905967, 5.616513
5.825950, 5.636225
5.778952, 5.641637
5.697986, 5.656985
5.620732, 5.674674
5.553199, 5.680925
5.482728, 5.681437
5.418374, 5.684898
5.361305, 5.687970
5.315489, 5.696432
5.265214, 5.708763
5.181329, 5.743207
5.127810, 5.758709
5.082070, 5.770401
5.036200, 5.774401
4.968657, 5.761958
4.927884, 5.768037
4.857798, 5.772396
4.828764, 5.793011
4.698325, 5.831859
4.606586, 5.852596
4.506947, 5.872951
4.425654, 5.893791
4.351847, 5.912711
4.280951, 5.935522
4.221381, 5.950904
30f0edaa-4cfe-455d-b274-94d2b9dc414f
6.531734, 5.554122
6.593517, 5.594981
6.693063, 5.633220
6.837623, 5.728237
6.941999, 5.779902
7.032633, 5.820517
7.109125, 5.857845
7.184159, 5.899076
7.264971, 5.945883
7.350904, 6.000544
7.431344, 6.046725
7.509589, 6.098923
7.580820, 6.143949
7.654639, 6.183249
7.731179, 6.216951
7.807769, 6.255206
7.893278, 6.290864
7.970605, 6.327602
8.039430, 6.360302
8.098698, 6.388460
8.144790, 6.417623
8.227180, 6.433923
8.262480, 6.440907
8.310091, 6.456515
8.324318, 6.487628
8.437511, 6.552127
8.510410, 6.596053
8.582932, 6.639751
8.665356, 6.682048
8.740118, 6.722744
8.822885, 6.760573
8.901786, 6.787515
8.988557, 6.823811
9.065844, 6.860635
9.130640, 6.894824
9.167632, 6.919418
9.209285, 6.954920
8ee491bf-a96a-4c7e-8dfe-2dabdace0abe
6.565900, 5.380567
6.635629, 5.385153
6.723952, 5.403791
6.815478, 5.412924
6.916346, 5.427000
7.008639, 5.437756
7.108552, 5.462177
7.199826, 5.477990
7.283183, 5.490327
7.367281, 5.509064
7.449999, 5.523243
7.541798, 5.538979
7.627212, 5.555755
7.677813, 5.574315
7.762229, 5.618722
7.830875, 5.645327
7.918980, 5.665938
8.009662, 5.687152
8.100096, 5.710469
8.181757, 5.737948
8.261738, 5.767050
8.354999, 5.803471
8.444611, 5.826488
8.533319, 5.860133
8.626967, 5.900176
8.711385, 5.940847
8.796692, 5.977277
8.881736, 6.015883
8.976660, 6.052003
9.070944, 6.090143
9.148276, 6.128137
9.203053, 6.160054
9.242767, 6.172800
3fcc3ee6-fb40-40d8-bfa3-10572d20172d
6.481233, 5.075767
6.391015, 5.086010
6.299741, 5.090141
6.224784, 5.092459
6.185371, 5.090682
6.153746, 5.095250
6.100032, 5.081469
6.038649, 5.075038
5.978989, 5.067856
5.936251, 5.067873
5.877718, 5.067109
5.823792, 5.066840
5.783914, 5.067824
5.741598, 5.068869
5.701395, 5.069860
5.673888, 5.070537
5.642658, 5.077293
5.598994, 5.089802
5.562385, 5.097175
5.533603, 5.099919
5.494157, 5.100672
5.453299, 5.099955
5.399462, 5.102004
5.338802, 5.105811
5.291640, 5.111771
442d5456-b788-4cd6-b329-da82dd71a7c7
6.497905, 5.167334
6.275211, 5.140678
6.230935, 5.134063
6.198749, 5.126229
6.166838, 5.124622
6.141471, 5.123344
6.061114, 5.111812
6.025495, 5.106700
5.996965, 5.105629
5.968479, 5.107556
5.920672, 5.116790
5.893055, 5.117551
5.842274, 5.118951
5.751953, 5.122939
40cf6f6d-d7b9-47a4-9761-5a1682877ece
6.718517, 5.126664
6.805103, 5.105767
6.849673, 5.114672
6.881701, 5.115849
6.928660, 5.113081
6.958949, 5.112795
7.026859, 5.100235
7.050318, 5.100462
7.092637, 5.100872
7.117131, 5.104103
7.154060, 5.113503
7.196209, 5.118053
7.256781, 5.123088
7.307405, 5.127295
7.343265, 5.130275
d0f10249-a593-4338-8193-06d03786c8fc
6.721887, 5.024043
6.771595, 4.991896
6.839048, 4.986658
6.916278, 5.017243
6.986194, 5.019474
7.031228, 5.015890
7.073404, 5.012379
7.112843, 5.012100
7.155161, 5.011799
7.209338, 5.014409
7.239484, 5.017359
7.331056, 5.008272
7.424482, 5.023045
7.459017, 5.026848
7.487088, 5.034314
7.524712, 5.039529
7.555938, 5.045226
7.586893, 5.052251
7.621100, 5.058335
7.655556, 5.062800
7.690185, 5.065635
7.721682, 5.069574
7.756323, 5.072255
7.783307, 5.078706
7.821050, 5.082967
7.844791, 5.087011
7.868266, 5.092386
