main root
6.954052, 5.416545
6.919376, 5.622473
6.901464, 5.793012
6.841533, 6.006026
6.790856, 6.148598
6.734223, 6.283251
6.685193, 6.367752
6.617056, 6.444569
6.495690, 6.583455
6.378436, 6.720820
6.312542, 6.810004
6.266993, 6.900950
6.209557, 7.057311
6.142590, 7.233486
6.091522, 7.315716
6.011115, 7.445186
5.929334, 7.541055
5.876685, 7.628849
5.809361, 7.716430
5.756223, 7.792456
5.706589, 7.870815
5.679091, 7.929951
5.654097, 8.003657
5.613177, 8.125461
5.590509, 8.220569
5.573697, 8.284657
5.554372, 8.346525
5.535717, 8.401224
5.522804, 8.453001
5.508593, 8.522350
5.490966, 8.593461
5.475613, 8.649176
5.455529, 8.710789
5.435241, 8.763371
5.414766, 8.820594
5.392850, 8.886288
5.372361, 8.952435
5.349357, 9.011523
5.327255, 9.076545
5.313031, 9.132342
5.300063, 9.201384
5.286553, 9.284551
5.279644, 9.336413
5.272935, 9.386773
5.263824, 9.443840
5.254572, 9.492290
5.241867, 9.558825
5.229563, 9.615283
5.215141, 9.681456
5.202520, 9.739365
5.189900, 9.797275
5.177278, 9.855185
5.166945, 9.916657
5.166490, 9.981189
5.161778, 10.012650
5.155514, 10.054463
5.146735, 10.113071
5.136698, 10.169977
5.127361, 10.240144
5.115964, 10.291752
5.103871, 10.339571
5.092502, 10.390637
5.077781, 10.456753
5.064899, 10.514608
5.053154, 10.574250
5.040065, 10.640714
5.027435, 10.697100
5.010366, 10.759613
4.997905, 10.822293
4.983999, 10.876896
4.969373, 10.934321
4.951500, 10.986300
4.935908, 11.036248
4.915724, 11.100910
4.897082, 11.155610
4.876165, 11.221624
4.858630, 11.291833
4.841126, 11.355733
4.826377, 11.426578
4.812571, 11.492891
4.801652, 11.552685
4.785872, 11.614092
4.772150, 11.661477
4.754330, 11.728393
4.739707, 11.765852
4.720385, 11.811235
4.700485, 11.857976
4.677270, 11.912500
4.654057, 11.967022
4.629262, 12.017618
4.605241, 12.076836
4.575500, 12.155670
4.557569, 12.203199
4.538395, 12.262506
4.522091, 12.322663
4.505317, 12.401724
4.490106, 12.466206
4.478443, 12.515644
4.462610, 12.569728
4.446973, 12.628466
4.429550, 12.693912
4.414303, 12.751183
4.396934, 12.804791
4.380592, 12.864942
4.361898, 12.916624
4.346779, 12.958425
3c0e7207-a62e-4f34-9057-cbaf835066cf
6.934253, 5.892693
7.028138, 5.908917
7.113555, 5.927009
7.138403, 5.932273
7.154120, 5.926129
7.195564, 5.927578
7.233039, 5.945337
7.284034, 5.990091
7.326961, 6.021790
7.372011, 6.051336
7.421573, 6.083841
7.469060, 6.116777
7.508722, 6.146105
7.549566, 6.176309
7.591331, 6.210915
7.630645, 6.249323
7.667880, 6.277328
7.713149, 6.313249
7.775450, 6.360940
7.797729, 6.383648
7.831186, 6.419887
7.864812, 6.449691
7.904943, 6.483260
7.946018, 6.515668
7.983799, 6.547383
8.024817, 6.579863
8.063870, 6.606968
8.120893, 6.639257
8.170428, 6.669027
8.209865, 6.696220
8.244717, 6.720254
8.277487, 6.744668
8.314431, 6.774060
8.338068, 6.790952
8.374241, 6.822315
8.399213, 6.850808
8.463064, 6.908161
8.492403, 6.936525
8.514968, 6.964586
8.548907, 7.004404
8.575531, 7.042559
8.606684, 7.084591
8.634838, 7.125090
8.665917, 7.167176
8.696094, 7.208041
8.731298, 7.255712
8.770688, 7.304014
8.808142, 7.349939
8.847702, 7.396081
8.880765, 7.434645
8.917232, 7.479477
8.941635, 7.516594
8.969541, 7.559037
9.000023, 7.608126
9.033002, 7.652725
9.061109, 7.693252
9.087978, 7.734623
9.117723, 7.777672
9.144523, 7.819092
9.170969, 7.859966
9.200633, 7.903060
11e795f9-ecd4-46e6-a48b-fa6342fc559c
6.951857, 5.843945
6.972701, 5.891230
7.008718, 5.937831
7.052816, 5.982000
7.074287, 6.005713
7.094578, 6.030444
7.116919, 6.050697
7.139543, 6.073311
7.161037, 6.097003
7.185580, 6.121920
7.215356, 6.145840
7.239289, 6.167068
7.266383, 6.189182
7.290149, 6.210595
7.312842, 6.233140
7.338644, 6.256749
7.365391, 6.279283
7.388822, 6.301062
7.415393, 6.323802
7.443051, 6.345420
7.466053, 6.365220
7.489429, 6.387233
7.511799, 6.410267
7.541583, 6.434401
7.569814, 6.455267
7.594757, 6.475488
7.618772, 6.496801
7.646037, 6.518915
7.670046, 6.540233
7.693080, 6.562603
7.719325, 6.585918
7.742353, 6.608294
7.768592, 6.631614
7.791616, 6.653994
7.817850, 6.677321
7.845095, 6.699459
7.864874, 6.721234
7.885201, 6.745934
7.907574, 6.766151
7.934462, 6.788517
7.962245, 6.809761
7.995249, 6.829264
8.005090, 6.845240
8.018371, 6.866856
8.036623, 6.875872
8.051377, 6.889837
8.078011, 6.912942
8.101395, 6.935172
8.127976, 6.958335
8.151313, 6.980616
8.173612, 7.003935
8.203292, 7.028432
8.220817, 7.044798
8.239140, 7.068013
8.266365, 7.095212
8.288130, 7.119030
8.308789, 7.143813
8.332517, 7.169892
8.347585, 7.193078
8.372198, 7.222662
8.391685, 7.248377
8.414177, 7.275529
8.433608, 7.301287
8.456038, 7.328488
8.475413, 7.354289
8.497787, 7.381539
8.525531, 7.408209
8.547751, 7.431603
8.568886, 7.455983
8.597336, 7.481901
8.620175, 7.504692
8.646187, 7.528492
8.668976, 7.551331
8.690703, 7.575184
8.715552, 7.600197
8.737227, 7.624097
8.766250, 7.649370
8.783336, 7.666194
8.801040, 7.689885
8.827539, 7.717793
8.852901, 7.742287
8.870620, 7.761437
8.890106, 7.784663
8.902216, 7.803752
8.942776, 7.857461
8.997987, 7.910301
9.027961, 7.938988
9.070775, 7.979965
9.117823, 8.020849
9.160444, 8.059871
9.195798, 8.094268
9.224341, 8.128304
9.259096, 8.167417
9.290724, 8.205263
9.325410, 8.244434
9.363315, 8.282727
9.402887, 8.324832
9.441911, 8.361980
9.486952, 8.402792
9.522487, 8.437011
9.561194, 8.472205
9.584608, 8.499561
9.616263, 8.536548
47849e24-84df-416c-8180-72f3d0088d18
5.921334, 7.606306
5.969007, 7.660178
6.009173, 7.685907
6.074209, 7.725852
6.115174, 7.760389
6.156415, 7.798333
6.194513, 7.840624
6.269941, 7.914271
6.315226, 7.947836
6.384079, 7.996768
6.437771, 8.026141
6.472519, 8.039699
6.500966, 8.052088
6.528910, 8.065572
6.553508, 8.080766
6.572655, 8.094695
040e0ea7-7c19-4c8b-b06b-b1f583bdf7d5
6.686720, 6.460738
6.741975, 6.510758
6.788324, 6.549740
6.821669, 6.577381
6.856004, 6.604133
6.881425, 6.629633
6.915176, 6.665608
6.952048, 6.702725
6.983619, 6.738751
7.020568, 6.783185
7.053204, 6.817750
7.100242, 6.861028
7.145860, 6.907068
7.171425, 6.937121
7.200964, 6.969537
7.229526, 7.005325
7.253829, 7.038175
7.276912, 7.071892
7.310656, 7.113231
7.344885, 7.152799
7.382342, 7.191521
7.425666, 7.234157
7.463992, 7.269774
7.503321, 7.304279
7.543622, 7.337646
7.584861, 7.369847
7.629104, 7.400594
7.654486, 7.421879
7.673949, 7.438200
7.693411, 7.454521
10b384e7-fca7-4916-b67e-0a9ec5c83d65
5.566834, 8.157633
5.506010, 8.176529
5.436285, 8.193488
5.361233, 8.213285
5.268517, 8.235552
5.210245, 8.241850
5.142907, 8.249129
5.085565, 8.247483
