main root
7.429878, 4.163869
7.269939, 4.670668
7.229154, 4.861636
7.198151, 4.997546
7.181685, 5.149903
7.171225, 5.339644
7.138255, 5.549085
7.127739, 5.709742
7.123344, 5.887203
7.121789, 6.042918
7.140559, 6.156560
7.170237, 6.349192
7.173199, 6.463005
7.163437, 6.574462
7.138486, 6.690071
7.100016, 6.839668
7.076852, 6.977182
7.060856, 7.110119
7.051500, 7.187875
7.056316, 7.273709
77fd431c-8eaa-4952-bd54-fda26256bafc
7.324869, 4.459316
7.121370, 4.398987
7.099073, 4.337764
7.086760, 4.303953
7.004904, 4.268124
6.962032, 4.277553
6.833779, 4.260982
6.757801, 4.257202
6.690217, 4.259834
6.643089, 4.255678
081f84c3-5b28-4d98-b745-c7390277e356
7.370233, 4.542366
7.432446, 4.575325
7.496277, 4.585154
7.533430, 4.594046
7.554779, 4.603773
7.593291, 4.621319
7.643261, 4.647375
7.695816, 4.674778
7.741287, 4.693424
7.798069, 4.713472
7.843802, 4.726445
7.890345, 4.742853
33c7d4f5-5a34-4f07-ab4d-1168acd8fcf2
7.226958, 4.591939
7.129142, 4.608607
7.058370, 4.626581
6.986702, 4.641691
6.922019, 4.661444
6.859265, 4.680603
6.789600, 4.708596
6.757427, 4.734427
6.661595, 4.795035
6.569744, 4.840613
6.496510, 4.881583
6.431162, 4.914710
6.393976, 4.936917
6.349073, 4.974193
6.317542, 5.006203
66894be5-d9d5-443c-9e38-68fbe0c039c0
7.184176, 4.829371
7.126512, 4.844138
7.031888, 4.881224
6.976432, 4.899744
6.924367, 4.930038
6.842287, 5.007315
6.775958, 5.036173
6.712287, 5.050815
6.662821, 5.068666
6.617456, 5.093856
6.561254, 5.121642
6.513806, 5.158751
6.487769, 5.186716
6.460817, 5.228841
6.440506, 5.268919
59f9a80f-82b5-4965-b3cb-5202df4e7c25
7.299340, 4.911942
7.335305, 4.935367
7.379061, 4.956723
7.424764, 4.999574
7.443695, 5.021427
7.462968, 5.052820
7.485117, 5.088896
7.507268, 5.124972
7.529418, 5.161048
7.563313, 5.190750
7.606194, 5.230608
7.651154, 5.272399
7.686669, 5.311538
680fbc8a-94df-4310-8ab3-4e7c8b18942f
7.123643, 5.188061
7.063439, 5.209364
