main root
6.873973, 5.245324
6.861634, 5.440064
6.839472, 5.607073
6.849860, 5.776206
6.841004, 5.880546
6.812335, 6.041480
6.773232, 6.327417
6.795901, 6.560406
6.790644, 6.803928
6.757604, 7.081460
6.745091, 7.329017
6.783757, 7.655173
6.757820, 7.909334
6.757579, 8.086399
6.755374, 8.233123
6.756312, 8.311384
6.734827, 8.372832
37e9c581-56b1-4c76-b2de-a17bddc7b795
6.787784, 5.293537
6.644579, 5.289097
6.451528, 5.250838
6.368247, 5.258084
6.309227, 5.263216
6.263720, 5.273179
6.229279, 5.285316
2b812f1d-e4ba-4c10-97cc-597f1fea4363
6.749898, 5.317573
6.702882, 5.413633
6.568693, 5.524339
6.491791, 5.580986
6.458541, 5.601303
6.425350, 5.618396
6.410952, 5.637195
6.385176, 5.663465
6.359931, 5.684588
6.353168, 5.705197
6.316861, 5.756929
6.292661, 5.783593
6.260148, 5.823871
47f202bc-06a5-47a7-b24d-35cca5cca604
6.792970, 5.460907
6.697491, 5.461351
6.557185, 5.483819
6.418026, 5.469523
6.320702, 5.471767
6.235151, 5.468423
6.141786, 5.460564
6.049161, 5.459099
5.964502, 5.457761
5.872397, 5.466823
5.787515, 5.473090
5.701352, 5.473213
5.615830, 5.469187
5.522796, 5.464808
5.432291, 5.466864
5.331472, 5.481849
5.232557, 5.492273
5.145085, 5.486596
5.043515, 5.486364
4.942207, 5.494593
4.849380, 5.502133
4.785196, 5.513677
4.704220, 5.534563
4.624095, 5.559513
4.552325, 5.580294
4.498431, 5.600573
4.446690, 5.616843
59389f43-2408-40f8-ab06-3920d4aeef3d
6.914373, 5.676846
7.076722, 5.716411
7.148195, 5.718244
7.192576, 5.717123
7.233312, 5.718002
7.279515, 5.723490
7.334949, 5.725552
7.405735, 5.725191
7.463510, 5.726393
7.512771, 5.728914
7.568217, 5.727257
7.635920, 5.725233
7.691592, 5.725065
7.728825, 5.727947
7.778369, 5.734785
7.832013, 5.746720
7.881599, 5.757753
7.943019, 5.768352
8.000353, 5.773690
8.047870, 5.775107
8.092690, 5.771952
8.163033, 5.763998
8.220606, 5.758995
8.266384, 5.758022
8.322703, 5.759818
8.381937, 5.761707
8.433284, 5.764842
8.484712, 5.768320
d58d3557-de7c-4bea-a2f9-e3cbc483b04f
6.895860, 5.527082
6.985372, 5.560387
73b68bb6-e701-436e-a276-e6eafa1246ca
6.762418, 5.662192
6.615469, 5.700674
6.534253, 5.749508
6.454482, 5.802529
6.418457, 5.826786
6.382789, 5.854289
6.350184, 5.875650
6.328055, 5.886468
6.317992, 5.906653
6.274756, 5.951995
6.246237, 5.990761
6.221571, 6.024290
6.125626, 6.134417
6.077655, 6.218767
6.052543, 6.262923
5.978378, 6.401640
5.965140, 6.419875
5.968396, 6.441490
5.959059, 6.503440
5.958724, 6.545834
5.961226, 6.608115
5.964284, 6.684256
5.968217, 6.744904
5.977372, 6.816680
5.991834, 6.882751
6.010333, 6.953270
6.019463, 6.988075
6.030099, 7.016827
6.051743, 7.058082
6.087361, 7.113081
6.104618, 7.139731
79e63021-99ce-4181-9059-c09c19192f10
6.800794, 5.876878
6.634984, 5.915358
6.557096, 5.942442
6.467662, 5.973308
6.382395, 6.009516
6.258907, 6.061008
6.187345, 6.072513
6.097092, 6.093415
5.999211, 6.120426
5.908646, 6.143237
5.808347, 6.161955
5.708940, 6.182659
5.626887, 6.201866
5.559824, 6.219102
5.517849, 6.228345
f9d31e9c-dce3-41ac-9b8d-f44c2217befd
6.829235, 5.773570
6.687152, 5.902309
6.537598, 6.009290
6.491020, 6.048896
6.422677, 6.098515
6.373323, 6.132570
6.294477, 6.150268
6.217848, 6.180526
6.196068, 6.211957
6.118990, 6.259656
6.047042, 6.304182
5.949185, 6.354787
5.867640, 6.399326
5.796065, 6.443146
5.730579, 6.484992
5.678854, 6.518045
5.635587, 6.543427
