main root
6.137485, 4.778394
6.125489, 4.943351
6.085121, 5.123987
6.042577, 5.320881
6.004329, 5.491865
5.981896, 5.675103
5.948154, 5.812997
5.922035, 5.981004
5.906426, 6.138303
5.892401, 6.288937
5.903400, 6.509974
5.906340, 6.611626
5.894970, 6.729342
5.881492, 6.846952
5.892919, 6.969619
5.848593, 7.151861
5.834651, 7.271679
5.814725, 7.388177
5.774231, 7.499778
5.741744, 7.570760
5.736213, 7.685023
5.728484, 7.801032
5.737793, 7.863943
5.769924, 7.980212
5.797339, 8.095256
5.818360, 8.219700
5.837400, 8.345017
5.857747, 8.478938
5.874707, 8.604547
5.890569, 8.722017
5.898983, 8.831777
5.901693, 8.949936
5.921316, 9.069408
5.926570, 9.179743
5.936039, 9.289599
5.937039, 9.399764
5.936091, 9.526503
5.922575, 9.659746
5.928265, 9.771392
5.921958, 9.895143
5.918466, 10.005229
5.906294, 10.122762
5.882908, 10.246675
5.865010, 10.364264
5.858866, 10.474941
5.844326, 10.584146
5.823529, 10.692253
5.804336, 10.792020
5.772338, 10.891144
5.740523, 10.996589
5.711176, 11.093854
5.680289, 11.218030
5.663441, 11.346649
5.641837, 11.462852
5.634471, 11.583264
5.622747, 11.714105
5.616062, 11.858417
5.604279, 11.976015
5.605332, 12.099429
5.614942, 12.223246
5.622640, 12.322430
5.684631, 12.426661
5.712793, 12.497241
5.751728, 12.578213
5.816948, 12.681723
717c20a6-6e90-46d6-8029-dddb7460c8ef
6.202432, 4.838722
6.324063, 4.911223
6.380732, 4.939774
6.439277, 4.964243
6.484185, 4.986256
6.523894, 5.009054
6.571207, 5.039670
6.612079, 5.066119
e48a38c2-e599-47e1-b3f1-1d620d23959e
6.184776, 4.986868
6.244803, 5.004553
6.285239, 5.014906
6.324864, 5.042871
8c72e69c-1c8e-4375-9355-987eaf6db56a
6.142479, 5.164666
6.242231, 5.209573
6.263338, 5.225743
6.320280, 5.269652
6.371016, 5.316595
6.472135, 5.367814
6.529015, 5.405014
6.610770, 5.466063
6.693378, 5.525110
6.789810, 5.594038
6.884878, 5.664583
6.979929, 5.719354
7.089963, 5.782758
7.175056, 5.834232
7.294136, 5.953847
7.376402, 6.027484
7.460123, 6.110919
7.534427, 6.202840
7.619260, 6.317677
7.682495, 6.417480
7.737773, 6.512633
7.789349, 6.609837
7.835253, 6.709896
7.880706, 6.819091
7.913127, 6.924511
7.943839, 7.038725
7.956459, 7.153430
7.974824, 7.262304
7.978160, 7.356573
7.981403, 7.448214
7.982557, 7.540196
7.976674, 7.679420
7.960336, 7.820632
7.944637, 7.937962
7.939260, 8.057692
7.928352, 8.159138
7.917490, 8.260159
7.905723, 8.369597
7.889642, 8.460122
7.871077, 8.529059
7.840611, 8.610290
7.817832, 8.679545
7.797628, 8.729750
a63bf331-38a7-405e-bd93-888b8078c8cf
5.963131, 6.891972
6.055864, 6.941508
6.098488, 6.967671
6.136603, 6.977013
6.210616, 6.995155
6.277389, 7.017686
6.364734, 7.051598
6.452095, 7.083260
6.532004, 7.110016
6.612294, 7.136900
6.699727, 7.170611
6.768891, 7.198883
6.839428, 7.227715
6.899589, 7.254578
6.944542, 7.284896
