main root
6.701366, 4.042833
6.592871, 4.334553
6.525078, 4.457496
6.508422, 4.599816
6.463127, 4.742807
6.437013, 4.880729
6.401920, 5.023735
6.369020, 5.154548
6.345317, 5.274701
6.330524, 5.393292
6.314808, 5.502198
6.311121, 5.601784
6.313714, 5.703318
6.322645, 5.804488
6.335779, 5.905166
6.359174, 6.002719
6.382492, 6.090899
6.407365, 6.151869
6.448122, 6.235066
6.482014, 6.313680
6.516116, 6.385217
6.559613, 6.486298
6.589735, 6.556296
6.617889, 6.625512
6.660033, 6.717888
6.691663, 6.787219
6.715361, 6.853588
6.746678, 6.941294
6.770390, 7.012150
6.784428, 7.077681
6.798285, 7.162163
6.803739, 7.232413
6.806418, 7.305625
6.799901, 7.373122
6.809595, 7.455019
6.821875, 7.533307
6.840525, 7.613568
6.833696, 7.656926
6.811878, 7.718503
6.832313, 7.745717
6.824243, 7.837748
6.807643, 7.930736
6.791273, 8.022425
6.768568, 8.113700
6.748128, 8.195866
6.731915, 8.273444
6.715166, 8.346265
6.694473, 8.445674
6.683568, 8.528585
6.670418, 8.612680
6.661565, 8.696126
6.637711, 8.809777
6.624634, 8.859593
ce88cfd1-4058-4adf-b640-4af6a7c0dd8f
6.604158, 4.318747
6.683443, 4.347270
6.730077, 4.372708
