main root
6.714199, 4.962155
6.648746, 5.187818
6.614777, 5.294665
6.600137, 5.464709
6.586588, 5.491903
6.563372, 5.797198
6.549149, 5.897942
6.548851, 5.986457
6.545794, 6.036475
6.534246, 6.079892
6.521257, 6.164074
6.509814, 6.238918
6.498476, 6.313777
6.489752, 6.392060
6.478826, 6.464013
6.465054, 6.535474
6.455572, 6.616850
6.441660, 6.685428
6.433725, 6.770237
6.421372, 6.839113
6.410528, 6.917130
6.402760, 6.995514
6.384664, 7.057773
6.377903, 7.156477
6.367269, 7.225638
6.355867, 7.300487
6.349585, 7.382174
6.352149, 7.467316
6.348368, 7.537187
6.355690, 7.625400
6.352365, 7.692640
6.360098, 7.780818
6.366818, 7.856234
6.379868, 7.900319
6.388428, 8.005441
6.394676, 8.080894
6.392695, 8.128253
6.386770, 8.200788
6.388931, 8.285942
6.387887, 8.358711
6.392806, 8.440490
6.374596, 8.485065
6.431859, 8.843331
6.450759, 8.923224
6.451585, 8.988913
6.449575, 9.061838
6.456280, 9.146925
6.434573, 9.231968
6.447493, 9.267471
6.456876, 9.376766
6.471118, 9.478114
6.482201, 9.572115
6.492114, 9.656197
6.500421, 9.760338
6.518218, 9.851163
6.531852, 9.953660
6.538990, 10.055446
6.544912, 10.139910
6.547047, 10.213143
6.555423, 10.295113
6.569008, 10.354441
6.651679, 10.755824
6.704736, 11.122970
6.761689, 11.252007
6.776973, 11.396869
6.767579, 11.489391
6.768365, 11.586066
6.767647, 11.666569
6.755414, 11.896148
6.805110, 12.058926
6.807241, 12.190401
6.817456, 12.298390
6.830648, 12.370844
6.843160, 12.439564
6.857629, 12.538823
6.857998, 12.593240
6.860642, 12.677466
6.859683, 12.742270
6.854256, 12.805441
6.852082, 12.830748
6.878572, 12.929755
6.905242, 13.000482
6.903848, 13.082780
6.893118, 13.126081
6.880104, 13.197264
6.858182, 13.252990
6.800059, 13.338586
9a788bdb-4d67-43f6-a6d2-d71307c88030
6.621478, 5.125819
6.507609, 5.159672
6.471530, 5.130151
6.391363, 5.106428
6.344247, 5.102286
6.305317, 5.095860
6.276815, 5.094188
6.245131, 5.098328
6.205731, 5.100458
6.166972, 5.105551
6.127097, 5.110791
6.101914, 5.114101
6.051432, 5.166242
6.033695, 5.180256
6.032010, 5.199677
6.012187, 5.248907
5.983167, 5.310262
5.956787, 5.463138
5.946506, 5.475906
5.930578, 5.495691
6c42fda8-0585-4592-a4f9-bee4fda80977
6.617230, 5.245305
6.561081, 5.300562
6.545580, 5.303384
6.520597, 5.307922
6.476762, 5.337184
6.413112, 5.363992
6.374906, 5.378459
6.340384, 5.393132
6.291435, 5.416985
6.178159, 5.490204
6.158162, 5.497784
6.125383, 5.508608
6.098091, 5.512892
6.049153, 5.519058
5.998752, 5.525408
5.926023, 5.545599
5.877924, 5.565409
5.840737, 5.580724
5.734665, 5.629313
5.696174, 5.646944
5.658422, 5.662592
5.613113, 5.678130
5.557054, 5.697355
5.500065, 5.718482
5.435007, 5.748985
5.379430, 5.775043
5.332958, 5.793527
5.270224, 5.837146
5.248755, 5.846605
5.210029, 5.863668
5.155031, 5.889536
5.093026, 5.920354
5.031700, 5.952505
4.972977, 5.979911
4.920716, 6.000998
4.868545, 6.020434
4.833500, 6.028700
4.784058, 6.040361
4.735894, 6.047107
4.685584, 6.054153
4.629354, 6.066562
4.570343, 6.081118
4.533217, 6.093358
e6e88139-ae95-48a8-9fce-91ce54fd3035
6.617796, 5.835760
6.670305, 5.892712
6.706735, 5.936746
6.726382, 5.958146
6.739331, 5.976676
6.816709, 6.169144
6.828553, 6.198603
6.841920, 6.223830
6.875569, 6.283028
6.885136, 6.308946
6.904650, 6.357487
6.918916, 6.400996
6.926919, 6.430210
6.994076, 6.489685
7.019587, 6.531241
7.073066, 6.608560
7.138982, 6.698477
7.172033, 6.722830
7.224551, 6.758773
7.295217, 6.797193
7.352865, 6.828536
7.394716, 6.861099
54e3060b-f281-4db0-8133-77385dcbf731
6.434383, 6.765954
6.386217, 6.775576
6.362478, 6.778798
6.209342, 6.730558
6.158543, 6.727471
6.059752, 6.742350
6.028521, 6.745753
5.997177, 6.747874
5.967359, 6.746892
5.936464, 6.744166
5.902520, 6.742463
5.868537, 6.742045
5.837591, 6.739957
5.806807, 6.736170
5.772943, 6.733298
5.743152, 6.729060
5.716551, 6.726573
421167eb-66b8-4f1c-bce6-fe0a2ba88846
6.475639, 7.085617
6.503767, 7.143377
6.516248, 7.179261
6.532214, 7.206939
6.554494, 7.248561
6.565426, 7.275326
6.575031, 7.298840
6.638398, 7.412254
6.664506, 7.483476
6.689009, 7.544120
6.705565, 7.596507
6.712051, 7.631926
6.721408, 7.674717
6.723750, 7.706443
6.728825, 7.734539
6.742669, 7.815577
6.758955, 7.888374
97ddc84b-28ba-4925-8eef-57ba0796c2fb
6.481595, 8.815473
6.512631, 8.816652
6.578061, 8.813149
6.615060, 8.836273
6.692188, 8.861922
6.737050, 8.886307
6.772380, 8.905516
6.800611, 8.917460
6.845491, 8.929953
6.906253, 8.943762
6.967612, 8.954638
7.011900, 8.974999
505f3d67-9a7a-487a-8424-50e9e26673a4
6.434403, 9.087297
6.393861, 9.092978
6.359800, 9.100854
6.277801, 9.127563
6.212246, 9.164747
6.183171, 9.174452
6.125454, 9.196959
6.072329, 9.214553
6.018361, 9.229359
5.959507, 9.248694
5.925268, 9.260031
6868ce41-85da-472f-a26f-9b115a80e71d
6.449101, 9.308112
6.395285, 9.334049
6.288841, 9.379283
6.264859, 9.386716
6.240249, 9.391687
6.215263, 9.394145
6.175288, 9.398536
6.140665, 9.396774
6.091058, 9.403697
6.048744, 9.413085
6.028148, 9.411987
97f939c3-2948-42d5-b3ea-969781497b77
6.451724, 8.428213
6.525479, 8.446836
6.571802, 8.466250
6.627991, 8.488177
6.669041, 8.506422
6.743223, 8.561190
6.808710, 8.605817
6.869597, 8.649121
6.953557, 8.706240
7.017494, 8.752245
7.048049, 8.776074
acef554b-3359-41f8-968a-ebebfc3b5d26
6.358363, 8.449636
6.320784, 8.472731
6.298814, 8.480961
6.261815, 8.490028
6.190007, 8.511678
6.108355, 8.564420
6.044812, 8.603682
5.996681, 8.631663
5.877674, 8.665579
5.813561, 8.682294
5.754162, 8.697779
5.724323, 8.710199
c1034730-eab7-48aa-80ab-23cc351656ab
6.364730, 8.092126
6.305775, 8.116399
6.270226, 8.127776
6.244109, 8.139256
6.217794, 8.157337
6.161251, 8.201491
6.130330, 8.219941
6.086186, 8.248021
6.059398, 8.265062
6.007619, 8.317339
5.960629, 8.356274
5.909453, 8.396733
5.864789, 8.421470
5.800467, 8.450249
5.735954, 8.480755
5.684190, 8.503914
7dad1877-f8c4-4db6-b101-efc9bc75b687
6.414357, 7.873939
6.498201, 8.064780
6.505294, 8.106564
6.523939, 8.273020
6.533968, 8.334669
6.581363, 8.597352
6.600754, 8.632483
6.608960, 8.653546
6.618549, 8.682280
6.626589, 8.706373
d39c5044-ad4e-422a-9b98-ffc238be539c
6.422430, 8.183417
6.469755, 8.177144
6.561412, 8.185232
6.651981, 8.188196
6.732590, 8.222536
6.787294, 8.237804
6.818727, 8.243256
6.863544, 8.246469
6.905767, 8.249498
6.940059, 8.253458
6.965292, 8.256372
8bc3863f-eab3-4fd9-835d-621aa3dd3320
6.430683, 8.221732
6.483679, 8.291271
6.542137, 8.416625
6.587042, 8.474048
6.671704, 8.666575
6.719818, 8.722123
6.739611, 8.749186
6.752080, 8.773840
6.772994, 8.818511
6.786571, 8.861629
6.797379, 8.895952
ff861e0c-e48c-4066-a8e1-d15cf2e17425
6.380574, 7.397840
6.308459, 7.419592
6.243872, 7.432119
6.177495, 7.439463
6.065730, 7.463749
6.022070, 7.476298
5.997674, 7.480196
5.961687, 7.481399
5.910916, 7.483096
5.838358, 7.484942
ffe26487-0aa2-4028-8da4-733ee085196d
6.597588, 6.002478
6.772058, 5.972850
6.813515, 5.963981
6.843411, 5.959115
6.869334, 5.956412
7c72b3f9-575e-4d36-b2d6-75ef23338325
6.414290, 7.757518
6.470864, 7.770046
6.520266, 7.792298
6.564921, 7.807177
6.604635, 7.820409
6.670322, 7.838722
d9ae3649-c059-488d-91e0-f131346e0baa
6.415341, 8.373183
6.344359, 8.538129
6.326101, 8.552496
6.306892, 8.561898
6.260722, 8.581296
8bd19617-3896-47a4-af4b-34334c134393
6.565900, 10.037233
6.630952, 10.061260
6.685680, 10.072670
6.763814, 10.085901
6.845843, 10.093720
6.902842, 10.105492
6.951287, 10.122659
f9d59e5e-bf6e-4972-b89c-b92474113560
6.518235, 10.248299
6.495388, 10.260217
6.455489, 10.287824
6.394008, 10.310595
6.354488, 10.325273
6.318533, 10.332240
6.289762, 10.334728
6.271231, 10.349092
6.205573, 10.380502
6.161419, 10.399772
6.122330, 10.421540
6.095238, 10.434716
6.084452, 10.458917
6.049079, 10.487753
6522d022-38f3-4328-8f3d-4cf2620fb1b6
6.549512, 10.447831
6.417923, 10.518789
2cbe59ad-6503-4c12-ac58-a5f93c839618
6.604984, 10.669778
6.537675, 10.686239
6.392720, 10.762736
6.344289, 10.793077
523fb036-db39-42de-a629-679ba2a3d6eb
6.667324, 10.799232
6.698544, 10.818989
6.727845, 10.844618
6.764599, 10.848933
6.801288, 10.867760
d805b608-ab29-4267-843b-e2cf5315524c
6.663251, 11.018731
6.598405, 11.045400
6.544276, 11.061345
