main root
6.569978, 4.945631
6.576581, 5.367360
6.559055, 5.496226
6.527322, 5.641877
6.500858, 5.781837
6.506764, 5.898985
6.500068, 6.030584
6.490556, 6.217501
6.480308, 6.378577
6.475845, 6.546705
6.471802, 6.699050
6.464539, 6.853458
6.467892, 6.987392
6.471705, 7.139753
6.489976, 7.296495
6.511385, 7.458891
6.529554, 7.611164
6.539462, 7.761372
6.549933, 7.888217
6.560394, 7.989224
6.568899, 8.071335
6.569422, 8.119967
6.570035, 8.177114
6.567579, 8.227065
6.530273, 8.353628
6.518308, 8.394216
6.506934, 8.432788
6.498779, 8.471018
6.492253, 8.515954
6.486168, 8.557829
6.480081, 8.599705
6.473991, 8.641580
6.467898, 8.683454
6.461803, 8.725328
6.458237, 8.770596
6.452163, 8.809562
6.448139, 8.854790
6.441668, 8.893688
6.434724, 8.935431
6.427779, 8.977174
6.420830, 9.018916
6.413879, 9.060655
6.409386, 9.105839
6.405198, 9.147949
6.398328, 9.186785
6.384364, 9.239940
6.366085, 9.303626
6.350478, 9.374289
6.334730, 9.438645
6.320827, 9.508054
6.311533, 9.569695
6.300173, 9.645037
6.292594, 9.705344
6.287052, 9.749448
6.251173, 9.874557
6.241195, 9.909040
6.236121, 9.937044
6.231003, 9.981612
6.226153, 10.023101
6.221219, 10.064580
6.216201, 10.106050
6.213713, 10.150841
6.211310, 10.192544
6.208824, 10.234241
6.209063, 10.279100
6.206192, 10.317894
6.203146, 10.357911
6.203094, 10.396914
6.205944, 10.441682
6.211781, 10.486251
6.212181, 10.523884
6.214233, 10.576164
6.213119, 10.624056
6.214662, 10.686361
6.216549, 10.762539
6.218017, 10.821789
6.217951, 10.879580
6.214887, 10.942199
6.207725, 10.996695
6.202394, 11.048739
6.195881, 11.097633
6.193033, 11.153033
6.194679, 11.208480
6.193955, 11.234532
6.193250, 11.259923
75ac0c2f-72a4-455d-b347-0486f2aebf5c
6.576628, 5.186836
6.378647, 5.252622
6.309001, 5.292420
6.230266, 5.335647
6.203617, 5.346862
6.166995, 5.357403
6.117151, 5.373307
6.078987, 5.391769
6.010391, 5.424952
5.953031, 5.455584
5.864994, 5.514454
5.829906, 5.537893
5.807965, 5.556126
5.774718, 5.591537
5.745621, 5.615967
5.706716, 5.648633
5.660777, 5.693068
5.612163, 5.735924
5.568102, 5.768781
5.527072, 5.801244
5.487233, 5.832766
5.440019, 5.875848
5.394773, 5.915109
5.352281, 5.953406
e7efcb26-9088-411b-9c50-5da71195dae4
6.549283, 5.556988
6.456084, 5.583333
6.415782, 5.602076
6.368000, 5.629358
6.318901, 5.650708
6.255238, 5.684976
6.218934, 5.708375
bce6c283-1b37-4dd3-b13e-d0920e05293a
6.626936, 5.308436
6.704542, 5.322040
6.777681, 5.310356
6.890244, 5.371491
6.925585, 5.390684
6.949766, 5.403817
6.980206, 5.413536
7.016636, 5.426738
7.082373, 5.464421
7.124401, 5.490238
7.161766, 5.516703
7.192497, 5.540305
7.212642, 5.555775
7.298288, 5.621246
7.329654, 5.647108
7.360046, 5.674105
7.402249, 5.707591
7.454986, 5.743704
7.508790, 5.782361
7.563796, 5.821882
7.607749, 5.857147
7.651870, 5.894466
7.688545, 5.927447
7.726319, 5.961418
7.772504, 6.000939
7.806277, 6.029839
7.837463, 6.064268
