main root
6.500097, 4.956458
6.524249, 5.232390
6.568018, 5.466284
6.669992, 5.926108
6.736414, 6.189889
6.739557, 6.314002
6.765958, 6.445462
6.792271, 6.596946
6.823773, 6.796968
6.845078, 6.945078
6.857729, 7.062661
6.863560, 7.156185
6.869355, 7.249133
6.873965, 7.323073
6.883615, 7.391670
6.866592, 7.566723
6.850624, 7.622699
6.839742, 7.703299
6.834528, 7.775477
6.831034, 7.844638
6.831873, 7.916999
6.831146, 7.983252
6.834843, 8.055524
6.843017, 8.127426
6.845699, 8.190774
6.850124, 8.259882
6.856041, 8.328878
6.866686, 8.400456
6.874950, 8.466195
6.885071, 8.534700
6.896670, 8.602971
6.906291, 8.668525
6.917825, 8.736807
6.930831, 8.804824
6.938302, 8.867787
6.944619, 8.933742
6.949444, 8.999822
6.955980, 9.068762
6.957478, 9.132148
6.960060, 9.178045
6.973334, 9.254137
6.972805, 9.344452
6.972308, 9.429126
6.971960, 9.488392
6.973100, 9.549165
6.974371, 9.616883
6.972433, 9.673202
6.973284, 9.735524
6.974093, 9.794778
6.974902, 9.854046
6.975712, 9.913313
6.975004, 9.971104
6.974174, 10.038839
6.972099, 10.086004
6.963379, 10.333634
6.964950, 10.378348
6.946285, 10.420224
6.954053, 10.439828
6.951289, 10.508514
6.948565, 10.576187
6.946183, 10.635398
6.942365, 10.693053
6.940679, 10.763814
6.935943, 10.836936
6.933509, 10.897662
6.927926, 10.962234
6.922819, 11.021286
6.916350, 11.078711
6.908769, 11.146017
6.900815, 11.203262
6.893821, 11.253585
6.885663, 11.312288
6.877506, 11.370986
6.868072, 11.427997
6.858248, 11.496538
6.849908, 11.565273
6.843055, 11.634173
6.840375, 11.706489
6.837867, 11.774178
6.834231, 11.831859
6.834170, 11.904226
6.831121, 11.968962
6.829757, 12.029730
6.828238, 12.097445
6.826908, 12.156704
6.825579, 12.215963
6.822786, 12.273693
6.820332, 12.324440
6.817468, 12.383635
6.816028, 12.444396
6.814423, 12.512108
6.815940, 12.574419
6.817795, 12.650595
6.820771, 12.711308
6.827223, 12.781809
6.839049, 12.861752
6.843861, 12.924972
6.845629, 12.967915
6.865840, 13.213574
6.913635, 13.351796
6.955615, 13.395038
7.041916, 13.427230
7.453338, 13.422503
7.950353, 13.425660
8.124269, 13.464983
8.201002, 13.463933
8.244692, 13.461838
8.282590, 13.464517
8.336466, 13.465323
8.394212, 13.467687
8.458784, 13.473324
8.532754, 13.473774
8.611964, 13.471258
8.677985, 13.479644
8.744785, 13.494164
8.801548, 13.500372
8.836994, 13.479736
8.918046, 13.489690
8.986320, 13.485548
9.079287, 13.479908
9.155341, 13.475294
9.213095, 13.473290
9.265307, 13.469981
9.314607, 13.468356
9.365377, 13.466682
9.421091, 13.475133
9.446203, 13.478941
8e82e3a9-abd7-466c-8cb2-0b82f419f8ed
6.469241, 5.163783
6.415845, 5.200660
6.347379, 5.275847
6.246176, 5.363467
6.172675, 5.421540
6.127587, 5.459073
6.083450, 5.479054
5.943487, 5.562079
5.914634, 5.572235
5.906486, 5.602943
5.837230, 5.668952
5.773589, 5.718152
5.713575, 5.762655
5.653614, 5.799664
5.611210, 5.829352
5.569860, 5.865612
5.519969, 5.917320
5.467215, 5.980618
5.419390, 6.049691
5.374878, 6.106088
5.336850, 6.154273
5.303324, 6.189504
5.249447, 6.273367
5.207373, 6.333320
5.162883, 6.391498
5.131297, 6.437722
5.089884, 6.508932
5.051586, 6.574776
5.014911, 6.646763
4.981199, 6.693150
4.918173, 6.783474
4.867782, 6.852068
4.821503, 6.922070
4.778635, 6.981483
4.755779, 7.018275
4.729782, 7.071468
4.701824, 7.155942
4.680453, 7.208264
4.608684, 7.379123
4.582534, 7.425915
4.554778, 7.481712
4.529732, 7.538778
4.507455, 7.596981
4.486272, 7.652319
4.465086, 7.707656
4.440448, 7.755261
4.415775, 7.815954
4.391812, 7.866944
4.366609, 7.920572
4.339968, 7.970217
4.313170, 8.026482
4.287688, 8.079977
4.262204, 8.133472
4.236719, 8.186965
4.220429, 8.235070
4.203298, 8.294991
4.184953, 8.348260
4.170055, 8.409904
4.156134, 8.467501
4.142212, 8.525097
4.128289, 8.582693
4.124138, 8.618974
7300c247-c209-4a71-937c-5b65e2a09ba6
6.461765, 5.059497
6.405005, 5.075606
6.391336, 5.082808
6.349519, 5.101457
6.298839, 5.120780
6.228206, 5.145175
6.123659, 5.172676
6.094021, 5.178923
6.063388, 5.193027
6.028501, 5.214033
5.998185, 5.230539
5.984478, 5.252483
5.900173, 5.309164
5.865952, 5.328564
5.828561, 5.351481
5.786235, 5.373913
5.749451, 5.391713
5.703030, 5.415839
5.659231, 5.435230
5.620524, 5.452366
5.565570, 5.478332
5.522525, 5.505293
5.472301, 5.536750
5.421123, 5.572338
5.373078, 5.611215
5.335234, 5.641839
5.294120, 5.667683
5.203425, 5.740059
5.170346, 5.766458
5.136794, 5.797067
5.105722, 5.821362
5.071868, 5.851633
5.027686, 5.891138
4.983743, 5.926413
4.937989, 5.959304
4.889866, 5.993898
4.854115, 6.017755
4.825427, 6.031502
4.778912, 6.055449
4.735039, 6.074671
4.679214, 6.102397
4.625461, 6.130765
4.564932, 6.164402
4.520525, 6.189078
4.491610, 6.208571
4.370529, 6.308327
4.338070, 6.333129
4.304444, 6.358824
4.257071, 6.396908
4.205243, 6.444332
4.159770, 6.490000
4.128425, 6.529964
4.091847, 6.576598
4.055269, 6.623233
4.024462, 6.655235
3.989229, 6.691834
3.959746, 6.715986
3.920236, 6.750287
3.882023, 6.781478
3.851507, 6.800592
3.807982, 6.829619
3.752045, 6.865125
3.708696, 6.894413
3.665796, 6.927010
3.618891, 6.960772
3.577659, 6.990450
3.530593, 7.028014
3.502706, 7.048357
ca549051-2dd4-4d91-9cc4-20b66648bd30
6.452084, 5.079305
6.336554, 5.359912
6.322388, 5.394644
6.304939, 5.429501
6.284827, 5.462803
6.270573, 5.486242
6.258350, 5.511942
6.246092, 5.544493
6.238887, 5.572119
6.220588, 5.596079
6.174397, 5.927229
6.168727, 5.958303
6.161761, 5.989110
6.153511, 6.019600
6.145947, 6.042497
6.135234, 6.061163
b06230ad-0f00-4f24-addf-128bb09a6179
6.613360, 5.340666
6.681489, 5.352584
6.750893, 5.346603
6.796411, 5.336671
6.883359, 5.327586
6.929162, 5.341211
6.953676, 5.350065
6.998481, 5.379802
7.034064, 5.401622
7.059579, 5.415513
7.092038, 5.424664
7.142776, 5.437413
7.219367, 5.447400
7.260088, 5.455728
7.298338, 5.468134
7.344778, 5.484771
7.388772, 5.503711
7.445173, 5.526362
7.492312, 5.545294
7.529650, 5.561901
7.574090, 5.583306
7.619949, 5.603733
7.698604, 5.639638
7.729619, 5.652027
7.743158, 5.666272
7.772182, 5.692459
7.812068, 5.720386
7.840495, 5.745770
7.879990, 5.775019
7.922911, 5.804941
7.967014, 5.832040
8.011063, 5.853836
8.072095, 5.879024
8.121009, 5.897593
8.166574, 5.916491
8.217410, 5.934334
8.265431, 5.952777
8.301126, 5.971295
8.348232, 5.994047
8.384260, 6.014773
8.428771, 6.040768
8.577547, 6.148191
8.611867, 6.172970
8.644096, 6.198088
8.682063, 6.229573
8.716954, 6.262395
8.762234, 6.302937
8.793739, 6.337173
8.830255, 6.374643
8.867822, 6.411048
8.902189, 6.446437
8.935458, 6.482843
8.967617, 6.520253
8.997405, 6.548018
9.038797, 6.582507
9.088537, 6.620057
9.135835, 6.655763
9.187335, 6.690891
9.234222, 6.724684
9.273348, 6.754728
9.311537, 6.785941
9.350867, 6.818086
9.384111, 6.843325
9.417253, 6.875874
3a69bfd0-a8c3-4e05-b791-3106bff29ba0
6.563769, 5.388958
6.481449, 5.590134
6.470192, 5.609734
6.422632, 5.821979
6.358047, 6.063657
6.343973, 6.110007
6.331967, 6.154240
6.324495, 6.198398
6.319823, 6.252915
6.310097, 6.296300
6.297131, 6.354132
6.284164, 6.411964
6.271150, 6.483699
6.264258, 6.555221
6.261192, 6.633863
6.262071, 6.717777
6.259490, 6.757148
6.256721, 6.799393
6.256744, 6.844820
6.256766, 6.887155
6.256787, 6.929491
6.253809, 6.958249
6.251192, 6.983513
6.249980, 7.163446
6.243749, 7.199757
6.235219, 7.231766
6.247868, 7.262165
6.239554, 7.355643
6.227072, 7.448507
6.217454, 7.497586
6.212689, 7.551326
6.212104, 7.697123
6.217830, 7.762393
6.216338, 7.813886
6.217528, 7.876200
6.221711, 7.938384
6.228878, 8.000298
6.232375, 8.056535
6.242401, 8.121284
6.244639, 8.174847
6.253344, 8.239787
6.253304, 8.334903
6.250287, 8.391169
6.252773, 8.456641
6.251917, 8.512981
6.256914, 8.578313
6.258061, 8.632542
6.258734, 8.664286
50600351-c720-408b-8f8a-ed30b590ca0b
6.499832, 5.003764
6.170318, 5.615059
6.127652, 5.702448
6.080584, 5.800666
6.029453, 5.887128
5.991850, 5.934041
5.964033, 5.973233
5.817852, 6.413470
d7bc0456-748a-40d2-8513-0d5cc2ebf305
6.658906, 6.268259
6.624797, 6.298987
6.612939, 6.303536
6.579343, 6.316422
6.554766, 6.327453
6.483213, 6.369963
6.446341, 6.393610
6.411655, 6.412299
6.377465, 6.427319
6.340241, 6.440404
6.301221, 6.452533
6.197536, 6.501778
5.941655, 6.639351
5.914909, 6.650332
5.876563, 6.664457
5.828003, 6.683941
5.780024, 6.704803
5.738486, 6.724497
5.707664, 6.744080
abae5ff3-c906-4e25-a392-4ca51dc5ad2d
6.816026, 6.815660
6.870819, 6.943945
6.890230, 6.984101
6.902048, 7.011990
6.931262, 7.175321
6.973141, 7.331051
7.092714, 7.745707
7dd60c80-e47b-4e74-9a10-a3f22485dde2
6.814590, 6.813418
6.857993, 6.827956
6.895514, 6.832967
6.996654, 6.860027
7.071502, 6.877202
7.133709, 6.893011
7.190072, 6.913512
7.253797, 6.938283
7.305197, 6.963082
7.412545, 7.012860
7.493537, 7.040499
7.569548, 7.096065
7.742292, 7.184000
7.806174, 7.219879
7.844161, 7.248079
7.890048, 7.282145
027481d8-0a31-43df-a9aa-310ce53913d4
6.835233, 7.283145
6.895316, 7.309897
7.013163, 7.410508
7.141741, 7.478014
7.211565, 7.516735
7.233226, 7.533883
7.270614, 7.559660
7.305205, 7.608334
7.324090, 7.629743
7.356305, 7.661744
7.386325, 7.691567
7.410075, 7.710947
7.476062, 7.782992
7.493273, 7.806220
7.517060, 7.805660
7.600249, 7.868667
7.655299, 7.902557
7.715036, 7.937576
7.771420, 7.972365
7.827005, 8.008419
7.888266, 8.042802
7.930346, 8.078463
21e9997b-1b28-4133-967a-c3a93810c1ec
6.990613, 10.010212
7.014226, 10.021913
7.124332, 10.083907
7.143913, 10.090157
7.173140, 10.101236
7.198595, 10.109472
7.212993, 10.106908
7.228365, 10.109514
7.260032, 10.116402
7.294910, 10.122456
7.355192, 10.142229
7.395197, 10.163018
8c61fe4d-e36b-4802-a80a-94847ca6fc8e
7.005568, 9.587220
7.032088, 9.586930
7.071104, 9.587700
7.164297, 9.631063
7.240337, 9.660675
7.316346, 9.683312
7.327900, 9.685866
7.382898, 9.695972
7.407652, 9.698974
7.448013, 9.705376
7.496095, 9.713002
7.519847, 9.719800
7.544266, 9.726790
5caa67cf-db13-465b-af3e-8005978c0639
6.964065, 9.590017
6.948416, 9.590044
6.925381, 9.585596
6.866035, 9.605413
6.780867, 9.635984
6.751921, 9.643194
6.724537, 9.645171
6.713622, 9.656723
6.662063, 9.682438
6.624847, 9.699327
6.580070, 9.716361
6.541373, 9.729480
6.502222, 9.741173
6.452538, 9.757574
6.402392, 9.777279
6.348080, 9.797014
6.296337, 9.822145
cbb4e9fd-9d52-4b83-a18d-245ee20a43ec
6.981823, 9.195493
7.015397, 9.226654
7.027668, 9.244171
7.051940, 9.278800
7.059395, 9.299867
7.073486, 9.339715
7.086465, 9.367475
7.098107, 9.392398
7.114826, 9.417578
7.139340, 9.539368
7.140802, 9.561907
7.160032, 9.574760
7.189354, 9.630929
7.217816, 9.721137
7.224886, 9.753497
7.253929, 9.798484
3dff02ec-e40c-45ab-ae7d-d69730e5d3c9
6.972266, 8.798295
6.990571, 8.806072
7.011827, 8.823253
7.186215, 8.908834
7.243542, 8.927982
7.310053, 8.954931
7.384514, 8.981853
7.452279, 9.009521
7.514939, 9.041572
7.584716, 9.075582
7.631428, 9.100701
7.669101, 9.129115
f37a2d79-1288-43cb-89f0-f291d5ba014d
6.880019, 8.657610
6.848025, 8.664439
6.808180, 8.672943
6.728535, 8.692247
6.641145, 8.728279
6.617332, 8.734860
6.579657, 8.740614
6.534887, 8.753507
6.478961, 8.768056
6.431938, 8.777197
6.391567, 8.783519
6.349745, 8.790068
6.310410, 8.793198
6.273267, 8.802158
6.194160, 8.823560
c49d9a81-146d-4f20-a87e-3d7d2b5c4e7c
6.882017, 8.418552
6.978867, 8.422067
7.057721, 8.434852
7.108351, 8.451473
7.135663, 8.460369
7.202819, 8.490028
7.295041, 8.517342
7.333760, 8.530369
7.413434, 8.564133
a6f9df6c-cf35-44ce-9018-787f012f1740
6.807671, 7.985933
6.758198, 7.999495
6.718471, 8.008833
6.677320, 8.018496
6.636167, 8.028149
6.590542, 8.045000
6.526781, 8.060303
6.454143, 8.105865
6.392413, 8.132910
6.352205, 8.153794
6.314742, 8.173253
6.262142, 8.200573
6.161598, 8.231231
6.124516, 8.240968
6.087754, 8.247523
6.060329, 8.255451
6.031842, 8.269918
5.991480, 8.297128
5.940002, 8.322092
03ebdb26-2064-4878-a941-023402fb5f1c
6.878671, 7.548761
6.911331, 7.558565
6.945795, 7.568910
6.973847, 7.574207
7.007880, 7.574541
7.050199, 7.574957
7.109463, 7.575539
7.167214, 7.577601
7.213186, 7.577747
7.410846, 7.624435
7.444145, 7.630414
7.467802, 7.635837
7.487586, 7.644630
7.519203, 7.656671
7.555290, 7.665247
7.588581, 7.671270
7.618672, 7.677891
7.648493, 7.685638
7.681652, 7.692353
7.703728, 7.701059
7.739711, 7.710060
7.753954, 7.727858
7.767637, 7.725597
7.802741, 7.715148
7.815831, 7.731926
7.879413, 7.742513
7.940136, 7.733074
be6a7250-c39c-4b14-a4ae-a0eebacb1aef
6.777040, 7.142210
6.746483, 7.165593
6.718465, 7.183264
6.673336, 7.203094
6.641929, 7.213626
6.613712, 7.219930
6.574669, 7.225586
6.532774, 7.231655
6.499696, 7.233422
6.484052, 7.243881
6.424047, 7.261766
6.399726, 7.268981
6.371339, 7.283647
6.168210, 7.382618
6.136854, 7.403170
6.116832, 7.411223
6.087418, 7.421711
6.057609, 7.431018
6.027451, 7.439128
5.996995, 7.446028
5.964030, 7.455287
5.931580, 7.466216
5.901611, 7.474994
5.867253, 7.489997
5.838158, 7.501343
5.806933, 7.515393
5.777103, 7.530731
5.756347, 7.536637
2ad61f7f-37c4-471f-8924-0ce2ac2b55e6
6.590479, 5.664168
6.363420, 5.921545
6.332480, 5.960297
6.305595, 5.989172
6.288437, 6.011991
6.263590, 6.050019
6.240435, 6.085457
6.218147, 6.125040
6.199656, 6.170081
6.181948, 6.205337
6.170358, 6.241746
6.152382, 6.298219
6.131197, 6.366441
6.048011, 6.577362
6.011699, 6.624874
f00e6e22-9fdc-4cc0-bea0-df11e50cfe36
6.576637, 5.607202
6.392966, 5.674335
6.360196, 5.692546
6.184089, 5.767991
6.089360, 5.853701
6.066028, 5.870774
6.034221, 5.890341
6.011275, 5.902700
5.985146, 5.911673
5.937098, 5.928173
5.889195, 5.947788
5.841688, 5.972093
5.791667, 5.992999
306ea2af-e4ac-4eb0-9047-4ecd8cb2d405
6.801755, 11.650264
6.766444, 11.646613
6.742869, 11.642628
6.650399, 11.664110
7ba07166-edbc-46c4-8752-25e78b2a7d6d
6.819316, 11.736999
6.852319, 11.745257
6.898975, 11.756155
6.943018, 11.770155
f4f2153e-92ee-4ed1-8172-568fec2b056f
6.870700, 11.019366
6.841455, 11.019478
6.811028, 11.017806
6.784399, 11.017548
6.754763, 11.021459
6.723871, 11.029768
6.694031, 11.035942
6.668222, 11.042511
6.640686, 11.050762
6.615548, 11.059550
349849be-075a-4df5-9cd6-164f18e94e3c
6.908932, 10.884947
6.973580, 10.895212
7.017108, 10.900608
7.067518, 10.906857
7.094018, 10.914666
7.136312, 10.924008
7.159330, 10.930626
ae4b9cf2-15fc-4ee1-bcee-10d0e6478f91
6.894144, 11.052425
6.947938, 11.063074
7.014559, 11.082786
7.077112, 11.110529
f495b8d8-5eb5-4ffc-bd06-1386f0dd8b3f
6.923423, 10.316412
6.906738, 10.315506
6.867657, 10.316380
6.825330, 10.317327
6.783504, 10.324251
6.752180, 10.329436
6.729586, 10.330144
