main root
6.737953, 4.411314
6.692933, 4.678411
6.664395, 4.735425
6.616278, 4.808391
6.562729, 4.917301
6.523323, 4.992744
6.502435, 5.073050
6.485272, 5.117333
6.447180, 5.174939
6.392947, 5.260790
6.332495, 5.340644
6.272642, 5.412736
6.213150, 5.484395
6.164279, 5.540915
6.113828, 5.590111
6.059219, 5.647542
6.006712, 5.702762
5.973379, 5.746506
5.928610, 5.817601
5.885193, 5.869699
5.827337, 5.942406
5.762370, 6.020653
5.700820, 6.101407
5.651628, 6.179827
5.604044, 6.259643
5.555729, 6.348945
5.507487, 6.429271
5.457962, 6.528174
5.397476, 6.620615
5.355199, 6.700592
5.307453, 6.799972
5.273114, 6.886017
5.239444, 6.981799
5.208878, 7.087892
5.168141, 7.198807
5.124359, 7.318013
5.096247, 7.425242
5.062235, 7.529942
5.050687, 7.586033
5.035730, 7.668964
5.017672, 7.726934
5.007404, 7.774996
5.006526, 7.814928
4.962819, 8.092220
4.934252, 8.116557
4.958079, 8.148409
4.967689, 8.339152
4.970006, 8.468420
4.961761, 8.594245
4.947729, 8.711604
4.925557, 8.844309
4.905232, 8.978627
4.886872, 9.122870
4.874657, 9.252044
4.872238, 9.344659
4.868551, 9.406390
e4776bac-0977-4bca-8c69-8123257ecf5f
6.741691, 4.622226
6.786318, 4.714093
6.859091, 4.792121
6.884877, 4.810991
6.915833, 4.824371
6.948814, 4.841888
7.014156, 4.901126
7.062226, 4.946726
7.119828, 4.993118
7.183382, 5.040459
7.224630, 5.076784
7.277576, 5.121416
7.325149, 5.165433
7.362302, 5.205928
7.410210, 5.255928
7.450718, 5.304698
7.483176, 5.343776
7.503463, 5.368199
b371f035-7429-401f-a202-fae71ff1c985
6.709833, 4.787900
6.737752, 4.799619
6.800361, 4.837083
6.871201, 4.879473
6.944917, 4.935838
7.024399, 4.999276
7.091536, 5.050207
7.130322, 5.079630
c03ce37a-3a8e-4151-aa4f-38db2e90e499
6.644401, 4.908982
6.683329, 4.971474
6.694440, 4.985537
6.733868, 5.037852
6.761073, 5.076435
6.792482, 5.141309
6.808777, 5.192279
6.819839, 5.236711
6.827973, 5.281771
6.833662, 5.338557
6.833809, 5.385078
6.833971, 5.435875
6.835660, 5.496633
6.836005, 5.562886
6.839356, 5.631479
6.842352, 5.692790
