main root
6.907828, 5.209885
6.874577, 5.352357
6.866414, 5.531300
6.841904, 5.633966
6.786988, 5.797023
6.734412, 5.962556
6.688957, 6.133305
6.673580, 6.278688
6.658221, 6.463891
6.656382, 6.665580
6.671434, 6.870533
6.699545, 7.091499
6.728779, 7.271388
6.762660, 7.396631
6.784606, 7.517723
6.798058, 7.615635
6.802607, 7.710930
6.827725, 7.834215
6.822532, 7.905790
6.822418, 7.969413
6.822313, 8.028387
6.823670, 8.106085
6.823083, 8.191197
6.822616, 8.258927
6.820604, 8.333619
6.821692, 8.404402
6.824382, 8.482075
6.825180, 8.548326
6.827510, 8.617537
6.831335, 8.686676
6.831922, 8.751477
6.832459, 8.810743
6.834506, 8.871493
6.835240, 8.937745
6.832965, 9.002509
6.830884, 9.061743
6.829652, 9.139443
6.830051, 9.208688
6.831947, 9.277909
6.829189, 9.341257
6.832240, 9.408825
6.835678, 9.484952
6.839914, 9.545589
6.843038, 9.611775
6.847797, 9.680850
6.850856, 9.747037
6.853983, 9.814692
6.858284, 9.875327
6.866274, 9.945659
6.874875, 10.021371
6.878270, 10.091026
6.879174, 10.140344
6.881630, 10.192603
6.881679, 10.257419
6.883222, 10.318176
6.883408, 10.384427
6.885098, 10.453656
6.883686, 10.518450
6.880931, 10.576175
6.877702, 10.643835
6.873453, 10.701466
6.872621, 10.773821
6.871842, 10.841541
6.871161, 10.900800
6.871959, 10.961572
6.869816, 11.026340
6.867856, 11.085573
6.860109, 11.138633
6.852812, 11.198981
6.844681, 11.266220
6.836261, 11.323387
6.826392, 11.390393
6.816493, 11.447324
6.806110, 11.515781
6.797210, 11.584448
6.784626, 11.646594
6.774693, 11.718278
6.760961, 11.802270
6.754000, 11.854121
6.748526, 11.906150
6.740105, 11.971865
6.732792, 12.040718
6.722978, 12.104779
6.712750, 12.161654
6.701968, 12.230064
6.691424, 12.296968
6.680952, 12.353801
6.667477, 12.418669
6.652542, 12.483211
6.635029, 12.545610
6.620049, 12.604525
6.602277, 12.668344
6.586755, 12.735243
6.572718, 12.789118
934f004f-cb8c-4b30-8f11-2dd321583d05
7.041019, 5.196620
7.121933, 5.194634
7.190792, 5.210453
7.235589, 5.224008
7.272372, 5.238266
7.331647, 5.244600
7.389289, 5.260874
7.426338, 5.274443
7.462250, 5.290784
7.504748, 5.306834
7.550140, 5.319176
7.575267, 5.330662
7.621472, 5.351783
7.677356, 5.375683
7.720227, 5.389134
7.794232, 5.404511
7.842503, 5.417597
7.889903, 5.433549
7.934369, 5.453251
7.978838, 5.474591
8.022640, 5.497272
8.067751, 5.520629
8.114468, 5.548189
8.155945, 5.576133
8.194711, 5.611275
8.248647, 5.652085
8.311513, 5.697777
8.370482, 5.736935
8.419852, 5.769719
8.463001, 5.803762
8.516180, 5.845716
8.543550, 5.871122
8.596062, 5.902334
8.627793, 5.924677
8.661879, 5.948677
8.698888, 5.980229
8.737549, 6.013189
8.778428, 6.051973
8.827769, 6.092596
8.884280, 6.135244
8.936186, 6.168792
8.997219, 6.204674
9.052415, 6.233652
9.104896, 6.261204
9.157374, 6.288756
9.203933, 6.316580
9.242089, 6.339383
9.278625, 6.368071
3fbe5b54-537e-4910-892c-9519dcd958f4
6.817725, 5.252227
6.780659, 5.293194
6.751658, 5.324151
6.689176, 5.372692
6.664366, 5.390070
6.639463, 5.402032
6.592268, 5.428022
6.547768, 5.452528
6.497707, 5.480096
6.453942, 5.524491
6.408804, 5.558888
6.370892, 5.587041
6.336297, 5.616463
6.309567, 5.631336
6.271425, 5.655988
6.237660, 5.670681
6.200405, 5.683627
6.174569, 5.695772
6.136269, 5.713772
6.097968, 5.731770
6.071630, 5.747453
5.982922, 5.828854
5.958183, 5.852412
5.927579, 5.879487
5.895874, 5.907536
5.869183, 5.927154
b15f3a74-758e-45e4-a3bf-fae436c7e3b2
6.790204, 5.499096
6.747308, 5.533084
6.680756, 5.553680
6.560831, 5.563466
6.521394, 5.563678
6.493020, 5.566822
6.462485, 5.576227
6.420062, 5.592423
6.380527, 5.607514
6.333762, 5.629209
6.280855, 5.696655
6.240901, 5.711588
6.223874, 5.724355
6.204152, 5.735402
6.178175, 5.744806
6.130405, 5.762098
6.078272, 5.774602
6.020644, 5.788424
5.981536, 5.797804
5.929244, 5.822524
5.892410, 5.836625
5.851161, 5.855621
5.798792, 5.876443
5.717093, 5.919490
5.678047, 5.947095
5.635495, 5.982679
5.608832, 5.995220
5.569571, 6.020303
5.526759, 6.047654
5.490667, 6.065383
5.445755, 6.085778
5.398760, 6.108763
5.335857, 6.144526
5.275847, 6.182088
5.210303, 6.226646
5.148478, 6.263246
5.103188, 6.295276
5.062429, 6.320435
5.011510, 6.353625
4.954328, 6.392684
4.899179, 6.426729
4.848744, 6.457864
4.799287, 6.484878
4.747273, 6.513287
4.693474, 6.547789
4.643135, 6.581848
4.605518, 6.610914
4.559606, 6.653157
9d00bfa1-6c7c-41b5-9f34-2d76f57a913d
6.706140, 5.571999
6.714669, 5.596831
1ebe895c-b6c1-428e-ab8b-abce64b88503
6.887392, 5.707583
6.959708, 5.758244
7.010295, 5.791495
7.045673, 5.814749
7.083425, 5.835982
7.124592, 5.853984
7.184679, 5.881892
7.219165, 5.899560
7.241379, 5.915986
7.280130, 5.946501
7.315836, 5.978428
7.355787, 6.018167
7.398422, 6.058465
7.432076, 6.079976
7.497418, 6.114636
7.549775, 6.142408
7.590759, 6.165842
7.615870, 6.185372
7.653868, 6.216820
7.688786, 6.249605
7.731994, 6.290173
7.781545, 6.330538
7.834055, 6.373314
7.860562, 6.400698
7.887705, 6.426586
7.932567, 6.456964
7.972554, 6.485849
8.031642, 6.524838
8.081110, 6.557480
8.134729, 6.589274
8.183661, 6.620029
8.226672, 6.647061
8.260179, 6.671656
8.283681, 6.690765
8.325892, 6.701063
8.379753, 6.737023
8.423132, 6.769585
8.457875, 6.799408
8.488485, 6.831599
8.530925, 6.880578
8.569800, 6.920871
8.604074, 6.949927
8.659333, 6.988926
8.721588, 7.032863
8.774178, 7.066313
8.830380, 7.096740
8.885884, 7.130192
8.936645, 7.160786
8.987409, 7.191381
9.017744, 7.213160
9.057756, 7.245524
a40d92e8-e8f9-4656-953d-472877849c54
7.010901, 5.827301
6.996327, 5.852254
6.986302, 5.879950
6a1fba25-4439-44f4-98c2-8c5aad1adea4
6.801728, 7.404810
6.831622, 7.414245
6.855935, 7.418674
6.888522, 7.429007
6.926075, 7.435092
6.947714, 7.441632
6.972029, 7.448979
7.002081, 7.474674
7.016368, 7.480095
7.049935, 7.491223
7.080161, 7.502813
7.107878, 7.516648
7.140161, 7.531081
7.161381, 7.542200
7.177827, 7.555879
7.205952, 7.577317
7.230767, 7.598104
7.258816, 7.619640
7.287755, 7.639964
7.317533, 7.659039
7.338645, 7.674333
7.363959, 7.694509
7.388318, 7.715830
7.411670, 7.738249
7.438198, 7.761632
7.450925, 7.778826
7.468966, 7.805704
7.488748, 7.832476
7.497572, 7.851963
7.510040, 7.875850
adfc4d62-c74f-4823-a474-494b9e161e7f
6.848037, 7.606845
6.885631, 7.603996
6.910316, 7.601232
6.945346, 7.597480
6.986112, 7.594618
7.023453, 7.594998
7.060645, 7.598370
7.099549, 7.604902
7.141295, 7.611911
7.166708, 7.617696
7bf8aa8d-08a6-4275-95e9-3f36494e4847
6.862295, 7.744882
6.893101, 7.768457
6.938827, 7.822330
6.955153, 7.846191
6.976980, 7.880740
6.996419, 7.925318
cfa9193a-2db8-481d-90b2-566af36169a0
6.800830, 8.175536
6.727766, 8.190262
6.692892, 8.199289
6.657966, 8.217358
6.617013, 8.225961
6.515868, 8.242883
6.479637, 8.255014
6.441501, 8.267783
849fe136-2894-4c25-9af7-1735bdc1535b
6.794544, 8.223250
6.747559, 8.223152
6.704832, 8.223596
6.653598, 8.232783
6.611975, 8.240256
6.586968, 8.244756
