main root
6.950002, 5.149050
6.846466, 5.345240
6.833989, 5.436078
6.801099, 5.612005
6.760649, 5.773775
6.735420, 5.915684
6.714280, 6.072662
6.684460, 6.248971
6.665935, 6.381374
6.645593, 6.541513
6.634798, 6.659978
6.632886, 6.750485
6.637244, 6.843017
6.632603, 6.903555
6.629613, 6.962144
6.624743, 7.028222
6.631778, 7.075327
6.636678, 7.138541
6.643031, 7.201118
6.651514, 7.269845
6.661480, 7.338373
6.669534, 7.404138
6.679435, 7.472676
6.697596, 7.546053
6.715682, 7.612897
6.726029, 7.674067
6.747668, 7.764150
6.761208, 7.865795
6.780106, 7.944846
6.801431, 8.021173
6.820091, 8.093525
6.830477, 8.167677
6.838992, 8.228467
6.843982, 8.283934
6.908477, 8.440900
6.923183, 8.492441
6.932034, 8.545300
6.944915, 8.604119
6.957585, 8.661994
6.982731, 8.727866
6.991902, 8.814248
7.001453, 8.875828
7.013954, 8.936879
7.014109, 8.967469
7.020431, 9.032679
7.020638, 9.065807
7.017998, 9.122083
7.015226, 9.181271
7.002480, 9.229498
6.994365, 9.260190
6.991114, 9.320333
6.996013, 9.368365
6.998743, 9.424635
7.000047, 9.482400
6.996985, 9.545738
6.996560, 9.616526
6.996204, 9.675795
7.000451, 9.716294
7.005872, 9.782332
7.011642, 9.834326
7.019113, 9.901648
7.022346, 9.957904
7.023193, 9.998755
7.022543, 10.039610
7.020263, 10.088889
7.015063, 10.136507
7.011969, 10.192411
7.008335, 10.230989
ce6647db-99b2-49bf-a3cc-2df7c0cee236
6.804696, 5.308969
6.724765, 5.328492
6.659677, 5.337855
6.603994, 5.339818
