main root
6.408005, 5.268352
6.354032, 5.627066
6.342784, 5.701831
6.304795, 6.043937
6.303242, 6.152656
6.295578, 6.194173
6.263770, 6.387566
6.246586, 6.505046
6.223243, 6.620907
6.203901, 6.738271
6.186003, 6.846873
6.168744, 6.938661
6.159448, 7.021768
6.147929, 7.106101
6.138582, 7.189850
6.127084, 7.274181
6.117758, 7.357935
6.104172, 7.442462
6.097039, 7.524560
6.063370, 7.596097
6.046040, 7.654011
6.030222, 7.738196
6.019735, 7.818332
6.002932, 7.877522
5.975409, 7.966768
5.946244, 8.047267
5.916580, 8.135320
5.891649, 8.215819
5.860282, 8.296071
5.829460, 8.374926
5.797602, 8.462214
5.758740, 8.556348
5.709003, 8.654649
5.648161, 8.765595
5.580563, 8.893172
5.505035, 9.027104
5.480598, 9.087569
5.467338, 9.142831
5.449418, 9.202000
5.419709, 9.550192
5.434339, 9.687127
5.435164, 9.864704
5.433600, 9.982520
5.425536, 10.134656
5.416709, 10.221250
5.404589, 10.298662
5.393862, 10.484721
5.387691, 10.541343
5.403414, 10.677765
5.405541, 10.943576
5.420109, 11.100247
5.414504, 11.241437
5.419914, 11.359155
5.427470, 11.477628
5.432185, 11.551561
5.432626, 11.619537
5.468848, 11.794858
5.473859, 11.836157
5.482093, 11.882950
5.485883, 11.924378
5.489974, 11.969098
5.489734, 12.206949
5.501127, 12.294135
5.507904, 12.426620
5.518426, 12.586632
5.525915, 12.700518
5.527859, 12.762142
78aafb27-18d9-49d5-8530-a37addeea95e
6.411463, 5.445627
6.544893, 5.559395
6.684030, 5.641902
6.754919, 5.646418
6.800357, 5.659868
6.926576, 5.687507
7.016363, 5.678635
7.069024, 5.673432
7.116141, 5.675992
59f81855-1fc0-4988-80b3-f9dfe2ad670b
6.380581, 6.013059
6.458507, 6.130219
6.466348, 6.150117
6.476041, 6.186960
6.481214, 6.212503
6.497690, 6.231929
6.518630, 6.263557
6.537707, 6.297854
6.566342, 6.337013
6.585897, 6.368828
6.598564, 6.398010
6.616821, 6.443836
6.632462, 6.475004
6.658315, 6.519848
6.688692, 6.560554
6.726231, 6.608355
6.757608, 6.648309
6.796314, 6.695172
6.826727, 6.729644
6.978396, 6.889411
7.051278, 6.950832
7.127665, 7.017973
7.191252, 7.073864
7.287185, 7.151964
7.433654, 7.267775
7.504538, 7.339935
7.572454, 7.403071
7.643180, 7.463075
7.704394, 7.503976
7.783771, 7.551953
7.846928, 7.591876
7.907035, 7.627368
7.935970, 7.646192
2f3517fe-31df-40bf-911b-2f47bbb6a1f6
6.447872, 5.466648
6.588643, 5.620483
6.643015, 5.775534
6.657509, 5.842917
6.669967, 5.886589
6.677296, 5.923204
6.678762, 5.945765
6.704727, 6.114312
6.714593, 6.158554
6.720232, 6.197501
6.722915, 6.236763
6.729005, 6.281680
6.738069, 6.326092
6.743005, 6.365134
6.751669, 6.409628
6.762082, 6.447331
6.624189, 6.855093
384ec368-23b1-4b13-8ec7-1a82b50403ac
6.439450, 5.926179
6.494470, 5.927257
6.539848, 5.925153
6.562368, 5.927105
6.604545, 5.930763
6.653202, 5.928974
6.675704, 5.931142
6.717843, 5.935202
6.750184, 5.947340
6.777818, 5.954514
6.806053, 5.958752
6.848446, 5.959060
6.894291, 5.967036
6.983181, 5.954168
7.045061, 5.963859
7.103611, 5.973029
7.141819, 5.972953
7.223928, 5.961130
7.278412, 5.935288
7.319323, 5.886200
7.450430, 5.839340
7.497721, 5.812901
7.534790, 5.797320
7.581624, 5.777637
7.629607, 5.759093
7.665406, 5.748467
7.710132, 5.742791
2ffca589-f383-4090-ba59-0c5a0c50807c
6.329327, 6.398925
6.377110, 6.412427
6.444893, 6.436247
6.542337, 6.477082
6.780673, 6.547622
6.859447, 6.577389
6.936958, 6.604474
7.032867, 6.637987
7.112908, 6.674869
7.182118, 6.706760
7.224348, 6.727867
7.263764, 6.752588
7.378803, 6.802928
7.419421, 6.825604
7.461734, 6.850942
7.503256, 6.877554
7.548085, 6.904509
7.589561, 6.931194
7.630206, 6.959127
7.674145, 6.987511
7.723017, 7.013737
7.765746, 7.038365
7.811796, 7.063181
7.858537, 7.086670
7.909947, 7.107482
7.951181, 7.129020
7.998220, 7.151904
8.032382, 7.170187
8.060855, 7.180333
0e0d585f-3714-4910-beec-dfe0ed2f4895
5.828147, 8.425746
5.897167, 8.471167
5.966763, 8.519447
6.060568, 8.578809
6.121035, 8.621134
6.178383, 8.665113
6.229564, 8.712100
6.263205, 8.739125
6.299461, 8.760768
6.349266, 8.783702
6.421476, 8.813823
6.533813, 8.857047
6.578201, 8.880793
6.618784, 8.907595
6.661173, 8.935591
04ac6d4c-2481-48a8-8c2d-b750d3166f23
5.805392, 8.481534
5.777325, 8.660160
5.757513, 8.765325
5.737184, 9.020113
5.726867, 9.160820
5.725770, 9.214710
5.720278, 9.305267
7b4777b8-5ae6-4381-a4fa-290406a610fa
5.531793, 8.971872
5.438875, 8.982113
5.269856, 9.080914
5.249000, 9.089643
5.215111, 9.097342
5.169338, 9.113885
5.131343, 9.124437
5.090573, 9.135765
5.049804, 9.147097
5.009037, 9.158432
4.964107, 9.177142
4.926979, 9.192607
4.903530, 9.202376
56678de4-c612-488b-967f-dde1075e3bbb
6.172382, 7.326695
6.237065, 7.338049
6.317495, 7.354255
6.366982, 7.362699
6.532027, 7.432120
6.596643, 7.436799
6.675088, 7.450916
6.760500, 7.466287
6.800771, 7.476575
6.840190, 7.495611
6aaf3926-3b40-47c7-8845-fb90919e8928
6.312347, 5.627601
6.226712, 5.631614
6.135795, 5.635874
5.996468, 5.622333
db9677cc-7140-4bd5-ab04-315f071f6a6d
5.673542, 8.774044
5.768201, 8.825873
5.841954, 8.873445
5.894741, 8.911055
5.935751, 8.942111
5.969548, 8.975215
d9ff60e0-31d6-4282-b4e5-e5346f5efbbd
5.592233, 8.775700
5.518477, 8.779162
5.462211, 8.778793
5.406045, 8.775419
5.343803, 8.774664
5.245550, 8.774401
5.199171, 8.765597
50d7bd02-c3ed-4798-8297-8e8d8edc60fd
5.782341, 8.446421
5.757432, 8.413086
5.724093, 8.365970
5.688997, 8.318960
5.659210, 8.255796
83a2dcb7-de04-48d7-8a4c-c34efb80660c
5.568933, 8.937357
5.507150, 8.902218
5.476567, 8.874147
0008c4f4-a3d4-4c43-b31f-1081ee65b6aa
6.398704, 5.502754
6.565226, 5.529918
6.612703, 5.541309
6.650207, 5.553386
6.688567, 5.567311
6.724596, 5.585166
6.768110, 5.608401
6.801246, 5.631183
6.827410, 5.649171
2926895f-e53f-4b88-b341-a33e278e8112
6.389520, 5.737702
6.251680, 5.723569
6.055940, 5.696670
6.020971, 5.697191
5.969555, 5.695002
8bcded19-e693-486a-b0fa-ce23ca1c8c8a
6.529148, 5.909900
6.315951, 6.004786
6.232042, 6.054868
