main root
6.887626, 4.872919
6.808225, 5.060644
6.802687, 5.175675
6.794670, 5.365204
6.807514, 5.561496
6.832808, 5.754074
6.861390, 5.973247
6.865124, 6.121095
6.850847, 6.298698
6.845945, 6.508368
6.862535, 6.701996
6.867367, 6.868357
6.873298, 7.039564
6.868951, 7.214817
6.871056, 7.380864
6.886684, 7.501022
6.899736, 7.615191
6.901102, 7.664328
6.898734, 7.715360
6.912647, 7.886068
6.911008, 7.939653
6.912097, 8.001971
6.911906, 8.076691
6.913226, 8.145928
6.912992, 8.212180
6.917234, 8.282302
6.924492, 8.352717
6.927380, 8.424509
6.930101, 8.492187
6.936275, 8.571197
6.940603, 8.645790
6.949268, 8.717633
6.955713, 8.783573
6.967209, 8.855025
6.977969, 8.921905
6.983951, 8.977933
6.986948, 9.034199
6.990662, 9.075773
cb970130-efe7-41b5-89d0-fd5d8913e70f
6.817018, 5.137697
6.932672, 5.175728
6.998577, 5.232753
7.047608, 5.271214
7.111042, 5.305748
7.163082, 5.334076
7.219387, 5.376399
7.247045, 5.411296
7.380219, 5.469677
7.409302, 5.482423
7.458343, 5.524736
7.483398, 5.542400
7.525327, 5.560967
7.592994, 5.603524
7.648268, 5.640054
7.692720, 5.667637
7.737944, 5.693939
7.767004, 5.712570
007a5b1b-d59c-4756-b2fd-2b4428ee4552
6.862593, 5.539348
6.911845, 5.574875
6.933626, 5.601663
6.949647, 5.621370
7.094665, 5.664187
7.146411, 5.670100
7.203792, 5.695223
7.223121, 5.706950
7.242536, 5.722230
7.284204, 5.747398
7.310896, 5.767016
7.331360, 5.782059
851be5ce-8eb1-4bbb-936d-4c8ace54d26f
6.807168, 5.627686
6.691761, 5.678791
6.646360, 5.693990
6.556045, 5.758936
6.539922, 5.760342
6.510683, 5.758321
6.494503, 5.767207
6.433140, 5.779841
6.389094, 5.795022
6.340286, 5.816594
6.301973, 5.836800
6.255793, 5.859463
1b35eea8-288e-43fa-a9a7-30652658e84e
6.839766, 5.228084
6.924581, 5.238381
6.952725, 5.244852
6.972366, 5.255510
6.994741, 5.267610
7.008216, 5.289457
7.022602, 5.319017
7.037345, 5.343109
7.056606, 5.351082
7.104137, 5.390387
7.147976, 5.420812
7.207784, 5.458676
7.259927, 5.489916
7.290319, 5.511614
7.324408, 5.537791
