main root
6.168898, 5.345085
6.158329, 5.598816
6.183477, 5.704720
6.187567, 5.831153
6.176048, 5.975759
6.146078, 6.118046
6.144716, 6.345291
6.135150, 6.500745
6.115889, 6.607170
6.096287, 6.715479
6.072540, 6.822923
6.050841, 6.930905
6.039475, 7.041170
6.014833, 7.156762
6.001734, 7.248474
5.983158, 7.348613
5.970395, 7.440484
5.953347, 7.532624
5.936403, 7.624199
5.913125, 7.715326
5.890057, 7.797256
5.869219, 7.878910
5.846170, 7.960851
5.821130, 8.042202
5.798330, 8.123330
5.769089, 8.204380
5.716640, 8.326393
5.678854, 8.380950
5.644716, 8.441304
5.630059, 8.581755
5.634269, 8.642575
5.652598, 8.754612
5.673845, 8.871416
5.681693, 8.973651
5.686137, 9.058645
5.683637, 9.129995
5.667750, 9.220984
5.660181, 9.313251
5.653952, 9.389195
5.643454, 9.443915
5.642694, 9.500530
5.585146, 9.703173
5.561487, 9.759085
5.535886, 9.823426
5.513356, 9.892192
5.493225, 9.958449
5.474531, 10.025127
5.453134, 10.084812
5.429373, 10.146659
5.409384, 10.219559
5.348946, 10.302822
5.289317, 10.406961
5.239378, 10.485711
5.193306, 10.566221
5.150939, 10.648728
5.116775, 10.718536
5.082838, 10.781076
5.064656, 10.840712
5.056908, 10.886654
5.049146, 10.968702
5.049559, 11.027907
5.051374, 11.082877
5.040451, 11.226292
5.037237, 11.268496
5.063065, 11.425769
5.065454, 11.458806
5.090910, 11.478296
5.123415, 11.562800
5.157186, 11.656484
5.168903, 11.706643
5.177473, 11.763066
5.180095, 11.821759
5.177582, 11.866109
5.170598, 11.909977
5.149042, 11.979418
5.127886, 12.032419
5.127217, 12.066815
9f86878a-6586-4326-977e-d5bcd0796c52
6.172516, 5.785183
6.039167, 5.872511
6.000692, 5.899645
5.961978, 5.937401
5.907083, 5.974200
5.878135, 6.005548
5.845107, 6.041297
5.800826, 6.129258
5.773989, 6.169731
5.732154, 6.221330
5.693950, 6.258946
5.656176, 6.304536
5.619154, 6.358602
5.585670, 6.407503
5.550628, 6.448080
5.511583, 6.488714
5.470605, 6.535682
5.441382, 6.569175
5.425115, 6.594650
5.350035, 6.715848
5.316410, 6.755917
5.258260, 6.818759
5.191601, 6.884602
5.122051, 6.947390
5.065601, 6.996334
5.008334, 7.042026
4.933642, 7.115153
4.872902, 7.171719
4.843471, 7.199127
1c1b67d5-7f6e-435f-ac5d-5b96f310e50c
6.246723, 5.753050
6.321141, 5.744822
6.386186, 5.739956
626f150f-f824-444f-9ebb-8d55e65fe4c0
6.239461, 5.878068
6.288264, 5.970255
6.306295, 6.027048
6.322951, 6.057689
6.350801, 6.110887
6.368557, 6.144550
6.427105, 6.283225
6.495702, 6.399087
6.530734, 6.485998
6.557007, 6.543880
6.593081, 6.651209
6.610942, 6.709509
6.619604, 6.747998
6.628757, 6.775042
6.656028, 6.824665
6.671795, 6.873638
6.683346, 6.899748
6.640449, 6.866472
6.610073, 6.860269
6.591742, 6.890282
6.593489, 6.914771
6.595296, 6.940106
6.647354, 6.967338
6.687598, 6.981399
6.688812, 7.004942
6.707039, 7.082031
592ee187-0fe2-418b-8d61-5914e61d1cc8
5.750768, 8.207171
5.796978, 8.247814
5.855867, 8.291286
5.916226, 8.332144
5.994203, 8.370468
6.042290, 8.400747
