main root
6.354163, 4.823315
6.311682, 4.978485
6.304126, 5.186534
6.267037, 5.336285
6.255628, 5.488693
6.238446, 5.635268
6.227168, 5.802727
6.200460, 5.981409
6.226697, 6.298796
6.247563, 6.487607
6.257390, 6.703080
6.259039, 6.938082
6.263730, 7.107207
6.281844, 7.305025
6.242013, 7.481568
6.214210, 7.609404
6.199549, 7.660527
72e8abee-85d3-497b-8ff1-0a5721ad9c98
6.412901, 5.185811
6.494077, 5.205386
6.580993, 5.211007
6.635797, 5.229291
6.688227, 5.249939
6.764581, 5.254271
6.810028, 5.259849
6.841543, 5.263715
