main root
6.296661, 4.039020
6.214606, 4.270401
6.183723, 4.390220
6.148447, 4.545112
6.120105, 4.660054
6.132485, 4.742037
6.114209, 4.859894
6.095401, 4.981185
6.075938, 5.106696
6.071567, 5.217737
6.063013, 5.327447
6.044853, 5.452336
6.034734, 5.580287
6.022649, 5.706465
6.011348, 5.824460
5.993048, 5.949474
5.990318, 6.070082
5.983098, 6.204715
5.979313, 6.314792
5.980055, 6.416316
5.980860, 6.526383
5.981541, 6.619516
5.979082, 6.692745
5.982308, 6.775089
5.986265, 6.837862
5.990575, 6.945391
5.994748, 7.116570
5.983102, 7.241970
5.967232, 7.367462
5.949699, 7.510617
5.940692, 7.584151
5.935841, 7.648417
5.974553, 7.820518
6.009164, 7.906182
6.013880, 8.020386
6.020138, 8.099394
6.026155, 8.175361
6.025729, 8.245831
6.025270, 8.322036
6.018922, 8.381629
6.014648, 8.435895
6.036141, 8.687244
5.999841, 8.891783
5.979670, 9.017456
5.974229, 9.131235
5.968972, 9.241176
5.964523, 9.334208
5.955191, 9.404054
5.952435, 9.447280
5.952673, 9.490592
5.943004, 9.795530
5.937694, 9.868603
5.926636, 9.938195
5.919652, 10.020302
5.907737, 10.089753
5.897297, 10.168308
5.884687, 10.240480
5.869141, 10.312077
5.855263, 10.390101
5.841922, 10.465122
5.828583, 10.540144
5.817668, 10.618639
5.809730, 10.697489
5.799418, 10.770023
5.791237, 10.848846
5.778035, 10.918064
5.768520, 10.999917
5.759721, 11.075603
5.750921, 11.151290
5.737110, 11.218240
5.724636, 11.287751
a6d49b3d-c44d-413c-8c2c-54f634929412
6.160048, 4.238844
6.106423, 4.221941
6.009219, 4.196010
5.930611, 4.221332
5.886010, 4.232870
5.843070, 4.232071
5.728948, 4.290917
5.654470, 4.302903
5.604456, 4.308225
5.574167, 4.314760
5.450138, 4.333195
5.411465, 4.332587
5.393066, 4.352449
5.335082, 4.387177
5.205912, 4.445937
5.136572, 4.477480
5.067232, 4.509023
5.006128, 4.543793
4.966101, 4.564183
4.928705, 4.604546
da20f60f-6945-4467-8d2b-05b7b636e956
6.129294, 4.461556
6.095991, 4.477193
6.021089, 4.470785
5.937261, 4.506091
5.890181, 4.514551
5.821973, 4.531370
5.722672, 4.539122
5.636950, 4.550033
5.595447, 4.552297
5.464403, 4.573257
5.391754, 4.581827
5.353411, 4.589348
5.294413, 4.610054
5.253717, 4.629096
2d86c1ac-77d4-4d04-b407-0bcce3bc35e5
6.182515, 4.425659
6.013513, 4.586972
5.995628, 4.615494
5.973363, 4.650843
5.958672, 4.674010
5.946894, 4.703608
5.933044, 4.746281
5.921992, 4.789763
5.909239, 4.858950
5.900359, 4.963425
5.895854, 4.978128
5.877505, 5.065029
5.863221, 5.334130
5.830812, 5.389381
5.818494, 5.413340
15092694-54f2-4085-88da-a1181260baec
5.992303, 7.352331
6.055162, 7.422921
6.090017, 7.488436
6.106810, 7.529560
6.122013, 7.566793
6.131949, 7.614066
6.137142, 7.646052
6.139835, 7.671976
6.150624, 7.685617
6.167475, 7.741463
6.178419, 7.788098
6.188574, 7.831373
4c6bbd45-372b-4119-b9d8-482f8fe1ffc3
5.913212, 7.586201
5.814407, 7.616685
5.775933, 7.625423
5.748908, 7.634630
5.722861, 7.643503
5.696949, 7.655494
5.672438, 7.670134
5.647780, 7.688350
5.627978, 7.699255
6df8e3f8-8840-4735-8fc6-3da4811f6ac3
5.985236, 7.267422
5.893109, 7.272628
5.857183, 7.274658
5.834646, 7.272931
5.819911, 7.285151
5.769912, 7.295738
5.723676, 7.300938
5.679258, 7.301416
5.649419, 7.306227
5.618146, 7.318850
5.587664, 7.340838
5.536374, 7.369443
3e396268-b2a5-4e8e-acb2-acccf61403ac
6.049742, 6.822012
6.086634, 6.835776
6.127820, 6.858806
6.164011, 6.885902
6.202091, 6.910673
6.237579, 6.933757
6.277795, 6.963488
6.309742, 6.988967
6.343287, 7.013805
