main root
7.074471, 4.466536
7.050959, 4.625179
6.979134, 4.960854
6.973902, 5.209323
7.009076, 5.586540
7.038517, 5.772122
7.060532, 5.897496
7.085247, 6.013844
7.112278, 6.120733
7.130806, 6.245380
7.145247, 6.371090
7.157624, 6.497227
7.164966, 6.615263
7.167569, 6.725273
7.163823, 6.835298
7.168200, 6.954730
7.170114, 7.064740
7.180495, 7.174860
7.188714, 7.284589
7.202612, 7.385193
7.216196, 7.468363
7.229843, 7.551920
7.252904, 7.640602
7.278542, 7.714124
7.323824, 7.805437
7.365202, 7.888875
7.417942, 7.985701
7.466822, 8.084287
7.509953, 8.185568
7.543442, 8.275003
7.554963, 8.335939
7.560470, 8.410613
7.558221, 8.494501
7.545464, 8.577921
7.525901, 8.677864
7.508011, 8.769262
7.507581, 8.826208
7.509018, 8.910467
7.518728, 8.993283
7.529573, 9.085782
7.544541, 9.177324
7.565685, 9.267520
7.583087, 9.350843
7.597694, 9.451822
7.616403, 9.551605
7.637613, 9.641900
7.658911, 9.732572
7.676221, 9.824660
7.689379, 9.917433
7.696309, 10.011230
7.701691, 10.112790
7.704960, 10.214442
7.707681, 10.299067
7.701684, 10.374328
7.690054, 10.467301
7.680611, 10.559744
7.674113, 10.643758
7.667585, 10.728169
7.656201, 10.797716
7.648757, 10.861731
7.648391, 10.916727
7.650857, 10.995943
7.650143, 11.069210
7.652366, 11.148434
7.660656, 11.230423
7.658270, 11.296100
7.652162, 11.405958
7.643273, 11.491111
7.639953, 11.583694
7.643182, 11.667261
7.648508, 11.751364
7.659987, 11.834201
7.679594, 11.915255
7.695524, 12.007947
7.718947, 12.106773
7.742314, 12.187382
7.768245, 12.276832
7.801992, 12.363024
7.837820, 12.448763
7.879216, 12.520930
7.916579, 12.598572
7.950540, 12.669142
4e0bcaec-a27a-429c-99d6-c8057e4a945d
7.139001, 4.689714
7.213645, 4.746199
7.252264, 4.780404
7.304998, 4.819071
7.344330, 4.855298
7.400529, 4.894812
7.453085, 4.928069
7.503065, 4.959660
7.544800, 4.993088
7.595176, 5.029562
7.655624, 5.062206
7.702225, 5.087338
7.754613, 5.127949
7.801362, 5.164151
7.843930, 5.200863
7.905613, 5.238207
7.956208, 5.268804
8.010928, 5.298363
8.067021, 5.325228
8.120360, 5.350742
8.156507, 5.371317
8.179701, 5.406249
6365b5a8-a4ad-4624-8db0-5931370718f0
7.107760, 4.551186
7.085192, 4.708761
7.090449, 4.806076
7.090782, 4.900050
7.084181, 4.995576
7.065102, 5.078075
7.048444, 5.144954
7.027702, 5.211579
6.985279, 5.348922
6.944542, 5.609083
6.929762, 5.684594
6.917802, 5.718473
6.902669, 5.754759
6.894492, 5.782089
6.882378, 5.822506
6.866358, 5.890263
9c1a1ce6-05a9-4d61-b924-8a2f500b67ce
7.039674, 4.781519
7.096472, 4.827913
7.156233, 4.875268
7.201106, 4.907587
7.274379, 4.952737
7.351789, 5.006155
7.419815, 5.058135
7.476168, 5.104963
7.519352, 5.150578
7.552821, 5.185932
