main root
6.055370, 2.663140
6.002752, 4.050858
5.949704, 4.891099
5.852901, 5.483282
5.853883, 5.686656
5.864297, 5.857726
5.870577, 6.052409
5.898188, 6.161828
5.915369, 6.409107
5.904439, 6.742662
5.886009, 6.967311
5.838517, 7.093332
5.750356, 7.339283
5.656062, 7.507109
5.591139, 7.609618
b076111c-f274-442e-8bda-5c18022b6486
5.913006, 3.722987
5.697949, 3.698559
5.530919, 3.656045
5.385545, 3.660222
5.084858, 3.680409
4.973115, 3.706221
4.754499, 3.731796
7199876b-bcbc-49d3-9852-db5fc2844702
5.987273, 3.743456
5.445059, 3.786506
5.200069, 3.875664
4.939661, 3.950949
4.827329, 3.995628
4.573352, 4.118215
e36dfc6e-013a-4a03-b043-789ab8a51a39
6.000667, 4.013262
5.699934, 4.155103
5.615122, 4.191541
5.506191, 4.212395
5.168088, 4.368185
4.981909, 4.523900
4.682198, 4.788210
4.561817, 4.907903
4.506699, 4.977875
4.452407, 5.061940
52b8c4b4-efe5-4879-8fb7-6f99ffe2bbac
5.963789, 4.437972
5.858061, 4.495782
5.789172, 4.514934
5.441315, 4.522462
5.369304, 4.540110
5.300361, 4.549536
5.221228, 4.591877
5.141077, 4.663948
c728460c-f06c-47ce-95e8-69c278a56ee9
5.921118, 4.834660
5.660996, 4.915483
5.577623, 4.957855
5.491072, 5.021384
5.389064, 5.081306
5.315603, 5.140696
5.158994, 5.205897
b8e1a3b6-cf62-4597-a0b2-fdd93f4bd05b
5.868746, 5.300523
5.747377, 5.296695
5.630357, 5.290504
5.567337, 5.312388
5.394763, 5.316883
5.338050, 5.333124
5.150191, 5.336963
4f038cbc-5f47-4fb4-9a1d-3da9c65c4604
5.857649, 5.474909
5.767076, 5.465943
5.696529, 5.459042
5.626158, 5.478470
5.451359, 5.464395
4.947274, 5.465293
4.791321, 5.450765
4.677342, 5.438109
f3871434-9baa-4745-84e4-2636b5e096a5
5.848183, 5.718409
5.578483, 5.739910
5.507934, 5.759463
5.462151, 5.767999
5.374500, 5.796935
5.234708, 5.814006
fda9480f-5781-42dd-80c7-246e504f15be
5.854322, 5.962264
5.611815, 5.967171
5.490758, 5.952204
fa829249-0bec-4d0d-82b2-861b6a75b88c
5.867382, 6.075714
5.735694, 6.018792
5.517297, 5.989077
60dee2f0-2780-4a8a-bdfb-314bed8423ca
5.874343, 6.129846
5.720834, 6.184461
5.622856, 6.198336
5.580755, 6.209919
4ae0a401-97d8-4803-b516-c28dd21e9278
5.746267, 6.472717
5.905434, 6.333428
44e0de3e-d163-4746-bb2a-ff3a41a54e90
5.901267, 6.196188
5.966099, 6.206209
6.034632, 6.270017
6.268218, 6.426919
19e9151a-c0d0-4031-9c08-392c7a6a35ca
5.863835, 5.832597
6.094093, 5.841321
6.134217, 5.825218
6.234469, 5.819897
b3d113b9-b1ee-4f28-ba57-06ab4e61f47b
5.865222, 5.567340
5.971822, 5.619045
6.137909, 5.638825
6.301174, 5.707143
6.477489, 5.824348
a7b273a2-1fcc-4780-8c33-096166667990
5.873499, 5.288433
6.051840, 5.319486
6.228307, 5.333885
6.418793, 5.389094
6.524298, 5.391101
6.703483, 5.503333
6.775845, 5.530239
6.827886, 5.555050
3f479c62-d15d-477a-888c-348537052259
5.956395, 5.000832
6.188332, 5.090065
6.340733, 5.170045
6.434209, 5.254794
6.537678, 5.288845
6.603691, 5.353724
6.697298, 5.431144
6.820354, 5.492437
fbdfb9ce-44f7-4945-8f36-b0e7e26ce520
5.959353, 4.909752
6.429155, 4.901037
6.608050, 4.887078
7649cce5-d6a4-4b91-943f-8343dcc576bb
6.013710, 3.916848
6.125215, 3.994058
6.279016, 3.996271
6.400137, 3.958366
6.503886, 3.959814
6.681433, 3.986385
6.985261, 4.067593
5d98e718-1830-4b4f-9101-92bed747544f
6.045204, 3.568524
6.158165, 3.676313
6.490059, 3.772550
6.669468, 3.769475
6.802297, 3.780174
6.985916, 3.816442
eefeb2c6-414e-44d2-a1ef-afd68a415b47
6.117166, 3.475567
6.323496, 3.487250
6.381811, 3.471849
6.444087, 3.460601
6.520861, 3.426630
6.857660, 3.381685
6.965203, 3.343039
7.044365, 3.328824
7.099860, 3.313178
7.312412, 3.294295
3ee6e490-8686-4c3d-bff3-3e755de461c1
5.971446, 4.485719
6.036083, 4.565867
6.073379, 4.664804
6.287705, 5.044062
6.327826, 5.133470
55676df1-c61e-4580-afcc-207d75c9642f
6.011095, 3.565538
5.621789, 3.740258
5.362990, 3.917134
0fcb40aa-f679-4057-81ed-ee7c15d51c9b
5.930160, 3.447013
5.591265, 3.861976
5.415197, 3.999517
4.924156, 4.355351
4.539128, 4.601388
7a61619a-32e8-4f9a-bbd0-04b0874f3557
5.832120, 3.478724
5.629277, 3.823657
5.563905, 4.150541
5.559589, 4.364639
5.580380, 4.450823
68f93aa5-d2ef-4774-a85d-34e3dc819da1
6.308528, 3.728144
6.690647, 3.814556
6.803444, 3.810942
7.150030, 3.848255
7.426288, 3.906373
7.593479, 3.951567
7.691475, 3.972015
7.776042, 3.995468
0682055b-4981-4c21-b890-821f26c7e3ef
6.167945, 3.146422
6.635714, 3.399713
93b045b0-79f6-4569-95ab-6e6a8abadbb5
6.221901, 3.102432
6.314764, 3.042209
6.384938, 3.059845
6.533842, 3.134776
6.620478, 3.138981
6.686798, 3.170560
e747f761-b145-44e0-a98f-d4d688aa39d5
5.997604, 3.144430
5.942603, 3.130985
5.893432, 3.112143
5.856803, 3.133915
5.830420, 3.137953
5.785026, 3.114907
5.776387, 3.157976
