main root
6.874976, 4.287769
6.683911, 4.538861
6.597454, 4.648169
6.516709, 4.755998
6.449741, 4.873465
6.417474, 4.921855
6.349104, 5.037557
6.290409, 5.145164
6.241365, 5.243916
6.201929, 5.328049
6.168550, 5.424180
6.131470, 5.485826
6.088365, 5.578009
6.043377, 5.669226
5.996399, 5.778789
5.948461, 5.869119
5.908737, 5.952944
5.859717, 6.051446
5.807907, 6.178974
5.748164, 6.281182
5.697021, 6.389581
5.628807, 6.504823
5.572737, 6.599546
5.509500, 6.689763
5.448024, 6.781154
5.383519, 6.880827
5.322475, 6.982921
5.266973, 7.059351
5.220874, 7.112643
5.171024, 7.170269
5.161071, 7.216216
5.113366, 7.318198
5.098815, 7.384260
5.089510, 7.504980
5.080400, 7.623164
5.077429, 7.764185
5.088653, 7.914535
5.085648, 8.008927
5.068860, 8.160654
5.071584, 8.288765
5.053347, 8.356578
5.036435, 8.402177
324b33bb-2197-44d7-a172-83e3998b6438
6.686484, 4.651909
6.700156, 4.672481
6.747909, 4.762462
7ac9c052-3524-4fec-989f-d769e87f5e0b
6.786033, 4.542366
6.812158, 4.595396
6.836337, 4.647864
6.861135, 4.701674
6.890583, 4.762000
6.904691, 4.816585
6.912930, 4.854447
6.920113, 4.880410
