main root
6.978879, 5.067477
6.988078, 5.236319
6.960962, 5.457599
6.942858, 5.601598
6.907688, 5.715922
6.874932, 5.870264
6.829534, 6.052331
6.786783, 6.209629
6.735153, 6.375787
6.687812, 6.521351
6.640913, 6.658011
6.611718, 6.769133
6.589257, 6.895935
6.548748, 7.004258
6.492405, 7.154922
6.421295, 7.309869
6.359703, 7.446915
6.305437, 7.572352
6.279060, 7.666952
6.245577, 7.806244
6.227226, 7.909753
6.209489, 8.009796
6.190274, 8.118176
6.175208, 8.227402
6.160167, 8.336437
6.143038, 8.445127
6.122528, 8.561717
6.099941, 8.677930
6.077327, 8.794290
6.056328, 8.902336
6.037395, 9.010844
6.030417, 9.112369
6.023449, 9.213734
6.013794, 9.323342
5.996424, 9.424117
5.973578, 9.531750
5.954841, 9.640407
5.934061, 9.748455
5.923913, 9.868249
5.911123, 9.994346
5.897081, 10.111894
5.887289, 10.193860
5.879399, 10.234670
5.862241, 10.276103
5.841999, 10.348461
5.810322, 10.453835
5.795697, 10.502485
5.781073, 10.551137
5.755128, 10.616646
5.729595, 10.693311
5.696540, 10.772875
5.676243, 10.817828
5.656956, 10.864178
5.645565, 10.895447
5.639552, 10.925067
eda171d1-2d85-4ffd-82e4-847ec4fb0eae
6.898364, 5.177676
6.798491, 5.169165
6.756466, 5.171815
6.717431, 5.188379
6.694050, 5.198301
6.676531, 5.228320
6.656779, 5.253256
6.630626, 5.286276
6.593342, 5.328526
6.554527, 5.379300
6.513670, 5.435208
6.474682, 5.496170
6.438643, 5.555299
6.402891, 5.611082
6.366794, 5.670177
6.331983, 5.730039
6.299556, 5.794733
6.269873, 5.857296
6.241549, 5.920486
6.216107, 5.988225
6.189669, 6.045847
6.167014, 6.088047
6.138979, 6.140266
6.110724, 6.186565
6.078357, 6.230987
6.047457, 6.265770
6.013344, 6.297407
5.983858, 6.324754
5.975420, 6.367922
5.959400, 6.436556
5.947217, 6.482168
5.926067, 6.526722
5.890138, 6.570365
5.827406, 6.623807
5.782627, 6.658023
5.760202, 6.678927
5.730486, 6.714810
5.693476, 6.768887
5.662030, 6.804233
5.624167, 6.849044
5.587282, 6.892698
3639c5a5-ef0e-4cb4-84bd-7070ae5cf1d0
6.918185, 5.338516
6.833755, 5.368781
6.795771, 5.391804
6.760982, 5.411471
6.725026, 5.432563
6.675511, 5.456405
6.629744, 5.478441
6.576345, 5.504152
6.522947, 5.529862
6.488429, 5.551467
6.452658, 5.588000
6.413678, 5.639283
6.388494, 5.689693
6.360668, 5.738697
6.333653, 5.798394
6.314088, 5.827111
6.280718, 5.876091
6.245378, 5.914671
6.199346, 5.958277
6.162294, 5.999559
6.105847, 6.052928
45ec054c-f4ae-4329-a536-1cbc32fc6fef
6.845898, 5.753122
6.780855, 5.834050
6.730904, 5.888407
6.708017, 5.915528
6.680282, 5.942881
6.651865, 5.971325
6.632419, 5.995011
6.606005, 6.031888
6.581383, 6.066247
6.556754, 6.100600
6.532117, 6.134946
6.506784, 6.165112
6.479593, 6.197475
6.452394, 6.229833
6.424824, 6.257968
6.395232, 6.288150
6.367162, 6.325320
6.342267, 6.363252
6.318209, 6.394454
6.282293, 6.443486
6.246626, 6.487112
6.209115, 6.532996
6.160885, 6.591988
6.112445, 6.648875
6.080375, 6.679611
6.043788, 6.710530
5.998522, 6.748784
5.953434, 6.784927
5.900588, 6.827290
5.840667, 6.879161
5.800202, 6.920128
5.759066, 6.959882
362b55db-254e-4fd5-bb6f-1f125da870dd
7.071469, 5.083692
7.155191, 5.141753
7.232893, 5.185927
7.274964, 5.205135
7.324542, 5.231932
7.372624, 5.261324
7.431423, 5.290249
7.470576, 5.321186
7.498896, 5.334595
7.542744, 5.357025
7.577037, 5.369537
7.628538, 5.385140
7.675767, 5.405705
7.732074, 5.428591
7.800674, 5.451626
7.861089, 5.475070
7.914401, 5.497364
7.976893, 5.523496
8.047193, 5.552895
8.111618, 5.584703
8.172352, 5.614689
8.244685, 5.647062
8.308301, 5.680454
8.366257, 5.712566
8.420316, 5.739096
8.467665, 5.769185
661d4d31-2384-4cc3-9f3b-233f71e45cbb
7.049427, 5.283303
7.143827, 5.296252
7.179969, 5.306466
7.218952, 5.325264
7.260531, 5.347270
7.263663, 5.384400
7.300405, 5.388666
7.372989, 5.464433
7.433350, 5.536563
7.486368, 5.603149
7.537751, 5.671012
7.576541, 5.724723
7.618290, 5.779972
7.652835, 5.833138
7.691812, 5.890374
7.732018, 5.946755
7.773432, 6.002253
7.818086, 6.049577
7.862453, 6.098781
7.909927, 6.149194
7.962712, 6.198695
8.005772, 6.245233
8.042469, 6.287099
8.124569, 6.351981
8.179814, 6.393732
8.231756, 6.434863
8.271137, 6.467957
8.300440, 6.533625
8.378904, 6.615792
9655b939-1727-4722-b640-c87212e771bd
6.902916, 5.443266
6.863385, 5.469185
6.845329, 5.491194
6.818951, 5.517327
6.800908, 5.534873
