main root
6.348228, 5.043205
6.374515, 5.142220
6.367685, 5.446075
6.337972, 5.597465
6.321100, 5.881383
6.261980, 6.108220
6.232757, 6.287406
6.218468, 6.511263
6.213680, 6.700615
6.201061, 6.894448
6.203277, 7.056072
6.185212, 7.217746
6.181068, 7.335534
6.185854, 7.419058
6.196681, 7.497049
6.197270, 7.569817
fa50ecd2-ea94-4727-a4f5-b0ed5a8eebbb
6.436225, 5.173806
6.577928, 5.319235
6.627050, 5.369719
6.666508, 5.401692
6.736215, 5.448545
6.791321, 5.510225
6.819077, 5.555408
92c63ab1-b027-4b43-ae28-0ff8252c46ac
6.302754, 5.237823
6.197361, 5.251190
6.165780, 5.263110
6.092634, 5.295517
6.009060, 5.311294
5.960609, 5.314566
313ba295-4a5d-4604-b3e0-e94ee8f23747
6.271291, 5.429379
6.226709, 5.417526
6.117921, 5.406124
fe6f0f31-6cb0-4307-b1e6-3e42372f2e4c
6.352748, 5.362192
6.457591, 5.444581
6.531816, 5.489465
6.566823, 5.519378
6.600905, 5.534719
8e2efda5-c564-468d-82b2-87dcd340a061
6.341558, 5.633333
6.414842, 5.670911
6.469958, 5.709851
20550416-a6bb-46c3-9a34-e793313b7ed2
6.341106, 5.620407
6.230010, 5.698469
