main root
6.926809, 4.355719
6.932478, 4.607629
6.948602, 4.739428
6.976436, 4.974199
6.992503, 5.136912
7.006953, 5.326087
7.011688, 5.496269
7.013060, 5.646686
7.010956, 5.774515
7.008828, 5.903792
7.004644, 6.030470
6.998868, 6.153722
6.991833, 6.297145
6.974740, 6.433172
6.963929, 6.569416
6.959136, 6.702178
6.959258, 6.846724
6.965681, 6.968441
6.979129, 7.104449
6.986124, 7.238820
6.992941, 7.362371
7.016211, 7.497061
7.044947, 7.639041
7.074956, 7.797634
7.093177, 7.939686
7.101922, 8.066718
7.115096, 8.191803
7.130068, 8.353541
7.133228, 8.479257
7.144056, 8.587612
7.163730, 8.727386
7.171764, 8.858626
7.165535, 9.018081
7.169843, 9.166185
7.171556, 9.297039
7.164964, 9.431185
7.164983, 9.559141
7.169176, 9.695322
7.158827, 9.852505
7.154661, 10.009474
7.149136, 10.145752
7.147080, 10.286006
7.146655, 10.456838
7.146318, 10.592294
7.156496, 10.720674
7.172455, 10.870991
7.179833, 11.005757
7.186941, 11.135563
7.193883, 11.262369
7.200826, 11.389174
7.210092, 11.481463
7.211309, 11.538522
7.208086, 11.598083
66036c3b-5f67-48d6-be00-0e804d28888e
6.997360, 4.401797
7.087382, 4.399689
7.145847, 4.393425
7.272080, 4.413558
7.337426, 4.436583
7.408251, 4.457076
7.483124, 4.475624
7.567968, 4.487388
7.645138, 4.496579
7.766377, 4.546617
7.845039, 4.576838
7.925117, 4.600940
8.006001, 4.627450
8.100799, 4.665197
8.181040, 4.685766
8.280348, 4.706855
8.371860, 4.721987
8.463639, 4.739295
8.563483, 4.758124
8.654847, 4.777496
8.753149, 4.804824
8.849566, 4.838216
8.924686, 4.855452
9.016423, 4.867869
9.093840, 4.886838
9.183761, 4.913202
9.251313, 4.937688
9.308711, 4.960701
9.354738, 4.986649
9.437555, 5.020376
9.507583, 5.051137
9.593475, 5.086571
9.670542, 5.125094
9.726493, 5.164655
9.803672, 5.232179
9.882029, 5.286678
9.968876, 5.339353
10.056782, 5.390197
10.147854, 5.430655
10.226135, 5.460892
10.310867, 5.502639
10.394404, 5.543798
10.456751, 5.579521
10.524039, 5.620467
10.555841, 5.645075
4a4b56aa-f7d7-43cb-88e9-5ef44380407f
7.817342, 4.583470
7.810276, 4.641933
7.805165, 4.664527
7.812935, 4.684278
7.813063, 4.700981
7.813386, 4.743312
7.813580, 4.768712
7a0ecb0e-6b68-44fc-8e96-99d8d4e2f564
7.031358, 7.148450
7.077572, 7.155955
7.147614, 7.171879
7.218062, 7.189430
7.264941, 7.209658
7.317415, 7.232299
7.361767, 7.243233
7.405126, 7.258068
7.488502, 7.285733
7.550782, 7.308902
7.633683, 7.330143
7.703785, 7.351178
7.787883, 7.367021
7.862694, 7.381098
7.925255, 7.403531
7.996875, 7.429230
8.042364, 7.439210
8.115938, 7.450755
8.168185, 7.469019
d454c7ef-939a-4ac8-9752-9d6b9f80eb0c
7.078481, 8.382225
7.022760, 8.399339
7.002870, 8.408371
6.967669, 8.420839
6.930670, 8.432355
6.856856, 8.440447
6.800593, 8.443603
6.751982, 8.450828
6.710941, 8.458440
6.661190, 8.469021
2995c1a8-cdf3-44ad-8296-6076fe8a9913
6.997117, 7.698398
6.904638, 7.758290
