main root
6.774243, 3.816747
6.783216, 4.015634
6.851987, 4.335904
6.870140, 4.460451
6.882447, 4.602364
6.898541, 4.754961
6.899466, 4.883601
6.902480, 5.010851
6.900660, 5.112678
6.894895, 5.199845
6.881548, 5.274155
6.860858, 5.365544
6.842905, 5.438072
6.822408, 5.508414
6.797666, 5.616016
6.774461, 5.698426
6.753807, 5.771775
6.733153, 5.845124
6.703320, 5.951069
6.683702, 6.026259
6.668748, 6.107291
6.642561, 6.214212
6.625054, 6.303470
6.622319, 6.361397
6.629377, 6.436174
6.645221, 6.536488
6.665225, 6.636030
6.683572, 6.727332
6.695876, 6.820581
6.702905, 6.922374
6.709904, 7.023737
6.725508, 7.126845
6.755092, 7.252175
6.772312, 7.352747
6.781171, 7.454621
6.783014, 7.548651
6.791346, 7.649868
6.791327, 7.725478
6.780728, 7.812652
6.772619, 7.896530
6.767120, 7.953413
6.718205, 8.081105
6.704453, 8.208858
6.688533, 8.317199
6.665996, 8.441701
6.645392, 8.567306
6.624151, 8.683763
6.600837, 8.799827
6.583598, 8.917787
6.562331, 9.034129
6.540467, 9.141970
6.527878, 9.224940
6.506925, 9.346550
6.494107, 9.759582
6.484654, 9.859715
6.477219, 9.960983
6.462264, 10.078219
6.449408, 10.179006
6.439741, 10.271420
6.424946, 10.372189
6.411042, 10.481450
6.394001, 10.581866
6.379739, 10.691193
6.367592, 10.800661
6.352166, 10.901324
6.335945, 10.993293
6.316200, 11.093061
6.296476, 11.192723
6.280503, 11.284268
6.265951, 11.367668
6.255289, 11.446191
6.239910, 11.514955
6.236088, 11.573189
6.171582, 11.794249
6.150243, 11.867354
6.133886, 11.934048
6.120128, 12.015252
6.083872, 12.408892
e67b10bf-c662-4a57-9d7a-371d52041596
6.772278, 3.939084
6.623770, 3.991836
6.562567, 4.025774
6.489763, 4.092991
6.352508, 4.200708
6.319878, 4.222511
6.285690, 4.241710
6.256875, 4.261282
6.221247, 4.289056
6.188032, 4.314903
6.154794, 4.340719
6.132541, 4.361746
6.103311, 4.389314
6.083170, 4.412374
6.056996, 4.446834
6.032084, 4.484521
6.008844, 4.519609
5.984732, 4.550527
5.966240, 4.583913
5.946414, 4.622796
5.913714, 4.667199
5.706341, 4.855870
5.676512, 4.884665
5.650518, 4.915622
5.618622, 4.950859
5.600242, 4.972989
5.584173, 4.994253
5.569682, 5.020427
5.557857, 5.044314
5.548497, 5.072730
5.535772, 5.124848
5.525186, 5.174515
5.513763, 5.220921
5.505164, 5.255861
d0fd3207-ce89-4875-8626-1dc028367550
6.785522, 4.253933
6.720686, 4.286453
6.653005, 4.317052
6.586387, 4.338957
6.491338, 4.374664
6.428574, 4.393446
6.371777, 4.407318
6.278569, 4.425329
6.210862, 4.429267
6.180123, 4.451170
6.079066, 4.496794
5.984452, 4.518737
5.937841, 4.544663
5.882413, 4.563390
5.816363, 4.588867
5.768947, 4.611666
5.722429, 4.625848
5.573639, 4.651462
5.510162, 4.679097
5.483374, 4.685867
5.435226, 4.696495
5.384499, 4.709228
5.336333, 4.719780
5.287870, 4.728870
5.234374, 4.743475
5.198723, 4.748558
5.147181, 4.757421
5.098354, 4.764303
5.046798, 4.773084
4.993065, 4.786795
4.955174, 4.794924
4.929186, 4.802034
5e186fd6-06d4-46cf-a0f4-d84f2f013137
6.859570, 4.275397
6.948801, 4.288134
7.040822, 4.303394
7.124117, 4.310900
7.176597, 4.319876
7.258639, 4.349140
7.335109, 4.352428
7.408122, 4.358563
7.518274, 4.363572
7.611173, 4.365691
7.696191, 4.369705
7.758603, 4.375648
7.812232, 4.383761
7.951934, 4.373399
8.002018, 4.377188
8.074785, 4.385695
8.167295, 4.394393
8.240144, 4.392911
8.332136, 4.382623
8.406538, 4.375809
8.479708, 4.372114
8.544899, 4.366715
8.596143, 4.370791
66054dc7-f90a-46b8-964d-9995fa4a5184
6.862011, 4.898628
6.811963, 4.914683
6.634089, 4.947231
6.576682, 4.957594
6.537880, 4.958373
6.521626, 4.981420
6.430849, 5.011216
6.368404, 5.028562
6.323493, 5.044144
6.170295, 5.044949
6.108930, 5.045255
6.070496, 5.062226
5.979232, 5.062777
5.934652, 5.056726
5.906504, 5.085995
5.823315, 5.100713
5.772765, 5.113868
5.724648, 5.120427
5a0a8aa5-ec33-44ab-bcaf-15df7e871ab9
6.601440, 6.389545
6.560901, 6.412110
6.510279, 6.436862
6.479327, 6.448662
6.466939, 6.478604
6.416273, 6.511355
6.342161, 6.543253
6.216133, 6.574081
6.142118, 6.592186
6.070300, 6.606672
5.987409, 6.634080
5.935061, 6.647020
5.884476, 6.656480
c5a185f9-1e50-4fcf-a7fe-fd16d428b81d
6.679934, 6.773779
6.795571, 6.808678
6.894993, 6.799091
6.982037, 6.829967
7.053847, 6.855438
7.123747, 6.881821
7.183208, 6.905863
7d0f1611-2779-4507-8284-130b69a40281
6.727092, 7.204893
6.682059, 7.219474
6.669754, 7.231566
6.650129, 7.250853
6.608629, 7.326920
6.537316, 7.436982
6.466588, 7.554576
6.432895, 7.604734
6.416736, 7.623421
6.414604, 7.646498
6.404024, 7.679671
6.393622, 7.701937
6.397210, 7.721208
6.396621, 7.742586
6.394060, 7.781250
6.392381, 7.806595
8ac1e372-ae89-4485-be58-55e77d020e54
6.840535, 5.414265
6.860574, 5.421659
6.985588, 5.431396
7.044148, 5.428424
7.099132, 5.438743
7.157986, 5.464904
a481dc88-9890-4455-bc69-20ff7363dba7
6.769642, 5.554779
6.737315, 5.565789
6.654848, 5.560145
6.636754, 5.573175
6.585093, 5.579778
96a8fa71-e650-4680-b544-3a6ac2f9f29a
6.851124, 7.677726
6.915334, 7.691592
6.993542, 7.719306
7.073057, 7.749683
7.189682, 7.795618
7.242125, 7.820731
7.268764, 7.835147
57475a01-1fc6-449d-89ce-1460886f0da1
6.769100, 7.056967
6.816637, 7.045802
6.875520, 7.033535
6.916803, 7.027491
a9d043de-5fe2-4643-920b-ab697bf2e3cb
6.690771, 6.549583
6.603268, 6.508756
6.544733, 6.493933
d6dcc9f9-3f89-46f7-a300-e1006d9271b9
6.980432, 4.792147
7.031710, 4.797530
7.081614, 4.809822
7.129684, 4.828228
5b628bc9-d092-460d-9701-a81babeed1ad
6.934218, 4.592286
6.985730, 4.544896
7.004572, 4.524110
