main root
5.065172, 6.023324
5.384308, 6.038968
5.690082, 6.172980
5.865652, 6.260510
6.017581, 6.357549
6.129052, 6.436820
6.235887, 6.499230
6.304650, 6.624025
6.319502, 6.672776
6.340487, 6.734534
6.356686, 6.777556
6.394103, 6.852417
6.404810, 6.912291
6.414997, 6.977753
6.423701, 7.043427
6.430922, 7.109283
6.433351, 7.172636
6.437500, 7.241753
6.446311, 7.313574
6.449554, 7.376890
6.454590, 7.445949
6.461119, 7.514882
6.469136, 7.583659
6.478638, 7.652245
6.489623, 7.720612
6.502083, 7.788724
6.516014, 7.856550
6.522571, 7.918233
6.521882, 7.954234
6.549326, 8.169340
6.569014, 8.252697
6.578937, 8.365192
6.582387, 8.438376
6.589106, 8.517340
6.592331, 8.590535
6.595686, 8.666660
6.595919, 8.739925
6.602167, 8.822091
6.604732, 8.895312
6.604303, 8.968577
6.606833, 9.047785
6.596712, 9.106015
6.581229, 9.177629
6.574129, 9.224632
6.569986, 9.292142
6.568124, 9.371367
6.569256, 9.450608
6.562663, 9.513075
6.549886, 9.613980
6.542675, 9.682851
6.531622, 9.745284
6.517020, 9.810595
09f7f844-73f7-419d-8d24-b92db6f7a9c1
5.117772, 6.122673
5.133246, 6.164596
5.153788, 6.196585
5.176235, 6.244415
5.283753, 6.416090
5.321034, 6.461516
5.384860, 6.503900
5.425106, 6.532423
5.464467, 6.562153
5.502909, 6.593066
5.539652, 6.620691
5.633951, 6.714006
5.661643, 6.739306
5.689425, 6.742248
5.769133, 6.793752
5.841011, 6.837727
5.914679, 6.877936
5.997227, 6.920594
6.071867, 6.961501
6.119952, 6.989560
6.167384, 7.018002
b5747fa8-35cb-4531-85ca-004cbf85c26d
5.335744, 6.117555
5.264669, 6.232862
5.214280, 6.302753
5.158386, 6.387513
5.116861, 6.453202
5.075678, 6.515550
5.026796, 6.597228
5.000137, 6.644687
4.953384, 6.746123
4.932981, 6.811851
4.915861, 6.846814
4.892550, 6.908042
4.873272, 6.941862
4.846166, 7.001506
4.818679, 7.047525
4.790367, 7.106606
4.761951, 7.152056
4.731492, 7.206424
4.700237, 7.249971
4.666376, 7.302289
4.633296, 7.347896
4.598507, 7.395862
4.562056, 7.433375
4.517159, 7.477817
5f343a56-785b-473a-8bb3-51b6f07de097
5.478560, 6.165879
5.449124, 6.244731
5.443755, 6.276230
5.438692, 6.341564
5.424960, 6.391254
5.401346, 6.564172
5.361560, 6.655889
5.343260, 6.690410
5.343378, 6.710192
5.329552, 6.755982
5.322210, 6.780298
5c3b0bef-bcf0-494e-ad06-76e815a78ff2
5.530544, 6.080858
5.707819, 5.980122
5.788573, 5.937413
5.828920, 5.911382
5.868532, 5.899494
5.978893, 5.838060
6.055277, 5.802621
6.122616, 5.757662
6.214906, 5.706937
7973058c-2d9e-44cc-8889-dc36a8966734
5.457736, 5.958084
5.505853, 5.876587
5.554602, 5.787051
5.627841, 5.724279
5.679092, 5.688663
5.732563, 5.656558
5.871374, 5.622057
5.973420, 5.621664
6.144228, 5.583668
6.201084, 5.536455
6.225733, 5.513768
6.244347, 5.498383
6.266010, 5.498259
6.297857, 5.493722
6.329357, 5.481675
6.379342, 5.469386
c85eccd5-ae28-4d33-8e62-d5f75dab8d09
5.213240, 5.961270
5.209386, 5.872443
5.208927, 5.847044
5.225405, 5.800721
5.235734, 5.780610
5.258953, 5.755055
5.277255, 5.730465
5.290578, 5.697524
5.306446, 5.658291
5.329493, 5.605298
5.353978, 5.539524
5.445287, 5.509024
5.474188, 5.504171
5.487077, 5.490682
5.506279, 5.479251
5.542334, 5.454305
5.571167, 5.437995
5.621616, 5.412896
5.676696, 5.380479
5.736659, 5.339978
5.796601, 5.308663
5.855112, 5.292543
6025cd67-75cc-4910-a561-cdbcc93cb671
5.316092, 5.924998
5.356543, 5.866158
5.365501, 5.851788
5.446327, 5.773544
5.498400, 5.751710
5.555803, 5.736721
5.643195, 5.727894
5.772727, 5.645829
5.848686, 5.580926
b299e3fd-44a3-43d4-873d-662aa8874d33
5.436006, 5.971424
5.533855, 5.881309
5.567701, 5.815744
5.637549, 5.745595
5.741810, 5.681143
5.829027, 5.629837
5.966031, 5.621643
6.030291, 5.617665
6.070763, 5.609641
6.148545, 5.581790
6.254503, 5.569856
6.295236, 5.566775
6.319915, 5.567911
5e2c28fa-e5ff-4949-8812-d096713fbff5
6.242942, 6.529936
6.308483, 6.478796
6.332664, 6.459391
