main root
7.058427, 4.316860
7.099037, 4.534090
7.107983, 4.581944
7.098785, 4.636274
7.074785, 4.727628
7.053255, 4.821360
7.028201, 4.911647
7.007479, 5.002059
6.994710, 5.057764
6.958655, 5.109169
6.908892, 5.187445
6.862731, 5.267899
6.816383, 5.348680
6.773918, 5.431144
6.731281, 5.513944
6.713110, 5.576798
6.683071, 5.665552
6.653215, 5.753769
6.641809, 5.813715
6.641285, 5.906495
6.630511, 5.952066
6.618658, 6.010244
6.580875, 6.159583
6.561009, 6.219797
6.570013, 6.364407
6.567437, 6.494855
6.553052, 6.635037
6.549391, 6.819256
6.536530, 6.935020
6.515469, 7.067903
6.496035, 7.215871
6.482504, 7.358500
6.473109, 7.457539
6.470809, 7.513481
6.471945, 7.639192
6.485636, 7.749471
6.474717, 7.850459
6.474451, 7.970688
6.476300, 8.089403
6.485749, 8.206251
6.491038, 8.271654
6.491050, 8.340224
6.481466, 8.527343
6.484192, 8.578811
6.482809, 8.621225
6.480700, 8.666456
6.483663, 8.717913
6.482474, 8.760332
6.483482, 8.808647
6.483794, 8.853925
6.489502, 8.905148
6.493887, 8.950214
6.497643, 8.995337
6.500647, 9.039057
6.501861, 9.065921
6.493185, 9.132712
6.489309, 9.180882
6.485164, 9.224507
6.482192, 9.249105
0bba1fcf-2192-4a24-b262-d5330bc3921d
7.031989, 4.457266
6.972844, 4.476762
6.929714, 4.491935
6.829842, 4.519285
6.693521, 4.568108
6.614696, 4.596340
6.542055, 4.623947
6.484188, 4.639534
6.377407, 4.666105
6.325221, 4.674463
6.263784, 4.701623
6.110918, 4.766365
6.044578, 4.802589
5.979298, 4.820672
5.943667, 4.825884
5.880444, 4.830595
5.814282, 4.834024
5.739557, 4.845392
5.677195, 4.851851
5.620801, 4.859806
5.550423, 4.870403
5.501461, 4.876259
5.452343, 4.880626
5.400400, 4.886743
5.348653, 4.894341
5.297144, 4.903414
5.238626, 4.924361
5.160653, 4.927821
5.108485, 4.931637
5.056449, 4.936945
5.009933, 4.937180
4.963992, 4.938911
4.650669, 4.879429
4.535116, 4.888371
4.426328, 4.880066
4.328361, 4.881186
4.203435, 4.890819
4.156184, 4.888458
39bfdbad-e1f7-48fa-9eed-e9f5baa3362a
7.151313, 4.470072
7.207032, 4.508437
7.267673, 4.540176
7.327106, 4.578039
7.417282, 4.607058
7.501599, 4.631696
7.587722, 4.676585
7.696864, 4.680538
7.773988, 4.689619
7.843401, 4.679611
8.086529, 4.733314
8.144068, 4.738196
8.236697, 4.743947
8.322381, 4.757576
8.380535, 4.765311
8.522146, 4.725222
8.643472, 4.728602
8.711514, 4.722270
8.802960, 4.707422
8.883266, 4.702786
9.007564, 4.701616
9.148742, 4.706616
9.224869, 4.709316
9.279713, 4.705273
9.363982, 4.690056
9.474142, 4.692798
9.547258, 4.697610
9.593756, 4.694670
9.675406, 4.683507
9.753468, 4.669814
9.804896, 4.666870
9.884153, 4.668654
9.948806, 4.673104
10.005820, 4.677029
a5b2ca6e-6990-4272-bdc1-bdb77779b6bd
7.381088, 4.539545
7.431181, 4.448511
7.486883, 4.402259
7.552016, 4.348176
7.592727, 4.314371
7.635751, 4.290261
9ef94c0a-913c-40d3-a86f-a87efec558b7
7.586130, 4.711876
7.588611, 4.755298
7.593570, 4.815855
7.599851, 4.884341
7f18dcc0-6273-4176-9dc1-bc51d1b4b79b
7.160336, 4.607598
7.185076, 4.627537
7.222486, 4.649732
7.263490, 4.664414
7.305337, 4.679398
7.389158, 4.664435
7.490860, 4.680694
7.574377, 4.691943
7.657574, 4.692685
7.741336, 4.699656
7.801274, 4.677484
7.846617, 4.682648
8.074540, 4.680730
8.134438, 4.681721
8.169558, 4.674818
8.281294, 4.654063
8.331624, 4.653271
8.404872, 4.655113
8.449307, 4.656230
8.608734, 4.581908
8.721836, 4.577282
8.805418, 4.569713
8.897320, 4.557167
8.990629, 4.548673
9.076477, 4.544681
9.191285, 4.539692
9.273097, 4.532003
9.393483, 4.523630
9.531220, 4.539872
9.606358, 4.539690
9.685544, 4.536506
9.795460, 4.527850
9.870048, 4.523478
9.934151, 4.525717
10.027720, 4.535300
10.093462, 4.543538
10.148498, 4.551942
10.201582, 4.563077
aeb31e4d-d9e1-43bd-b499-cee5115a5ddf
7.032705, 5.039322
7.088448, 5.120687
7.119161, 5.162870
7.142708, 5.202838
7.177088, 5.261192
7.211667, 5.325781
7.240695, 5.373660
7.265171, 5.415508
7.342453, 5.477711
7.379924, 5.509792
7.424847, 5.542341
7.472253, 5.571147
7.517724, 5.597025
7.543278, 5.613289
7.571005, 5.636261
7.608017, 5.668870
7.639797, 5.702856
7.680841, 5.740174
7.720544, 5.774249
7.756984, 5.807497
7.791932, 5.837359
7.866881, 5.884228
7.907886, 5.911633
7.948041, 5.940269
7.983134, 5.970807
8.027785, 6.003710
8.062399, 6.034792
8.110759, 6.068159
8.150484, 6.097387
8.189306, 6.127806
8.227187, 6.159388
8.268311, 6.191721
8.306139, 6.223366
8.347208, 6.255768
8.384983, 6.287477
8.425999, 6.319948
8.463720, 6.351719
8.504678, 6.384259
8.538140, 6.416576
8.576795, 6.451825
8.601269, 6.476167
8.722534, 6.583532
8.762671, 6.617066
8.795322, 6.650192
8.837325, 6.686404
8.855045, 6.707605
8.893942, 6.747135
8.927447, 6.783316
8.959844, 6.820493
8.991097, 6.858634
9.021181, 6.897705
9.054267, 6.938215
9.084287, 6.977334
9.113110, 7.017345
9.149064, 7.059568
9.175663, 7.097724
9.206791, 7.139754
9.230738, 7.179628
9.267155, 7.225726
9.292332, 7.264834
9.321893, 7.307982
9.352677, 7.350264
9.380480, 7.390990
9.411195, 7.433323
9.434751, 7.473428
9.466618, 7.518815
9.493720, 7.560011
9.523706, 7.602863
9.550741, 7.644104
9.576514, 7.686143
9.605119, 7.729931
9.630826, 7.772012
9.663473, 7.816841
9.683372, 7.851786
9.710546, 7.896477
9.734875, 7.939367
9.761973, 7.984102
9.786235, 8.027033
9.817340, 8.072944
9.843748, 8.114587
9.873014, 8.157935
9.891073, 8.187355
5739369e-111d-4f06-9878-357670c4620a
7.104312, 4.818218
7.184061, 4.884627
7.299541, 4.935733
7.356307, 4.958555
7.422521, 4.971855
7.518716, 4.993517
7.589482, 5.012521
7.635658, 5.018722
7.699861, 5.024324
7.765547, 5.018034
7.826823, 5.016678
7.884899, 5.019542
7.919270, 5.022735
7.980028, 5.007011
8.066427, 5.019402
8.133381, 5.036565
8.203546, 5.057643
8.245136, 5.060761
8.324326, 5.063696
8.406675, 5.060758
8.525247, 5.078289
8.567519, 5.086052
8.676685, 5.094554
8.747808, 5.104597
8.816464, 5.120344
8.858706, 5.123893
8.947551, 5.119342
9.065398, 5.147574
9.135893, 5.167541
9.181978, 5.174370
9.253684, 5.178947
9.332905, 5.181004
9.461328, 5.176834
9.511202, 5.183633
9.583335, 5.196487
9.654882, 5.212278
9.723091, 5.227332
9.777114, 5.240787
d8981cbc-b73d-4985-90a7-30a123014ab4
7.058112, 4.625500
6.967550, 4.636097
6.945470, 4.632651
6.927306, 4.646369
6.898719, 4.642697
6.849113, 4.629250
6.833379, 4.611738
6.808006, 4.574540
6.797824, 4.543675
6.778524, 4.513840
6.764728, 4.492512
6.749177, 4.411679
6.748315, 4.360791
6.762535, 4.337977
6.779176, 4.297131
6.792706, 4.255986
6.801084, 4.216134
6.810380, 4.164647
6.816992, 4.111177
6.824531, 4.074602
6.833813, 4.036982
6.865800, 3.971611
6.881127, 3.947096
6.911940, 3.911359
7.064282, 3.769493
7.085857, 3.769111
7.129602, 3.766839
7.167576, 3.769364
7.219857, 3.771340
7.273726, 3.770380
7.335920, 3.766278
7.393662, 3.763970
7.440870, 3.763580
7.472400, 3.767810
7.521064, 3.775849
7.554846, 3.782947
7.584145, 3.790631
7.691958, 3.806304
7.715783, 3.810936
7.745592, 3.817911
7.771520, 3.828240
7.803583, 3.839037
7.836184, 3.848078
7.865544, 3.857420
7.898293, 3.865914
7.927804, 3.874764
7.956963, 3.884717
7.985727, 3.895757
8.017924, 3.906149
8.036872, 3.916626
8.067324, 3.931366
8.098532, 3.944431
8.126486, 3.957387
8.157908, 3.969927
8.186075, 3.982415
8.221651, 3.992904
8.250855, 4.002721
8.287252, 4.009861
8.313728, 4.019285
8.353819, 4.025252
8.384102, 4.030929
8.414151, 4.037738
8.447504, 4.043414
8.481115, 4.047271
8.511571, 4.051931
8.545242, 4.055225
8.568094, 4.061632
8.604807, 4.066910
8.635118, 4.072437
8.665199, 4.079098
8.698580, 4.084609
8.728769, 4.090766
8.762239, 4.095717
8.784744, 4.103241
8.817366, 4.112211
8.850426, 4.119397
8.880266, 4.127067
8.909796, 4.135853
8.942699, 4.143726
8.972374, 4.152017
9.001528, 4.161363
9.024261, 4.169865
9.044199, 4.180519
b8aaa754-5781-42e3-a21c-c4e7ffbc3eb2
7.015710, 4.859788
6.932688, 4.881206
6.872571, 4.882170
6.788934, 4.873120
6.755720, 4.871031
6.730370, 4.869438
6.606011, 4.868131
6.568218, 4.863244
6.524559, 4.859107
6.491997, 4.853015
6.455628, 4.841643
6.411477, 4.830973
6.355678, 4.815949
6.306627, 4.802741
6.256369, 4.795409
6.192637, 4.790648
6.141978, 4.786864
5.857800, 4.798891
5.811959, 4.802328
5.778919, 4.806305
5.724573, 4.817365
5.678309, 4.822196
5.642520, 4.825933
5.546366, 4.815080
5.504299, 4.810331
5.465543, 4.802944
5.440593, 4.798188
5.421464, 4.807702
5.351402, 4.812326
5.291587, 4.819274
5.254530, 4.825084
4.721353, 4.995243
4.691107, 5.004896
4.663027, 5.020143
4.624623, 5.044402
4.592020, 5.059685
4.546742, 5.079257
4.500110, 5.099414
4.445704, 5.122931
4.391298, 5.146449
4.337672, 5.167998
4.290533, 5.186941
4.238029, 5.203200
4.186540, 5.223846
4.141883, 5.236914
4.090082, 5.256752
4.025969, 5.282907
3.962434, 5.310441
3.900283, 5.337377
3.850952, 5.360388
3.799619, 5.378129
35242b60-25e3-45cc-afc6-275370fd7b4c
6.828301, 5.304576
6.655299, 5.335027
6.629621, 5.339485
6.596604, 5.342179
6.543292, 5.340594
6.474925, 5.331076
6.402926, 5.318029
6.295842, 5.302926
6.217001, 5.294829
6.169500, 5.292960
5.959479, 5.258466
5.898246, 5.245307
5.781434, 5.244535
5.705615, 5.244032
5.637329, 5.236096
5.571652, 5.234852
5.501473, 5.238015
5.441578, 5.239217
5.396637, 5.253593
eb7acb40-4569-42db-8fc4-27410890a508
6.698129, 5.700554
6.635026, 5.702462
6.535306, 5.683560
6.493807, 5.683010
6.422185, 5.677568
6.351043, 5.667660
6.250844, 5.649432
6.192192, 5.637242
6.141729, 5.629211
5.958158, 5.528844
5.906333, 5.498801
5.871774, 5.498161
5.787579, 5.461179
5.713040, 5.448795
5.636145, 5.437538
5.576314, 5.424241
6f4fc695-a382-4de6-baf1-41c72706d526
6.565376, 6.349060
6.462000, 6.339193
6.361522, 6.335773
6.321338, 6.334395
6.292870, 6.336405
6.247929, 6.342569
6.206041, 6.348314
6.166713, 6.350686
6.125860, 6.351652
6.073614, 6.354383
6.025716, 6.353890
5.970081, 6.351821
5.935674, 6.349044
