main root
6.908282, 4.016875
6.722278, 4.271738
6.638022, 4.382754
6.559451, 4.492175
6.494845, 4.610958
6.463552, 4.659983
6.397510, 4.777030
6.340979, 4.885789
6.293919, 4.985502
6.256174, 5.070408
6.224724, 5.167186
6.188884, 5.229562
6.147632, 5.322588
6.104477, 5.414687
6.059699, 5.525167
6.013577, 5.616437
5.975537, 5.701041
5.928497, 5.800504
5.879248, 5.929042
5.821561, 6.032424
5.772597, 6.141825
5.706700, 6.258407
5.652536, 6.354233
5.591116, 6.445696
5.531480, 6.538298
5.468982, 6.639242
5.409991, 6.742536
5.356029, 6.820061
5.311005, 6.874264
5.262318, 6.932876
5.253285, 6.979012
5.207629, 7.081928
5.194402, 7.148268
5.187513, 7.269149
5.180769, 7.387492
5.180619, 7.528545
5.194847, 7.678640
5.193730, 7.773073
5.179980, 7.925105
5.185265, 8.053136
5.168388, 8.121301
5.170714, 8.267647
5.144467, 8.599595
5.142105, 8.705620
5.187985, 8.895895
5.219170, 8.973646
5.266446, 9.091518
5.295311, 9.169137
5.307982, 9.214954
5.325197, 9.351289
5.330579, 9.444420
5.338466, 9.597709
5.349843, 9.741725
5.359076, 9.884938
5.361477, 10.019464
5.365704, 10.138117
5.369321, 10.239653
5.374730, 10.332411
5.379289, 10.410594
5.379946, 10.473285
324b33bb-2197-44d7-a172-83e3998b6438
6.727110, 4.384712
6.741191, 4.405007
6.790733, 4.494015
6.898447, 4.547512
6.991730, 4.655001
7.135583, 4.815965
7.190131, 4.880106
7.242374, 4.947939
7.274662, 4.989863
7.297372, 5.038504
7ac9c052-3524-4fec-989f-d769e87f5e0b
6.824449, 4.273200
6.851629, 4.325697
6.876853, 4.377671
6.902721, 4.430974
6.933370, 4.490699
6.948566, 4.544990
6.957562, 4.582680
6.965262, 4.608495
7.020877, 4.768442
7.034086, 4.822015
7.043996, 4.855692
7.043733, 4.876006
7.038910, 4.896792
7.039726, 4.980891
b5a5f7e9-0c90-4813-98cc-5aa97b1a8a2a
5.312415, 6.900736
5.198991, 6.977157
5.085666, 7.034951
5.005314, 7.064355
4.928028, 7.097053
4.875395, 7.119321
84647faa-fa3d-4337-9ec0-05028d8419e8
5.247243, 7.597511
5.326613, 7.636748
49dbca1a-03cd-4169-8bad-b9e89a9f8e82
5.237147, 7.999670
5.296033, 8.022896
