main root
7.366021, 4.872989
7.392769, 5.133928
7.379052, 5.298258
7.379430, 5.423525
7.432779, 5.614168
7.462488, 5.767269
7.468149, 5.910988
7.479335, 6.296455
7.483553, 6.409382
7.467534, 6.490141
7.447936, 6.629380
7.425726, 6.758264
7.429020, 6.874407
7.454095, 7.021659
7.450431, 7.075792
7.450214, 7.123330
990a5c08-8ffa-44ed-b515-1dd7bcc2760e
7.441797, 5.240950
7.537527, 5.279046
7.618042, 5.296883
7.677789, 5.301695
7.770420, 5.302824
7.872224, 5.312527
7.964824, 5.315013
8.058679, 5.323581
8.110578, 5.336821
8.200233, 5.364034
8.275013, 5.385167
8.344078, 5.403130
8.398008, 5.421798
59c2f664-1866-434a-844c-eee4f9d30331
7.393182, 5.094120
7.502131, 5.137035
7.603022, 5.147342
7.758138, 5.195535
7.827158, 5.220113
7.896619, 5.238495
7.981257, 5.251604
8.049723, 5.268268
8.157531, 5.273981
8.233621, 5.278013
8.299731, 5.289011
8.399953, 5.305683
8.448708, 5.316829
2fc4a7fb-c98d-471d-a93a-3e6b902d5917
7.301080, 5.404431
7.213116, 5.438674
7.064453, 5.498747
6.888734, 5.562946
6.734552, 5.610945
6.584913, 5.684545
6.533630, 5.709768
6.487241, 5.724366
0423f125-1901-4b38-9112-5207e7875d74
7.350123, 5.547175
7.258161, 5.602991
7.214755, 5.656573
7.190388, 5.682454
7.161434, 5.713318
7.120884, 5.756544
7.099162, 5.779699
