main root
6.479679, 4.703272
6.509477, 4.921796
6.580329, 5.156433
6.627526, 5.324232
6.646244, 5.416948
6.648721, 5.482521
6.651080, 5.600879
6.663113, 5.678866
6.642180, 5.763464
6.636878, 5.998963
6.644023, 6.090589
6.651554, 6.167909
6.655669, 6.241036
6.662988, 6.333670
6.666712, 6.399815
6.670520, 6.467437
6.675757, 6.560428
6.679088, 6.619598
6.680841, 6.677358
6.682703, 6.738713
6.689125, 6.802307
6.688522, 6.855922
6.689145, 6.933626
6.693965, 7.017415
6.694207, 7.073762
6.695964, 7.134515
6.696351, 7.219633
6.700879, 7.303428
6.701840, 7.376685
6.699805, 7.449919
6.700773, 7.522817
6.707851, 7.604911
6.714395, 7.680824
6.730656, 7.764914
6.733543, 7.819254
6.732608, 7.921281
6.725600, 8.007160
6.722916, 8.091041
6.731247, 8.161470
6.755748, 8.278790
6.779980, 8.394823
6.794152, 8.504086
6.801993, 8.613892
6.809230, 8.715233
6.821298, 8.824827
6.839673, 8.933697
6.854507, 9.034304
6.873491, 9.134042
6.890906, 9.225537
6.910340, 9.316396
6.931592, 9.415750
6.949064, 9.507492
6.970136, 9.606830
6.987112, 9.707251
7.006707, 9.797918
7.026379, 9.888947
7.050065, 9.978634
7.069902, 10.070217
7.085605, 10.162584
7.099178, 10.254983
7.109494, 10.339470
7.113734, 10.425529
7.117899, 10.510096
7.124785, 10.589048
7.128164, 10.662242
7.128910, 10.770161
7.129276, 10.823076
7.135995, 10.923326
7.133890, 11.017726
7.131813, 11.110839
7.125519, 11.204324
7.121379, 11.297148
7.114735, 11.398634
7.110214, 11.500080
7.107807, 11.601601
7.107515, 11.703147
7.107224, 11.804742
7.106957, 11.897871
7.113001, 11.990308
7.116484, 12.075349
7.119948, 12.159943
7.121666, 12.253319
7.127356, 12.337051
7.133670, 12.429977
7.137902, 12.523272
7.141737, 12.607851
7.148048, 12.700563
7.151549, 12.783143
7.143138, 12.868077
7.106208, 12.938468
7.064816, 12.984861
6.879053, 13.105693
6.654602, 13.107234
31534792-0cc7-431c-a15c-0cdc66b1dc5d
6.441263, 4.874248
6.277471, 4.922668
6.198723, 4.958633
6.155339, 4.990073
6.069160, 5.044690
5.991773, 5.083912
5.907535, 5.124250
5.858545, 5.152307
5.797472, 5.190977
5.749043, 5.253844
5.617519, 5.366270
5.570150, 5.414240
5.484846, 5.544632
5.451064, 5.577060
5.389987, 5.635688
5.335186, 5.679995
5.275035, 5.736321
5.220108, 5.767252
5.183656, 5.780908
5.166296, 5.815065
5.095533, 5.881001
5.018251, 5.950121
4.979044, 5.981172
4.934125, 6.006170
37a172b7-e6c2-406e-be79-f41f82f03e29
6.466582, 4.831161
6.349326, 4.982066
6.318091, 5.017385
6.278571, 5.057555
6.237059, 5.106151
6.198233, 5.146994
6.157291, 5.185717
6.114291, 5.224327
6.076718, 5.254042
6.041362, 5.285819
6.014148, 5.318327
5.965982, 5.385190
5.931560, 5.425293
5.898311, 5.461733
5.864071, 5.499257
5.828307, 5.536232
5.792083, 5.570935
ed50e7ec-6334-4dba-ab4f-24794a997551
6.484057, 4.799266
6.632558, 4.960642
6.661235, 4.996225
6.691729, 5.034062
6.713306, 5.067994
6.740567, 5.110860
6.776502, 5.161787
6.811181, 5.205745
6.830847, 5.230671
5ff1148b-78c1-42b6-83db-acb5ba380af2
6.607677, 5.140565
6.697268, 5.329521
6.711367, 5.366243
6.725754, 5.403777
6.738684, 5.429205
6.760910, 5.466356
6.779113, 5.490994
6.795436, 5.513121
6.818856, 5.534822
6.854052, 5.563353
6.888931, 5.615396
6.904250, 5.638254
6.922544, 5.660174
6.953884, 5.693057
6.982942, 5.719206
6.997595, 5.736419
373e0f8c-c3d9-4403-8bf2-9fec832e531f
6.714063, 7.632876
6.677004, 7.655183
737d97cf-f6d2-47bf-b507-9568e62cc768
6.724169, 7.973790
6.678589, 7.989408
