main root
6.237357, 4.685088
6.165694, 4.977161
6.220590, 5.354587
6.214937, 5.512218
6.229766, 5.680709
6.238552, 5.851211
6.241963, 5.997749
6.261761, 6.126476
6.268370, 6.252320
6.282196, 6.397020
6.291354, 6.515054
6.292057, 6.633209
6.296814, 6.725845
6.308809, 6.835610
6.313562, 6.937533
6.322514, 7.038667
6.332800, 7.131011
6.344186, 7.214502
6.357625, 7.297694
6.373107, 7.380531
6.395902, 7.479466
6.426886, 7.576262
6.457210, 7.664094
6.477242, 7.722117
6.488312, 7.784399
6.504768, 8.075858
6.500689, 8.136415
6.491956, 8.199194
6.478796, 8.261197
6.463581, 8.325660
6.442458, 8.382561
6.416244, 8.440270
6.383030, 8.488048
6.362865, 8.519671
6.337147, 8.562781
6.318711, 8.593683
6.329064, 8.845757
6.318585, 8.971381
6.308080, 9.097312
6.297522, 9.223879
6.288372, 9.333571
6.290973, 9.429647
6.293723, 9.531207
6.294147, 9.624597
6.298675, 9.708394
6.297813, 9.770387
6.313755, 10.029120
6.320229, 10.134189
6.329114, 10.243972
6.330208, 10.362124
6.320647, 10.472008
6.316632, 10.591155
6.304229, 10.708663
6.290576, 10.817847
6.282087, 10.936750
6.283312, 11.038385
6.295222, 11.148590
6.307957, 11.266434
6.305494, 11.360882
6.302625, 11.470906
6.308211, 11.581381
6.321486, 11.676302
6.347247, 11.784121
6.366780, 11.884078
6.375367, 11.994214
6.384685, 12.086663
6.403279, 12.167753
6.418349, 12.252027
6.427663, 12.304117
a70f7ea5-c8ea-476c-878a-d700390f403a
6.230606, 4.827140
6.288844, 4.950151
6.309866, 4.969470
6.332797, 4.986479
6.375174, 5.010458
6.402412, 5.029309
6.446980, 5.063795
6.491755, 5.100335
6.519876, 5.129078
6.555400, 5.165389
6.596849, 5.207756
6.640415, 5.250145
6.676826, 5.285574
6.717185, 5.326931
6.750546, 5.363261
6.783474, 5.399119
6.817964, 5.443020
6.966661, 5.600882
6.979845, 5.619245
6.992097, 5.644007
7.008864, 5.681271
7.027731, 5.726848
7.051071, 5.775404
7.080743, 5.830224
7.112019, 5.878573
7.147198, 5.927447
7.181906, 5.967980
7.230179, 6.019751
7.270598, 6.063101
7.311017, 6.106448
7.353550, 6.149870
7.386982, 6.186139
7.419300, 6.223407
7.450469, 6.261634
7.476252, 6.300361
7.508554, 6.343480
7.546184, 6.391214
7.577633, 6.431108
7.613014, 6.475989
7.645773, 6.517546
