main root
6.661776, 3.953907
6.654439, 4.102304
6.642560, 4.287145
6.648982, 4.394720
6.654305, 4.555535
6.661100, 4.693261
6.665882, 4.759806
6.675536, 4.831522
6.677840, 4.893515
6.675387, 4.948422
6.680734, 4.996408
6.686583, 5.062402
6.687694, 5.125792
6.696494, 5.200864
6.695901, 5.270629
6.700011, 5.315372
6.721905, 5.419744
6.734038, 5.484875
6.745086, 5.536010
6.757592, 5.586809
6.771545, 5.637230
6.794303, 5.691404
6.786920, 5.739337
6.782941, 5.794665
6.779581, 5.820511
6.740549, 5.861034
6.747189, 5.885092
6.722993, 5.982300
6.698402, 6.072392
6.671881, 6.153801
6.644439, 6.218710
6.615648, 6.279125
6.592628, 6.369222
6.579593, 6.432337
6.572685, 6.495380
6.565121, 6.622487
6.551762, 6.705334
6.537152, 6.777134
6.524294, 6.855337
6.507072, 6.947122
6.496068, 6.981406
6.488221, 7.041180
f19794c0-9b06-41fb-9de1-eb5bc2ccd94b
6.625166, 4.034367
6.546272, 4.034485
