main root
6.940448, 4.484395
6.986791, 4.745519
6.992073, 4.871382
6.997398, 4.998272
7.011160, 5.125884
7.020548, 5.252068
7.029970, 5.378719
7.023411, 5.460367
7.010284, 5.571318
6.994548, 5.646114
6.886188, 5.777334
6.849471, 5.936726
6.824933, 6.061953
6.794486, 6.184581
6.767500, 6.325750
6.743426, 6.445848
6.718279, 6.565725
6.709078, 6.671113
6.701767, 6.779056
6.702137, 6.836204
6.702507, 6.893353
35cccb9b-220c-4dbb-a861-6c8f32ddf3ad
7.042812, 4.843079
7.252109, 4.869027
7.290351, 4.875276
7.328818, 4.893213
7.363136, 4.914171
7.399014, 4.937835
7.437945, 4.973838
953bbc90-8ad1-4c37-8528-15cb5e337455
7.040993, 4.625147
7.109441, 4.644517
7.187770, 4.689916
7.220519, 4.710627
7.249482, 4.713217
7.299232, 4.729142
7.340547, 4.765253
7.404187, 4.825303
3f9a3384-d2cb-485b-b868-c39e2c47ef2d
7.107430, 4.843804
7.163366, 4.858402
7.206728, 4.872889
7.235753, 4.901708
7.281019, 4.977233
e0bc16f0-a82b-469b-b3db-6885eabd5812
7.036123, 5.114957
7.131313, 5.139359
7.142897, 5.157602
7.161415, 5.192369
7.166239, 5.214183
