main root
6.739657, 4.995011
6.593798, 5.421588
6.548030, 5.720318
6.520836, 5.871225
6.502864, 6.028738
6.500105, 6.180957
6.507442, 6.348323
6.510843, 6.510608
6.512260, 6.638638
6.517000, 6.784582
6.522788, 6.897680
6.529712, 7.032966
6.536203, 7.159807
6.555358, 7.287606
6.576297, 7.413156
6.579950, 7.540343
6.589805, 7.663517
6.590066, 7.797608
6.592780, 7.921692
6.589507, 8.057926
6.563518, 8.216875
6.556402, 8.377665
6.538199, 8.551541
6.516089, 8.686177
6.491796, 8.808200
6.465173, 8.898830
6.444652, 8.958070
6.424226, 9.016875
6.321279, 9.253395
6.286212, 9.349124
6.254788, 9.596466
6.247197, 9.706587
6.237522, 9.816159
6.229184, 9.934586
6.207330, 10.066713
6.186608, 10.192003
6.172804, 10.301393
6.161146, 10.393790
6.143138, 10.486101
6.129045, 10.569178
6.112768, 10.652726
6.096579, 10.735826
6.086833, 10.793677
b2ea39ac-887a-4213-9ded-8b59e2071477
6.642100, 5.143500
6.584748, 5.133110
6.546571, 5.123152
6.455862, 5.124779
6.365246, 5.074921
6.309653, 5.046280
6.272069, 5.026917
6.236331, 5.008494
6.209734, 4.998141
6.178327, 4.992331
6.136765, 4.984632
6.106232, 4.982010
6.064119, 4.978384
6.018766, 4.977474
5.976506, 4.976616
5.928129, 4.981623
5.897676, 4.978756
5.873540, 4.973477
5.855435, 4.978892
8886cc58-e0c4-4356-bf4c-e94eacb430df
6.802884, 5.137351
6.938754, 5.223636
6.978613, 5.245400
7.000909, 5.257572
7.044609, 5.302449
7.074137, 5.332769
7.099244, 5.358548
7.118772, 5.409828
7.137889, 5.423060
7.162564, 5.455217
7.194977, 5.494507
7.213497, 5.518838
7.229418, 5.546673
7.252165, 5.588855
7.281961, 5.634020
7.307344, 5.674671
7.331703, 5.715942
7.350925, 5.756754
7.378223, 5.803473
7.392781, 5.836692
7.410914, 5.881055
7.431837, 5.927494
7.450426, 5.971666
7.467906, 6.016290
7.484902, 6.054753
7.525229, 6.304172
7.549766, 6.338973
7.582296, 6.390307
7.612257, 6.443180
7.638719, 6.494145
8d105d56-0740-4d43-9720-5081a1a06a57
6.692900, 5.321300
6.763573, 5.351075
6.818122, 5.374057
6.849303, 5.392066
6.894702, 5.421743
6.936323, 5.454315
6.987563, 5.496315
7.035736, 5.539671
7.084015, 5.579097
7.145145, 5.627084
7.187125, 5.665746
7.232717, 5.711804
7.293395, 5.777744
7.451200, 6.005644
7.546514, 6.093891
7.587031, 6.120722
7.630530, 6.153120
7.679646, 6.182242
7.742927, 6.209323
7.782523, 6.238741
36d84c7b-cca6-44be-b858-93d1cc6c0cb5
6.669980, 5.413715
6.729357, 5.453183
6.794176, 5.498756
6.836757, 5.532353
6.877420, 5.568249
6.917628, 5.607737
6.957795, 5.649283
6.989053, 5.690227
7.027116, 5.737619
7.065320, 5.789966
7.100260, 5.837841
7.119381, 5.866581
7.193480, 6.032661
7.209723, 6.083759
7.229705, 6.104868
7.278266, 6.193405
7.306740, 6.251544
7.341095, 6.310341
927d42ed-70e8-46b6-8997-1de84d51f9eb
6.588771, 5.438990
6.490670, 5.560337
6.453421, 5.616184
6.416925, 5.673176
6.382475, 5.735299
6.357116, 5.771770
6.318907, 5.821476
6.286384, 5.861331
6.268773, 5.880544
6.148830, 5.948529
6.105719, 5.971132
6.069511, 5.991694
6.038821, 6.007289
6.025042, 6.033142
5.985128, 6.064350
5.938695, 6.098754
5.884276, 6.139076
5.836966, 6.172267
5.795743, 6.199359
5.752859, 6.229332
5.710113, 6.264689
5.658121, 6.305748
5.618005, 6.339337
5.578493, 6.378276
5.535176, 6.408863
85105ecf-f5a8-4ec5-9b19-daaff39464fb
6.625166, 5.651500
6.672651, 5.682172
6.742786, 5.722131
6.813032, 5.755284
6.945734, 5.757128
7.089103, 5.802627
7.191243, 5.843923
7.254098, 5.875792
7.334256, 5.904687
7.389690, 5.927433
0e5e2d10-71cf-4503-bead-f27b3304e49e
6.583776, 7.386967
6.645567, 7.392007
6.690218, 7.406199
6.752886, 7.424765
7c52baab-bc92-45eb-8736-509d3a9d5e84
6.504803, 6.733904
6.434639, 6.794981
6.416096, 6.832537
6.401541, 6.868861
6.386918, 6.881394
6.367957, 6.893702
eac1d190-4de8-421d-8f69-3080e38cfe97
6.564768, 5.985779
6.616153, 6.037550
6.680541, 6.135777
6.710296, 6.189361
6.729821, 6.224521
5e40f6ae-7197-495b-9284-79aca63a6d95
6.473728, 5.918089
6.407130, 5.948250
6.370503, 5.956325
6.358990, 5.976808
6.303911, 6.017927
6.250848, 6.050070
6.191608, 6.084204
6.141541, 6.114780
5ba8193d-6b8f-45cc-9bdc-66de611f66db
6.566512, 5.542482
6.368087, 5.527279
6.345888, 5.523384
6.291027, 5.513156
6.259144, 5.504167
6.222283, 5.492218
6.189682, 5.476931
6.143685, 5.455362
6.071554, 5.436798
5.990514, 5.424804
