main root
6.677602, 4.224400
6.790649, 4.495219
6.825429, 4.710366
6.876014, 4.903861
6.928047, 5.072730
6.965443, 5.194093
7.017553, 5.339467
7.060593, 5.477923
7.095780, 5.591121
7.129306, 5.713126
7.158770, 5.836186
7.180254, 5.944099
7.198720, 6.069101
7.224864, 6.203261
7.232892, 6.310639
7.229108, 6.400844
7.212697, 6.493357
7.182435, 6.615875
7.161848, 6.742996
7.138189, 6.876028
7.112479, 7.008680
7.090664, 7.143167
7.068301, 7.267919
7.040415, 7.399833
7.015593, 7.507023
6.992672, 7.606001
6.973764, 7.696971
6.958652, 7.779875
6.952527, 7.855214
6.945839, 7.919003
6.930766, 7.968302
6.853926, 8.164380
6.828372, 8.225470
6.811957, 8.284439
6.789155, 8.338430
6.806984, 8.381398
6.786588, 8.475159
6.775216, 8.567022
6.759600, 8.675939
6.747285, 8.776734
6.741237, 8.860443
6.730296, 8.953506
6.723652, 9.046030
6.714868, 9.139010
6.711114, 9.222841
6.698500, 9.316452
6.688178, 9.408803
6.680881, 9.492755
6.671447, 9.577349
6.662063, 9.661491
6.653858, 9.754045
6.644278, 9.838619
6.634748, 9.922750
6.624266, 10.015294
6.615690, 10.091012
6.612389, 10.173352
6.597853, 10.237047
6.583621, 10.312857
6.577076, 10.380176
6.572391, 10.459286
6.573509, 10.541683
6.566957, 10.610494
6.557327, 10.711646
6.554607, 10.771802
6.571475, 10.890197
6.549239, 11.317701
6.544402, 11.410701
6.537451, 11.503829
6.534121, 11.605301
6.531066, 11.698380
6.528010, 11.791457
6.531285, 11.884035
6.532765, 11.985721
6.532129, 12.087425
6.529524, 12.172501
6.526001, 12.238657
6.519569, 12.303144
6.512443, 12.395784
6.504494, 12.460101
6.491756, 12.514344
6.473222, 12.586728
6.447992, 12.668547
6.429539, 12.723308
6.414376, 12.787059
6.396224, 12.837508
6.394120, 12.878720
6.375618, 12.947565
6.360237, 13.004801
f37c9f97-6e0b-4417-ba3b-1671992ed522
6.697903, 4.477583
6.661551, 4.498267
6.646492, 4.546800
6.631977, 4.583470
6.616400, 4.622817
6.602503, 4.666051
6.589552, 4.706339
6.576599, 4.746626
6.568825, 4.770810
6.567500, 4.791632
6.550151, 4.846991
6.518949, 4.956664
6.472488, 5.092369
6.462993, 5.117212
6.451655, 5.135862
6.435390, 5.160811
6.418349, 5.185235
6.402773, 5.221613
6.387637, 5.233355
6.367835, 5.246805
6.369430, 5.264086
6.355313, 5.285517
6.331197, 5.316665
6.314350, 5.338409
6.299325, 5.362675
6.278036, 5.402743
6.256340, 5.434008
6.227756, 5.477823
6.199566, 5.518295
6.170528, 5.559985
6.135446, 5.593992
6.080630, 5.674254
6.004877, 5.747948
5.962542, 5.778692
5.927238, 5.800630
5.903739, 5.822281
5.873816, 5.857990
5.851450, 5.894005
5.746540, 6.044798
5.712406, 6.083378
5.645029, 6.134630
5.561473, 6.192872
5.480878, 6.241360
5.414057, 6.291241
5.353298, 6.334730
5.290296, 6.385345
5.222642, 6.439699
5.188219, 6.465434
20e691a0-01e3-4a8c-bae3-49d5bce44339
6.825577, 4.744391
6.646559, 4.758867
6.547902, 4.752211
6.497565, 4.749204
6.366211, 4.815121
6.345508, 4.820487
6.314875, 4.825334
6.274304, 4.830237
6.223868, 4.836333
6.183146, 4.839747
6.135255, 4.840758
6.095863, 4.838595
6.064195, 4.842851
6.022242, 4.848489
5.992403, 4.855518
5.951200, 4.865224
5.907770, 4.878529
5.865310, 4.894668
5.843303, 4.899831
5.695656, 4.979507
5.659110, 4.997527
5.621926, 5.014193
5.577077, 5.031014
5.538317, 5.043952
5.499109, 5.055463
5.452393, 5.066057
5.411108, 5.075419
5.370953, 5.082992
5.328161, 5.092584
5.277456, 5.105483
5.228221, 5.118010
5.168621, 5.136261
5.118022, 5.151756
5.090719, 5.161682
4.888979, 5.255739
4.852488, 5.269449
4.813303, 5.284172
4.757823, 5.305016
4.703218, 5.323934
4.656140, 5.338658
4.608637, 5.351948
4.562830, 5.360101
4.510394, 5.372474
4.451599, 5.387886
4.401393, 5.402594
4.352645, 5.416874
4.309988, 5.435609
4.254959, 5.461411
4.193631, 5.490168
4.139250, 5.517320
4.078532, 5.552654
4.036455, 5.577141
3.991301, 5.604846
22588f01-6095-4d4c-bb44-0b0de322dc2f
6.776688, 4.683559
6.682921, 4.820990
6.659089, 4.855903
6.644358, 4.882776
6.624030, 4.919840
6.613163, 4.952082
6.599654, 4.992135
6.584257, 5.028393
6.570117, 5.069323
6.556305, 5.109273
6.549160, 5.139075
6.543963, 5.173548
6.542680, 5.222156
6.540107, 5.262886
6.536042, 5.303495
6.530982, 5.354044
6.518856, 5.401139
6.500287, 5.537034
6.478517, 5.610878
6.463301, 5.656587
6.448403, 5.705526
6.430792, 5.747364
6.410572, 5.791092
6.387387, 5.830118
6.387785, 5.853233
6.324840, 5.972076
6.292262, 6.023993
6.268635, 6.061644
6.240027, 6.117536
6.165702, 6.204368
6.097978, 6.280236
6.052747, 6.328656
6.006724, 6.384504
5.942112, 6.462908
5.884227, 6.533149
5.803478, 6.661646
5.761053, 6.717906
5.714588, 6.774551
5.643179, 6.858269
5.584943, 6.913760
5.512562, 6.971108
5.453079, 7.016327
5.392702, 7.060345
5.310605, 7.120199
5.249432, 7.172207
5.190353, 7.234222
5.115931, 7.315410
5.070255, 7.367453
5.035487, 7.409336
5.018889, 7.441047
f472dfa8-41d4-4e48-b156-856c95bf51ec
7.221996, 6.472862
7.282483, 6.538009
7.321310, 6.583646
7.393710, 6.743283
7.404611, 6.774564
7.420102, 6.791949
7.443199, 6.832637
7.459818, 6.855852
7.462741, 6.878864
7.464461, 6.916167
7.479339, 6.942346
7.505586, 7.025526
7.524089, 7.089139
7.540215, 7.133859
7.556252, 7.169509
7.668976, 7.244167
7.707262, 7.299643
7.732555, 7.346834
7.760518, 7.399005
7.779490, 7.437570
2535dd09-0263-43db-b65a-174fc6aaa8bc
6.941532, 5.105268
6.905121, 5.325384
6.893738, 5.433086
6.887735, 5.475645
6.872703, 5.523729
6.865474, 5.551866
08906280-3ef0-4e65-ba0f-c5e3db8077bd
6.993145, 5.265428
6.855157, 5.389743
6.817573, 5.421574
6.796750, 5.437232
6.775563, 5.458769
6.739893, 5.484337
6.735146, 5.511686
6.697248, 5.547276
6.648060, 5.589363
6.586884, 5.644476
6.536232, 5.696152
6.508018, 5.718525
6.454948, 5.760606
6.259355, 5.940182
6.208263, 5.978962
6.129926, 6.027860
6.049605, 6.075516
5.971098, 6.112449
5.902146, 6.144887
5.833194, 6.177326
5.783699, 6.205260
5.758601, 6.222864
5.676925, 6.283296
5.629300, 6.318539
5.582303, 6.349599
5.531184, 6.390564
5.485417, 6.423410
5.437285, 6.457959
5.389843, 6.488335
5.339042, 6.524420
5.304216, 6.541820
5.249878, 6.572320
5.206021, 6.590076
5.146153, 6.624008
5.113377, 6.606547
5.093844, 6.630411
5.010817, 6.672323
4.935870, 6.710157
4.866521, 6.748519
4.771177, 6.803678
4.709817, 6.847822
4.666152, 6.864486
4.619802, 6.883776
4.578640, 6.909014
97a17b43-895d-4fc9-a5ee-42d57b03f560
7.118252, 5.661384
7.069063, 5.700819
7.049712, 5.712471
6.976391, 5.829625
6.888071, 5.913173
6.857443, 5.938025
6.824580, 5.964691
6.778778, 5.999929
6.729305, 6.043656
6.678293, 6.092737
6.635588, 6.133827
6.574111, 6.189873
63c69010-e830-422d-8b16-d2c6fcfc64de
7.175411, 6.905543
7.229290, 6.908171
7.262499, 6.902299
7.296719, 6.897769
7.345317, 6.895866
7.432833, 6.905123
7.556194, 6.918289
7.631986, 6.900479
7.683720, 6.894769
7.728055, 6.887546
7.770035, 6.891429
7.867857, 6.899273
188c155b-6158-4d36-8458-94483a7f29d5
7.251364, 6.245146
7.310878, 6.250787
7.339428, 6.250486
7.367788, 6.247192
7.413781, 6.237331
7.453104, 6.228899
7.475640, 6.227129
7.500323, 6.228191
7.562054, 6.235201
7.592880, 6.240382
7.623384, 6.247202
7.657054, 6.253376
7.690939, 6.258243
7.721598, 6.264335
7.737998, 6.260630
7.769602, 6.254959
7.801428, 6.250705
7.835983, 6.244512
7.856147, 6.246982
7.887671, 6.252413
7.922351, 6.256934
7.953833, 6.262610
7.984999, 6.269814
8.019368, 6.276288
8.053974, 6.281349
8.087131, 6.286197
8.114034, 6.288554
af049c41-fa79-41fd-827d-78509820c916
7.208476, 6.193938
7.068481, 6.299671
7.048220, 6.314925
7.043449, 6.336622
7.003836, 6.398260
6.973145, 6.454321
6.948578, 6.492960
6.925733, 6.709833
8646ba03-08f9-442d-ab30-634fe286ea67
6.853004, 4.756752
6.759141, 4.817523
6.682132, 4.855122
6.534081, 4.902033
6.357372, 4.988853
6.298799, 5.019401
6.268164, 5.032002
6.237330, 5.039830
6.187006, 5.054149
6.125907, 5.074647
6.050834, 5.104569
6.006446, 5.120649
5.960478, 5.134118
328f723c-33f0-4a38-87b8-f600aa335547
7.114724, 5.761702
7.065274, 5.791648
6.999088, 5.835229
6.959281, 5.857856
b16c694b-88d2-4cc3-8caf-938cd8cbbd70
7.017922, 5.051927
7.169240, 5.198819
7.243856, 5.251533
7.295045, 5.287750
7.318844, 5.306779
7.341483, 5.327174
7.362885, 5.348863
7.386660, 5.366984
7.409404, 5.386569
7.425078, 5.386933
7.447299, 5.398793
7.484647, 5.418727
7.526046, 5.437430
7.545233, 5.449383
7.564731, 5.463292
c60de93d-13bd-4f31-ad3a-7e5a9fa27bbf
7.233884, 5.830352
7.279140, 5.849115
7.312316, 5.889396
7.326180, 5.913293
7.344316, 5.947535
7.366015, 6.004212
7.382550, 6.030347
7.396120, 6.051809
7.412689, 6.058244
7.445987, 6.088421
7.465210, 6.126692
7.474503, 6.173005
0bd38c34-bc4d-4968-8c41-554d1e256e17
7.167033, 6.125633
7.130373, 6.136167
7.055083, 6.160915
6.985555, 6.179042
6.875630, 6.229552
6.835976, 6.246126
6.793846, 6.251273
2232004e-edb8-4d19-b033-5e5e4438ef29
7.242346, 6.497832
7.328271, 6.507457
7.355322, 6.508839
7.370398, 6.516753
7.390857, 6.529191
7.407876, 6.530033
c8620482-97e2-4fcf-be66-c079b69e7f6a
7.099195, 7.101622
7.010349, 7.244042
6.961531, 7.293910
d0c95c98-e53f-4745-9b08-5447b6bcfb87
7.035818, 7.428619
7.117583, 7.450213
7.215594, 7.450767
8c865602-cf04-4b9c-9a58-b1fa3b27495e
6.878205, 7.924911
6.838101, 7.927727
6.776343, 7.935095
6.737165, 7.929218
6.696645, 7.920083
6.664745, 7.918997
6.578350, 7.929956
b79e9077-c4d8-41ec-bdd2-6e73c3d80548
6.962771, 7.721970
7.040859, 7.735055
e31f3641-1e71-4efc-b7ec-bfd52ce077b4
6.811178, 8.430668
6.767595, 8.401544
6.733907, 8.384262
6.717587, 8.370647
6.670975, 8.375078
c18e5849-b6b7-4446-b358-41f5c8e0cc51
6.781747, 8.819196
6.711134, 8.832660
6.525236, 8.855042
240e32cc-6549-438f-a089-5cd238f1e936
6.776669, 9.279435
6.841608, 9.296680
6.902373, 9.314364
6.992359, 9.339828
04b782a2-1142-4318-88e1-a13a7bde5cbc
6.709050, 9.324067
6.611067, 9.317458
6852a00f-cb0b-40c3-9a80-1dfb454ec263
6.625315, 9.907599
6.645149, 9.899778
6.698978, 9.879189
e87a1ba3-a7c4-4e46-8fe8-4cbf0b76e487
6.679378, 10.091876
6.729463, 10.098264
6.800850, 10.121900
b791631a-6b06-434f-a518-bd7984351914
6.608101, 10.560048
6.579604, 10.571217
dda29c45-5fe1-40bd-bf34-7f7f4cca1fba
6.642364, 10.606594
6.672174, 10.619408
