main root
6.741683, 5.058055
6.604411, 5.338626
6.583641, 5.439800
6.546111, 5.566096
6.513621, 5.749304
6.471129, 5.911195
6.435520, 6.071237
6.427481, 6.233270
6.413127, 6.431126
6.412133, 6.594513
6.417886, 6.753101
6.437453, 6.854524
6.460297, 7.005048
6.469381, 7.134679
6.478684, 7.259345
6.484066, 7.387815
6.494267, 7.532300
6.506004, 7.686043
6.516502, 7.823558
6.530094, 7.918215
6.543406, 7.981738
6.551654, 8.021099
6.601798, 8.249774
6.618112, 8.324187
6.620161, 8.389468
6.672828, 8.424462
6.714296, 8.536097
6.782581, 8.741709
6.845867, 8.868052
6.938543, 9.038931
7.007097, 9.185973
7.060388, 9.305235
7.110742, 9.412750
7.153085, 9.523061
7.194487, 9.642634
7.225680, 9.764806
7.257090, 9.879295
7.278053, 9.995582
7.296977, 10.112449
7.313218, 10.212745
7.322422, 10.322535
7.332279, 10.414927
7.338867, 10.516560
7.351143, 10.608384
7.349271, 10.706499
7.351542, 10.809361
7.347621, 10.919376
7.339769, 11.020919
7.341051, 11.113482
7.336041, 11.207401
7.334862, 11.308922
7.339895, 11.391176
7.330443, 11.432774
7.319099, 11.496215
7.313694, 11.543443
7.312944, 11.602646
7.320844, 11.687936
7.319731, 11.757050
7.318367, 11.841707
7.318613, 11.919421
7.314705, 12.021203
7.310238, 12.137528
7580ba68-9183-43c7-9135-ad539549d401
6.639753, 5.236781
6.573498, 5.256864
6.508718, 5.270369
6.379965, 5.324502
6.306429, 5.362151
6.235930, 5.405220
6.165122, 5.450906
6.093393, 5.487316
6.006854, 5.524165
5.927748, 5.555595
5.851385, 5.590398
5.767728, 5.630837
5.691506, 5.667682
5.620568, 5.708982
5.557115, 5.753123
5.492206, 5.805855
5.439417, 5.850670
5.377545, 5.911519
5.348925, 5.933370
5.276882, 5.988053
5.220919, 6.043684
5.142036, 6.096910
5.084677, 6.141031
5.031262, 6.180228
4.973763, 6.239130
4.926372, 6.281249
4.875369, 6.332585
4.827624, 6.378519
4.778688, 6.431827
4.732069, 6.462691
4.691897, 6.487491
4.676896, 6.517748
4.607235, 6.582272
4.547375, 6.640539
4.488456, 6.700785
4.423919, 6.757876
4.363888, 6.816519
4.309380, 6.869766
4.241125, 6.933503
4.191837, 6.973385
4.153326, 7.010323
4.104399, 7.059324
4.058045, 7.118457
4.016373, 7.154592
e2115d6a-b22b-41b1-a9d8-78ad53799804
6.593406, 5.681694
6.693037, 5.725215
6.724018, 5.722723
6.771203, 5.724205
6.801219, 5.720656
6.858217, 5.706381
6.918339, 5.705842
6.960967, 5.715671
7.006067, 5.737414
7.030671, 5.752599
7.051509, 5.770736
7.083439, 5.798526
7.115939, 5.830780
7.143868, 5.860607
7.172802, 5.891506
7.211197, 5.934700
7.234404, 5.958554
7.295394, 6.015676
7.326291, 6.044614
7.357189, 6.073552
7.404680, 6.113929
7.451944, 6.152150
7.489337, 6.184313
7.525742, 6.217601
7.561119, 6.251976
7.599668, 6.287348
7.637097, 6.321692
7.679313, 6.354333
7.737093, 6.395225
7.787558, 6.429107
7.834207, 6.455019
7.882686, 6.478522
7.938018, 6.503685
7.984257, 6.524712
8.040191, 6.548505
8.083012, 6.569973
8.138001, 6.595868
8.181967, 6.618226
8.223222, 6.642563
8.257633, 6.664601
8.291214, 6.687885
8.330877, 6.717208
8.379552, 6.759484
a6f52a8b-1fcc-4d9d-ad30-db96819e6ad7
6.578432, 5.604371
6.636940, 5.691515
6.748428, 5.803374
6.805189, 5.874900
6.827254, 5.907536
6.845027, 5.933835
6.863391, 5.955682
6.890587, 5.988047
6.926223, 6.021150
6.950856, 6.050161
6.987954, 6.089227
7.024536, 6.132095
7.052013, 6.164296
7.079491, 6.196496
7.108983, 6.233362
7.128275, 6.255084
6f612965-4f59-4fea-943f-458e5aa7f195
6.412099, 6.352919
6.491742, 6.385788
6.528917, 6.401131
6.554340, 6.411633
6.585623, 6.418089
6.604609, 6.414637
6.709367, 6.428328
6.737908, 6.429040
6.766367, 6.426756
6.797175, 6.418280
6.864024, 6.393900
6.942087, 6.391450
6.988518, 6.394485
7.040798, 6.396401
7.089870, 6.393707
7.143422, 6.387769
7.202323, 6.381238
7.258585, 6.378010
7.316349, 6.376196
7.357880, 6.377887
7.406083, 6.384343
7.453066, 6.393656
7.506732, 6.402767
7.552976, 6.415166
ef0cc1e7-d16b-4a5f-a5f8-885e12162656
6.372047, 6.728691
6.329075, 6.751624
6.295135, 6.762635
6.257288, 6.771573
6.216171, 6.781427
6.159646, 6.793434
6.109957, 6.803989
6.053134, 6.814530
6.014790, 6.820121
5.985859, 6.828877
5.944370, 6.846127
5.896187, 6.872644
5.851679, 6.897139
5.818386, 6.920587
5.764016, 6.962540
5.721310, 7.001165
75e72c27-ee57-46d4-9eb5-54b6e88139f0
6.653575, 5.312029
6.751316, 5.447714
6.790255, 5.633621
6.819525, 5.769123
6.830948, 5.848004
7d21c53e-21e8-4f97-be6e-37a62ae2ee01
6.674245, 5.461402
6.790771, 5.521993
6.844431, 5.557171
6.878961, 5.585277
637e3e07-6196-4ab9-ab47-d48cbf488f20
6.794412, 5.088466
6.859317, 5.131168
6.919665, 5.199630
7.045054, 5.273134
7.150729, 5.342709
7.241075, 5.394597
7.296347, 5.424615
3eca9961-b830-4d5e-ab96-b9a8748f4cc0
6.690463, 5.128955
6.513914, 5.191489
6.391464, 5.276256
6.288072, 5.377655
