main root
6.584326, 4.982329
6.386169, 5.257247
6.361064, 5.439762
6.310817, 5.573879
6.254429, 5.773087
6.170638, 6.018215
6.126428, 6.192708
6.092660, 6.349020
6.072113, 6.424215
6.055720, 6.481924
6.063193, 6.673062
6.059209, 6.724420
6.047809, 6.793964
6.040419, 6.876040
6.020098, 6.987245
6.014513, 7.034452
6.030360, 7.130669
6.031391, 7.173770
6.026526, 7.220828
6.018690, 7.296627
6.013522, 7.375712
6.012311, 7.440147
5.988149, 7.542030
5.995141, 7.653570
5.989261, 7.724227
5.979455, 7.848839
5.977475, 7.945617
5.942318, 8.031324
5.928399, 8.081815
5.918836, 8.116504
5.874718, 8.263772
5.842227, 8.304419
5.858779, 8.351016
5.832334, 8.523097
5.813448, 8.593924
5.801996, 8.636873
6fba8960-502d-4db1-85f2-e0f8822c262e
6.576788, 5.071960
6.705736, 5.067138
6.787196, 5.085496
6.850698, 5.109014
6.953133, 5.149207
7.042757, 5.168468
7.125487, 5.190490
7.215491, 5.214448
7.281159, 5.233479
7.334554, 5.253626
7.537914, 5.270726
7.623199, 5.261374
7.667849, 5.273484
7.904175, 5.378993
8.072190, 5.422110
8.095035, 5.429463
8.156260, 5.479337
8.292630, 5.539170
8.399339, 5.588295
8.475766, 5.625762
8.560162, 5.673967
8.713452, 5.710703
8.802725, 5.742912
8.911598, 5.788922
9.016863, 5.842568
9.116953, 5.888827
9.201498, 5.927903
9.286037, 5.966975
9.385011, 6.015048
9.476401, 6.059439
9.557348, 6.108110
9.622650, 6.147374
9.687951, 6.186637
9.733301, 6.213905
9.776598, 6.241684
5551916b-456c-4a2c-8c49-046d674edf6d
6.290595, 5.652722
6.176205, 5.686083
6.018420, 5.732485
5.962719, 5.735714
5.852841, 5.742081
5.766560, 5.749188
5.722148, 5.748342
5.695227, 5.749326
5.555325, 5.769404
5.493619, 5.791869
5.418783, 5.792878
5.372417, 5.789013
5.316944, 5.788894
5.285461, 5.784336
5.233489, 5.778323
5.174730, 5.779058
5.147855, 5.780891
4.896431, 5.737330
4.861958, 5.717684
4.839753, 5.728340
4.779729, 5.745937
4.723706, 5.710805
4.653828, 5.705066
36d82573-f694-422d-8591-cb4115918664
6.391767, 5.592979
6.423071, 5.654446
6.443240, 5.694053
6.514306, 5.756729
6.603010, 5.830283
6.673585, 5.886080
6.745439, 5.940218
6.825377, 6.003095
6.892874, 6.053548
6.939945, 6.090601
6.976443, 6.126952
7.058590, 6.160924
7.113359, 6.183576
7.170102, 6.217678
7.204092, 6.241599
7.248391, 6.276434
7.294981, 6.313073
7.349976, 6.348706
7.399715, 6.380935
7.445314, 6.414050
7.489090, 6.449541
7.539340, 6.486427
7.587119, 6.521500
7.615354, 6.545939
7.722339, 6.629469
7.769043, 6.665937
7.819948, 6.701890
7.868350, 6.736075
7.912579, 6.770981
7.959093, 6.807692
7.997197, 6.845395
8.035084, 6.887097
8.070700, 6.930754
8.091311, 6.974961
8.130288, 6.976203
8.222240, 7.086783
8.308799, 7.181028
8.387309, 7.269628
8.453161, 7.347132
8.515824, 7.427416
8.562709, 7.487484
8.603291, 7.546776
8.650928, 7.608885
8.675646, 7.659121
c83b5ea5-3e10-4699-b6d3-f40e173a7a78
6.471010, 5.382451
6.511653, 5.395411
6.598367, 5.423063
6.837266, 5.511846
7.133678, 5.724385
7.297396, 5.732522
7.440586, 5.763660
7.527673, 5.783778
7.595157, 5.854145
7.638503, 5.904710
c3222412-4fb2-4f24-bc19-31e39ad92405
6.552273, 5.183742
6.611882, 5.260828
6.665605, 5.323546
6.706735, 5.380766
6.741035, 5.418228
6.796722, 5.474616
6.858732, 5.528886
6.895402, 5.566946
6.931642, 5.611032
7.097204, 5.709658
7.180938, 5.765330
7.249849, 5.816126
7.321641, 5.876888
7.397891, 5.944191
7.476711, 6.015761
7.607620, 6.108373
7.680792, 6.165285
7.745875, 6.234538
7.832624, 6.308361
7.929335, 6.390662
8.015985, 6.458843
8.085835, 6.521835
8.127192, 6.563163
8.155639, 6.591590
8.251070, 6.661096
8.324167, 6.719539
8.410133, 6.788271
8.497459, 6.855382
8.587178, 6.932314
8.683168, 7.003509
8.772870, 7.067406
8.859108, 7.121044
8.944328, 7.176542
9.032737, 7.226542
9.120210, 7.278443
9.205563, 7.334006
9.283611, 7.384813
9.343330, 7.427260
9.403352, 7.471759
9.451803, 7.509259
20272697-61f4-4ccb-ae82-a852f1698cbc
6.319916, 5.252377
6.283543, 5.271307
6.173109, 5.296641
6.127907, 5.303940
6.017564, 5.322553
5.943735, 5.332906
5.792416, 5.319732
5.691619, 5.302465
5.575445, 5.314642
5.504336, 5.325539
5.434695, 5.333411
5.368768, 5.326333
5.287702, 5.325927
5.226770, 5.329830
5.134570, 5.339950
5.053532, 5.354868
4.990606, 5.351234
4.946231, 5.348669
4.886645, 5.357483
4.840150, 5.367385
4.760311, 5.399692
4.715387, 5.409797
4.669178, 5.423189
4.403395, 5.489384
4.325301, 5.515225
4.247215, 5.543240
4.154737, 5.585409
4.056242, 5.634972
3.953417, 5.674869
3.856179, 5.705793
3.761509, 5.742559
3.669321, 5.785168
3.578055, 5.829682
3.503243, 5.868478
3.441837, 5.903694
3.381422, 5.943519
3.330298, 5.957324
f91762dd-551b-4226-8ce6-7ea9f04c6766
6.668488, 5.085917
6.897275, 5.236450
6.962878, 5.286442
6.991912, 5.306685
7.017609, 5.326424
7.042366, 5.347328
7.066133, 5.369354
7.093085, 5.392293
7.116765, 5.414411
7.139398, 5.437599
7.165170, 5.461858
7.187713, 5.485134
7.209157, 5.509425
7.233683, 5.534945
7.255032, 5.559319
7.279457, 5.584933
7.303485, 5.607961
7.411706, 5.686824
7.586854, 5.842195
7.664547, 5.952176
7.695220, 5.999092
7.718358, 6.034481
7.750789, 6.084086
7.781148, 6.133257
7.803716, 6.175507
7.835690, 6.229012
8.011867, 6.311484
8.051829, 6.336804
8.079792, 6.330172
8.127272, 6.319130
8.170283, 6.343335
8.209182, 6.348863
8.241422, 6.356468
1cf55167-8bda-4a92-81f1-e76b33981638
6.079067, 6.646333
6.227921, 6.650800
6.275063, 6.639565
6.304143, 6.637340
6.315891, 6.627910
6.372454, 6.608716
6.400252, 6.592962
6.432121, 6.573179
6.482485, 6.559976
6.504918, 6.557190
79a906e7-5ac2-4cd5-aa43-b70d705e6989
6.440808, 5.369860
7.069690, 5.670661
7.276643, 5.706126
7.645379, 5.793356
7.682976, 5.805326
7.723317, 5.818170
7.783414, 5.832593
7.834617, 5.843341
7.876346, 5.853631
7.909472, 5.863341
