main root
6.936161, 3.952395
6.862732, 4.225221
6.755873, 4.362451
6.665914, 4.450920
6.622057, 4.516659
6.537795, 4.644357
6.475706, 4.749928
6.426177, 4.846626
6.387533, 4.940636
6.356192, 5.027944
6.324726, 5.115602
6.297379, 5.204237
6.267840, 5.292837
6.256833, 5.352085
6.248264, 5.444262
6.241761, 5.536957
6.233735, 5.621700
6.227858, 5.705759
6.224050, 5.789937
6.218133, 5.874849
6.208956, 5.976134
6.203419, 6.060225
6.190396, 6.161417
6.188033, 6.244774
6.183284, 6.338048
6.174795, 6.423235
6.159191, 6.489228
6.146804, 6.554626
6.139983, 6.664302
6.138054, 6.743526
6.136200, 6.819700
6.131424, 6.892810
6.120874, 6.962480
6.109779, 7.035726
6.105608, 7.103232
6.106515, 7.185629
6.110378, 7.264782
6.110957, 7.338046
6.111558, 7.414241
6.106126, 7.484496
6.103004, 7.563682
6.111495, 7.652256
6.108768, 7.717919
6.108684, 7.770642
1641f8e3-4cb0-41bf-ba3c-ee6951ca1a8b
6.913034, 4.279900
6.941460, 4.343838
6.965804, 4.377133
6.990336, 4.415780
7.042250, 4.457987
7.144339, 4.499429
7.207133, 4.529765
7.263362, 4.556651
ef0d26cc-f29b-42ae-9d0e-89bef8ee321c
6.976263, 4.138623
7.059158, 4.188172
7.150625, 4.214732
7.232527, 4.247275
7.303342, 4.275414
7.376101, 4.302714
7.459308, 4.340712
7.515029, 4.369448
7.563537, 4.399515
f5f1464a-71e5-44d7-a976-3cea86f3bfc4
6.980511, 4.138068
7.077699, 4.273661
7.108195, 4.304555
7.137976, 4.328129
7.166202, 4.348385
7.195353, 4.367288
7.210649, 4.382390
7.232264, 4.405633
7.261327, 4.430086
7.284720, 4.451539
7.319863, 4.473422
7.330010, 4.489414
7.371943, 4.532658
7.407950, 4.567640
7.426168, 4.585339
c20cd186-ab4e-4301-ad8e-a6bc73a0010a
6.553306, 4.629147
6.599948, 4.654098
6.627880, 4.686562
819f348a-7477-4ae5-8fb4-82cb94820912
6.922802, 4.068231
6.768757, 4.142158
6.698677, 4.193936
6.658458, 4.221707
6.617370, 4.248177
6.575455, 4.273317
6.533785, 4.292997
6.490373, 4.308458
6.465579, 4.318806
6.426085, 4.340078
6.381119, 4.365921
6.340950, 4.394107
6af28563-4525-4df5-9e97-ce6cd8e4911a
6.680198, 4.344305
6.615385, 4.313518
6.560220, 4.300410
6.517248, 4.310097
