main root
7.050445, 5.188899
6.948889, 5.359572
6.878891, 5.516741
6.857219, 5.651345
6.830517, 5.757590
6.791357, 5.913407
6.766395, 6.063172
6.753079, 6.202939
6.742761, 6.353740
6.727780, 6.512840
6.724134, 6.641142
6.726801, 6.769073
6.731383, 6.887710
6.744095, 7.019105
6.758440, 7.145588
6.775615, 7.297016
6.798159, 7.440618
6.814934, 7.574384
6.826503, 7.700379
6.840791, 7.809709
6.856972, 7.901050
6.881337, 7.990359
6.894044, 8.059677
6.914753, 8.139442
6.963098, 8.230361
6.979991, 8.262132
6.988840, 8.351937
7.008110, 8.418803
7.032916, 8.494071
7.039660, 8.552787
7.041723, 8.623224
7.049059, 8.669233
7.061058, 8.744483
7.066201, 8.814763
7.071764, 8.890760
7.077327, 8.966758
7.086095, 9.045524
7.094527, 9.121256
7.092584, 9.171445
7.093487, 9.255362
7.092613, 9.313148
7.094536, 9.383916
7.095069, 9.458632
7.092416, 9.506465
7.093369, 9.570377
7.092858, 9.636626
7.095420, 9.692557
7.103600, 9.772966
7.110455, 9.840359
7.113172, 9.896642
7.114462, 9.954412
7.112914, 10.019196
7.112959, 10.079978
7.113009, 10.147719
7.113053, 10.206986
7.111599, 10.264757
7.106978, 10.329401
7.105524, 10.391712
7.102680, 10.449428
7.100180, 10.500164
7.100106, 10.562493
7.097046, 10.618760
7.095240, 10.679520
7.094680, 10.748754
7.097102, 10.819501
7.102803, 10.898553
7.107066, 10.957668
7.111329, 11.016775
7.120010, 11.095541
7.125054, 11.168627
7.127539, 11.226365
7.129723, 11.277120
7.132270, 11.336327
7.136378, 11.396966
7.140955, 11.464541
7.144960, 11.523674
7.150560, 11.584199
7.155240, 11.634786
7.162328, 11.695151
7.171888, 11.763735
7.186307, 11.834653
7.201570, 11.902203
7.219610, 11.968466
7.240693, 12.028809
7.263035, 12.092755
7.280676, 12.147785
7.294302, 12.195192
7.308334, 12.244014
7.321002, 12.298924
7.334325, 12.356674
7.345853, 12.413303
7.353800, 12.459840
7.355387, 12.495814
7.357625, 12.546561
7.360237, 12.605770
7.359726, 12.662120
7.362156, 12.724404
7.367573, 12.786497
7.367678, 12.839348
7.366279, 12.888656
7.366291, 12.940979
7.367804, 13.010204
7.367385, 13.059531
7.362502, 13.105799
7.359832, 13.159610
7.353053, 13.205643
7.349073, 13.242941
d4a6d7d1-decc-434f-a064-dc7323756fb3
6.879836, 5.287406
6.801208, 5.290087
6.730231, 5.298163
6.671358, 5.304864
6.615121, 5.308255
6.550360, 5.318162
6.495551, 5.322003
6.430890, 5.332539
6.377354, 5.335199
6.315336, 5.341278
6.256369, 5.347058
6.212130, 5.351394
6.160449, 5.360490
6.114798, 5.368065
6.004988, 5.390509
5.926298, 5.400152
5.823444, 5.399969
5.731004, 5.406117
5.665532, 5.410470
5.597842, 5.429992
5.553122, 5.436659
5.500783, 5.444461
5.447200, 5.458579
bb6c3c1d-b3f1-4fbb-9f53-2bfdc484f8d1
7.008053, 8.278113
7.062537, 8.275866
7.112976, 8.278286
7.184031, 8.286767
7.260837, 8.285934
7.313396, 8.299166
25b01a2c-ae0f-48fd-b3e6-e2cd4d6e336b
7.082726, 8.604280
7.135858, 8.610873
d2046435-cfb9-4674-b871-144b43cac839
6.897667, 8.195433
6.852058, 8.220034
6.825370, 8.234824
6.787076, 8.254337
6.705591, 8.321122
6.673061, 8.345849
6.648356, 8.360867
6.612683, 8.380802
6.569608, 8.406587
6.524720, 8.431712
fcc4e96b-440a-42fe-828d-7ee0a644e6af
6.895590, 5.300102
6.810399, 5.303236
6.730955, 5.310534
6.663286, 5.304452
6.620882, 5.310150
6.540098, 5.325173
6.481832, 5.336009
6.442923, 5.337156
6.377875, 5.345064
6.321653, 5.348883
6.259743, 5.356090
6.200871, 5.362942
6.138058, 5.374775
6.070299, 5.389062
6.005177, 5.401262
5.956751, 5.405766
5.893362, 5.407151
5.824177, 5.410160
5.757936, 5.411542
5.682888, 5.420592
5.609001, 5.406779
699f9174-7856-4a4e-a1d7-dad445ae37b9
7.115731, 8.955637
7.145172, 8.964534
7.174612, 8.973431
