main root
7.544013, 4.751063
7.550362, 4.886220
7.552326, 5.044428
7.554352, 5.217452
7.565449, 5.336130
7.573119, 5.439074
7.555829, 5.593191
7.547946, 5.744881
7.545563, 5.893212
7.545293, 6.029828
7.536927, 6.184811
7.526248, 6.344768
7.515164, 6.479450
7.515579, 6.604130
7.515986, 6.726119
7.499698, 6.813747
7.466216, 6.945411
7.434143, 7.062986
7.411245, 7.183066
7.412696, 7.267919
7.422794, 7.413850
7.450125, 7.550924
7.459686, 7.684253
7.477853, 7.823002
7.443224, 7.932714
7.358769, 8.133676
7.325592, 8.364541
7.306039, 8.485797
7.292487, 8.622275
7.277875, 8.748179
7.260058, 8.865096
7.253136, 8.994140
7.240910, 9.103543
7.219071, 9.203732
7.193268, 9.302248
7.163349, 9.408127
7.141890, 9.507399
7.124594, 9.607439
7.107917, 9.716314
7.098210, 9.835430
7.093479, 9.945588
7.088755, 10.055560
7.079809, 10.165226
7.066651, 10.274468
7.051394, 10.383444
7.039412, 10.484282
7.027425, 10.585166
7.018553, 10.677660
7.008364, 10.762165
6.994264, 10.844466
6.985935, 10.915717
b04b3916-d9a4-4bef-a735-50eab51b7c64
7.547998, 4.839474
7.354284, 4.905030
7.323672, 4.912735
7.285976, 4.919745
7.234890, 4.919646
7.204905, 4.913601
7.177847, 4.930263
7.145072, 4.945174
471baf52-e12e-4cfc-8472-8a132f8741f1
7.562850, 4.965700
7.633669, 5.071670
7.670680, 5.104271
7.707633, 5.134884
7.747183, 5.171958
7.777206, 5.196445
7.806496, 5.213026
7.856026, 5.241441
7.885786, 5.251988
7.935677, 5.273189
7.980250, 5.298991
8.021326, 5.330060
8.056322, 5.356938
8.084406, 5.371367
8.139077, 5.396457
8.194807, 5.419097
8.239786, 5.444183
8.293569, 5.471124
8.344476, 5.496989
8.387692, 5.515954
8.420280, 5.527341
8.461462, 5.535733
8.513817, 5.549789
8.561547, 5.569138
8.610443, 5.592542
8.669792, 5.614674
8.719329, 5.636690
8.759601, 5.651668
8.800607, 5.660879
8.859825, 5.671446
8.919454, 5.679376
8.976012, 5.687227
9.029150, 5.697953
9.078005, 5.714254
9.111957, 5.729080
f52cb74e-39dc-4166-bf06-9d32609173d5
7.498478, 5.204478
7.457781, 5.222692
7.432029, 5.240590
7.407290, 5.260106
7.383887, 5.289885
7.348070, 5.322822
7.290439, 5.417101
7.252630, 5.464602
7.235254, 5.484028
7.218675, 5.509301
7.202550, 5.542066
7.191082, 5.568759
87c41872-c38f-4298-81c7-fd5e823093d1
7.610106, 5.511027
7.614903, 5.599375
7.617603, 5.621336
7.624233, 5.662789
7.629279, 5.694335
7.631940, 5.744182
7.637316, 5.791943
7.640237, 5.833925
