main root
6.722537, 4.982457
6.529918, 5.261283
6.508468, 5.444263
6.460913, 5.579359
6.408520, 5.779655
6.329649, 6.026408
6.288937, 6.201752
6.258302, 6.358708
6.239262, 6.434298
6.224027, 6.492323
6.235321, 6.683274
6.232365, 6.734701
6.222358, 6.804460
6.216610, 6.886667
6.198518, 6.998255
6.193878, 7.045565
6.211646, 7.141446
6.213538, 7.184517
6.209616, 7.231663
6.203297, 7.307604
6.199711, 7.386777
6.199789, 7.451223
6.177670, 7.553569
6.161905, 7.598175
6fba8960-502d-4db1-85f2-e0f8822c262e
6.716794, 5.072222
6.845619, 5.064820
6.927429, 5.081547
6.991390, 5.103790
7.094608, 5.141925
7.184599, 5.159390
7.267753, 5.179754
7.358218, 5.201908
7.424254, 5.219620
7.478041, 5.238697
7.681703, 5.251725
7.766783, 5.240670
7.811666, 5.251885
8.050055, 5.352646
5551916b-456c-4a2c-8c49-046d674edf6d
6.442272, 5.658590
6.328572, 5.694232
6.171746, 5.743781
6.116121, 5.748122
6.006392, 5.756686
5.920271, 5.765517
5.875850, 5.765559
5.848955, 5.767082
36d82573-f694-422d-8591-cb4115918664
6.542229, 5.596836
6.574756, 5.657664
6.595713, 5.696860
6.668018, 5.758102
6.758175, 5.829867
6.829852, 5.884243
6.902775, 5.936933
6.983954, 5.998198
7.052446, 6.047291
7.100249, 6.083395
7.137466, 6.119009
c83b5ea5-3e10-4699-b6d3-f40e173a7a78
6.617245, 5.384765
6.658139, 5.396910
6.745389, 5.422822
6.986016, 5.506810
c3222412-4fb2-4f24-bc19-31e39ad92405
6.694519, 5.184470
6.755657, 5.260350
6.810625, 5.321980
6.852890, 5.378367
6.887932, 5.415134
6.944736, 5.470397
7.007819, 5.523417
7.045242, 5.560735
7.082357, 5.604088
7.249858, 5.699383
7.334689, 5.753370
7.404602, 5.802778
7.477595, 5.862091
7.555175, 5.927856
7.635411, 5.997835
20272697-61f4-4ccb-ae82-a852f1698cbc
6.463581, 5.257739
6.427593, 5.277393
6.317689, 5.304930
6.272641, 5.313131
6.162693, 5.333947
6.089085, 5.345775
5.937533, 5.335630
5.836411, 5.320381
5.720504, 5.334879
5.649627, 5.347197
f91762dd-551b-4226-8ce6-7ea9f04c6766
6.808754, 5.084341
7.040505, 5.230269
7.107096, 5.278939
7.136528, 5.298596
7.162615, 5.317818
7.187786, 5.338223
7.211987, 5.359769
7.239394, 5.382165
7.263511, 5.403804
7.286603, 5.426535
7.312855, 5.450274
7.335859, 5.473095
7.357785, 5.496952
7.382815, 5.521976
7.404648, 5.545919
7.429581, 5.571039
7.454064, 5.593581
