main root
7.311797, 4.363996
7.201533, 4.736838
7.146678, 5.091153
7.153738, 5.308377
7.146796, 5.492409
7.135131, 5.656923
7.123486, 5.821168
7.107197, 5.963008
7.088573, 6.103977
7.069357, 6.249434
7.062830, 6.389056
7.061359, 6.551709
7.051477, 6.698680
7.038633, 6.827233
7.029790, 6.937017
7.023748, 7.038378
7.019819, 7.139851
7.015887, 7.241380
7.009516, 7.351225
6.988718, 7.476559
6.962143, 7.611267
6.927525, 7.732509
6.894504, 7.862052
6.879771, 7.962350
6.870794, 8.081530
6.869322, 8.185596
6.874682, 8.255294
6.890227, 8.319516
6.918206, 8.417115
6.943870, 8.506643
7.042590, 8.598452
7.099538, 8.783071
7.110851, 8.869992
7.126148, 8.987528
7.136143, 9.097117
7.150365, 9.206459
7.172985, 9.314736
7.203176, 9.438726
7.215432, 9.524833
7.214448, 9.608024
7.204563, 9.733841
7.191732, 9.843125
7.166325, 9.950637
7.145106, 10.058830
7.134252, 10.169148
7.130978, 10.288607
7.132190, 10.398858
7.135516, 10.508951
7.136472, 10.610649
7.135313, 10.712346
7.130192, 10.797805
7.124619, 10.890777
7.123401, 10.981410
7.123372, 11.183180
7.125472, 11.293165
7.125297, 11.394870
7.123008, 11.496551
7.122838, 11.598093
7.124783, 11.699619
7.126728, 11.801200
7.124602, 11.911222
7.120362, 12.021173
7.114330, 12.122689
7.114653, 12.224249
7.114975, 12.325853
7.115237, 12.408403
7.209203, 12.572105
7.288824, 12.614672
7.364691, 12.626491
8.323182, 12.713445
768aa919-7b0f-4cb8-8630-c8009db4a262
7.241369, 4.865920
7.325652, 4.888991
7.368930, 4.903942
7.400551, 4.908532
7.462594, 4.914515
7.534653, 4.909433
7.555785, 4.930206
7.628729, 4.987165
7.685305, 5.046329
7.734689, 5.102045
7.807035, 5.161101
7.849263, 5.216107
7.885766, 5.328420
7.893919, 5.379750
7.913216, 5.483545
7.920954, 5.525166
7.925201, 5.564390
7.933058, 5.609132
7.947313, 5.655690
7.959706, 5.696169
7.968361, 5.734662
7.977648, 5.775964
7.983220, 5.800745
7.986594, 5.872853
7.985443, 5.912290
7.984208, 5.954606
7.980129, 5.991726
7.972857, 6.030504
7.965054, 6.072112
7.957251, 6.113720
7.949448, 6.155329
7.947597, 6.197683
7.939182, 6.349259
7.934599, 6.377804
7.927889, 6.419603
7.919033, 6.455881
7.906796, 6.493390
7.895583, 6.537409
7.885134, 6.578432
7.870883, 6.610125
7.855024, 6.652691
7.840244, 6.692361
7.825464, 6.732031
7.810685, 6.771700
7.794145, 6.807520
7.777860, 6.849926
7.764405, 6.893313
7.751865, 6.933746
7.739325, 6.974179
7.728756, 7.018358
7.723338, 7.066746
7.715985, 7.105509
7.708096, 7.147101
7.702589, 7.192192
7.697714, 7.232112
7.684681, 7.253633
7.651279, 7.428095
7.638164, 7.472666
7.626873, 7.526909
7.613042, 7.571264
7.598913, 7.621569
7.584149, 7.668565
7.567955, 7.715087
7.550346, 7.761093
7.531339, 7.806537
7.519859, 7.845595
7.506557, 7.896126
7.492566, 7.943357
7.477137, 7.990138
7.464096, 8.043987
7.451043, 8.091487
7.434448, 8.134883
7.415455, 8.180335
7.398296, 8.233016
7.381615, 8.279366
7.363523, 8.325183
7.345723, 8.374310
7.331473, 8.418005
7.323186, 8.457865
7.311689, 8.505765
7.300945, 8.556899
7.291659, 8.608318
7.283840, 8.659981
7.274981, 8.708438
7.267051, 8.760083
7.260594, 8.811935
7.255615, 8.863949
7.249424, 8.912818
7.239148, 8.958130
7.228181, 8.999678
7.222756, 9.026053
7f50f33f-7c6b-4100-a44f-a71f05684cdd
7.315662, 4.667203
7.408393, 4.691561
7.482088, 4.710918
7.563094, 4.726007
7.644983, 4.735169
7.727678, 4.773877
7.768798, 4.806863
7.826987, 4.861518
7.861114, 4.904952
7.889283, 4.951017
7.924165, 5.031909
7.946793, 5.084387
7.993687, 5.144497
8.017031, 5.191936
8.082642, 5.307271
8.120734, 5.431236
8.151176, 5.509124
8.183775, 5.586829
8.220025, 5.662519
8.252940, 5.731245
8.281863, 5.798564
8.305926, 5.859900
8.317128, 5.892551
8.398298, 6.064250
8.407148, 6.103982
8.430857, 6.182400
8.456599, 6.256837
8.481444, 6.328355
8.502578, 6.397992
8.528400, 6.472403
8.531899, 6.519008
8.540652, 6.597063
8.560657, 6.681441
8.561379, 6.785281
8.559672, 6.842681
8.547032, 6.993730
8.532479, 7.059966
8.511562, 7.127255
8.488944, 7.200019
8.460416, 7.261541
8.441762, 7.373232
8.427795, 7.438683
8.415333, 7.482742
8.389451, 7.519258
8.360587, 7.554801
8.357931, 7.597112
8.299171, 7.725604
8.255715, 7.800687
8.212943, 7.882987
8.169994, 7.965626
8.129022, 8.049024
8.089641, 8.124479
8.048430, 8.198956
8.007440, 8.273038
7.972885, 8.347852
7.944327, 8.413251
7.912110, 8.462522
105728c5-030f-4e1f-958c-18c537d6d098
7.285644, 4.795711
7.335048, 4.836690
7.512582, 4.954701
7.525034, 4.965198
7.555753, 4.991121
7.575134, 5.007504
c17651ef-4399-49cc-a513-6491b35d0722
7.139740, 4.751730
7.054404, 4.689492
7.022808, 4.658636
6.958309, 4.604019
6.920035, 4.569648
6.845624, 4.533365
6.774737, 4.507124
6.681881, 4.474287
6.600999, 4.464011
6.570355, 4.463135
6.495120, 4.461723
6.455860, 4.457989
6.420992, 4.457678
6.372633, 4.463234
6.335854, 4.461432
6.271950, 4.462799
6.204231, 4.464247
6.146437, 4.463985
6.094129, 4.465245
6.040418, 4.469533
5.968044, 4.478315
5.932323, 4.482649
5.772787, 4.493845
5.747449, 4.495624
5.729209, 4.509061
5.704917, 4.519523
5.667602, 4.532331
5.641718, 4.544382
5.601892, 4.566224
5.543912, 4.595424
5.485328, 4.610984
5.435167, 4.625855
5.386460, 4.640295
5.326608, 4.662724
5.263411, 4.689604
5.220924, 4.710927
5.169846, 4.736563
5.086763, 4.825952
5.057793, 4.850527
5.025600, 4.877834
4.980401, 4.916175
4.936299, 4.959473
4.895479, 5.003744
4.844338, 5.072457
4.784190, 5.132969
4.752834, 5.158145
4.713452, 5.187847
4.672894, 5.218435
4.625867, 5.252027
4.571096, 5.289312
4.514706, 5.329510
4.459202, 5.370914
4.404304, 5.415600
4.358336, 5.453017
4.311727, 5.496747
4.279378, 5.525044
4.241143, 5.558492
b3235ca2-c813-4439-8831-00685475a4b4
7.163373, 4.887325
7.024260, 5.055962
6.952803, 5.148573
6.880637, 5.231711
6.825133, 5.295655
6.774438, 5.342641
6.718873, 5.385977
6.689460, 5.416510
6.652827, 5.458852
6.622232, 5.508911
6.539308, 5.598350
6.487246, 5.645671
6.444553, 5.692545
6.393898, 5.761493
6.347561, 5.814455
6.276640, 5.898727
6.232846, 5.948442
6.187940, 5.997156
6.163808, 6.029958
6.130897, 6.082270
6.115399, 6.115335
6.069002, 6.206519
6.031836, 6.266357
5.989718, 6.322813
5.966888, 6.363419
5.930696, 6.433886
5.896543, 6.503660
5.865438, 6.546779
5.809107, 6.621272
5.761863, 6.690627
5.718964, 6.753603
5.676854, 6.820738
5.625754, 6.906186
5.600144, 6.957759
5.574105, 7.014881
5.493429, 7.235983
5.466824, 7.289021
5.431493, 7.352777
5.392381, 7.410869
5.358081, 7.461695
5.332443, 7.510268
5.298272, 7.581277
5.266761, 7.653506
5.234861, 7.718974
5.177078, 7.827712
5.142890, 7.874012
5.083902, 7.946815
5.025273, 8.019177
4.971992, 8.094960
4.921353, 8.163381
4.876741, 8.234117
4.837515, 8.307974
4.795771, 8.382153
4.760842, 8.435067
4.737627, 8.478385
8c505bb9-e167-4302-af1e-6cbee257e748
7.205004, 4.714967
7.165933, 4.475184
7.116707, 4.408442
7.091581, 4.374373
7.074826, 4.341569
7.054126, 4.335473
7.014319, 4.275834
6.992004, 4.242387
6.949122, 4.200114
6.922579, 4.182343
6.869233, 4.150220
6.834792, 4.129471
6.802764, 4.118911
6.739202, 4.100563
6.711972, 4.067768
6.676613, 4.084665
6.613463, 4.099914
6.573850, 4.118012
6.501583, 4.157611
6.431792, 4.204387
6.378955, 4.235657
6.291575, 4.273142
6.222618, 4.316041
6.142251, 4.363559
6.066530, 4.403512
5.855302, 4.534465
5.704797, 4.677509
5.649851, 4.719407
5.591540, 4.748805
5.542965, 4.776632
5.504742, 4.808873
5.446516, 4.857979
5.389003, 4.898653
5.328240, 4.934291
5.229209, 4.982564
5.146629, 5.025157
5.071383, 5.063968
5.004949, 5.094865
4.967032, 5.115801
4.897980, 5.160767
4.860293, 5.187094
