main root
6.551899, 5.201226
6.532970, 5.480639
6.525081, 5.712955
6.500421, 5.881642
6.468924, 6.082471
6.448670, 6.240948
6.419047, 6.391834
6.393890, 6.540892
6.381094, 6.689353
6.376488, 6.891003
6.373424, 7.064093
6.370652, 7.220716
6.378176, 7.386464
6.392625, 7.521835
6.414436, 7.629658
6.429125, 7.702271
6.471370, 7.786760
6.515100, 7.985478
6.530556, 8.119848
6.530752, 8.224493
6.514160, 8.363761
6.492801, 8.466988
6.461228, 8.567801
6.412266, 8.690931
6.386456, 8.755837
6.360423, 8.805100
db49443c-61bd-4f87-8cc2-d7b19c946a58
6.571955, 5.259093
6.660355, 5.295886
6.682916, 5.319155
6.690085, 5.364986
6.825422, 5.520587
6.850944, 5.541433
6.883730, 5.568213
6.912531, 5.587874
6.955814, 5.610172
6.977991, 5.626649
7.020862, 5.656636
7.062489, 5.685752
7.094381, 5.722673
7.133126, 5.767527
7.171941, 5.807880
7.206085, 5.812679
7.298968, 5.866853
7.334145, 5.883904
e89e9a30-eafd-4172-9b02-7ab53027c674
6.608401, 5.492743
6.663505, 5.494040
6.706829, 5.496836
6.737209, 5.475912
6.790845, 5.429860
6.941225, 5.428909
6.980584, 5.431654
7.026010, 5.431820
7.068344, 5.431976
7.110677, 5.432133
7.153010, 5.432290
7.195343, 5.432447
7.231668, 5.438568
7.280313, 5.440694
7.336407, 5.446141
7.392127, 5.454559
7.452431, 5.462157
7.501161, 5.469805
7.547922, 5.480173
7.605784, 5.493002
7.640914, 5.500792
ab09ccb7-2e7f-470a-877e-a0d71c041768
6.538427, 5.653296
6.618472, 5.701082
6.646962, 5.734932
6.750690, 5.865428
6.813112, 5.886511
6.938193, 5.919722
6.979107, 5.930585
7.023682, 5.939324
7.061709, 5.949829
7.096989, 5.964232
7.136180, 5.980233
7.163599, 5.988194
7.233356, 6.004436
7.261213, 6.017070
7.319204, 6.038440
7.384617, 6.059354
7.428004, 6.079900
fa588bce-2912-4c0d-a082-df7a1c892ffa
6.556413, 5.837705
6.599761, 5.856111
6.667078, 5.873270
6.737019, 5.955103
6.835181, 6.028661
6.947148, 6.117744
7.041979, 6.201243
7.098836, 6.237249
7.207369, 6.286003
7.305016, 6.336826
7.394229, 6.385643
7.461685, 6.427283
7.504003, 6.460821
7.542606, 6.499354
7.578392, 6.546797
7.614621, 6.604766
7.647696, 6.666163
7.671551, 6.719190
7.689300, 6.773173
99eeb26e-e21e-44e4-b978-406f462fc5c0
6.521481, 5.675402
6.616038, 5.889498
6.700858, 6.165414
6.728970, 6.223314
6.756857, 6.277320
6.788082, 6.331267
6.817771, 6.382561
9ab03dee-7537-49cc-952e-febdc518f49c
6.482287, 5.947746
6.538783, 6.009017
6.553324, 6.214051
6.570958, 6.326098
6.542674, 6.493074
6.537048, 6.540390
6.553336, 6.728485
6.564924, 6.844093
6.565731, 6.882987
6.572586, 6.924824
6.592166, 7.032739
6.603742, 7.142404
6.606539, 7.204455
6.605308, 7.243827
6.607204, 7.278637
6.612645, 7.323671
6.617706, 7.365637
6.620737, 7.390846
f6733bb2-bec4-41cf-93a2-e696bf556d32
6.496832, 6.256650
6.532615, 6.286529
6.608454, 6.352608
6.658195, 6.381919
6.745721, 6.433498
6.799659, 6.472609
6.850158, 6.516910
6.894203, 6.561067
6.920990, 6.598520
6.965527, 6.657227
6.989255, 6.706069
64a5d8ca-0835-46a2-b62c-28cdd0e41d66
6.403809, 6.563803
6.491350, 6.574936
6.543563, 6.618658
6.583468, 6.643674
d3629013-ec42-4284-ac75-424bef7bdfd0
6.429985, 6.893967
6.453525, 6.903732
6.494576, 6.930487
6.543743, 6.964525
