main root
7.111989, 4.636029
7.128651, 4.959454
7.146659, 5.145354
7.156714, 5.300822
7.165766, 5.538801
7.150074, 5.703739
7.131397, 5.878027
7.101844, 6.026912
7.056564, 6.168433
6.998328, 6.325987
6.936365, 6.457796
6.848833, 6.609766
6.760295, 6.755172
6.675655, 6.910263
6.606800, 7.053538
6.527761, 7.213178
6.436254, 7.360608
6.356754, 7.492626
6.320491, 7.563937
6.298432, 7.625981
6.280705, 7.675840
6.267665, 7.733250
6.176341, 7.893156
6.133766, 8.027847
6.119504, 8.077929
6.104629, 8.124702
6.085072, 8.191134
6.066955, 8.257973
6.052611, 8.305170
6.039835, 8.357507
6.024679, 8.413277
6.011358, 8.462298
6.002359, 8.506825
5.990462, 8.543032
5.987818, 8.551075
5.943728, 8.708636
5.937128, 8.825791
1e80e1d9-8d12-4296-98c2-b09c6ca35aec
7.082305, 5.039784
6.982715, 5.055675
6.905163, 5.071120
6.818856, 5.103607
6.749622, 5.158494
6.701523, 5.186549
6.508051, 5.275119
6.413781, 5.334564
6.328426, 5.363382
6.232924, 5.397859
6.137358, 5.432358
6.054557, 5.468958
5.982732, 5.507509
5.866578, 5.585304
591d1009-1eec-40cd-a98b-4b1eb6c3244c
7.194614, 5.050226
7.235001, 5.073698
7.252871, 5.087545
7.292696, 5.128621
7.402561, 5.246728
7.462626, 5.287368
7.497688, 5.311089
7.519829, 5.329683
7.548029, 5.357274
7.586755, 5.386787
7.602762, 5.402749
7.636971, 5.432633
7.668851, 5.460483
7.700730, 5.488333
7.741056, 5.515614
7.776119, 5.539334
7.807024, 5.563855
7.844392, 5.589680
7.881642, 5.611783
7.899385, 5.625792
63dbcb42-d2ea-4e7b-b10f-7241ad88cf5e
7.081768, 5.295878
6.991052, 5.305047
6.948934, 5.309304
6.910260, 5.311709
6.884198, 5.311830
6.855664, 5.304479
6.826741, 5.295482
6.804041, 5.300318
6.746515, 5.290664
6.706508, 5.282433
6.660289, 5.269867
6.603101, 5.254320
6.563930, 5.237075
ab7b8a08-536b-4769-abd1-644ab7286faf
7.234459, 5.539313
7.279496, 5.537411
7.373334, 5.599060
7.438603, 5.659309
7.494309, 5.699443
7.551957, 5.744664
7.620316, 5.790680
7.688647, 5.827656
7.741079, 5.856575
