main root
6.295037, 4.879485
6.233244, 5.136279
6.208303, 5.292408
6.186782, 5.452950
6.195833, 5.569807
6.221307, 5.740660
6.226727, 5.898601
6.227893, 6.049117
6.221630, 6.209804
6.224464, 6.345149
6.240657, 6.460049
6.255198, 6.585241
6.259591, 6.659642
6.258782, 6.725740
6.313487, 6.827336
6.331697, 6.906000
6.359497, 6.977837
6.374200, 7.048827
6.390547, 7.138094
6.416071, 7.195267
6.433490, 7.266053
6.513558, 7.453804
6.536016, 7.504235
6.555315, 7.552789
6.576518, 7.603760
6.590863, 7.738659
6.615094, 7.818077
6.651701, 7.922999
6.681303, 7.982141
6.718456, 8.045230
6.737985, 8.222499
6.772793, 8.328901
6.794670, 8.518566
6.821803, 8.673618
6.833282, 8.751391
6.875727, 8.873487
6.889722, 9.058492
6.907779, 9.185438
6.905315, 9.256899
6.881757, 9.331774
6.831407, 9.435728
6.839768, 9.536279
6.840967, 9.626700
6.837644, 9.688980
b4376ecc-7b52-4eaf-a237-9651b4a48d97
6.364719, 4.951176
6.458493, 4.990193
6.560718, 5.045768
6.624226, 5.060778
6.671604, 5.071976
6.757384, 5.086807
6.811658, 5.091410
6.878338, 5.112205
6.927795, 5.125831
6.977681, 5.137794
7.024330, 5.150293
7.077964, 5.159788
7.132219, 5.164610
7.186688, 5.164721
7.228742, 5.172291
7.257306, 5.176136
7.287280, 5.175861
7.330461, 5.172471
7.454116, 5.155094
7.532278, 5.152176
7.571692, 5.153700
7.610875, 5.158212
7.654141, 5.160182
7.702673, 5.156399
7.742116, 5.156327
7.802875, 5.154721
7.872041, 5.151396
7.938278, 5.149710
7.988262, 5.151433
8.024224, 5.152672
8.195177, 5.186893
8.336782, 5.199779
8.382139, 5.200901
8.424405, 5.201947
8.476938, 5.207738
8.540962, 5.217808
8.621367, 5.225909
8.688755, 5.232698
8.749364, 5.237300
8.823326, 5.236912
8.898028, 5.238016
8.967273, 5.237543
9.035006, 5.237079
9.112684, 5.235052
9.151430, 5.235537
5641603b-0934-4799-a3cd-db77e8603926
6.370827, 4.998171
6.393146, 5.094345
6.405539, 5.169828
6.415838, 5.214061
6.419446, 5.242749
6.426897, 5.293682
6.453087, 5.368798
6.459646, 5.391092
6.475302, 5.433631
6.481711, 5.496925
7b13a157-e912-4296-bc34-9e2df71e4d3f
6.221152, 5.002363
6.170090, 4.992555
6.125457, 4.985076
6.083871, 4.978146
6.042278, 4.971253
6.020662, 4.964636
5.933722, 4.945945
5.895891, 4.934749
5.869505, 4.926940
5.837710, 4.923776
5.792309, 4.922265
5.746908, 4.923749
5.707491, 4.922043
5.671438, 4.914489
5.633547, 4.903491
5.594925, 4.892281
5.568499, 4.884610
5.536687, 4.881610
5.494540, 4.877636
5.455655, 4.870963
5.428534, 4.866308
5.400043, 4.864456
5.354618, 4.864502
5.318636, 4.864538
5.293237, 4.864564
5.220037, 4.876401
5.129408, 4.866544
5.091392, 4.859284
5.064497, 4.854031
5.036190, 4.851437
5.001443, 4.851144
4.956856, 4.853648
4.915344, 4.855864
4.873826, 4.857966
4.830774, 4.861645
4.791967, 4.861956
4.731217, 4.863940
4.664965, 4.864605
4.595754, 4.866797
4.528054, 4.868940
4.475163, 4.870615
4.420648, 4.872202
4.251556, 4.885492
4.189797, 4.893349
4.132375, 4.899145
4.072562, 4.909351
4.016225, 4.918965
3.978306, 4.928473
3.916467, 4.950154
3.859618, 4.971671
3.818437, 4.979256
3.749423, 4.995012
3.679639, 5.004803
3.620944, 5.013038
3.546761, 5.021934
3.478205, 5.031663
3.412417, 5.039488
3.340019, 5.034053
7f955db8-d8d5-4062-99e4-d4a03b1eea29
6.236108, 5.208430
6.405062, 5.468443
6.420331, 5.502306
4d554e6f-eb76-46bb-9f8d-9cc007d414ad
6.231777, 6.416576
6.321462, 6.404111
6.354215, 6.394529
6.454382, 6.415966
6.534708, 6.430125
6.615542, 6.452726
6.705919, 6.473627
6.764662, 6.491556
6.817770, 6.516561
6.867484, 6.541624
6.915912, 6.569412
7ffe74d1-0739-40b1-95b4-7e86768e8a1b
6.383222, 6.814213
6.474009, 6.807481
6.513310, 6.805860
6.558376, 6.800986
6.580993, 6.801530
6.620152, 6.805444
6.655604, 6.815005
6.694408, 6.825492
6.722574, 6.830024
6.761507, 6.833277
6.806783, 6.834079
6.848990, 6.834826
6.889222, 6.835517
6.913711, 6.838912
6.953571, 6.844415
6.975382, 6.850426
