main root
6.894027, 5.091732
6.837476, 5.267436
6.816221, 5.474322
6.793957, 5.639872
6.761825, 5.816053
6.723576, 5.990804
6.678122, 6.151073
6.643847, 6.291495
6.609129, 6.407074
6.593238, 6.519654
6.568410, 6.635173
6.549397, 6.743773
6.534566, 6.853023
6.517670, 6.961755
6.510478, 7.063140
6.496370, 7.172317
6.485458, 7.273266
6.478762, 7.374579
6.474734, 7.467418
6.472448, 7.568929
6.468043, 7.670536
6.469994, 7.772078
6.474059, 7.873542
6.476689, 7.991893
6.478946, 8.093464
6.481391, 8.203509
6.481720, 8.313541
6.488368, 8.414887
6.490806, 8.516697
6.491325, 8.626729
6.489689, 8.728416
6.485939, 8.830050
6.480077, 8.931579
6.473244, 9.049914
6.462680, 9.159444
6.456315, 9.269515
6.450939, 9.362497
6.443449, 9.455588
6.436660, 9.539981
6.427075, 9.632884
6.420492, 9.716895
6.418003, 9.806130
6.409565, 9.885514
6.390081, 9.970717
6.377554, 10.053406
6.366985, 10.137012
6.371210, 10.225851
6.367506, 10.352278
6.359851, 10.423773
6.366507, 10.486187
6.357794, 10.560225
6.348246, 10.615743
6.340643, 10.677611
6.330808, 10.733102
6.320465, 10.791461
6.307592, 10.838361
6.294147, 10.887345
6.276364, 10.940824
6.255765, 10.993284
6.232412, 11.044568
6.208589, 11.100496
6.178884, 11.154953
6.151098, 11.209017
6.118841, 11.265234
6.087684, 11.310510
6.058883, 11.352361
6.016069, 11.417217
5.978751, 11.473746
5.946521, 11.525285
5.911080, 11.584781
5.875900, 11.640914
5.840872, 11.702441
5.802615, 11.766616
5.769489, 11.830954
5.737190, 11.887144
5.707103, 11.936487
5.678347, 11.989395
5.649414, 12.055167
5.619495, 12.126896
5.594228, 12.191360
5.571207, 12.258300
5.549899, 12.334063
5.534666, 12.404809
5.521558, 12.472799
5.509922, 12.541059
5.498541, 12.607824
5.488581, 12.666252
5.478620, 12.724680
5.474823, 12.773678
5.472341, 12.844428
5.473150, 12.906750
5.473919, 12.966011
5.474689, 13.025266
5.475459, 13.084520
5.474712, 13.142298
5.472579, 13.191571
5.470382, 13.242315
925e925c-89ac-44d4-bb48-957491c76a83
6.929202, 5.158270
6.972300, 5.168900
7.013398, 5.179036
7.054496, 5.189173
7.087621, 5.198883
7.145441, 5.216926
7.210524, 5.249424
7.246197, 5.262023
7.268461, 5.271287
7.286269, 5.283373
7.315797, 5.301393
7.342046, 5.318961
7.371689, 5.336789
7.398051, 5.354187
7.423660, 5.372674
7.452653, 5.391541
7.467970, 5.406658
7.497970, 5.429710
7.526386, 5.449437
7.555722, 5.467769
7.581784, 5.485613
7.611237, 5.503754
7.637413, 5.521429
7.666982, 5.539380
7.688687, 5.554103
7.709903, 5.573710
7.740642, 5.595766
7.765512, 5.615238
7.797950, 5.634710
7.817913, 5.648236
7.837105, 5.662836
1124c499-1057-4242-9af5-90eb71e9cf7d
6.779371, 5.277860
6.718943, 5.253535
6.680775, 5.234505
6.652678, 5.220166
6.625976, 5.210067
6.594505, 5.204563
6.566023, 5.202618
6.537494, 5.203667
6.509233, 5.207699
6.464802, 5.217058
6.421083, 5.229324
6.380339, 5.240756
6.340631, 5.250341
6.292355, 5.260456
6.242636, 5.270873
6.201447, 5.276445
6.164158, 5.278468
6.107803, 5.278528
6.048537, 5.278593
5.989271, 5.278657
5.944570, 5.283196
5.896333, 5.292607
5.815673, 5.314682
5.767720, 5.326255
5.718339, 5.338172
5.667252, 5.345597
5.570440, 5.354456
5.475106, 5.376170
5.433945, 5.385545
5.395039, 5.391336
5.332638, 5.405164
5.273638, 5.419770
5.207887, 5.436049
5.151448, 5.448480
5.102974, 5.457624
5.034029, 5.473675
4.957574, 5.494548
4.880920, 5.520130
4.815723, 5.543466
4.760645, 5.558412
4.712669, 5.569879
4.661047, 5.585296
4.604257, 5.602257
4.547468, 5.619217
4.489672, 5.638040
4.423348, 5.662789
4.366354, 5.681283
60286298-3282-43ba-9188-62a1649b42a2
6.745752, 5.454309
6.681480, 5.501205
6.627269, 5.538462
6.584050, 5.561050
6.540960, 5.582381
6.481612, 5.608420
6.414915, 5.631145
6.356541, 5.644709
6.327348, 5.681014
6.233247, 5.726205
6.175353, 5.749407
6.123971, 5.766775
6.046006, 5.781660
6.010659, 5.788409
5.970665, 5.825268
5.899687, 5.862348
5.828424, 5.909727
5.767107, 5.911327
5.702465, 5.939333
5.631083, 5.973505
5.562446, 6.006344
5.493800, 6.039170
5.425148, 6.071980
5.355078, 6.108766
5.308232, 6.133342
5.262073, 6.163481
73246059-662c-48fa-a6c0-eb46ff406c51
6.895974, 5.501018
6.964662, 5.477795
7.019973, 5.488470
7.075062, 5.514026
7.117437, 5.530385
7.172724, 5.551727
7.222012, 5.567545
7.285974, 5.581786
7.340252, 5.596937
7.393646, 5.614949
7.453599, 5.632014
7.490803, 5.647273
7.539752, 5.665730
7.585353, 5.684525
7.624501, 5.705516
7.671298, 5.728910
7.714727, 5.752293
7.761479, 5.775766
7.810894, 5.797226
7.859350, 5.823165
7.906166, 5.846529
7.953628, 5.868544
7.995738, 5.891375
8.049869, 5.919022
8.095106, 5.942127
8.149903, 5.968434
8.197699, 5.989720
8.240152, 6.011904
8.294699, 6.038718
8.336284, 6.062495
8.385691, 6.092469
8.425012, 6.119825
8.477828, 6.152924
8.532172, 6.183447
8.579767, 6.213614
8.625693, 6.246266
8.673998, 6.280611
8.726477, 6.314250
8.774309, 6.346688
8.820505, 6.374401
8.869281, 6.405405
8.916288, 6.431740
8.967994, 6.460705
9.015622, 6.490818
9.065713, 6.522488
9.115810, 6.554162
9.165908, 6.585835
9.213940, 6.617974
9.256163, 6.646226
9.293105, 6.670945
9.332324, 6.700900
93ec6229-4893-4d6c-8835-f2c5035b9925
6.384401, 9.760191
6.337974, 9.743126
6.297256, 9.738928
6.254069, 9.742297
6.233138, 9.747648
6.209077, 9.761543
6.186706, 9.762843
6.159367, 9.774110
6.126084, 9.790743
6.089568, 9.805641
6.064411, 9.819136
6.035210, 9.838194
5.999770, 9.861322
5.963458, 9.888592
5.930213, 9.909813
5.893628, 9.936717
5.860492, 9.955512
5.815745, 9.982614
5.772297, 10.008928
5.723115, 10.033466
5.677657, 10.056147
5.624619, 10.082608
5.570911, 10.111076
5.511681, 10.140779
5.452477, 10.167119
5.407239, 10.188884
5.355558, 10.216679
ccc98f7b-855e-4f93-a638-299af40bf0c9
6.468605, 9.756095
6.522709, 9.769604
6.563727, 9.781453
6.609496, 9.800181
6.648728, 9.821451
6.683296, 9.838522
6.735749, 9.867868
6.772852, 9.884854
6.815915, 9.899557
6.855982, 9.913238
6.896050, 9.926918
6.952138, 9.946070
7.004426, 9.967087
7.059418, 9.989190
7.086965, 10.005101
7.128909, 10.031056
7.172102, 10.057787
7.218380, 10.089947
7.267050, 10.123769
7.315718, 10.157589
7.362302, 10.191784
7.405344, 10.221521
7.442973, 10.251158
7.485328, 10.288327
7.531988, 10.327283
7.563034, 10.359052
7.600654, 10.395407
7.637181, 10.430706
7.677350, 10.467443
7.695540, 10.486107
0c19dff3-5940-4cbc-8902-d30c6fabfc41
6.432111, 9.868645
6.485701, 9.905535
6.525740, 9.953095
6.549843, 9.977152
6.581056, 10.000134
6.614746, 10.027921
6.660234, 10.052412
6.688322, 10.064752
6.727903, 10.081798
6.784297, 10.104456
6.827604, 10.131536
6.872016, 10.150480
