main root
6.562655, 4.519828
6.612831, 4.859610
6.626441, 4.972256
6.645908, 5.098363
6.621887, 5.176690
6.594119, 5.301336
6.605106, 5.366134
6.641139, 5.490741
6.647078, 5.564182
6.653779, 5.689619
6.662776, 5.818708
6.673134, 5.936983
6.676024, 6.064037
6.682963, 6.183609
6.694544, 6.310689
6.705716, 6.454977
6.722189, 6.598574
6.731760, 6.718980
6.748167, 6.845894
6.763365, 6.963457
6.777477, 7.072623
6.789482, 7.181994
6.798473, 7.283294
6.803256, 7.385022
6.813095, 7.466833
6.815569, 7.529527
6.812930, 7.713098
6.817979, 7.778428
6.819330, 7.834762
6.823816, 7.896930
6.824882, 7.953270
6.822954, 8.009587
6.826704, 8.075004
6.833259, 8.136989
6.836199, 8.193262
6.842437, 8.255278
6.848369, 8.314244
6.851023, 8.370531
6.860076, 8.435427
6.861509, 8.489018
6.866166, 8.551174
6.865962, 8.588517
c7000e8e-d205-4887-bf5c-069ea968a7ab
6.569901, 4.646385
6.483938, 4.823259
6.437307, 4.876176
6.364683, 4.992271
6.341337, 5.023905
6.326882, 5.048500
6.305484, 5.084866
6.285130, 5.125319
6.267485, 5.167049
6.250231, 5.200168
6.222315, 5.238212
