main root
6.211969, 5.138076
6.317993, 5.327875
6.312222, 5.536495
6.286119, 5.694999
6.257459, 5.868432
6.221904, 6.075134
6.212753, 6.189850
6.230944, 6.314886
6.233766, 6.435114
6.207003, 6.596335
6.197019, 6.771377
6.183040, 6.831211
6.169265, 6.899288
6.163298, 6.936321
6.180681, 7.201525
6.169093, 7.308347
6.160319, 7.347588
6.146674, 7.415479
6.142147, 7.455285
6.156150, 7.494260
6.161716, 7.648557
6.136607, 7.708482
6.115355, 7.798099
6.109014, 7.889984
6.123314, 7.988057
6.124147, 8.055564
6.136882, 8.111900
6.146759, 8.162385
6.152945, 8.218327
6.226258, 8.317345
6.238434, 8.337320
6.244653, 8.357311
6.253099, 8.391527
6.263115, 8.428374
6.277662, 8.467080
6.283761, 8.497787
6.295593, 8.537408
6.307372, 8.573730
6.319998, 8.609765
6.325833, 8.641826
6.347471, 8.688860
6.360266, 8.721696
6.378835, 8.758642
6.396776, 8.792349
6.415501, 8.825626
6.438440, 8.858469
6.434026, 8.881699
db1ae85f-98c0-4484-9a77-457d4338c760
6.386401, 5.372786
6.437583, 5.411186
6.507339, 5.460264
6.549414, 5.484846
6.611483, 5.507243
6.715434, 5.552045
6.782046, 5.575448
6.838665, 5.599692
6.905333, 5.622937
6.965823, 5.645207
7.021612, 5.684441
7.071070, 5.722881
7.119782, 5.772742
7.248421, 5.900867
7.318218, 6.029814
7.358548, 6.098035
7.386696, 6.162279
7.420407, 6.249705
7.438026, 6.318786
7.447145, 6.371559
7.447304, 6.421895
7.444542, 6.495108
7.446066, 6.573795
7.442761, 6.634997
7.439502, 6.759347
7.431675, 6.829352
7.426553, 6.902074
7.421940, 6.967525
7.430806, 7.011977
7.439089, 7.132067
7.436933, 7.223763
7.435141, 7.299941
7.426044, 7.368462
7.419519, 7.433361
7.409937, 7.484820
a401cac9-ca56-466c-a2fa-588cc520a559
6.366249, 5.646786
6.416567, 5.680203
6.516372, 5.748510
6.566205, 5.784154
6.686336, 5.837789
6.751963, 5.870368
6.814357, 5.910791
6.889687, 5.967116
6.958397, 6.015901
7.026578, 6.066854
7.077842, 6.103297
7.108617, 6.117829
7.217015, 6.188645
7.266288, 6.233351
7.314246, 6.284951
7.370331, 6.340906
7.511270, 6.442843
7.585607, 6.524853
7.608831, 6.566159
be0fd381-a6d3-46ff-8e96-6c4550eca49b
6.313309, 5.329580
6.462988, 5.348727
6.548100, 5.344474
6.601211, 5.351281
6.648303, 5.363136
6.876182, 5.431008
6.913034, 5.445107
6.940623, 5.452457
6.979058, 5.459597
7.050375, 5.468407
7.085281, 5.477244
7.132710, 5.490795
7.167679, 5.503898
7.217394, 5.527322
7.265343, 5.548260
7.288620, 5.558424
7.309927, 5.569361
7.443543, 5.643235
7.471151, 5.660210
7.510308, 5.687799
7.558755, 5.721933
7.601349, 5.746450
7.651299, 5.771748
7.710206, 5.796548
7.753107, 5.817858
7.804177, 5.844896
7.849225, 5.867053
7.875712, 5.881747
6d2d1d48-a251-462f-a65e-a0d1a8ac2982
6.277755, 5.813418
6.189299, 5.829885
6.098541, 5.895559
6.002470, 5.932550
5.941235, 5.956126
5.904219, 5.976793
5.855130, 6.012773
5.809310, 6.036077
5.763872, 6.072759
5.744558, 6.084505
5.709389, 6.102388
5.667719, 6.133652
5.643517, 6.144325
5.600189, 6.173245
5.566633, 6.188443
5.523594, 6.217797
5.491943, 6.232137
5.450399, 6.257532
5.423309, 6.274091
5.402629, 6.283224
05091170-49bb-471a-b678-ea1512e3d215
6.250711, 6.508386
6.166185, 6.524376
