main root
6.680306, 4.663013
6.757157, 4.892792
6.806371, 5.082433
6.862230, 5.257475
6.901761, 5.426188
6.939563, 5.581595
6.965467, 5.691494
6.990391, 5.815539
7.009989, 5.923815
7.030152, 6.023337
7.042095, 6.124896
7.059166, 6.233825
7.069910, 6.343379
7.086118, 6.443645
7.108559, 6.542702
7.124870, 6.643421
7.139037, 6.744132
7.146939, 6.845863
7.154808, 6.947155
7.159941, 7.040405
7.165526, 7.141857
7.172733, 7.234493
7.172202, 7.336755
7.178031, 7.429210
7.180212, 7.531025
7.176219, 7.641038
7.157204, 7.757769
7.144313, 7.876277
7.129103, 7.976985
7.108498, 8.085073
7.087889, 8.193187
7.071415, 8.302205
7.048718, 8.409921
7.038636, 8.509064
7.030469, 8.610277
7.033041, 8.709898
7.033549, 8.811594
7.036045, 8.895827
7.036492, 8.980942
7.047600, 9.082089
7.064972, 9.182152
7.103645, 9.304544
7.123589, 9.409217
7.134683, 9.534748
7.154926, 9.674337
7.186510, 9.792191
7.231295, 9.935953
7.265431, 10.080124
7.281402, 10.206181
7.305088, 10.343434
7.312597, 10.461389
7.324767, 10.553218
7.335890, 10.637148
7.338734, 10.690627
7.340667, 10.753477
545833e9-5f5e-4c67-a637-803e036f6b4a
6.699015, 4.959801
6.635975, 5.007561
6.569197, 5.060134
6.509991, 5.118954
6.472555, 5.150626
6.423586, 5.182833
6.371358, 5.207695
6.356481, 5.235424
6.290366, 5.311321
6.245925, 5.360138
6.204603, 5.405528
e3c8d2b9-c8a0-4cad-98b6-c7e6114da349
6.870141, 4.913536
6.942018, 4.923235
7.008055, 4.908498
7.043902, 4.905099
7.091026, 4.903638
7.147368, 4.904886
7.201445, 4.909078
7.234708, 4.910155
2d6ed619-5f78-4560-8930-b8fab28f022a
6.771544, 4.917653
6.909888, 4.916170
6.986946, 4.939949
7.057593, 4.952347
7.094064, 4.954188
7.166423, 4.953347
7.214258, 4.955785
7.276593, 4.955964
7.329510, 4.956117
7.375886, 4.964931
