main root
5.953383, 4.614511
5.890182, 4.843636
5.854064, 4.985205
5.844418, 5.073972
5.830909, 5.216500
5.810328, 5.369580
5.794299, 5.504472
5.776162, 5.621335
5.755117, 5.729342
5.747337, 5.835138
5.733875, 5.960960
5.709577, 6.068723
5.700937, 6.164757
5.692593, 6.257519
5.673667, 6.350512
5.669854, 6.432533
5.663416, 6.525699
5.661923, 6.607493
5.668652, 6.699818
5.670988, 6.773050
5.676615, 6.883047
5.685039, 6.966541
5.702525, 7.050387
5.705382, 7.093407
5.707245, 7.166647
5.709182, 7.242819
5.713596, 7.298634
5.720988, 7.354134
5.737773, 7.434806
5.760375, 7.514047
5.772026, 7.582178
5.787080, 7.682754
5.792000, 7.745966
5.798043, 7.804320
5.813235, 7.878367
5.825081, 7.943553
5.838933, 8.011402
5.854248, 8.078933
5.867436, 8.143861
5.879156, 8.209071
5.898088, 8.280570
5.902820, 8.333526
5.913184, 8.425876
5.925702, 8.497147
5.921821, 8.552920
5.914566, 8.592471
5.922903, 8.658876
5.929668, 8.724782
5.941510, 8.796166
5.947431, 8.859292
5.953755, 8.926727
5.949312, 8.975524
5.943746, 9.036655
5.932069, 9.088186
5.900577, 9.296715
5.899275, 9.355459
5.890835, 9.398594
5.886989, 9.457231
5.885061, 9.509510
5.878867, 9.555619
5.873389, 9.607647
5.865185, 9.642708
5.854728, 9.693968
5.843408, 9.741974
5.830635, 9.789613
5.814308, 9.833178
5.799110, 9.886525
5.784162, 9.933529
5.775580, 9.995098
5.756858, 10.033294
5.734988, 10.144431
5.731082, 10.203051
5.723946, 10.242626
5.713728, 10.290872
5.702054, 10.338785
5.688934, 10.386323
5.674380, 10.433440
5.662358, 10.487583
5.645667, 10.528235
5.630458, 10.584983
5.618370, 10.635874
5.603303, 10.679881
5.589648, 10.733634
5.576063, 10.781040
5.563100, 10.831715
5.549437, 10.879099
5.534344, 10.926047
5.519770, 10.976283
5.502560, 11.019498
5.489628, 11.080291
5.477804, 11.114305
5.471537, 11.146015
5.386532, 11.362332
5.389055, 11.457072
5.371526, 11.567581
5.350158, 11.675282
5.321427, 11.798512
5.282985, 11.936020
5.242682, 12.064678
5.208563, 12.187646
5.181159, 12.294324
5.162207, 12.376436
5.146499, 12.444497
5.127085, 12.495335
0adc6b7a-175d-42d7-a90c-34f021b48b9a
5.970633, 4.730282
6.009639, 4.739207
6.053516, 4.752313
6.088281, 4.788860
6.129314, 4.790114
6.199191, 4.816908
6.246752, 4.839955
6.279324, 4.852411
6.390789, 4.882262
6.448072, 4.905824
6.499590, 4.946650
6.535202, 4.978692
6.585604, 5.017998
6.628138, 5.054966
6.668077, 5.089679
6.716464, 5.123800
6.743122, 5.138937
6.797301, 5.162814
6.861402, 5.182885
6.947934, 5.242291
6.990887, 5.275410
7.114234, 5.314461
7.173591, 5.342672
7.271085, 5.393695
7.363450, 5.453975
7.427047, 5.490527
7.472926, 5.516896
7.533871, 5.537825
7.617353, 5.556999
7.698795, 5.569562
7.732923, 5.609713
7.772984, 5.611636
7.875238, 5.660195
7.951210, 5.698568
8.017702, 5.727122
8.074104, 5.751343
8.122118, 5.773034
8.238789, 5.786887
8.277595, 5.802045
8.326851, 5.819678
8.368937, 5.839513
8.412898, 5.861885
8.458299, 5.883311
8.485176, 5.894341
8.528240, 5.907160
8.582513, 5.918630
8.630441, 5.930289
8.681607, 5.941196
8.733065, 5.950636
8.788258, 5.956195
8.837162, 5.962626
8.889207, 5.967960
8.934818, 5.977147
8.979329, 5.990693
9.033530, 6.002494
9.077824, 6.016735
9.125789, 6.027439
9.154988, 6.035490
9.186837, 6.038061
952a503d-3202-486b-8e14-406c08cda6eb
5.888806, 4.789950
5.780062, 4.917064
5.722647, 4.960567
5.620269, 5.032790
5.489685, 5.073862
5.410967, 5.102968
5.368844, 5.112160
5.319430, 5.119879
5.208754, 5.140994
5.156762, 5.160788
5.083812, 5.191764
5.026653, 5.201400
4.972752, 5.207452
4.915504, 5.226195
4.863497, 5.252672
4.795589, 5.287245
4.747278, 5.305122
4.698535, 5.321564
4.622550, 5.332069
4.547746, 5.342307
4.469317, 5.358976
4.400055, 5.367470
4.343503, 5.374108
4.314073, 5.410806
4.249416, 5.425577
4.191512, 5.430128
4.097065, 5.429111
4.004365, 5.432320
3.925324, 5.438052
3.847941, 5.445163
3.804902, 5.453284
3.762731, 5.447736
be53d5e7-f9af-42e4-8e8e-45612549c724
5.801291, 5.149113
5.770385, 5.166802
5.723344, 5.170705
5.623047, 5.197586
5.563900, 5.207241
5.496935, 5.219926
5.439617, 5.221643
5.395064, 5.227470
5.289936, 5.233412
5.216675, 5.234555
5.103740, 5.262659
4.998745, 5.254853
4.857349, 5.260046
5431c77a-3ce1-484e-b50c-f3b5ef0a3487
5.899130, 4.867578
5.959203, 4.865872
5.982556, 4.846215
6.017425, 4.819272
6.109600, 4.888256
6.125866, 4.904062
6.122517, 4.923241
6.125606, 4.954704
6.126640, 5.011717
6.137472, 5.067708
6.165484, 5.091138
6.195030, 5.141595
6.215261, 5.173182
6.221461, 5.191012
6.246430, 5.262816
c4a02876-ddb5-4de6-8df6-93cbf55c830f
5.882108, 5.287054
5.910436, 5.292437
5.991349, 5.278798
6.091203, 5.285091
6.160901, 5.295483
6.262383, 5.317031
6.345187, 5.336734
6.406192, 5.346635
6.450604, 5.362636
6.538644, 5.363615
6.638280, 5.397657
6.710390, 5.422294
6.787684, 5.436049
6.857500, 5.453033
6.917144, 5.467543
6.960179, 5.486946
ab26b7d7-e15d-4be6-898a-8685555c60fd
5.803988, 5.465545
5.750177, 5.464582
5.695277, 5.483544
5.563539, 5.469967
5.426389, 5.493815
5.328248, 5.505051
5.205098, 5.507671
5.149591, 5.502859
5.117857, 5.520738
5.035582, 5.533536
4.972144, 5.532761
4.887490, 5.531727
4.812816, 5.529318
4.764158, 5.527749
82c7be71-efa8-494c-8021-a0877c75e37e
5.890809, 8.582229
5.859480, 8.605218
5.857022, 8.615228
5.749492, 8.653830
5.728562, 8.656103
5.726378, 8.670680
5.702187, 8.686812
5.673080, 8.702624
5.623997, 8.720770
5.589361, 8.735171
5.540026, 8.760549
5.496785, 8.777744
5.486056, 8.806211
5.422916, 8.851113
51e983b4-5318-499b-b151-e32e2175eba7
5.842903, 8.000448
5.879287, 7.994615
5.938472, 8.009299
6.016014, 8.013342
6.084226, 8.024391
6.155985, 8.039051
6.227908, 8.037522
6.309926, 8.029792
6.358561, 8.029717
6.421435, 8.035829
1c489c46-cd5f-4f97-a14a-a4b3c46c749d
5.736123, 6.982882
5.799650, 6.999617
5.875070, 7.017936
5.947214, 7.037000
6.011921, 7.054667
6.093348, 7.061201
6.142028, 7.066533
6.187232, 7.075924
6.245491, 7.080309
6.284071, 7.084637
6.329251, 7.094149
6.380406, 7.103311
6.409317, 7.106892
14c3d54f-0100-4365-8baa-6fad0d95c555
5.752749, 6.413496
5.791143, 6.423670
5.850501, 6.433044
5.933656, 6.435679
5.987978, 6.445699
6.060832, 6.459137
6.099705, 6.463264
6.179238, 6.469167
6.261229, 6.479377
6.328494, 6.495294
6.440074, 6.501312
6.478159, 6.509361
6.517507, 6.517676
0577e309-12bd-4901-bed8-07e86dd97708
5.916089, 5.092435
5.978357, 5.137163
6.029381, 5.171209
6.101713, 5.204878
6.176197, 5.231371
6.308585, 5.278716
6.408499, 5.326695
3654b83b-2f86-4abb-b49f-63dc879758d9
5.894769, 4.779124
5.810112, 4.771983
5.765306, 4.749519
5.732906, 4.736624
5.642086, 4.720270
5.567116, 4.706774
5.515031, 4.697403
5.425197, 4.662080
5.356419, 4.644692
5.307403, 4.633844
8e405345-3f99-4ef6-bf23-c89f733d28e4
5.827784, 8.591596
5.770194, 8.585049
5.736109, 8.579659
5.709320, 8.576925
5.652279, 8.577125
5.600291, 8.559727
539fd5a9-e04a-4f6d-9cba-d77d28cdaf22
5.980647, 8.853735
6.038659, 8.853237
6.081406, 8.858856
6.143352, 8.863981
6.205646, 8.866130
6.266425, 8.866729
6.306940, 8.862637
6.355181, 8.853251
6.409491, 8.839636
6.440288, 8.831915
fdcbe935-60e5-4166-9b04-31366e312c52
5.956898, 8.978921
5.983313, 9.020388
5.994172, 9.045792
6.012174, 9.091718
6.028773, 9.138166
6.043956, 9.185100
6.061478, 9.234398
6.070199, 9.263406
85216214-e333-4367-b255-60fcace07fcf
5.754105, 6.062093
5.767573, 6.066791
5.827438, 6.086086
5.876018, 6.117690
65a66876-2c55-4644-b1cc-78853c1b9234
5.785112, 5.837561
5.830952, 5.825385
5.862908, 5.815042
5.878910, 5.816396
5.906193, 5.818829
5.926777, 5.811834
5.964763, 5.802125
5.995849, 5.784910
6.038276, 5.779077
6.059603, 5.780678
d7683a75-c0d0-475e-8dc5-f285e5c4a7cf
5.763960, 5.689886
5.699177, 5.702818
5.683935, 5.719242
5.643832, 5.777577
5.620160, 5.829591
