main root
6.907536, 4.787023
6.857322, 5.067562
6.813043, 5.193504
6.790994, 5.299820
6.778318, 5.425257
6.794118, 5.562082
6.826466, 5.757327
6.871365, 5.932557
6.915667, 6.073181
6.969394, 6.223255
7.024662, 6.335792
7.096415, 6.468178
7.165921, 6.580409
7.218390, 6.677185
7.261853, 6.761776
7.289737, 6.873697
7.306749, 6.959381
7.320765, 7.029970
7.381287, 7.351285
7.390720, 7.417541
7.394690, 7.487897
7.398983, 7.563978
7.409591, 7.645698
7.416046, 7.718682
7.416082, 7.787040
7.413128, 7.860251
7.404314, 7.930166
7.394783, 8.005770
7.385254, 8.081373
7.386108, 8.170355
7.386840, 8.246552
7.384550, 8.319787
7.382168, 8.395951
7.374057, 8.463828
7.365014, 8.539490
7.358587, 8.618480
7.360632, 8.704111
7.368576, 8.786130
7.372454, 8.826160
b2e8312d-7efc-40f0-9f68-0de559464285
6.773459, 4.878411
6.573983, 4.907220
6.481834, 4.920528
6.390725, 4.937937
6.315875, 4.952238
6.273994, 4.963288
