main root
7.302679, 6.038581
7.032520, 5.972916
6.856145, 5.922223
6.618445, 5.917570
6.531441, 5.955818
6.446865, 6.001765
6.385230, 6.049300
6.292253, 6.180263
6.205516, 6.250472
6.127353, 6.328058
6.076071, 6.406980
6.039336, 6.474908
6.009187, 6.552456
5.978507, 6.631371
5.960871, 6.711563
5.940867, 6.802526
5.929240, 6.883548
5.920342, 6.990250
5.916129, 7.091697
5.918598, 7.184300
5.922917, 7.268461
5.927257, 7.353019
5.938296, 7.445004
5.941153, 7.539418
5.938315, 7.643630
5.952229, 7.754558
5.951971, 7.854517
5.953804, 7.964640
5.957889, 8.083299
5.957349, 8.187127
5.956734, 8.305654
5.956162, 8.415719
5.959822, 8.525918
5.964037, 8.652848
5.968253, 8.779782
5.968253, 8.906319
5.966138, 9.016333
6.001186, 9.132439
6.001698, 9.243211
5.997859, 9.321663
5.990370, 9.431404
5.982300, 9.549660
5.981129, 9.660071
5.979871, 9.778605
5.986909, 9.906765
5.990829, 10.016726
5.997167, 10.135285
6.008110, 10.268527
6.026395, 10.388223
6.045716, 10.520506
6.057187, 10.656682
6.071164, 10.799164
6.075732, 11.014138
6.089052, 11.149095
6.102811, 11.267023
6.114433, 11.384838
6.133156, 11.516354
6.147456, 11.641144
6.151573, 11.769149
6.160617, 11.922339
6.153984, 12.088143
6.150993, 12.215405
6.150314, 12.334121
6.130959, 12.434533
6.109834, 12.558127
6.089428, 12.677512
6.070284, 12.807063
6.042502, 12.959975
ca6e85d9-70e0-4d7a-b56b-a3682f60ecb7
6.012149, 8.986443
6.085693, 8.983704
6.126727, 8.991226
6.182015, 9.004412
6.263979, 9.023013
6.320425, 9.041962
6.408709, 9.071598
6.477151, 9.097731
6.544467, 9.126638
6.630049, 9.163390
6.700060, 9.193454
6.742869, 9.210209
a5cc9d4b-083f-40ef-a6ed-42550205a60c
5.907009, 8.572364
5.847959, 8.595696
5.809989, 8.608533
5.774962, 8.621954
5.747638, 8.645807
5.690938, 8.676767
5.655025, 8.692957
5.631873, 8.703382
5.608983, 8.733831
5.569891, 8.763858
5.536595, 8.787546
5.502806, 8.807912
5.451536, 8.840562
5.394858, 8.874882
5.350389, 8.905308
5.302443, 8.941740
5.260153, 8.968395
73e4fe50-58b5-4094-8c93-514ff279d285
5.911450, 8.197523
5.884411, 8.209455
5.831050, 8.255686
5.815865, 8.279658
5.784613, 8.331790
5.750816, 8.393989
5.709730, 8.448566
5.683973, 8.480292
5.651734, 8.517628
5.622529, 8.549160
5.600792, 8.568224
5.580242, 8.584254
82f73613-42a3-448b-8302-f506e0b5bde7
6.007894, 7.654225
6.075003, 7.655828
6.141254, 7.673931
6.208211, 7.689720
6.264857, 7.713082
6.342607, 7.748952
6.416326, 7.774160
6.489957, 7.799867
6.554854, 7.821748
6.643319, 7.850120
6.708352, 7.877266
6.782591, 7.905010
6.868021, 7.960443
6.926159, 7.988277
6.990899, 8.022590
7.068497, 8.053553
7.141218, 8.080959
7.210597, 8.108705
7.309263, 8.156293
b586823f-267b-4561-91a0-0f8b025c3eab
5.888268, 7.662323
5.830446, 7.682689
5.746365, 7.700919
5.709056, 7.710807
5.674873, 7.713341
5.660679, 7.726201
5.599946, 7.759402
5.565253, 7.776661
5.502969, 7.797118
5.457574, 7.807301
5.406871, 7.820209
5.357530, 7.835859
5.321283, 7.850497
5.255244, 7.907889
5.221678, 7.932014
5.187473, 7.956597
5.153269, 7.981181
5.105145, 8.015767
5.068026, 8.047976
5.026700, 8.092071
4.991963, 8.129135
4.951434, 8.172379
4.910836, 8.213509
4.875121, 8.245431
4.830813, 8.287041
4.781373, 8.335522
4.733033, 8.380830
4.695897, 8.417686
4.667360, 8.443899
a2ba0351-0ce5-4bd1-bd78-cbb362917457
5.873002, 7.230306
5.803988, 7.247490
5.759706, 7.269630
5.690878, 7.305719
5.624649, 7.337065
5.526874, 7.388023
5.440740, 7.425799
5.361980, 7.458075
5.282459, 7.488422
5.232155, 7.509221
5.189232, 7.526671
5.108823, 7.554889
5.032769, 7.586037
4.952673, 7.632479
4.853403, 7.680254
4.755093, 7.729915
4.663384, 7.773871
4.587037, 7.810466
4.532888, 7.838081
4.494448, 7.864405
af352b54-4629-4584-bb59-d439b426f88f
5.873384, 6.910671
5.834892, 6.915358
5.796147, 6.922218
5.747061, 6.933141
5.705738, 6.942335
5.650161, 6.951635
5.602633, 6.964140
5.543188, 6.982876
5.468557, 7.009538
5.414558, 7.025650
5.354746, 7.048182
5.298410, 7.071003
5.234803, 7.098385
5.187359, 7.120439
5.136585, 7.143505
5.103587, 7.172671
5.085076, 7.181042
5.057089, 7.188649
5.045926, 7.203710
4.995777, 7.229954
4.970797, 7.249643
4.942060, 7.275947
4.911175, 7.308103
4.882337, 7.337948
4.834697, 7.384097
4.811959, 7.401955
4.779424, 7.421800
4.735559, 7.450308
4.693846, 7.473848
4.641093, 7.507055
4.590850, 7.545756
4.530485, 7.592255
4.487746, 7.630844
4.445544, 7.664915
f9be1097-ff03-4879-bd1f-e0c15e85d01f
6.057900, 6.337300
5.961265, 6.329251
5.910035, 6.324374
5.816837, 6.320035
5.724223, 6.321958
5.649222, 6.319367
5.555005, 6.301379
5.416932, 6.301484
5.322375, 6.288928
5.258999, 6.286553
5.199912, 6.290330
5.133468, 6.287906
5.060673, 6.291433
5.001456, 6.302607
4.913675, 6.332013
4.822690, 6.355837
4.738910, 6.373488
4.648446, 6.394695
4.566020, 6.414018
4.488482, 6.436807
4.413346, 6.462011
4.349009, 6.480434
f7044c33-a649-41c8-81df-8a1efd8899ef
6.307837, 6.152190
6.238981, 6.143997
6.177149, 6.135374
6.142944, 6.127034
6.073176, 6.107096
6.004244, 6.084440
5.953244, 6.058225
5.914412, 6.054979
5.884077, 6.042722
5.852026, 6.045802
5.783327, 6.053921
5.721386, 6.055213
5.658162, 6.052026
5.628196, 6.061891
5.551636, 6.062480
5.498943, 6.058395
449c8e76-251b-4351-a22b-50093d4972e0
6.334070, 6.071312
6.288859, 6.051564
6.254010, 6.033780
6.235417, 6.020926
6.214258, 6.020675
6.124885, 5.959871
f57d9494-f007-46e3-b2ee-2d1e4cda09ab
6.762418, 5.907725
6.653952, 5.850008
6.549479, 5.799303
6.416737, 5.757639
6.269397, 5.756101
6.220370, 5.751524
6.119308, 5.737639
6.033372, 5.725544
5.987664, 5.720624
5.955482, 5.703765
5.935105, 5.701558
5.862673, 5.690695
5.811127, 5.685988
5.778634, 5.698909
5.729619, 5.702336
5.589700, 5.704628
5.487777, 5.699951
5.386306, 5.693178
5.282817, 5.686270
99a89db6-e671-43e8-82a7-06c91ece76ab
6.786482, 5.907633
6.602762, 5.824904
6.492338, 5.779710
6.289387, 5.679957
6.176461, 5.640980
6.103486, 5.622199
6.072868, 5.609552
6.037664, 5.604729
6.010657, 5.592415
5.977475, 5.583501
5.913488, 5.559762
5.889546, 5.566542
5.837874, 5.563853
5.724716, 5.549799
5.641185, 5.545695
5.558092, 5.537460
5.512221, 5.534419
5ee18884-804c-48a4-b407-ccee8e2273f7
7.056967, 5.905500
7.069823, 5.869595
7.078285, 5.846449
7.091524, 5.805535
7.121015, 5.720938
7.133781, 5.688866
7.158410, 5.646933
46aae0b9-31a1-4ad4-a705-9ae308237c98
6.673507, 5.887422
6.599379, 5.809477
6.473053, 5.755512
6.296674, 5.755483
6.233420, 5.800954
6.198275, 5.812839
6.156309, 5.830190
6.118012, 5.844406
6.070389, 5.862082
6.016592, 5.878858
5.959030, 5.898376
5.892075, 5.925819
5.831035, 5.947603
5.785184, 5.963967
50de397b-bd63-41a5-9f53-47242a4361fa
6.141812, 10.812001
6.202202, 10.838803
6.275600, 10.868103
6.350196, 10.889825
6.401710, 10.911061
94a851db-1e01-443a-b1ed-2aeccefac357
5.942482, 9.801290
5.867651, 9.823672
5.844193, 9.838358
5.809299, 9.857146
5.771947, 9.877034
5.734595, 9.896919
5.697239, 9.916806
5.667329, 9.927642
5.619564, 9.944946
5.564934, 9.966329
5.528881, 9.985263
