main root
5.477933, 3.221567
5.551704, 3.630229
5.428500, 4.176651
5.123689, 5.009758
4.881682, 5.684553
4.840573, 5.941608
4.807292, 6.205506
4.735125, 6.793273
4.703583, 7.143601
4.659024, 7.427263
4.815644, 7.899361
82cc1f99-0e12-44be-9f5b-27886f0f3516
5.105721, 3.795684
5.193934, 4.025902
9e8dd061-75e5-40c7-a59f-4a322151adca
5.532891, 3.606111
4.974678, 3.856069
4.854087, 3.866515
4.702922, 3.929775
4.469673, 3.991675
6857435b-dcc1-494b-a5ab-ec02ad9886bb
5.521378, 3.569531
4.818944, 3.850922
8a82ff22-77bb-4b42-8eef-a213bdd7a826
5.068262, 3.759089
4.903961, 3.704206
be1e5b86-1cd3-4107-8030-4aac70b9bcac
5.166069, 3.745351
5.045857, 3.646708
c5b30be2-007e-4919-9718-5912f006af6a
5.499105, 3.372962
4.468693, 3.885797
51c67817-ed06-4228-90e0-0b434d7d58d1
5.511621, 3.840850
5.378339, 3.827568
5.294554, 3.761492
5.175955, 3.814233
30d3b9be-7a32-4968-88e1-d3bc22683580
5.539667, 3.480972
6.178109, 3.488259
6.422890, 3.430504
7.079902, 3.448328
164dc3dd-e92f-4b8a-9702-c9d4ba2f399b
5.547885, 3.635138
5.934162, 3.819938
6.327260, 3.950289
6.509880, 3.996410
6.746007, 4.035748
6.876092, 4.053854
7.050272, 4.066766
310e545e-8b1c-46be-9597-4c691d6245d8
6.169279, 3.879301
6.125890, 4.046705
573d2b95-1f2d-4406-bb8c-844a58702f9c
6.082293, 3.860348
6.088944, 4.058356
36e36c59-957f-42e7-8133-609a044fb55e
6.138416, 3.856936
6.219312, 3.690082
1d717cef-6918-4c14-b171-61257556b753
5.511409, 3.903470
5.893412, 4.087200
6.225924, 4.111352
6.844481, 4.344220
c564e63c-2296-4aab-9547-d05cf28aae36
5.774288, 4.043373
5.753466, 4.329957
5b4a575f-76a4-47e6-9cec-7d9b58a2d73c
5.773239, 4.048315
5.993281, 3.831482
6.093477, 3.792079
f674c764-4b40-4323-b5af-4fb2df800cb7
5.540824, 3.739387
6.016063, 3.837085
6.526651, 4.055465
6.730764, 4.129590
f798aacf-c24d-4f59-a5ec-c40eef3e8c11
5.947833, 3.822700
5.916003, 4.053853
e7f6340d-dfa7-46ed-9cdc-e4679c405057
5.561740, 3.490296
5.888529, 3.654031
6.316275, 3.947542
67a18d5a-f117-4ebc-ab19-1169828687ed
5.668733, 3.505211
6.083300, 3.743678
6.706828, 4.221148
6.742763, 4.262412
5912185a-8c13-45c6-9017-12299eb137b1
5.964951, 3.498848
6.094820, 3.734932
729cfb67-a4a2-4da1-97a9-8247c5561da0
5.435357, 4.212346
5.847889, 4.317100
6.185828, 4.428036
6.578950, 4.554882
987df3c2-0e8c-41fb-98ae-0d6bdcce4309
5.480045, 4.093897
5.742106, 4.407791
6ced6654-e076-4d35-80b8-8207bc91e500
5.479918, 4.088071
5.556928, 4.343810
402007e3-2ea2-48b4-9ab7-811264f59536
5.367848, 4.373914
5.856356, 4.664938
5.969970, 4.687050
6.188494, 4.794644
800fe15b-c876-4a23-bd0e-20c7c508773e
5.278966, 4.618567
5.829656, 4.901611
6.131278, 5.197122
6.194392, 5.406366
6.315788, 5.632379
6.348203, 5.761751
4633607b-4b4e-43a8-b5d3-092dfcab8458
5.234525, 4.719974
5.585586, 4.955472
6.113915, 5.300135
c342808f-6922-49a4-9182-a2daf7a45e13
5.126566, 5.016500
5.334943, 5.147687
5.675852, 5.300353
5.984790, 5.571246
98108766-adbf-4cee-8a45-566b0aa70208
5.091370, 5.091053
4.740138, 5.152312
4.544751, 5.217982
4.402841, 5.216713
b92a433f-a108-4595-a691-be5bbb9af0dc
5.043915, 5.280261
4.772706, 5.257392
4.535417, 5.265699
b17ad05e-c207-4d41-b8f7-e0862ac21287
5.008033, 5.439833
5.241999, 5.668446
5.662952, 6.041943
5.891953, 6.286568
5.972208, 6.472270
19858fcd-0e55-49f0-b8cd-35ee74046227
4.794682, 6.220047
4.989836, 6.220902
412176a7-138f-4b51-9acd-f766b87ace46
4.836702, 5.932481
4.657947, 5.782735
45a79c13-c584-4641-a872-f1c3e6e6a6e5
4.844152, 5.849272
4.985809, 5.875879
5.379000, 6.045856
4af3d059-2362-4afd-9bd0-b07c549775d9
4.904242, 5.692354
4.588087, 5.674626
4.493753, 5.652197
4.351006, 5.686014
4.197121, 5.688769
8a62f7de-6d90-40b4-9343-abf879eaf115
4.890225, 5.741688
5.218735, 5.699634
5.535705, 5.916005
2c606f05-7581-4581-96b1-5cb3b25cad3f
5.054387, 5.307337
5.622378, 5.732738
5.798061, 5.898014
