main root
6.169700, 5.104935
6.091609, 5.376690
6.071207, 5.676430
6.057893, 5.810596
6.041225, 5.936025
6.034724, 6.064641
6.022031, 6.202399
6.018258, 6.355467
6.020762, 6.487998
6.023122, 6.612859
6.041639, 6.705998
6.066145, 6.849459
6.085415, 6.974731
6.116104, 7.090970
6.133900, 7.199826
6.157245, 7.316466
6.171489, 7.409072
6.196621, 7.516788
6.223372, 7.640686
6.254266, 7.754399
6.276930, 7.870016
6.298883, 7.960137
6.318939, 8.051355
6.340756, 8.150584
6.360755, 8.241547
6.370735, 8.335919
6.389801, 8.435754
6.403229, 8.528491
6.422719, 8.619060
6.450339, 8.707418
6.466504, 8.801431
6.492450, 8.890273
6.512898, 8.990470
6.537561, 9.079761
6.550569, 9.174253
6.565321, 9.265998
6.578290, 9.353495
6.589591, 9.471654
6.597870, 9.580443
6.605580, 9.681746
6.610433, 9.760725
6.610678, 9.868243
6.615140, 9.969672
6.622093, 10.079589
6.622189, 10.181622
6.624400, 10.283145
6.624499, 10.384851
6.624599, 10.486452
6.616242, 10.596312
6.609998, 10.706281
6.606355, 10.807760
6.604825, 10.909296
6.601179, 11.010938
6.606004, 11.112463
6.608336, 11.205833
6.614575, 11.289528
6.619419, 11.382797
6.621760, 11.467879
6.622029, 11.553000
6.618151, 11.638530
6.622080, 11.703777
6.636442, 11.963637
6.643802, 12.042534
6.644365, 12.112990
6.647994, 12.192147
6.657742, 12.273966
6.663429, 12.347002
6.678998, 12.431220
6.692851, 12.506141
6.710191, 12.583459
6.726866, 12.657803
6.743543, 12.732146
6.763797, 12.808754
6.790593, 12.886672
6.811570, 12.956862
6.840839, 13.033885
6.883355, 13.112048
6.915702, 13.177777
6.946544, 13.240450
7.642277, 13.404938
7.993064, 13.387377
8.285760, 13.395406
8.699858, 13.406752
1031f205-63f4-49f8-8c1c-9bcbe4e7a21d
6.134256, 5.581246
6.161440, 5.654419
6.177063, 5.700897
6.191716, 5.739931
6.218462, 5.789885
6.241916, 5.845415
6.353122, 6.058618
6.385308, 6.096209
6.417028, 6.128652
6.446586, 6.158885
6.490132, 6.201283
6.534425, 6.248587
6.574932, 6.291847
6.596073, 6.320995
6.614319, 6.343602
b173563f-3c8e-4156-b51d-04c70bb40812
6.141842, 5.323572
6.218459, 5.404152
6.250735, 5.463820
6.270818, 5.500950
6.288873, 5.537476
6.306694, 5.573528
6.351416, 5.668542
6.365456, 5.705400
6.380520, 5.744948
6.401289, 5.795265
6.531814, 6.161509
bcb75d9d-af32-4ccb-96c4-25c99b5928ca
6.218942, 5.217242
6.258319, 5.298848
6.272639, 5.335462
6.287988, 5.374764
6.308806, 5.411669
6.342481, 5.471297
6.354059, 5.500927
6.368670, 5.546547
6.378354, 5.576784
6.411104, 5.644074
6.425549, 5.680640
6.438738, 5.705936
6.492750, 6.037718
c7e0e309-6cdb-4ab7-82ec-ff70e374742c
6.144719, 5.519031
6.205617, 5.540614
6.281264, 5.564248
6.334034, 5.598679
6.530647, 5.664244
6.540690, 5.668999
6.610543, 5.721838
6.657205, 5.721904
6.763111, 5.758529
6.857748, 5.789019
6.905969, 5.802983
6.942014, 5.825393
937ff3cf-ff1d-44c6-83ef-48ec1c693eb2
6.174941, 5.310982
6.225713, 5.280246
6.293390, 5.252407
6.341968, 5.236805
6.397799, 5.230350
6.555913, 5.200407
6.648519, 5.217726
6.733360, 5.216284
6.839056, 5.225651
7.044805, 5.251421
7.172004, 5.271525
5f0d6000-b970-4682-890d-284bd5d2f05f
6.200489, 5.176530
6.260400, 5.192441
6.329613, 5.212053
6.375948, 5.227598
6.544727, 5.192363
6.620652, 5.202383
6.668935, 5.208739
6.700853, 5.206886
6.759931, 5.203457
6.811356, 5.206469
6.875267, 5.205716
6.911046, 5.209784
6.964830, 5.212887
7.000754, 5.214959
7.021370, 5.220645
7.047696, 5.226355
930053cd-61c9-4d4d-bc49-0fded69be82b
6.084280, 5.884379
6.111820, 5.893349
6.305044, 5.903086
6.361627, 5.906673
6.412308, 5.915885
6.481474, 5.933021
6.561514, 5.954986
6.604379, 5.966750
23ce9ca4-6c6c-417d-ba72-583f5c6947ac
6.464747, 8.639265
6.411031, 8.699874
6.389718, 8.719409
6.360951, 8.710622
6.336554, 8.703258
b68366b8-45f0-4940-b493-c07a30ba3d9f
6.350710, 8.158402
6.310199, 8.188077
6.279871, 8.217761
553395c6-8014-4be1-9523-9b72b5c9b175
6.354817, 7.939535
6.381784, 7.938699
6.438127, 7.939945
6.469639, 7.934653
6.499600, 7.923551
94894e31-43a1-49cc-a7af-a1b497437ce5
6.210300, 7.150100
6.248808, 7.149856
6.318656, 7.149414
6.389166, 7.163544
6.434005, 7.178635
41272581-e40f-47b1-a714-044b98288746
6.143150, 6.915068
6.188239, 6.914411
6.244477, 6.916584
6.297413, 6.924622
6.371049, 6.937317
6.427498, 6.951258
6.460134, 6.957776
43b20b81-8e04-4742-bd3a-67425e392c14
6.116664, 6.720437
6.223574, 6.730459
6.284058, 6.740640
6.350532, 6.750310
6.410090, 6.766679
601c5cc3-ac01-40f3-8181-fb2ecb284870
6.100453, 6.343653
6.215528, 6.428520
6.257806, 6.469368
6.289889, 6.475839
6.401003, 6.539008
6.459889, 6.572484
6.503851, 6.599198
35bd3bfd-e494-4506-907a-12b58e697a4c
6.101238, 6.341493
6.184206, 6.322667
6.207655, 6.321951
6.250577, 6.319143
6.301270, 6.315826
6.356902, 6.313686
6.391421, 6.313857
45b610e2-253a-495d-b7a5-2b4a2d006348
6.087544, 5.938838
6.197976, 6.014545
6.242032, 6.054379
6.272640, 6.082054
6.295103, 6.106399
6.316030, 6.135702
6.343464, 6.176691
6.365489, 6.217670
6.384574, 6.246857
6.414592, 6.290508
6.426903, 6.311051
