main root
6.893896, 5.403911
6.949374, 5.778933
6.978787, 5.873462
6.948732, 6.022769
6.950200, 6.124860
6.947526, 6.233239
6.964316, 6.324972
6.986996, 6.459475
7.017054, 6.603478
7.044695, 6.755680
7.071521, 6.914844
7.117432, 7.074955
7.151208, 7.235603
7.181633, 7.399071
7.212054, 7.541404
7.250449, 7.685894
7.274754, 7.819903
7.294794, 7.956571
7.314605, 8.077165
7.330290, 8.211014
7.334438, 8.264233
7.340256, 8.312186
7.336719, 8.372271
7.342701, 8.579028
7.348238, 8.615124
7.314473, 8.741891
7.293068, 8.890449
7.290735, 8.955898
7.276759, 9.057047
7.253051, 9.191389
7.242383, 9.251839
7.238947, 9.312755
7.230178, 9.627651
7.218505, 9.711680
7.197201, 9.834488
7.188287, 9.935000
7.196952, 10.022881
7.212735, 10.175058
7.217959, 10.286673
7.217318, 10.361714
7.210912, 10.434091
7.238943, 10.643847
7.239511, 10.683842
7.241523, 10.737248
7.244786, 10.790593
7.246129, 10.841042
7.245732, 10.891506
7.246566, 10.944945
7.245614, 10.995403
7.242923, 11.045798
7.241326, 11.099219
7.243883, 11.155744
7.241299, 11.203352
7.242481, 11.259923
7.238489, 11.295499
7.233776, 11.348737
7.230313, 11.402068
7.225308, 11.452288
7.223939, 11.508852
7.221268, 11.547276
7.206575, 11.589699
7.237679, 11.793755
7.237075, 11.821178
7.237156, 11.874604
7.235495, 11.925026
7.237887, 11.981541
7.241400, 12.034852
7.249351, 12.090857
7.249060, 12.122464
7.249825, 12.175887
7.251848, 12.229278
7.248787, 12.273377
7.249123, 12.329944
7.247685, 12.380373
7.244512, 12.430722
7.242407, 12.484110
7.241560, 12.537531
7.236079, 12.584875
7.231185, 12.638077
7.227542, 12.691379
7.219590, 12.738371
7.214371, 12.794696
7.210694, 12.847995
7.201046, 12.875654
7.196885, 12.918674
cb3d8b80-5bbf-4997-af85-a9aa0d3c23f7
6.950653, 5.657232
7.078440, 5.693619
7.144058, 5.719745
7.188295, 5.734329
7.250263, 5.749098
7.287838, 5.761130
7.306991, 5.758565
7.328312, 5.760238
7.372081, 5.762173
7.424388, 5.762987
7.473662, 5.765252
7.519168, 5.770340
7.557482, 5.776130
7.582596, 5.779925
7.655225, 5.785162
7.695845, 5.789591
7.728316, 5.796144
7.781118, 5.811379
7.831779, 5.824437
7.870269, 5.831268
7.904304, 5.831227
7.962075, 5.832656
8.011325, 5.835370
8.058893, 5.840990
8.114429, 5.850565
8.169372, 5.863075
8.227163, 5.876234
8.260456, 5.885349
8.344287, 5.907855
8.390303, 5.915119
8.435532, 5.919226
8.477683, 5.923051
8.523088, 5.924162
8.565400, 5.925195
8.601577, 5.932068
8.636268, 5.935612
8.664816, 5.935522
8.713104, 5.929384
8.750409, 5.927659
8.800418, 5.928345
8.841829, 5.931906
8.880279, 5.936715
8.927021, 5.947079
9.029964, 5.938193
9.091145, 5.951428
9.149068, 5.963956
9.203433, 5.978778
9.256933, 5.996467
9.307531, 6.017925
9.354295, 6.037757
9.404974, 6.057624
9.444295, 6.068214
9.496806, 6.077707
9.549931, 6.082748
9.622251, 6.085099
9.686288, 6.088678
9.735967, 6.094453
9.770936, 6.103037
9.818456, 6.116244
9.867397, 6.129846
9.906538, 6.143830
9.934525, 6.155418
9.959947, 6.164326
acba1cfe-e5c9-4e02-aa8e-c942ffefb938
7.126814, 5.744721
7.135626, 5.791007
7.164645, 5.944274
da3a4e96-ca63-4b26-9f42-18828f50cba1
6.954896, 5.848954
7.062400, 5.870656
7.164311, 5.896120
7.205085, 5.905101
7.241591, 5.916401
7.269363, 5.922062
7.297559, 5.924947
7.328007, 5.925243
7.373805, 5.921198
7.412190, 5.920813
7.468494, 5.923242
7.526144, 5.927227
7.560444, 5.931098
7.590339, 5.935977
7.666493, 5.946542
7.711760, 5.949789
7.737029, 5.957605
7.777411, 5.970104
7.807430, 5.976271
7.854148, 5.981286
7.896188, 5.985798
7.949536, 5.987009
8.020313, 5.985620
8.053355, 5.987966
8.084452, 5.994675
8.132329, 6.006536
8.178015, 6.020939
8.238297, 6.036803
8.291737, 6.052415
8.324070, 6.060302
8.390566, 6.081699
8.434618, 6.092731
8.472039, 6.105187
8.526387, 6.124856
8.575998, 6.139627
8.620127, 6.148080
8.690148, 6.158446
8.750482, 6.165864
8.814371, 6.176734
8.871067, 6.187900
8.917075, 6.198486
8.942097, 6.205779
9.051044, 6.212499
9.113516, 6.232868
9.166086, 6.253156
9.223307, 6.273635
9.275200, 6.293798
9.302930, 6.309390
9.347214, 6.334288
9.396834, 6.363905
9.459098, 6.397582
9.511221, 6.425774
9.563850, 6.449136
9.622010, 6.470041
9.689575, 6.491145
9.748016, 6.507831
9.814996, 6.525398
9.876858, 6.544718
9.931552, 6.563367
9.965817, 6.578213
10.004636, 6.596663
10.049832, 6.620007
9156e83b-6c4e-4cd7-8294-2790462dcaa4
6.877665, 5.499961
6.794975, 5.567937
6.740615, 5.568159
6.711741, 5.569639
6.682120, 5.575654
6.595379, 5.594156
6.554036, 5.602965
6.508075, 5.618880
6.480846, 5.623555
6.433225, 5.628698
6.375628, 5.633412
6.326368, 5.635941
6.272077, 5.644724
6.220687, 5.654553
6.156831, 5.671338
6.120069, 5.677906
6.013894, 5.728435
5.993083, 5.733365
5.954116, 5.739522
5.901050, 5.753968
5.842812, 5.771372
5.794122, 5.782799
5.741829, 5.790460
5.691563, 5.797823
5.635448, 5.803017
5.580052, 5.811152
5.514266, 5.826863
5.439038, 5.846368
5.371326, 5.867017
5.333853, 5.876880
5.237732, 5.887833
5.190413, 5.899253
5.155899, 5.898345
5.133581, 5.894761
5.115740, 5.906407
5.067850, 5.912177
5.049621, 5.927935
4.995191, 5.949295
4.949417, 5.968432
4.902470, 5.992488
4.860597, 6.010579
4.822134, 6.022306
4.774539, 6.035253
4.710230, 6.051194
4.646672, 6.063865
4.589724, 6.073692
4.520542, 6.088669
4.442633, 6.110128
4.375241, 6.131796
4.316804, 6.150585
4.262022, 6.171932
e3bb7f94-b783-4d3e-90cc-88f2262ff5ef
6.865890, 5.802923
6.796678, 5.819043
6.737699, 5.836309
6.701302, 5.844741
6.676309, 5.855416
6.579927, 5.881936
6.548725, 5.889057
6.512738, 5.901964
6.489496, 5.905620
6.452710, 5.916037
6.419499, 5.927089
6.388719, 5.935843
6.355521, 5.946930
6.324751, 5.955718
6.293621, 5.963141
6.257759, 5.976396
6.229051, 5.982310
6.199914, 5.983642
6.185441, 5.993821
6.140907, 6.006700
6.033586, 6.068847
6.011955, 6.074456
5.977123, 6.083487
5.952535, 6.089863
5.923655, 6.103537
5.883184, 6.138223
5.864385, 6.148420
5.827778, 6.166575
5.783620, 6.185134
5.728186, 6.210055
5.665652, 6.239809
5.603781, 6.270906
5.555835, 6.296678
5.505968, 6.324705
5.431249, 6.389342
5.410896, 6.401011
5.375290, 6.417972
5.350450, 6.429803
5.326104, 6.444710
5.303453, 6.462087
5.269323, 6.492041
5.237240, 6.524178
5.207341, 6.556244
5.185467, 6.573120
5.145246, 6.604152
5.098861, 6.636158
5.064779, 6.656038
5.030364, 6.669181
4.990814, 6.684287
4.949535, 6.703256
4.911067, 6.720934
4.872600, 6.738614
4.835601, 6.752324
4.794355, 6.773992
4.756876, 6.793682
4.725021, 6.810418
4.702536, 6.822232
33b88dd2-789b-42ab-99fb-05fabd298c1f
6.855542, 6.098446
6.814265, 6.108820
6.775017, 6.124861
6.739428, 6.136173
6.694978, 6.147160
6.662233, 6.152169
6.609919, 6.152603
6.573718, 6.157393
6.519494, 6.169097
6.454433, 6.181607
6.405736, 6.189447
6.379809, 6.192105
6.283874, 6.210636
6.261306, 6.211947
6.247170, 6.225340
6.186013, 6.260821
6.152857, 6.274865
6.111928, 6.292203
6.039273, 6.307545
5.982442, 6.318016
5.933685, 6.325478
5.883473, 6.333162
5.822381, 6.345539
5.760786, 6.362598
5.695515, 6.380678
5.658751, 6.393967
5.610783, 6.408123
5.490396, 6.480591
5.456679, 6.492154
5.421710, 6.505727
5.385605, 6.524558
5.338656, 6.554110
5.296601, 6.577043
5.243969, 6.607450
5.192460, 6.632022
5.147318, 6.651899
5.086858, 6.675250
5.029003, 6.702409
4.969848, 6.725218
4.919873, 6.749300
4.875505, 6.767357
4.820104, 6.794752
4.777143, 6.814326
4.730179, 6.833873
4.547149, 6.951179
4.510613, 6.978154
4.477828, 6.994918
4.441452, 7.010152
4.416421, 7.023878
4.391108, 7.041169
4.355382, 7.069195
4.322085, 7.095312
4.288787, 7.121426
4.254979, 7.151744
4.223818, 7.173657
4.182627, 7.200795
4.141058, 7.224596
4.089625, 7.254045
4.039306, 7.279407
3.987046, 7.304070
3.927221, 7.328994
3.871705, 7.353745
3.810596, 7.379349
3.746524, 7.409440
3.676117, 7.445815
3.607773, 7.482807
3.573009, 7.499922
2c0c1295-c6c0-4fd2-b6e1-f69875f3d7a7
7.315731, 7.838885
7.374602, 7.844860
7.403841, 7.853845
7.533603, 7.895015
7.595041, 7.901945
7.667446, 7.913125
7.759050, 7.937911
7.817888, 7.950730
7.993368, 7.971168
8.033425, 7.983368
8.092879, 8.004606
8.180101, 8.037995
8.219680, 8.054750
8.296986, 8.060951
8.369338, 8.062250
8.426397, 8.073754
8.490704, 8.080373
8.534920, 8.084924
3ec49754-36c2-4676-8a8e-ad845df74f0e
7.185859, 7.293932
7.247857, 7.268578
7.297418, 7.244719
7.339877, 7.227650
7.361782, 7.222069
7.384234, 7.219437
7.430432, 7.224078
7.476069, 7.213129
7.519435, 7.199644
7.555909, 7.194572
7.602932, 7.181988
7.648901, 7.171235
7.697386, 7.167467
7.775401, 7.149785
7.802979, 7.148138
7.842368, 7.148795
7.904626, 7.140734
7.956623, 7.144845
8.002436, 7.152972
8.035433, 7.157305
8.065653, 7.156745
8.098392, 7.148652
8.132231, 7.141830
8.181543, 7.141003
8.205468, 7.142099
01cfc194-802b-481e-9ff9-51c96bb18f1c
7.020284, 6.555957
7.151802, 6.595866
7.232429, 6.624666
7.290075, 6.642079
7.348194, 6.653380
7.406376, 6.664692
7.499669, 6.677612
7.602640, 6.703201
7.673419, 6.716224
7.746678, 6.723615
7.808820, 6.734399
7.856597, 6.736375
7.907180, 6.745487
7.977433, 6.721990
8.075293, 6.714023
8.163815, 6.721382
8.246943, 6.717888
8.308607, 6.719532
8.341505, 6.723402
fc9a8cf2-4233-4276-9f96-90bd1a1b7b6d
7.085487, 6.902212
7.168641, 6.904903
7.228663, 6.835128
7.263350, 6.857242
7.309212, 6.858943
7.336081, 6.858505
7.350409, 6.847736
7.370453, 6.834329
7.392960, 6.820865
7.419751, 6.806379
7.441560, 6.796091
7.501124, 6.773806
7.524020, 6.766868
7.532629, 6.755477
7.553910, 6.734759
7.572098, 6.717052
5ecf9ede-f4d9-454d-adeb-a2b3f27d214a
7.392779, 8.390023
7.420712, 8.406270
7.470042, 8.435022
7.501494, 8.449951
7.551948, 8.458988
7.591339, 8.478358
7.688955, 8.468589
7.767955, 8.489543
7.847822, 8.528854
7.888975, 8.559117
7.916297, 8.556245
7.991823, 8.578741
8.048790, 8.597272
8.097479, 8.617831
887003e9-975d-4a9a-850c-c15b4748a7fd
7.099781, 7.152161
7.074487, 7.174772
7.011235, 7.203073
67df6c9a-376c-45c2-a51d-ffa8107762a0
6.861514, 5.901205
6.817034, 5.935935
6.718422, 5.977918
6.645937, 6.013658
6.572588, 6.054448
6.522062, 6.084259
6.478645, 6.101001
