main root
6.548410, 4.971232
6.503127, 5.081340
6.445746, 5.197569
6.382136, 5.298075
6.343717, 5.381564
6.303396, 5.494420
6.261585, 5.605175
6.231722, 5.702247
6.197759, 5.798261
6.171641, 5.903821
6.157809, 5.994860
6.153169, 6.109259
6.146597, 6.219093
6.145730, 6.303013
6.149012, 6.386873
6.159667, 6.496779
6.167371, 6.598182
6.181379, 6.698777
6.197047, 6.781225
6.210389, 6.873965
6.258105, 7.006911
6.288498, 7.104113
6.316290, 7.192996
6.336587, 7.277964
6.362210, 7.367117
6.395763, 7.453400
6.412653, 7.526023
6.423585, 7.628918
6.435215, 7.738364
6.439889, 7.825437
6.425708, 7.892165
6.415680, 7.979598
6.390563, 8.087175
6.381950, 8.151817
6.395474, 8.210484
6.408079, 8.312250
6.424764, 8.429790
6.428415, 8.505791
6.424855, 8.563655
6.388832, 8.680237
6.348073, 8.741464
6.303375, 8.836544
6.258980, 8.916061
6.218699, 8.968087
6.140856, 9.058293
6.105082, 9.116032
6.048250, 9.223748
6.001112, 9.344585
5.941021, 9.452083
5.906135, 9.527493
5.892066, 9.630722
5.888245, 9.735481
5.884955, 9.851107
5.860517, 9.968824
5.853362, 10.034523
5.907594, 10.202258
5.946475, 10.281242
5.995087, 10.379994
6.043698, 10.478744
6.096154, 10.575725
6.159843, 10.666786
6.219397, 10.759318
6.275349, 10.854076
6.338720, 10.944752
6.394704, 11.039633
6.450637, 11.134429
6.476881, 11.199724
6.502296, 11.291248
6.525446, 11.390426
6.544621, 11.481831
6.556831, 11.581238
6.560531, 11.680792
6.548623, 11.759218
6.527934, 11.867290
6.501860, 11.947551
6.466395, 12.043027
6.433964, 12.130334
6.401533, 12.217644
6.363206, 12.320828
6.337676, 12.407680
6.321332, 12.508290
6.304283, 12.600120
6.286712, 12.683401
6.269670, 12.764173
849677fe-18b9-458a-838c-f3f9a2962975
6.589351, 5.034257
6.585471, 5.097357
6.594229, 5.157377
6.610302, 5.218082
6.616153, 5.269119
6.647007, 5.355230
6.675239, 5.462615
6.707651, 5.541963
6.725610, 5.581974
6.750370, 5.629825
6.773574, 5.681183
6.789026, 5.719016
6.810185, 5.766867
6.824809, 5.811039
6.840774, 5.859262
6.859402, 5.915530
6.881813, 5.973698
6.903122, 6.029006
6.924430, 6.084312
6.949608, 6.141335
6.977495, 6.197082
7.004010, 6.250088
7.032532, 6.303761
7.054347, 6.348000
7.074807, 6.392879
7.095880, 6.439100
7.116502, 6.491548
7.145174, 6.548114
7.167947, 6.599663
7.193872, 6.654642
7.213545, 6.699872
7.231838, 6.745682
7.250676, 6.792859
7.268321, 6.833009
7.283380, 6.870997
7.300160, 6.917385
7.319357, 6.966055
7.336057, 7.012472
7.347508, 7.057567
7.361831, 7.107890
7.375738, 7.156750
7.388264, 7.211692
7.397674, 7.252966
7.407083, 7.294240
7.416672, 7.349768
7.423298, 7.405727
7.430267, 7.464582
7.437236, 7.523438
7.444205, 7.582293
7.452837, 7.642459
7.460051, 7.692745
7.470162, 7.752681
7.478613, 7.802775
7.493645, 7.864891
7.513189, 7.932924
7.536081, 8.007193
7.554163, 8.070933
7.564444, 8.112665
ee13f51a-4c3c-490d-9a72-80b4e47dab88
6.608233, 5.185834
6.629695, 5.174811
6.655638, 5.165939
451f1461-7204-447f-9f85-5f76c3fec04e
6.471449, 5.162316
6.532991, 5.228613
6.557602, 5.251344
6.589762, 5.284187
6.628821, 5.321472
6.684267, 5.390658
6.712563, 5.420287
6.732340, 5.443198
6.751013, 5.462578
6.772792, 5.462540
6.855223, 5.495178
6.923738, 5.511038
6.979197, 5.532391
7.045716, 5.574883
7.091568, 5.621085
7.142319, 5.724506
7.182969, 5.797929
7.223980, 5.872003
7.245605, 5.929605
7.274314, 6.001820
7.283483, 6.106099
7.277644, 6.142219
7.269791, 6.216182
7.258565, 6.272678
7.254735, 6.312734
7.237276, 6.348235
7.208134, 6.416665
7.178018, 6.474800
7.151777, 6.525456
7.109537, 6.560778
7.075247, 6.618741
7.023474, 6.699974
6.964572, 6.784518
6.920639, 6.865976
6.870513, 6.954458
6.814797, 7.039933
6.750188, 7.131324
6.694740, 7.191572
6.613557, 7.252512
6.556304, 7.304215
6.435117, 7.324266
6.382127, 7.333033
6.282717, 7.341497
6.254715, 7.348062
6.211312, 7.361321
6.169294, 7.351732
6.153836, 7.365059
6.110465, 7.374696
6.061158, 7.383569
6.016292, 7.387080
5.964271, 7.392652
5.917747, 7.393119
5.868855, 7.398100
5.799564, 7.409672
5.731530, 7.422552
5.671801, 7.438430
5.609449, 7.453455
30f9fef9-67cd-4db8-a5f8-8fc8ebfbf765
6.590598, 7.313406
6.664584, 7.336160
4f719848-f0a2-403d-8f26-5e1c26259cba
6.473247, 7.812562
6.512479, 7.829699
6.547317, 7.848185
6.584695, 7.868021
6.619273, 7.876205
6.653005, 7.888803
6.688640, 7.900515
6.712770, 7.908445
6b211db1-6e97-4480-a609-79d27f2ff4c7
6.468541, 4.968428
6.418417, 5.014527
6.393419, 5.073380
6.365023, 5.132276
