main root
6.408239, 4.311830
6.219705, 4.807574
6.116794, 5.057808
6.092210, 5.161553
6.074489, 5.307434
6.067526, 5.468800
6.057869, 5.644084
6.077784, 5.744152
6.081370, 5.848889
6.093492, 6.001641
6.101664, 6.131105
6.111247, 6.249432
6.120115, 6.333229
6.135077, 6.415504
6.150227, 6.498806
6.172975, 6.588615
6.193860, 6.688300
6.200300, 6.733633
6.226924, 6.802743
6.261773, 6.864058
6.280855, 6.912776
6.315253, 6.980080
6.347860, 7.057549
6.369526, 7.105168
6.386599, 7.149919
6.407727, 7.205296
6.424987, 7.258937
6.445024, 7.316317
6.473072, 7.383022
6.497368, 7.444662
6.511337, 7.488267
6.521024, 7.518502
6.550219, 7.624394
6.561469, 7.665194
6.572718, 7.705994
6.582949, 7.759995
6.595903, 7.812293
6.610154, 7.869822
6.626215, 7.928438
6.644113, 7.993757
6.661615, 8.051964
6.682982, 8.117830
6.700112, 8.180334
6.723133, 8.241682
6.740099, 8.295417
6.759821, 8.352909
6.777997, 8.415118
6.794618, 8.472003
6.811239, 8.528892
6.824149, 8.583753
6.835927, 8.640335
6.851500, 8.707808
6.857540, 8.753940
6.864135, 8.804315
6.870151, 8.861791
6.878727, 8.914980
6.892573, 8.991447
6.908120, 9.060510
6.919348, 9.117196
6.927984, 9.160799
6.928707, 9.209101
6.966320, 9.318237
6.976633, 9.391781
6.979792, 9.446651
6.985873, 9.500185
6.989951, 9.549344
7.003843, 9.608178
7.011916, 9.655394
7.020176, 9.712589
7.033250, 9.782166
7.038953, 9.836832
7.044225, 9.887363
7.048730, 9.944972
7.049472, 9.992863
7.054918, 10.054425
7.065768, 10.162780
7.065070, 10.200870
7.067231, 10.246230
7.066919, 10.302582
7.068080, 10.363350
7.066122, 10.417554
7.064975, 10.449284
110a52dd-fc60-4f3a-98cd-cfb132853639
6.369680, 4.419843
6.045086, 4.575185
5.933766, 4.630287
5.878201, 4.656490
5.783407, 4.730760
5.723442, 4.777741
5.663988, 4.820519
5.572261, 4.881306
5.467883, 4.955226
5.335625, 5.033009
5.300960, 5.053389
5.219110, 5.133120
5.164488, 5.190503
5.111966, 5.245671
5.059440, 5.300837
5.007015, 5.360232
4.957395, 5.430019
4.915848, 5.475237
506f2c86-56b5-4467-8cc4-a04ea2d0d572
6.449455, 4.396125
6.538646, 4.454803
6.610716, 4.524122
6.643607, 4.550720
6.667470, 4.572024
6.697404, 4.592815
6.729095, 4.611182
6.750943, 4.625500
6.770202, 4.639836
6.782199, 4.656230
6.877394, 4.715090
6.903914, 4.733172
6.933761, 4.751632
6.964399, 4.768745
6.991696, 4.785632
7.022334, 4.802749
7.049630, 4.819638
7.080266, 4.836758
7.107559, 4.853651
7.129951, 4.872713
7.161879, 4.893912
7.187802, 4.912842
7.217037, 4.932257
7.241503, 4.950221
7.264160, 4.964920
7.353459, 5.000277
7.382742, 5.013409
7.415367, 5.026327
7.440764, 5.041140
7.475924, 5.056375
7.508709, 5.068877
7.532574, 5.079508
7.561278, 5.093862
7.589314, 5.109479
7.616625, 5.126331
7.651397, 5.142432
7.679889, 5.157202
7.711729, 5.171947
7.740221, 5.186718
7.768026, 5.202743
7.799178, 5.218893
7.825437, 5.234117
7.845456, 5.247377
7.862484, 5.262246
02e72ca2-c0ba-423e-8eef-ce497fe69900
6.347649, 4.526992
6.483593, 4.656329
6.532110, 4.688854
6.567817, 4.719858
6.594415, 4.735836
6.632712, 4.757095
6.679898, 4.785326
6.766736, 4.841914
6.797149, 4.859934
6.812863, 4.874454
6.839826, 4.897316
6.867737, 4.919009
6.892347, 4.940019
6.915966, 4.962138
6.942773, 4.985180
6.970538, 5.007060
6.995007, 5.028235
7.026922, 5.049903
7.048673, 5.070086
7.073457, 5.093085
7.135465, 5.126835
7.230411, 5.192664
7.302146, 5.252625
7.374767, 5.310586
7.443831, 5.357746
7.499766, 5.395941
7.548379, 5.430949
7.580410, 5.448483
7.649980, 5.478034
7.696898, 5.511050
45850777-72aa-4c23-92d0-f6dc545bdd5e
6.286631, 4.699883
6.407948, 4.790546
6.459391, 4.829994
6.496336, 4.843235
6.515482, 4.857095
6.540227, 4.871321
6.599729, 4.897907
6.659518, 4.923065
6.692609, 4.941861
6.725278, 4.963870
6.754640, 4.976445
6.795526, 4.990709
6.839248, 5.002801
6.883682, 5.011985
6.911238, 5.020737
6.945949, 5.036472
6.986269, 5.059682
7.024163, 5.086675
7.055559, 5.107202
7.078889, 5.120668
7.142199, 5.131415
7.203103, 5.173116
7.269972, 5.225469
7.350662, 5.288962
7.444645, 5.357231
7.496459, 5.393433
7.577048, 5.439570
4ad250eb-d4f5-4ab8-8430-4fccc5d60e89
6.113226, 4.900442
6.035669, 4.909766
5.939838, 4.920652
5.862590, 4.917503
5.813507, 4.919997
5.764915, 4.917968
5.620112, 4.908392
5.401912, 4.929314
d54870ae-5c80-4b48-859d-c98b236a5570
6.207697, 4.823726
6.264656, 4.865295
6.335099, 4.918871
6.426931, 4.972071
6.455817, 4.988805
6.486865, 5.004963
6.518611, 5.019701
6.539775, 5.031082
6.631297, 5.055188
6.661849, 5.064692
6.691953, 5.075534
6.725382, 5.085890
6.749901, 5.094962
6.775546, 5.109147
6.806904, 5.124682
6.834922, 5.140135
6.866299, 5.155633
6.887184, 5.167520
6.907336, 5.180613
93505edf-612d-466e-be5a-3ab969250e6a
6.125076, 6.293128
6.047623, 6.313502
5.989481, 6.336051
5.929666, 6.354293
5.870045, 6.373902
5.813482, 6.398322
e8af26a4-96db-42d8-9832-e1c2f2751ec9
6.148585, 5.028004
6.212872, 5.049915
6.223013, 5.050202
6.298727, 5.097353
6.306105, 5.093577
6.323802, 5.102335
6.346566, 5.113602
41f734ff-ee58-4ae4-b293-24600b6cbb91
6.060103, 5.279546
5.936569, 5.297976
5.896514, 5.303497
5.868696, 5.302504
5.803855, 5.327541
