main root
7.040412, 4.985136
7.026981, 5.278393
7.004906, 5.571766
6.973598, 5.675077
6.945169, 5.833888
6.911141, 5.990995
6.904371, 6.092143
6.888080, 6.209167
6.877573, 6.284633
6.872170, 6.366855
6.867174, 6.442886
6.864967, 6.522101
6.865756, 6.601345
6.869537, 6.680502
6.865596, 6.723435
6.864047, 6.805823
6.865553, 6.885055
6.857851, 6.952428
6.854954, 7.004110
6.858345, 7.050576
6.873501, 7.134873
6.881771, 7.206242
6.895557, 7.306841
6.904754, 7.373948
6.919007, 7.444894
6.914499, 7.483244
6.909138, 7.541664
6.909524, 7.586594
6.917653, 7.661745
6.923288, 7.727760
6.927431, 7.793885
6.930080, 7.860087
6.931234, 7.926332
6.924799, 7.986703
6.921609, 8.058997
6.917195, 8.125105
6.908501, 8.187909
6.900491, 8.256692
6.899223, 8.332271
6.893672, 8.395431
6.886382, 8.461283
6.882896, 8.533563
6.878211, 8.599651
6.869260, 8.662419
6.863510, 8.734555
6.859501, 8.803688
6.848542, 8.863405
6.839921, 8.935254
6.830544, 9.000841
6.822228, 9.069588
6.810176, 9.131837
6.800856, 9.203599
6.790842, 9.269094
6.779351, 9.334343
6.768817, 9.402784
6.757262, 9.468023
6.746662, 9.536455
6.737543, 9.605099
6.729908, 9.673924
6.721118, 9.739592
6.710845, 9.805045
6.704412, 9.875000
6.702271, 9.947332
6.695911, 10.010415
6.690455, 10.079448
6.686496, 10.148583
6.684032, 10.217789
6.685949, 10.290128
6.683136, 10.353466
6.675844, 10.416449
6.669369, 10.485392
6.658986, 10.547941
6.650474, 10.590068
6.674424, 10.625929
6.672246, 10.756553
6.667864, 10.901212
6.664275, 11.019692
6.656479, 11.137705
6.637557, 11.299806
6.618905, 11.459592
6.602159, 11.566630
6.574002, 11.678697
6.556815, 11.728673
6.549138, 11.786862
6.464850, 11.873735
6.405641, 11.984450
6.299524, 12.117648
6.239307, 12.197145
6.183030, 12.268499
6.147407, 12.391632
6.112431, 12.506125
6.094626, 12.614926
6.066845, 12.742048
6.048008, 12.818625
6.040846, 12.841479
8dae98e8-aa7f-42e6-9ee3-17755c18a9f7
7.034770, 5.288899
7.268934, 5.365546
7.362225, 5.440004
7.467622, 5.469474
7.629010, 5.511322
7.815713, 5.765914
7.861608, 5.839407
7.886998, 5.946610
7.934150, 5.987723
7.968760, 6.052125
8.003962, 6.130773
8.032746, 6.191418
8.057233, 6.249988
d212b27f-8f26-4693-a066-03fe7284a663
7.091185, 5.312838
7.199586, 5.409653
7.245370, 5.457659
7.301114, 5.504169
7.355399, 5.553365
7.444969, 5.600819
7.504205, 5.638977
7.600309, 5.693334
7.665384, 5.724981
7.697161, 5.750421
7.747314, 5.786816
7.868248, 5.884968
7.880575, 5.980935
7.868367, 6.023492
7.880039, 6.051521
7.884338, 6.127967
7.890427, 6.183600
7.903081, 6.216788
7.920291, 6.270363
7.944045, 6.329625
7.954373, 6.371483
7.967192, 6.442183
7.985549, 6.508552
8.007288, 6.575921
8.029973, 6.641347
8.055629, 6.715342
8.069322, 6.750263
bdded185-a0b7-401e-8f0d-b7136caad2c0
7.029474, 5.438688
7.113208, 5.721886
7.214025, 5.871612
7.224057, 5.891869
7.227936, 5.934520
7.223924, 5.956502
7.221137, 6.005115
7.218712, 6.047379
7.213471, 6.086485
7.207847, 6.128445
7.201623, 6.152352
7.190413, 6.183523
7.174283, 6.219532
7.156975, 6.258168
7.139668, 6.296804
7.122361, 6.335441
7.106142, 6.364324
7.092670, 6.388317
5a6dde95-0f8d-4454-85b5-2f72c7220530
6.981230, 5.894969
7.011936, 5.957108
7.026804, 5.984908
7.046997, 6.009795
50eb4628-3ae3-4bd6-8fe5-206262177734
6.964924, 7.531030
6.988215, 7.553195
7.039154, 7.622512
7.058370, 7.651188
3d685088-bfff-4560-a276-7dea638212eb
6.981276, 8.102631
7.023761, 8.119378
7.055352, 8.136657
7.106826, 8.169929
7.163711, 8.206697
7.207274, 8.240202
7.247539, 8.271170
7.314815, 8.327116
7196faad-cea2-4d43-b199-0b6961d92ba9
6.904567, 8.026400
6.946865, 8.014474
4bada4a8-353d-4702-86d6-edb6e47c5b25
6.963016, 8.312202
7.020973, 8.311720
7.083838, 8.309699
7.130976, 8.317671
73c10971-1b70-4529-a45d-556034164021
6.869680, 9.173572
6.891757, 9.184257
6.941078, 9.211462
6.971448, 9.221382
7.009179, 9.227407
d4cdc608-78c5-4e58-ac08-17e16e0b60ba
6.845285, 9.038869
6.791346, 9.069145
f3a0863d-3244-45a5-902d-872480913a10
6.772046, 9.470948
6.723558, 9.480585
6.682294, 9.489765
1a64a6e0-5a64-46fe-af68-57b682c526a9
6.667201, 10.075323
6.646524, 10.082954
6.527939, 10.099196
42327b33-3607-4a84-a469-ee444ddcbab8
6.675882, 10.250094
6.620925, 10.268313
