main root
6.959557, 4.128097
6.938758, 4.303205
6.879862, 4.513388
6.844720, 4.711338
6.824387, 4.904459
6.790870, 5.063498
6.731022, 5.250458
6.657674, 5.444886
6.570530, 5.633916
6.492345, 5.773197
6.408397, 5.879455
6.273785, 5.992560
6.156941, 6.008607
6.090022, 6.029666
587df40a-1e37-4ec1-ae93-c5afd6863353
6.861098, 4.560260
6.741373, 4.529454
6.691969, 4.491606
0245ef55-82de-41b4-bb15-9c5e3fca56e7
6.881157, 4.502878
6.711067, 4.622806
6.660964, 4.667290
6.616895, 4.704414
6.565270, 4.745947
6.530182, 4.778018
540f8f1a-5a74-4459-8e55-515edb150983
6.956862, 4.478921
6.989233, 4.516967
7.014132, 4.536992
7.039891, 4.521273
7.066089, 4.522855
7.107934, 4.535612
