main root
7.249702, 4.645548
7.104868, 4.886621
7.030287, 4.998604
6.877761, 5.157650
6.814499, 5.251638
6.715863, 5.384500
6.625611, 5.504523
6.558258, 5.618505
6.474145, 5.717886
6.422132, 5.815377
6.326235, 5.948268
6.298357, 6.011911
6.279488, 6.081507
6.264448, 6.177217
6.260675, 6.280883
6.257050, 6.417501
6.268207, 6.549952
6.275776, 6.692633
6.269272, 6.815593
6.267891, 6.921841
6.264575, 7.015172
6.259480, 7.100135
6.255300, 7.169860
6.244603, 7.223216
aecbc459-95ee-4633-9392-33fd7b26e95b
7.192895, 4.944301
7.260544, 4.993920
7.311221, 5.040372
7.367114, 5.091605
7.448249, 5.165976
7.498080, 5.217743
7.548811, 5.272603
7.614795, 5.350190
7.662056, 5.408072
7.691509, 5.447421
a3ef8cf7-a9b2-43df-9f35-ef1a7f8573cb
7.017793, 5.112592
7.066591, 5.164883
7.108308, 5.211780
7.142556, 5.259288
7.193881, 5.337680
7.235619, 5.401429
7.290457, 5.463326
7.318702, 5.508205
