main root
7.020828, 4.375729
6.947399, 4.648554
6.840540, 4.785784
6.750580, 4.874253
6.706724, 4.939992
6.622462, 5.067691
6.560372, 5.173261
6.510844, 5.269959
6.472200, 5.363969
6.440859, 5.451277
6.409393, 5.538935
6.382046, 5.627570
6.352507, 5.716170
6.341499, 5.775418
6.332931, 5.867595
6.326427, 5.960290
6.318402, 6.045033
6.312524, 6.129092
6.308717, 6.213270
6.302800, 6.298183
6.293622, 6.399468
6.288086, 6.483558
6.275063, 6.584751
6.272700, 6.668107
6.267951, 6.761382
6.259461, 6.846568
6.243857, 6.912561
6.231471, 6.977959
6.224649, 7.087636
6.222721, 7.166859
6.220866, 7.243034
6.216091, 7.316143
6.205540, 7.385813
6.194446, 7.459060
6.190275, 7.526566
6.191181, 7.608963
6.195044, 7.688116
6.195624, 7.761379
6.196225, 7.837574
6.190793, 7.907829
6.187671, 7.987015
6.196162, 8.075589
6.193435, 8.141253
6.193351, 8.193975
6.178913, 8.433027
6.190270, 8.518064
6.190829, 8.578776
6.199005, 8.653923
6.197852, 8.712523
6.206790, 8.790926
6.206177, 8.851638
6.215865, 8.929952
6.212265, 9.038944
6.205688, 9.102006
6.199994, 9.171019
6.193056, 9.236910
6.192621, 9.312500
6.187768, 9.375718
6.183961, 9.444862
6.178824, 9.510917
6.177700, 9.583272
6.172227, 9.646440
6.170464, 9.718780
6.161515, 9.778832
6.152790, 9.847528
6.153672, 9.899990
6.157248, 9.934678
6.163680, 10.172935
6.179336, 10.253747
6.150899, 10.333236
6.168267, 10.477937
6.168809, 10.596901
6.167193, 10.706892
6.161469, 10.808575
6.159502, 10.918817
6.155424, 11.028769
6.151658, 11.130299
6.148206, 11.223368
6.148975, 11.316118
6.147646, 11.409501
6.148521, 11.493767
6.145260, 11.579324
6.145236, 11.658574
6.146709, 11.736272
6.148113, 11.810342
6.142544, 11.867117
1641f8e3-4cb0-41bf-ba3c-ee6951ca1a8b
6.997700, 4.703233
7.026126, 4.767171
7.050471, 4.800466
7.075003, 4.839113
7.126916, 4.881321
7.229006, 4.922762
7.291800, 4.953098
7.348028, 4.979984
7.442995, 5.022285
7.642215, 5.117762
7.717819, 5.143332
7.774500, 5.170402
7.841261, 5.203944
7.932921, 5.247629
7.992323, 5.272624
8.046742, 5.298060
8.128599, 5.323496
8.167542, 5.327061
8.176079, 5.346064
8.249194, 5.400430
8.306312, 5.440280
8.336515, 5.466827
8.398625, 5.492023
8.465288, 5.515835
8.531304, 5.544184
8.605249, 5.572680
8.696246, 5.630837
8.748536, 5.660703
8.794077, 5.690163
ef0d26cc-f29b-42ae-9d0e-89bef8ee321c
7.060929, 4.561956
7.143824, 4.611505
7.235291, 4.638065
7.317194, 4.670609
7.388009, 4.698748
7.460768, 4.726048
7.543974, 4.764045
7.599696, 4.792781
7.648204, 4.822849
7.750943, 4.859850
7.844199, 4.919942
7.895834, 4.963900
7.955845, 5.007130
8.058127, 5.048265
8.109269, 5.076898
8.196959, 5.128419
8.253309, 5.163263
8.300897, 5.187409
8.358146, 5.208066
8.398848, 5.231979
8.555996, 5.282507
8.599305, 5.309099
8.633068, 5.333342
8.672855, 5.369281
8.729522, 5.408364
8.790804, 5.439719
8.843567, 5.466713
8.892301, 5.495008
8.939463, 5.525852
8.989061, 5.558291
9.038661, 5.590732
9.077902, 5.625339
9.108064, 5.651940
9.141902, 5.667813
f5f1464a-71e5-44d7-a976-3cea86f3bfc4
7.065178, 4.561401
7.162365, 4.696994
7.192862, 4.727888
7.222642, 4.751462
7.250869, 4.771718
7.280019, 4.790621
7.295316, 4.805723
7.316930, 4.828967
7.345994, 4.853419
7.369387, 4.874872
7.404530, 4.896755
7.414677, 4.912747
7.456610, 4.955991
7.492617, 4.990973
7.733447, 5.054513
7.825208, 5.097120
7.867579, 5.113494
7.889453, 5.128366
7.924462, 5.152167
7.951377, 5.166845
7.975708, 5.178409
c20cd186-ab4e-4301-ad8e-a6bc73a0010a
6.637972, 5.052480
6.684615, 5.077432
6.712547, 5.109895
6.843526, 5.182258
6.889449, 5.217888
6.938860, 5.258418
7.020410, 5.294770
7.072523, 5.321277
7.119437, 5.348498
7.261549, 5.435238
7.324478, 5.463125
7.382609, 5.485612
7.434009, 5.508707
7.492024, 5.531492
7.543159, 5.546750
7.587714, 5.566069
819f348a-7477-4ae5-8fb4-82cb94820912
7.007469, 4.491565
6.853424, 4.565491
6.783344, 4.617269
6.743124, 4.645041
6.702036, 4.671510
6.660122, 4.696650
6.618452, 4.716330
6.575039, 4.731792
6.550245, 4.742139
6.510752, 4.763412
6.465785, 4.789254
6.425616, 4.817440
6.327285, 4.828043
6.286513, 4.821834
6.267355, 4.847365
6.146336, 4.849587
6.036258, 4.855841
5.958769, 4.861743
5.913868, 4.863082
5.850916, 4.825995
5.767605, 4.820150
5.684807, 4.826815
5.617087, 4.823256
5.540996, 4.819257
5.431072, 4.813480
5.315356, 4.808898
6af28563-4525-4df5-9e97-ce6cd8e4911a
6.764864, 4.767639
6.700052, 4.736851
6.644887, 4.723743
6.601914, 4.733430
6.501364, 4.724931
6.423501, 4.724683
6.366621, 4.720013
6.335006, 4.732018
6.287461, 4.736391
6.229091, 4.735083
6.186538, 4.728142
6.168234, 4.750057
6.078845, 4.758725
5.987407, 4.761215
5.937286, 4.764078
5.890315, 4.759569
939d124e-5fc0-431a-9937-a34290cecfa0
6.338807, 6.407089
6.359445, 6.417702
6.422341, 6.445191
6.563044, 6.490005
6.589809, 6.504812
6.639617, 6.534078
6.707826, 6.571750
6.740996, 6.591780
192a6462-6dda-43a0-a278-c29615353905
6.279540, 6.898156
6.322893, 6.919837
6.383097, 6.948681
6.427527, 6.960010
6.522674, 6.982673
6.561019, 6.999499
6.619120, 7.021693
6.660861, 7.044015
6.721119, 7.069418
6.771695, 7.093955
6.824906, 7.119737
6.878132, 7.145493
6.927371, 7.172613
6.958930, 7.189961
d4b639b6-84fe-4916-a994-8cdab8e6092a
6.229228, 6.922209
6.190270, 6.931970
6.160857, 6.946386
6.124060, 6.966089
6.015717, 7.019253
5.954732, 7.052512
5.897722, 7.081897
5.856668, 7.093727
5.786517, 7.109267
5.730720, 7.121627
5.701579, 7.131149
bf3084d4-b9aa-44cf-a867-9afe2565e629
6.328895, 5.814482
6.296366, 5.809676
6.239041, 5.798181
6.178933, 5.789375
6.105815, 5.801295
6.047336, 5.810832
5.980287, 5.803082
5.951241, 5.808903
74232d28-407d-4b0e-ab38-0274eaa70d74
6.427931, 5.556189
6.476123, 5.603925
6.510053, 5.626996
6.580286, 5.672761
6.615586, 5.694390
6.699009, 5.718671
6.732524, 5.738548
6.770289, 5.764431
6.854966, 5.783770
6.900634, 5.795735
6.943930, 5.814500
c505ec7a-7155-49e1-b50d-98ef71f3515a
6.549099, 5.154085
6.498336, 5.167311
6.449406, 5.162883
6.425252, 5.157691
6.400128, 5.150759
6.375643, 5.144004
6.289706, 5.098864
6.236066, 5.071616
6.205958, 5.054654
6.158372, 5.043450
dd4e71d8-5170-482e-90a4-1c9b5949c476
6.812146, 4.728404
6.640024, 4.625103
6.577674, 4.603200
6.540834, 4.588948
6.475139, 4.568198
6.430433, 4.559300
6.390677, 4.549861
6.357984, 4.543638
6.273800, 4.491567
6.256320, 4.477233
6.237065, 4.475617
6.210277, 4.468861
6.169271, 4.458520
6.115673, 4.443459
6.078418, 4.428326
6.015697, 4.407696
b0c58e66-9193-4392-a77d-b0e4a38eb6f4
7.148765, 4.520984
7.236220, 4.593837
7.566966, 4.791778
7.681147, 4.861412
7.813688, 4.916362
8.023479, 5.029352
8.174952, 5.114114
8.269917, 5.160798
1e36b2f6-190a-4fed-9d29-f00ea67ba45e
6.270030, 7.342768
6.287931, 7.346715
6.337031, 7.355463
6.363695, 7.364236
6.400434, 7.374192
e5a7cd53-bbc9-433a-92c2-58025b068250
6.159500, 7.488767
6.117220, 7.495834
6.038626, 7.514445
9dfe7bb2-11ea-48b1-801d-f995c8291a5b
6.358098, 6.069405
6.288649, 6.086686
6.266183, 6.089191
6.244904, 6.087046
6.219167, 6.082946
6.176902, 6.067175
6.160471, 6.057614
6.142610, 6.043757
