main root
6.755619, 5.183262
6.568954, 5.308666
6.484796, 5.393248
6.414753, 5.512676
6.363091, 5.639383
6.409236, 5.773315
6.459502, 6.083965
6.471932, 6.187249
6.464508, 6.290784
6.449348, 6.350882
6.429479, 6.564052
6.430638, 6.665732
6.414883, 6.768087
6.403642, 6.868923
6.400486, 6.935136
6.395153, 7.002406
6.374437, 7.107988
6.365386, 7.169663
6.358318, 7.217830
6.356849, 7.248452
6.366638, 7.319839
6.366507, 7.362954
6.366327, 7.422223
6.366147, 7.481491
6.368952, 7.543763
6.371619, 7.602972
6.371162, 7.659325
6.370678, 7.718591
6.370194, 7.777856
6.366740, 7.834104
6.363107, 7.893262
6.359474, 7.952419
6.353036, 8.008407
6.349140, 8.068498
6.335087, 8.110744
6.254728, 8.478076
6.230253, 8.655031
6.218481, 8.770979
6.204658, 8.886220
6.202067, 9.002189
6.203751, 9.116139
6.207226, 9.208990
6.212054, 9.282520
6.212763, 9.348568
4e376a14-7f35-4753-807e-5b98ebbed91c
6.639947, 5.310087
6.686570, 5.440929
6.711855, 5.508636
6.784270, 5.604186
6.834470, 5.665475
6.923634, 5.755223
7.040110, 5.869709
7.100426, 5.943829
7.173446, 6.033356
7.228189, 6.121326
7.256081, 6.183144
7.326287, 6.270071
7.374165, 6.329353
7.415730, 6.387963
7.457674, 6.454421
7.483742, 6.510607
7.595182, 6.631430
7.642870, 6.704978
7.714803, 6.800408
7.794920, 6.899720
7.878265, 6.996346
7.955073, 7.075674
8.013964, 7.136497
8.062732, 7.191170
8.103593, 7.236977
8.139522, 7.279505
daa84fb9-4ade-457d-ad52-595c64b1c9f4
6.656330, 5.237128
6.349155, 5.330639
6.262096, 5.344395
6.168977, 5.354849
6.089271, 5.355331
6.043335, 5.357105
5.955531, 5.352826
5.918867, 5.360918
5.804423, 5.394821
5.697251, 5.419949
5.605635, 5.445775
5.557743, 5.460830
5.388008, 5.513203
5.319145, 5.528186
5.258723, 5.547459
5.184179, 5.574382
5.116102, 5.592603
5.044606, 5.608641
4.971918, 5.631083
4.905176, 5.651689
4.868817, 5.666048
4.835075, 5.687421
4.645030, 5.727437
4.577414, 5.732495
4.538772, 5.738386
4.458437, 5.756684
4.386405, 5.770021
4.318685, 5.773425
4.264387, 5.782147
4.189163, 5.794229
4.111458, 5.809738
4.032043, 5.831693
3.979047, 5.843239
3.925494, 5.851841
ef32c4d7-aa89-4ab0-bc08-0e620317c9ff
6.512127, 5.328776
6.291789, 5.495954
6.227453, 5.546960
6.164420, 5.599566
6.096107, 5.651177
6.047713, 5.683985
5.958361, 5.710014
5.855136, 5.768455
5.758361, 5.820812
5.678309, 5.864122
5.639819, 5.883244
5.545931, 5.938071
5.483354, 5.964214
5.459045, 5.998479
5.358776, 6.064881
5.270360, 6.115822
5.201550, 6.162772
5.145383, 6.211338
5.082846, 6.270974
5.047513, 6.308803
4.938823, 6.373505
4.876484, 6.400162
4.806438, 6.430111
4.750740, 6.460433
4.682632, 6.500917
4.616101, 6.543942
4.552129, 6.585308
4.500585, 6.618634
4.470372, 6.652425
4.419357, 6.704992
4.366236, 6.755434
4.321724, 6.797704
dfef0555-c81a-436d-907e-b3129219c7ee
6.464761, 5.413906
6.260576, 5.445527
6.178655, 5.468275
6.113297, 5.490726
6.062873, 5.516941
5.994631, 5.554109
5.910310, 5.568424
5.826478, 5.595300
5.707324, 5.640115
5.597549, 5.685911
5.504971, 5.722240
5.455711, 5.741570
5.313226, 5.809155
5.248646, 5.829846
5.182440, 5.863630
5.137770, 5.889785
5.043333, 5.990823
4.945028, 6.094347
4.889130, 6.165426
4.848567, 6.217003
4.808354, 6.261455
4.703361, 6.347142
4.630656, 6.424663
4.543774, 6.517301
4.447461, 6.598511
4.385385, 6.659154
4.320378, 6.737448
4.247713, 6.824326
4.187873, 6.905761
4.139659, 6.974876
4.113749, 7.015644
