main root
5.733418, 5.746797
5.732290, 5.919574
5.788845, 6.075920
5.892745, 6.184777
6.117891, 6.202092
6.309532, 6.187414
6.362085, 6.234255
6.398274, 6.342179
6.398136, 6.502493
6.381156, 6.619646
6.372870, 6.759174
6.350285, 6.887028
6.326158, 6.978347
6.335554, 7.144851
6.297622, 7.355792
6.272446, 7.437253
6.209795, 7.581536
6.165779, 7.717891
6.122065, 7.847099
6.082933, 7.985378
6.052107, 8.094307
6.007991, 8.195807
5.958999, 8.282061
5.875873, 8.407953
5.784470, 8.536119
5.729576, 8.773205
5.673123, 8.919903
5.586158, 9.116424
5.529164, 9.255830
5.488558, 9.411825
5.469894, 9.483519
5.462972, 9.521993
bd6e589f-9a11-43d4-94de-b701e820ad93
5.781141, 5.877747
5.884970, 5.809833
6.025329, 5.770504
6.101417, 5.748798
6.181709, 5.714306
6.275131, 5.674375
6.355975, 5.642108
6.409771, 5.629568
6.481747, 5.615863
6.555412, 5.603361
6.653924, 5.588787
6.712626, 5.586391
6.775990, 5.592108
6.848636, 5.601668
6.924190, 5.611611
7.016526, 5.623762
7.092081, 5.633704
7.134476, 5.633243
7.218078, 5.624849
7.286432, 5.624003
7.378491, 5.631279
7.454456, 5.637283
7.528811, 5.644660
7.630176, 5.650467
7.707827, 5.653417
7.787074, 5.653430
7.897253, 5.649199
7.977708, 5.641615
8.048171, 5.640987
8.141301, 5.640157
8.214528, 5.642497
8.292231, 5.643482
8.387576, 5.648922
8.442496, 5.646059
a6801851-acd5-4f2b-acd7-db41107d28e1
5.814002, 5.782628
5.969572, 5.841490
6.089530, 5.879556
6.268021, 5.916625
6.397281, 5.970214
6.449192, 5.998066
6.489254, 6.029751
6.520795, 6.054699
6.557425, 6.076040
6.592174, 6.096286
6.626401, 6.105835
6.687171, 6.119682
6.744951, 6.132849
6.800671, 6.145548
6.838793, 6.148097
6.901111, 6.149264
6.966461, 6.144499
7.005717, 6.167993
7.035723, 6.178974
7.088985, 6.188906
7.143752, 6.202164
7.193877, 6.218918
7.234594, 6.240419
7.308871, 6.281987
7.382110, 6.325350
7.452889, 6.374487
7.521605, 6.424716
7.589073, 6.476603
7.655262, 6.530121
7.724996, 6.575839
7.784574, 6.618478
7.854890, 6.661439
7.915796, 6.702159
7.979140, 6.744507
8.038331, 6.787680
8.099890, 6.832581
8.160135, 6.857999
8.218574, 6.892401
8.299698, 6.937717
8.373610, 6.979005
8.440136, 7.016167
8.502588, 7.054481
8.594098, 7.115588
8.659542, 7.157489
8.723714, 7.198575
8.801217, 7.250694
8.857425, 7.288494
8.913633, 7.326293
8.962036, 7.356307
9.005775, 7.388340
b2d3a6ad-64e3-4eea-af2d-9b91965e8ed3
5.998619, 6.117871
6.081819, 5.984212
6.137711, 5.935315
6.272045, 5.918102
6.398121, 5.906524
6.472418, 5.895774
6.550480, 5.902612
6.616659, 5.917423
6.689641, 5.927291
6.755079, 5.937649
6.799938, 5.940203
6.875460, 5.937007
6.991783, 5.960580
7.040737, 5.976609
7.109382, 6.002235
7.163037, 6.025462
7.218856, 6.051277
060b1f91-6ca9-455b-890b-cd763a7db0c9
5.667939, 5.803906
5.560473, 5.829415
5.521941, 5.790639
5.477146, 5.684440
5.462790, 5.669143
5.420645, 5.634200
5.377364, 5.611979
5.304273, 5.588438
5.239046, 5.560802
5.162347, 5.521547
5.100038, 5.491338
5.054611, 5.464326
5.021383, 5.464037
4.961286, 5.456032
4.923120, 5.449422
4.859890, 5.455451
4.821556, 5.466607
4.755596, 5.487346
4.690073, 5.512638
4.622687, 5.546656
4.560975, 5.581162
4.503660, 5.608066
4.428279, 5.645740
4.364341, 5.686060
4.309851, 5.709805
4.248527, 5.734895
4.191542, 5.766298
4.131040, 5.803057
4.074656, 5.832059
3.998042, 5.869136
3.937766, 5.896645
3.875405, 5.926753
3.815104, 5.954203
3.752714, 5.984249
3.686794, 6.027624
3.644726, 6.046345
3.567376, 6.080769
3.510192, 6.112769
3.471160, 6.124320
3.424477, 6.138137
3.397090, 6.150925
7e718de3-67b4-4ebb-b09a-844b55cbe90f
5.901249, 6.261487
5.877976, 6.370513
5.840031, 6.445935
5.768103, 6.537586
5.731553, 6.572037
5.668212, 6.628890
5.618030, 6.669910
5.565584, 6.712781
5.494989, 6.773205
5.443533, 6.817247
5.392240, 6.859179
5.321773, 6.908752
5.267467, 6.941464
5.236134, 6.962084
5.193329, 6.999212
5.141865, 7.047813
5.103634, 7.075682
5.024080, 7.125864
4.966793, 7.162002
4.909974, 7.196074
4.840220, 7.242739
4.791373, 7.273617
4.743996, 7.300023
4.696037, 7.331892
e5d472b9-e081-4664-ab6a-4b91dcc219e3
6.093841, 6.235281
6.174186, 6.300724
6.259186, 6.362770
6.360125, 6.429635
6.492108, 6.605373
6.563331, 6.701444
6.584357, 6.734830
6.599021, 6.758114
6.620813, 6.781484
6.649686, 6.812446
6.672211, 6.843184
6.701416, 6.877976
6.742377, 6.922116
6.784717, 6.961143
6.838749, 7.006875
6.881876, 7.045337
6.915563, 7.079393
6.945336, 7.109492
6.972992, 7.139580
7.009485, 7.177070
7.044921, 7.213473
7.079715, 7.251363
7.109161, 7.290069
d55408ca-afb4-4330-a579-f1d3cdc3bea8
6.373388, 6.746615
6.454216, 6.892079
6.484399, 6.950292
6.501042, 6.968501
6.554438, 7.016460
6.583363, 7.034394
6.631671, 7.066107
6.675048, 7.089211
6.719882, 7.113091
6.772191, 7.140953
6.801926, 7.158486
6.825855, 7.170858
7476dcae-199a-4490-8ae7-c8d3e2a86a4c
6.393189, 7.126422
6.481131, 7.149068
6.531584, 7.167525
6.555438, 7.176251
