main root
5.902678, 3.046589
5.388598, 4.186978
5.240820, 4.574262
5.214047, 4.877359
5.272074, 5.289810
5.440589, 5.863039
5.485447, 6.105087
5.446141, 6.540430
5.282032, 7.156243
5.061335, 7.659987
4.886873, 8.056624
4.857445, 8.462110
4.788451, 8.743140
4.779435, 8.847534
4.712986, 8.925346
52a2b7b5-7e02-47ba-a218-b6aaa08f8ca3
5.844842, 3.202362
5.907060, 3.234675
5.913293, 3.268925
5.858696, 3.267182
ace70741-77b6-4bba-b16b-bd2bc3a4ef6f
5.832398, 3.193043
5.811042, 3.140821
5.854650, 3.084249
19638fd8-f9e6-4486-826d-1d31d0b38256
5.277939, 7.152760
5.542086, 7.427416
def61bd8-06e9-4bc2-ad96-1bfc4fec672c
5.177352, 7.430205
5.276965, 7.527779
e59b0e07-e663-466d-a9c4-11c679304769
5.319196, 4.314296
5.279184, 4.285646
5d43130c-b13b-4c9e-8c2f-6b393232d0ea
5.402443, 4.128268
5.166442, 4.077449
0d65b98e-43fa-4c69-97dd-6b1a76d7eb83
5.483726, 3.962593
5.766400, 4.089478
0296395f-9930-47d8-91f1-52a9112ffc13
5.549145, 3.801601
5.062553, 3.739884
c4120ddf-808b-4ead-b6b1-de0cac7ce073
5.830425, 3.192862
5.928656, 3.194746
6.012301, 3.256173
6.031712, 3.263836
5.956305, 3.276224
4347be1c-33ca-4818-bc84-400b13849381
5.761226, 3.332409
5.722479, 3.632470
5.670445, 3.803625
5.580982, 3.873860
fcc0827b-6781-456a-88e4-7adeb0a48674
5.748198, 3.485987
5.460398, 3.578849
5.500444, 3.727871
5e26ae59-2df1-48cd-90f0-37735ab0c446
5.852954, 3.208361
5.653511, 3.329982
5.445075, 3.253249
