main root
6.914766, 4.232161
6.841607, 4.556059
6.839723, 4.667811
6.829805, 4.879367
6.818596, 5.039392
6.794509, 5.174922
6.766820, 5.306867
6.743519, 5.446667
6.727791, 5.588364
6.708420, 5.725154
6.690998, 5.854473
6.674243, 5.999394
6.665735, 6.072988
6.658263, 6.141570
6.668889, 6.203107
6.667908, 6.343941
6.660006, 6.404138
6.651190, 6.471296
6.688979, 6.654098
6.693418, 6.712542
6.698677, 6.785206
6.708997, 6.996869
6.702597, 7.048143
6.741520, 7.179470
6.744621, 7.393158
6.748452, 7.511813
6.758006, 7.611550
6.761027, 7.664846
6.754429, 7.707107
6.770536, 7.931485
6.774782, 7.990589
6.782232, 8.052464
6.789317, 8.111295
6.796405, 8.170127
6.800165, 8.226343
6.807307, 8.288253
6.810785, 8.344487
6.814445, 8.403629
6.814935, 8.459969
6.818472, 8.522189
6.824997, 8.584167
6.827912, 8.640433
6.833140, 8.683433
6.861792, 8.804866
6.875401, 8.862538
6.885412, 8.917984
6.895945, 8.976297
6.909956, 9.037022
6.916103, 9.090272
6.926217, 9.151767
6.935836, 9.210237
6.945459, 9.268706
6.951644, 9.324707
6.961457, 9.386252
6.967360, 9.442285
6.970283, 9.498549
6.976501, 9.560559
6.979140, 9.616839
6.985048, 9.678878
6.986403, 9.724648
6.981997, 9.778070
6.988078, 9.850047
6.989300, 9.900046
6.985007, 9.954191
6e8b7807-bd34-41eb-aea0-8d3c6edfa4f6
6.948603, 4.293338
7.083933, 4.337379
7.105946, 4.352040
7.125946, 4.347982
7.196497, 4.360504
7.237044, 4.363217
7.288897, 4.365187
7.314841, 4.367670
7.434180, 4.398692
7.472654, 4.405602
7.521260, 4.408249
7.560368, 4.413376
7.617450, 4.422370
7.660406, 4.433684
7.709532, 4.446624
7.768673, 4.460652
7.801368, 4.466869
7.898164, 4.508491
7.927374, 4.517795
7.975229, 4.526752
8.011598, 4.538127
8.063828, 4.551328
8.124925, 4.563682
8.183014, 4.575428
8.227204, 4.587418
8.280733, 4.605044
8.335135, 4.624533
8.363111, 4.636146
8.426622, 4.667144
8.468670, 4.684337
8.511760, 4.698721
8.571762, 4.715596
8.630663, 4.730607
8.692662, 4.749496
8.745624, 4.768761
8.797489, 4.790813
8.848182, 4.807487
8.904117, 4.821157
8.960947, 4.830424
9.032949, 4.837616
9.081865, 4.844006
9.130566, 4.851876
9.191910, 4.864822
9.240140, 4.878060
9.277082, 4.889752
f97b62c6-0fc3-45fe-a5d5-9c0280975e52
7.092562, 4.394569
7.135944, 4.507936
7.415382, 4.744423
7.427949, 4.762902
7.447595, 4.797113
7.476847, 4.836032
7.500184, 4.869574
7.520194, 4.903573
7.556400, 4.956240
7.594770, 5.012054
7.632507, 5.061664
7.661049, 5.094242
c32e87dc-1607-4dac-b3e4-9d231ad33efc
6.862503, 4.420021
6.721447, 4.445551
6.656879, 4.457238
6.616647, 4.470604
6.472203, 4.557558
6.427081, 4.570374
6.346648, 4.591077
6.273819, 4.620743
6.180815, 4.656343
6.132761, 4.679545
6.058450, 4.706734
6.003070, 4.715837
5.880750, 4.815930
5.819360, 4.847138
5.738693, 4.892866
5.653947, 4.933651
5.531053, 4.983997
5.431904, 5.033206
5.342744, 5.065715
5.273954, 5.104305
5.169384, 5.159061
5.084935, 5.189179
5.016786, 5.207127
4.981974, 5.233681
4.843687, 5.293083
4.742559, 5.336524
4.656987, 5.373282
4.547702, 5.416968
52a426fd-6063-4c3c-8a44-2aaf508a8b2a
6.900035, 4.318815
6.812403, 4.292678
6.782264, 4.286851
6.749675, 4.272928
6.712705, 4.260349
6.657587, 4.254282
6.622813, 4.228864
6.604970, 4.234433
6.575137, 4.223696
6.555067, 4.213292
6.534197, 4.201068
6.456458, 4.183202
6.411665, 4.175979
6.371641, 4.168009
6.322134, 4.159677
6.279753, 4.158615
6.202046, 4.158165
6.160608, 4.154933
6.005633, 4.164607
5.962034, 4.168829
5.922642, 4.169636
5.864855, 4.169323
5.818569, 4.164582
5.765214, 4.163631
5.714422, 4.162726
5.654235, 4.164647
5.584356, 4.165940
5.483966, 4.169742
5.444789, 4.168193
5.413228, 4.172899
5.369080, 4.182470
5.326769, 4.193174
5.295137, 4.196545
5.244622, 4.201929
5.187019, 4.206563
5.137753, 4.209025
5.091279, 4.206851
5.038971, 4.205904
4.986657, 4.206453
4.923796, 4.208609
4.863791, 4.213663
2a1a39e9-166d-456b-9f8a-34eb5d917015
6.722744, 5.694284
6.810728, 5.738194
6.856708, 5.756631
6.894057, 5.773220
6.930811, 5.789544
6.996173, 5.797823
7.051640, 5.797488
7.120571, 5.818717
7.158398, 5.824103
7.200309, 5.830070
7.245202, 5.831927
7.281597, 5.828938
7.354577, 5.816939
7.384672, 5.813508
7.412266, 5.814882
7.461435, 5.818828
7.496688, 5.826162
7.541977, 5.834055
7.566999, 5.838416
66e1422c-12e0-481d-ba35-efb90976e7a0
6.657466, 6.162653
6.592056, 6.201885
6.501798, 6.234770
6.458818, 6.251198
6.364068, 6.282889
6.274854, 6.310510
6.190926, 6.329981
6.111393, 6.350562
6.069236, 6.366109
5.870567, 6.423857
5.812664, 6.429779
5.740273, 6.481157
5.620682, 6.513840
5.513632, 6.538709
5.407270, 6.567762
5.316651, 6.590334
5.260283, 6.602238
5.215642, 6.611161
096b58b2-0e36-45ca-9a83-55806a7b563e
6.667485, 5.906205
6.590563, 6.023027
6.517942, 6.133920
6.294862, 6.405551
6.278122, 6.418860
6.245474, 6.440993
6.209646, 6.468901
6.177303, 6.486503
6.169490, 6.503702
6.156753, 6.520882
6.141001, 6.547272
fd7fa8c6-10d0-46cd-9e77-210af7ed8671
6.849681, 4.841659
6.908457, 4.851388
6.960156, 4.884872
7.078376, 4.960437
7.097864, 4.976018
7.115598, 4.993567
7.134162, 5.011431
7.146729, 5.012006
7.167996, 5.025721
7.199437, 5.049558
7.221363, 5.066183
7.245798, 5.080952
7.277567, 5.093158
7.309222, 5.106924
7.365811, 5.149313
7.395101, 5.176864
7.432105, 5.211670
7.471796, 5.244897
7.496142, 5.265277
78413917-3254-4fee-9e12-73c675134bff
6.787351, 5.251684
6.721544, 5.262789
6.657449, 5.284436
6.641358, 5.279433
6.604680, 5.264894
6.582986, 5.253074
6.562017, 5.253943
6.539506, 5.251879
ac9ca0f7-3ca2-488e-bc73-b6a7006c766e
6.668254, 6.976466
6.631174, 6.993705
6.542320, 7.025737
6.472627, 7.050862
6.439156, 7.069293
515acfb9-40a6-48f3-af1d-41f18a8b9266
6.715391, 6.269857
6.804899, 6.305662
6.858379, 6.356577
6.905534, 6.397337
6.946153, 6.436403
6.995215, 6.477361
7.049316, 6.520576
7.100135, 6.563085
7.134882, 6.596052
7.157915, 6.617905
6b21a7c1-5273-4d32-be06-6d20f4739d9d
6.769100, 6.769100
6.797852, 6.777177
6.859146, 6.786828
6.910565, 6.788635
3c3a5568-0414-4f01-920d-05c30f5e05f2
6.920234, 4.768129
6.996188, 4.759113
7.040053, 4.749384
7.088508, 4.740170
7.117922, 4.731530
7.167242, 4.714012
1d6524b5-dbf0-4834-bfc8-f72ca3e3713b
6.898206, 4.200028
6.800868, 4.190922
6.761978, 4.184278
6.720249, 4.177149
6.685498, 4.174249
6.643311, 4.170728
6.612657, 4.171174
6.576677, 4.171697
6.554230, 4.169029
