main root
6.307346, 4.645583
6.269350, 4.812800
6.223962, 5.026001
6.204422, 5.175002
6.171837, 5.320388
6.154613, 5.422755
6.134939, 5.523653
6.122297, 5.588488
6.105873, 5.647709
6.099176, 5.687545
6.093494, 5.728588
6.095274, 5.768143
6.090375, 5.842888
6.079505, 5.982875
6.063535, 6.068380
6.047332, 6.232370
6.042047, 6.327533
6.024444, 6.551725
6.006651, 6.639659
5.922546, 6.705751
5.863486, 6.771549
5.837497, 6.861101
5.834831, 6.971008
5.867077, 7.084979
5.917065, 7.252323
5.901267, 7.349067
a17af9f2-10b5-4256-ad8b-b9f94cb01cff
6.385446, 4.733095
6.439125, 4.761083
6.507213, 4.799874
6.546852, 4.819472
6.571425, 4.834767
6.616746, 4.864094
7.045413, 5.113036
841f1571-1724-4bad-a081-0ae2a17e0c1c
6.274028, 4.825202
6.390496, 4.930206
6.432978, 4.981936
6.455633, 5.014241
6.484111, 5.049634
6.510651, 5.082619
6.541399, 5.116059
6.567940, 5.147134
6.607264, 5.186262
6.722538, 5.323464
ea9e7f13-b4ef-4c3e-8c7a-f5296e9e6cf6
6.245003, 4.895689
6.118901, 4.967951
6.083615, 5.022114
6.033888, 5.077753
5.933858, 5.156638
5.812773, 5.271089
f5b7378f-8c3b-4561-ba12-211e29f6f795
6.252633, 5.143500
6.327408, 5.171720
6.369952, 5.184304
6.434404, 5.198869
6.500203, 5.212827
6.563043, 5.227687
6.605178, 5.245646
94188104-ecd3-4093-95d2-d091ed513bf7
6.304298, 4.963768
6.367939, 4.987471
6.420228, 5.004029
6.543538, 5.059592
6.565727, 5.066563
6.598038, 5.072173
6.621207, 5.078552
6.640280, 5.088370
6.666878, 5.100282
6.682149, 5.113680
03513b7e-708f-471b-be0f-3a0f926a337f
6.300113, 4.707921
6.428207, 4.794453
6.476959, 4.821374
6.520879, 4.848601
6.556804, 4.870882
6.605113, 4.890265
6.644486, 4.924711
6.672037, 4.940875
6.708495, 4.962272
6.753154, 4.981541
6.782212, 5.000598
6.836218, 5.030649
6.865626, 5.048725
6.887265, 5.062026
d816aef7-5c79-4a14-bf7c-f9ebba9c3d1a
6.260080, 4.550771
6.191056, 4.527392
6.166424, 4.527135
6.127116, 4.523732
6.095329, 4.526988
6.050542, 4.534584
6.008803, 4.541663
5.968290, 4.547017
5.919215, 4.551991
5.854130, 4.563101
5.801968, 4.572006
5.750946, 4.583665
466c2c48-9df6-4b71-b70c-fed7294f7a56
6.192020, 4.688368
6.122857, 4.720083
6.057898, 4.754244
6.006032, 4.771028
5.975013, 4.783261
5.894690, 4.789492
5.864477, 4.794866
3f2f4865-567d-4ca3-8f05-0e4d762ccbc7
6.185260, 4.760414
6.121508, 4.717903
6.053929, 4.697562
6.018193, 4.688105
5.993262, 4.676796
5.954672, 4.659426
5.900580, 4.636718
5.859564, 4.625994
5.817444, 4.621169
5.771625, 4.617426
5.702029, 4.622958
4911c967-15c0-43b1-b681-d3673614aec9
6.187616, 4.932378
6.054859, 4.921359
6.024808, 4.924485
5.981460, 4.922977
5.935829, 4.922558
5.904112, 4.926431
5.851614, 4.937365
5.824011, 4.938527
5.774688, 4.939105
5.683474, 4.944665
5.640205, 4.951457
5.607150, 4.953615
5.579012, 4.958451
6d614ce8-cf7b-4e42-a557-c9da980d9334
6.168928, 5.096823
6.145164, 5.131449
6.120434, 5.151311
6.099556, 5.165078
6.065444, 5.181773
6.034864, 5.190536
5.985004, 5.206380
5.950711, 5.217277
d33a16e8-8628-4a22-bcdd-6ea441f301fb
6.164994, 5.292396
6.106521, 5.320131
6.055507, 5.342897
6.005285, 5.359357
