main root
6.601808, 3.299100
6.649032, 3.956335
6.683435, 4.245577
6.703838, 4.599072
6.670094, 4.915387
6.597893, 5.126309
6.511645, 5.381011
6.378202, 5.814575
6.261779, 6.271683
6.194432, 6.547617
6.145875, 6.765477
6.099765, 7.017003
6.068371, 7.394066
6.096361, 7.693042
6.121836, 7.842082
6.168329, 8.072833
6.211351, 8.233354
6.269277, 8.463374
6.314851, 8.636112
6.359446, 8.849599
6.386611, 9.202756
6.417766, 9.428028
6.446315, 9.940912
6.401629, 10.430660
6.367186, 10.767468
6.333470, 11.277725
6.323021, 11.723801
6.205062, 12.116149
16190540-b1a8-44e8-b761-88f7423fe85e
6.428750, 10.287833
6.508423, 10.306306
6.621358, 10.345573
6.767229, 10.380569
f4530dea-20c4-4914-afe9-d13bca9e22e6
6.449312, 10.014901
6.610013, 10.048014
6.746131, 10.073113
6.834011, 10.088034
c79cdf8a-8d7a-4d90-9664-752edd8b36fb
6.414192, 9.386790
6.554611, 9.441744
6.608597, 9.420794
6.797388, 9.422737
6.935120, 9.408401
dde51e22-8edc-46d8-9c08-00a87cbef02f
6.384403, 9.229247
6.287077, 9.289971
6.159223, 9.335626
5.979730, 9.390738
5e8e8c94-787d-4d04-8bb2-d6cc55a39d6b
6.380356, 8.994580
6.502789, 9.028311
6.605050, 9.061233
6.781105, 9.106280
11f52131-c746-4a73-9ff6-83a25b064799
6.342273, 8.744224
6.482780, 8.782714
6.626984, 8.790008
6.698845, 8.797077
6.854877, 8.803576
66cbd6be-5f5a-4c04-9b31-3b043f714085
6.225125, 8.343707
6.115863, 8.390810
5.957243, 8.452803
5.825175, 8.497386
5.662194, 8.537620
fc48ca36-1792-4aa4-9b9b-06a995084a0c
6.150765, 7.977343
6.276145, 8.005050
6.436555, 8.030948
6.604033, 8.034677
6.702199, 8.031464
82ec2b3b-a946-4892-830e-6808d8228c72
6.175710, 8.108086
6.059182, 8.148126
5.762358, 8.229410
ee2c9006-48a1-440b-8021-34c39118ca48
6.098053, 7.709796
6.006094, 7.754327
5.891107, 7.798511
5.790315, 7.830398
5.689225, 7.847989
5.566329, 7.884091
5.462741, 7.900219
a15473e7-edaa-446d-8a1a-d5090a0ac00e
6.083563, 7.253795
6.238862, 7.326709
6.508750, 7.443161
6.727364, 7.531110
6.969006, 7.602082
7.372161, 7.714330
f7854a1c-764d-4747-8881-8c80cd5891b7
6.070596, 7.302676
6.022905, 7.349542
5.892126, 7.376102
5.754734, 7.379969
5.603011, 7.369668
5.489334, 7.345244
5.371367, 7.340572
5.271082, 7.329746
5.179154, 7.289963
5.129389, 7.265811
2ddbe9d4-ec35-458b-b1dc-6749fb2ebd04
6.082338, 6.976644
5.963214, 7.029145
5.836661, 7.060852
5.696308, 7.086549
5.515957, 7.117306
5.285218, 7.138389
5.207403, 7.138799
fcf8bd63-9c31-45d6-8ae2-9cdf1c1b5439
6.625166, 5.067300
6.704331, 5.185318
6.799120, 5.250118
6.937889, 5.309928
7.088532, 5.376061
7.204631, 5.450751
7.386660, 5.591990
7.454750, 5.643782
e0a567c4-c004-4610-bee4-593c00aa74a2
6.488916, 5.336267
6.386334, 5.436652
6.230825, 5.505609
6.082772, 5.537880
5.957902, 5.570715
5.771415, 5.636134
5.403131, 5.729794
4.927997, 5.825201
4.902659, 5.829281
b6606c8f-1819-4394-8646-4aa8363c664b
6.623368, 4.984596
6.562425, 4.988585
6.412504, 4.973016
6.152910, 4.884030
5.916144, 4.821689
5.775732, 4.764222
5.672398, 4.729542
5.463039, 4.673345
5.371898, 4.650509
0be74046-1bab-495b-929e-6988aab5a40c
6.697091, 4.754631
6.564450, 4.784508
6.394472, 4.799158
6.262924, 4.779439
6.102573, 4.715152
5.875005, 4.625065
5.729811, 4.566447
7f3a8eb2-c026-49ca-b565-b24da687bb0a
6.688170, 4.539033
6.616530, 4.560443
6.464964, 4.585030
8438261b-65a9-42a0-88f4-63206f5b48a5
6.652619, 3.549309
6.716258, 3.555461
6.800286, 3.574740
6.872966, 3.596682
7.050808, 3.631524
7.185432, 3.653177
7.404251, 3.691492
7.565330, 3.706661
7.792636, 3.742770
8.040461, 3.771799
8.233471, 3.804292
8.525236, 3.874975
8.800736, 3.926448
9.031372, 3.953080
5c99893b-d7c3-4b3e-91dc-109dab10a2b4
6.628533, 4.014930
6.519327, 4.066146
6.363047, 4.117901
19cb2c4f-a5f3-4f15-a819-4318b5388c91
6.644153, 4.226642
6.553268, 4.257998
6.354611, 4.267083
6.142567, 4.299655
5.753258, 4.298213
5.643310, 4.312097
5.554899, 4.297480
1c12949b-42e3-43b4-9926-4c68264920e0
6.615185, 3.790995
6.410980, 3.771292
6.237405, 3.759237
5.925663, 3.764381
5.737573, 3.785507
5.644967, 3.782073
5.536256, 3.802225
333c42f8-39cd-4ba9-a3c7-e1b044f37407
6.582833, 3.534833
6.422352, 3.589097
6.235171, 3.657393
6.011231, 3.706192
5.849547, 3.717484
5.700000, 3.760402
5.397237, 3.832447
5.167400, 3.886436
5.009753, 3.921948
cc2d3805-72c1-4d47-8cd9-2385eb1f72b1
6.606111, 3.298031
6.441825, 3.322462
6.235392, 3.436121
5.863167, 3.678767
