main root
6.298379, 5.026485
6.212179, 5.253457
6.196301, 5.428370
6.147987, 5.580808
6.097062, 5.666541
6.027382, 5.790976
5.974571, 5.928822
5.926806, 6.022049
5.837238, 6.128579
5.801149, 6.219725
5.763555, 6.326076
5.752758, 6.381871
5.741393, 6.473812
5.723970, 6.529353
5.707274, 6.597591
5.690075, 6.661578
5.677779, 6.736162
5.667994, 6.804717
5.652073, 6.863308
5.633259, 6.926837
5.613013, 6.989925
5.591349, 7.052539
5.579125, 7.092451
5.569833, 7.148347
5.562418, 7.220332
5.551473, 7.282786
5.538564, 7.347774
5.531250, 7.423010
5.528731, 7.495333
5.519154, 7.555289
5.507916, 7.638797
5.492580, 7.745682
5.471342, 7.899786
5.458662, 7.991789
5.448062, 8.084105
5.442622, 8.167844
5.436584, 8.260784
5.432660, 8.353623
5.426253, 8.455124
5.411388, 8.556303
5.410544, 8.648874
5.399168, 8.743085
5.391206, 8.844307
5.386018, 8.937085
5.383386, 9.021306
5.380741, 9.105928
5.375722, 9.199180
5.372379, 9.300663
5.369591, 9.385286
5.366525, 9.478369
5.362569, 9.552989
5.358534, 9.629087
5.357830, 9.721849
5.355894, 9.779609
5.359692, 9.845028
5.343686, 9.891425
5.348893, 10.084290
5.344802, 10.154635
5.338414, 10.264517
5.336243, 10.374757
5.334076, 10.484805
5.334350, 10.577722
5.334650, 10.679317
5.332822, 10.772686
5.327002, 10.858101
5.324898, 10.950836
5.324894, 11.043756
5.327005, 11.145271
5.331231, 11.246722
5.332699, 11.331821
5.336225, 11.416017
5.339059, 11.483693
5.341894, 11.551370
5.347883, 11.644106
5.347841, 11.689893
5.347131, 11.745193
5.355180, 11.892681
5.358602, 11.927913
5.356973, 11.957586
5.359355, 11.996135
5.359858, 12.028537
5.361902, 12.063875
5.361788, 12.087824
5.338018, 12.179548
5.343779, 12.464029
5.345664, 12.557116
5.349648, 12.649948
5.351895, 12.751631
5.357894, 12.835340
5.360388, 12.929006
5.362868, 13.022113
5.357331, 13.132148
5.366573, 13.243208
5.373068, 13.321255
5.285640, 13.402388
4.922103, 13.432492
8e71e976-9b84-4581-a2ae-9b7056e0e058
6.192162, 5.357657
6.093732, 5.368265
6.056747, 5.373623
6.027921, 5.382201
6.008020, 5.399958
5.940825, 5.419199
5.893475, 5.431122
5.867813, 5.439051
5.840629, 5.452070
5.827832, 5.474935
5.792818, 5.500486
5.660497, 5.575159
5.589843, 5.626310
5.516857, 5.674234
5.373831, 5.757073
5.173914, 5.862799
5.018076, 5.931595
4.798878, 6.055962
4.639017, 6.127054
4.555075, 6.168106
4.425265, 6.226196
4.186617, 6.337486
3.798712, 6.494215
3.629938, 6.602960
3.176540, 6.898726
b36ec012-83e5-4540-9e94-47a062f33957
6.214307, 5.154063
6.115606, 5.224779
6.050947, 5.273634
5.996031, 5.320758
5.959568, 5.346130
5.904345, 5.382733
5.849149, 5.413930
5.788484, 5.453377
5.730384, 5.496511
5.676311, 5.534792
5.619959, 5.580188
5.585797, 5.603864
5.379100, 5.753662
4.911096, 5.967390
4.860613, 5.990149
4.791918, 6.019476
4.723439, 6.045455
4.648190, 6.078502
4.605154, 6.094132
4.579512, 6.114444
4.340000, 6.236272
4.296863, 6.256230
4.252152, 6.276917
4.155122, 6.322711
4.112844, 6.337399
4.067398, 6.351315
4.027424, 6.352314
4.017633, 6.375410
3.960491, 6.399137
3.885277, 6.432646
3.833150, 6.464062
3.774118, 6.503135
3.718242, 6.542211
3.187936, 6.882020
3.131359, 6.916497
3.081059, 6.952406
3.025584, 6.993850
2.972231, 7.028105
2.946822, 7.053312
2.898702, 7.109481
2.853821, 7.150366
2.789519, 7.206138
2.749544, 7.240810
2.708399, 7.266735
bade7e1c-a9f1-4d7b-846e-6886d20bd7e0
6.327394, 5.261910
6.412081, 5.466818
6.441706, 5.516764
6.471602, 5.554874
6.489857, 5.580749
6.506774, 5.607520
6.526440, 5.636045
6.545303, 5.663408
6.557794, 5.683967
6.569080, 5.705210
6.578055, 5.731436
6.594660, 5.765744
6.685033, 5.914458
18d38522-2301-40a9-a263-c9f3aaa1c95b
5.763202, 6.713961
5.785844, 6.731348
5.812202, 6.753551
5.842542, 6.757763
5.956216, 6.812025
6.183880, 6.832903
6.217421, 6.841990
6.263401, 6.862201
6.341358, 6.894202
6.398162, 6.922372
6.436636, 6.933098
6.554558, 6.957119
6.614711, 6.977838
6.658640, 6.991386
7eda4eac-030a-4562-b7fc-6c0917076076
5.657168, 6.743714
5.616523, 6.746800
5.559894, 6.748781
5.506910, 6.755126
5.451855, 6.765590
5.335287, 6.769896
5.266320, 6.770826
5.202297, 6.790456
5.136508, 6.809062
5.011909, 6.808222
4.950527, 6.807807
4.898766, 6.808025
57c2e12e-defa-455e-a270-037a1f584c7f
6.106710, 5.690988
6.152299, 5.932309
6.159500, 5.973233
6.204815, 6.029986
6.218315, 6.054091
6.233892, 6.088030
6d651657-3495-40e7-b226-71fd5e05fbd1
5.591874, 7.795652
5.614469, 7.801782
5.684841, 7.821149
28f48bae-3cee-493e-a14d-3a00ae2b36e4
5.557246, 7.643324
5.509640, 7.639627
5.472684, 7.641706
29fac1d4-2d83-4078-ad8f-59ca54f81663
5.502965, 8.084472
5.453742, 8.095084
12120ece-65fe-46bb-ab12-68d7eeb8d1f2
5.465233, 8.513233
5.420097, 8.523245
15ccc817-84eb-485f-94ef-75b989717787
5.682087, 6.943775
5.645028, 6.935954
5.589497, 6.919937
5.559534, 6.915967
