main root
5.535622, 3.849377
5.652922, 4.190503
5.719427, 4.458710
5.753189, 4.780659
5.744363, 5.355516
5.698092, 5.845149
5.594674, 6.095707
5.472120, 6.556346
5.415131, 7.227744
5.202639, 7.763530
5.113520, 8.121352
5.024111, 8.705253
4.993167, 8.929659
ebc76add-7c1e-4c3a-8b69-39497c2169fb
5.614622, 4.205707
5.541447, 4.221753
5.468981, 4.248280
05bbcd93-0bf3-4729-80ab-29c11b83e594
5.466796, 6.561991
5.178160, 6.707866
5.028968, 6.709816
4.912432, 6.684305
27a13c00-d9c7-45f0-bae1-6ae2c69b921e
5.776976, 5.381310
5.975618, 5.373343
6.356759, 5.380275
6.871220, 5.504859
6.944658, 5.511693
7ecbbe53-5848-4027-ac9c-3ed32ec080f7
5.558367, 6.159500
5.479023, 6.088006
5.415622, 6.012608
5.359261, 5.962631
37c185f6-9722-45c2-8169-55aaeae30b71
5.674822, 5.888164
5.489554, 5.768712
5.379861, 5.757333
5.335312, 5.738570
ae5be28c-5ead-4aaa-a3f7-cb0c49ea270d
5.666536, 5.950822
5.904145, 6.117221
6.182783, 6.193366
6.338612, 6.203744
6.431827, 6.223778
fdd8c745-2823-468c-99d9-55607b09c928
5.727678, 4.534957
5.602479, 4.678328
5.455355, 4.830233
5.288827, 5.083909
5.149864, 5.412744
5.135304, 5.643124
1084f377-454a-489d-babc-318278c68801
5.749639, 4.795699
5.448356, 4.924187
5.270818, 4.986855
4.943000, 5.014932
4.717939, 5.038138
4.579394, 5.073518
4.294873, 5.121572
4.120439, 5.162015
3.961919, 5.185659
3.796900, 5.269743
3.658083, 5.383777
0a3dc25b-690f-40e9-9ae4-90aeb904ffae
5.693819, 4.390671
5.563099, 4.436821
5.454942, 4.467448
5.260304, 4.491709
5.106005, 4.537333
4.891624, 4.564215
4.680726, 4.581550
4.352001, 4.625195
4.139695, 4.704490
3.968429, 4.744946
3.859757, 4.759264
3.465309, 4.864569
3.273848, 4.913991
405ea985-af36-4396-9c2a-116a10206674
5.699275, 4.418640
5.552566, 4.493795
5.289699, 4.638235
5.157197, 4.658347
4.878084, 4.699573
4.617508, 4.786841
4.471773, 4.843510
4.290483, 4.922308
4.082341, 5.035294
5f7a293a-accc-4de2-b3cf-f7a32d1121f2
5.653600, 4.221425
5.519840, 4.317427
5.448898, 4.355374
5.324046, 4.440589
4.976307, 4.594609
4.807682, 4.672951
4.671483, 4.718050
4.445000, 4.831292
4.274608, 4.902200
4.156075, 4.967817
3.877733, 5.185834
3.704167, 5.318125
3.466169, 5.610294
2.960369, 6.208165
2.707386, 6.466096
2.404133, 6.831760
c2480c73-cb99-4185-982f-88fb5ff7ddbc
5.341645, 3.827626
5.217557, 3.897296
5.118043, 3.963349
4.928893, 4.009061
4.764161, 4.102441
230ba08d-55ac-4514-a700-3fdc96e99018
5.367574, 3.797135
5.206673, 3.774722
5.111314, 3.810611
4.747484, 3.957533
4.552026, 4.012905
4.292568, 4.122943
4.111595, 4.181509
4.004973, 4.238885
3.773311, 4.343400
3.436056, 4.402667
3.148189, 4.481688
2.840567, 4.559300
2.679700, 4.587522
2.444044, 4.739922
2.132189, 4.890911
1.717322, 5.096933
1.343378, 5.324122
1.188155, 5.465233
0.832908, 5.751512
75287ce0-15b3-4130-8c57-bf6af81c363e
5.465568, 3.852320
5.374217, 3.782483
5.099938, 3.752426
4.627343, 3.795333
4.429088, 3.762956
4.230902, 3.746229
4.166807, 3.735452
4.096428, 3.725060
4.011506, 3.738165
3.807367, 3.737872
3.728065, 3.727311
3.417180, 3.720457
3.330905, 3.711935
3.237096, 3.717145
3.066002, 3.704631
2.924718, 3.708901
2.541793, 3.721618
9d0b4a27-68d1-4ab9-8018-9220fd7b1c65
5.558367, 4.025900
5.176467, 4.113301
4.839354, 4.176826
4.711360, 4.188407
4.602272, 4.203643
4.392628, 4.226221
4.016109, 4.324462
3.778250, 4.370917
3.445933, 4.439355
3.155244, 4.515555
2.850444, 4.597400
2.696633, 4.641145
2.456039, 4.768145
2.143125, 4.919133
1.733550, 5.125508
1.364192, 5.354108
1.205442, 5.489575
0.852164, 5.773817
0.661150, 5.937076
1f044d9d-d46e-4dfb-bc55-19bd7109ff0e
5.548421, 3.972682
5.408443, 4.010986
5.174544, 4.099278
4.865158, 4.161366
4.714875, 4.174067
4.391025, 4.210050
4.014611, 4.315177
3.818467, 4.347633
3.441700, 4.422422
3.151717, 4.498622
2.688696, 4.616979
2.553229, 4.694237
d471b5b5-be56-4872-a1d3-b36b413e64f5
5.718161, 5.658802
5.328944, 5.858790
5.268678, 5.911433
5.172179, 6.029780
