main root
6.951329, 5.823261
7.096544, 6.089571
7.214593, 6.325879
7.277636, 6.475697
7.309989, 6.596096
7.321307, 6.706091
7.321302, 6.823159
7.279466, 7.007478
7.272479, 7.151646
7.267662, 7.371048
7.269571, 7.474103
7.296932, 7.573900
7.321065, 7.672599
7.337982, 7.782597
7.346939, 7.844971
7.361155, 7.922916
7.369602, 7.994250
7.379457, 8.095469
7.394196, 8.169609
7.380082, 8.244936
7.386639, 8.353680
7.383487, 8.400885
7.375623, 8.473728
7.364789, 8.546194
7.353523, 8.621554
7.342257, 8.696911
7.332249, 8.773978
7.321344, 8.857943
7.308546, 8.910014
7.300302, 8.968645
7.297145, 9.034101
7.291446, 9.090170
7.285454, 9.149138
7.276789, 9.204827
7.271151, 9.260534
7.282077, 9.346427
77a0f26a-0086-469f-a9b2-c506d2cb01a4
7.082367, 6.176433
7.059226, 6.250306
7.044612, 6.286938
7.047338, 6.311263
7.036252, 6.361792
7.024587, 6.407978
7.008000, 6.473647
6.990424, 6.549349
6.981018, 6.616328
6.972969, 6.695170
6.968287, 6.755774
6.965823, 6.826520
6.970610, 6.904068
6.973783, 6.989123
6.974124, 7.038449
6.969956, 7.084791
6.963479, 7.140086
72def13d-d28f-4715-b9dc-d58551e70732
7.104873, 6.037923
7.255899, 6.198862
7.389196, 6.316934
e188cb5f-4707-4fbc-aaf3-9c219e3005a2
7.030960, 5.970645
7.235729, 6.069081
7.528723, 6.431530
7.586344, 6.476573
7.620030, 6.508591
7.667399, 6.543276
7.714628, 6.572278
7.743757, 6.588396
b47bfad8-4ca6-4af3-9154-8ccabf98ef72
7.088123, 6.019821
7.217856, 6.074826
7.273561, 6.133514
7.419020, 6.346002
7.458304, 6.387202
