main root
6.718961, 4.625286
6.643014, 4.912327
6.589789, 5.064845
6.573066, 5.141534
6.570456, 5.235584
6.537140, 5.497890
6.505218, 5.715627
6.441901, 5.955567
6.400814, 6.118501
6.377728, 6.300178
6.352626, 6.465537
6.325047, 6.675423
6.313129, 6.874126
6.283950, 7.004078
6.270189, 7.120955
6.261746, 7.246520
6.270545, 7.367268
6.275546, 7.493694
6.282674, 7.620775
6.289314, 7.739120
6.297594, 7.848949
6.307336, 7.950029
6.319181, 8.050886
6.325038, 8.136307
6.323870, 8.206770
6.341233, 8.276666
6.357343, 8.519032
6.356029, 8.589494
6.361311, 8.627337
6.375227, 8.705360
6.388609, 8.780381
6.405465, 8.857823
6.425234, 8.934571
6.444243, 9.008365
6.452317, 9.075704
6.464717, 9.153982
6.483491, 9.234225
6.504447, 9.310657
6.524598, 9.384149
6.548428, 9.459737
6.567589, 9.530461
6.587515, 9.604012
6.618457, 9.683886
6.617293, 9.791655
6.622504, 9.934031
6.625910, 10.027091
6.629316, 10.120165
6.634429, 10.202347
6.636817, 10.265161
6.640070, 10.634010
6.649096, 10.716864
6.661016, 10.826288
6.670826, 10.935878
6.672103, 11.019920
6.672874, 11.070718
6.672126, 11.120041
6.671099, 11.187767
6.665523, 11.259400
6.657514, 11.323714
6.646797, 11.397656
6.637082, 11.464687
6.626152, 11.540103
6.613956, 11.613822
6.600239, 11.669219
6.581774, 11.731337
6.557035, 11.798804
6.535336, 11.862330
6.522336, 11.900388
f43cdab0-8b09-4bd7-970d-4d489f597475
6.544725, 5.152801
6.443166, 5.216785
6.393671, 5.242473
fa6e3528-d4ba-4d11-816d-34010b0dac51
6.605046, 4.810445
6.526890, 4.800074
6.467059, 4.814572
6.443674, 4.840887
6.421500, 4.905504
159477db-c937-4a3f-b3f9-16dc79c5033a
6.537551, 5.874670
6.612558, 5.910627
6.687959, 5.955128
6.722594, 5.975569
79b18341-ee2c-4a1f-90ec-9dd04d4a1256
6.318837, 7.086507
6.348978, 7.111522
6.364308, 7.128135
6.382977, 7.133544
3218d247-ab43-4ce6-b518-15fc11c47519
6.256479, 7.238797
6.205992, 7.252947
6.181178, 7.267477
