main root
6.586072, 4.714511
6.631292, 5.213930
6.634216, 5.428792
6.620544, 5.664715
6.638707, 5.776964
6.662691, 5.932134
6.671774, 6.025296
6.659955, 6.123358
6.640167, 6.305100
6.627337, 6.422940
6.613590, 6.549189
6.612474, 6.663320
6.621084, 6.771280
6.633231, 6.973766
6.630435, 7.027146
6.625028, 7.072586
6.627238, 7.104428
6.635353, 7.135298
6.661602, 7.193945
6.681793, 7.246382
6.699221, 7.299976
6.723206, 7.359216
6.734401, 7.394842
6.744582, 7.432229
6.752778, 7.479399
5bb3793e-c8b1-41a2-b9a4-05b46dda84a4
6.551845, 4.880840
6.453273, 4.895841
6.424327, 4.894102
6.398973, 4.892580
6.354667, 4.938935
6.331662, 4.961001
6.307632, 4.986280
6.288624, 5.004265
6.270228, 5.019765
6.251092, 5.024238
455335bb-2a2b-4883-9584-8a213e900300
6.587007, 4.960940
6.484561, 5.008620
6.453011, 5.024445
6.417849, 5.035381
6.393596, 5.042925
6.330467, 5.124311
6.314132, 5.150256
6.285594, 5.153424
6.201714, 5.212171
6.148735, 5.239157
fe0944a2-498c-4bc7-8d09-94327f17ee2d
6.546095, 5.050678
6.467561, 5.091814
6.454700, 5.101365
6.413966, 5.131614
6.379208, 5.151833
6.322825, 5.177704
6.252094, 5.213453
6.203161, 5.228123
6.156569, 5.248341
6.114238, 5.269972
6.062763, 5.292913
6.007872, 5.319016
5.959374, 5.343736
5.912256, 5.364435
baca888c-cba4-4968-9b77-e027110a76f0
6.567631, 5.287637
6.489202, 5.329322
6.451764, 5.349056
6.414953, 5.366768
6.369180, 5.388792
6.329126, 5.408065
6.282361, 5.425725
