main root
7.246440, 5.504581
7.048823, 5.650009
6.965861, 5.833985
6.930358, 5.938162
6.904775, 6.052087
6.883833, 6.174163
6.829085, 6.317844
6.817321, 6.378391
6.802125, 6.478783
6.800979, 6.556624
6.797653, 6.641675
6.804789, 6.724560
6.810021, 6.809515
6.819313, 6.892921
6.824444, 6.966006
6.831938, 7.030014
6.846703, 7.104640
6.873803, 7.187633
6.888018, 7.255276
6.903489, 7.338977
6.917543, 7.406777
6.929523, 7.471933
6.932676, 7.530463
6.941047, 7.602337
6.940584, 7.663043
6.947494, 7.738311
6.948613, 7.799593
6.945278, 7.862902
6.951628, 7.941550
6.950711, 7.985962
6.947849, 8.052149
6.949216, 8.124496
6.938298, 8.180467
6.932115, 8.226886
6.935608, 8.251684
6.927812, 8.353647
6.919256, 8.438334
6.914957, 8.522146
6.901735, 8.615665
6.895045, 8.708064
6.886831, 8.792787
6.878660, 8.877061
6.863324, 8.969857
6.849518, 9.053390
6.836446, 9.145385
6.824534, 9.229211
6.809316, 9.321355
6.791290, 9.405045
6.773786, 9.496300
6.749371, 9.579555
6.721078, 9.668553
6.691218, 9.748791
6.656682, 9.835565
6.617041, 9.912731
6.568546, 9.993322
6.525653, 10.068706
6.489473, 10.194589
6.474182, 10.285870
6.460192, 10.369376
6.451145, 10.461576
6.449675, 10.563207
6.452540, 10.655921
6.455417, 10.749005
6.458817, 10.859027
6.464334, 10.969031
6.469423, 11.070505
6.474089, 11.163526
6.476665, 11.256884
6.481062, 11.341039
6.487529, 11.425058
6.498097, 11.508314
6.513938, 11.599709
6.527812, 11.692069
6.538402, 11.776524
6.555220, 11.876644
6.565068, 11.986374
6.575469, 12.078714
6.580918, 12.164161
6.579411, 12.234611
6.574853, 12.307735
6.610539, 12.613163
2c54abf6-f3e5-4960-b7c4-8fc8f6bb328a
6.872808, 7.201340
6.813811, 7.243869
6a36a97d-c2db-466d-b55f-666f57fda50e
6.900256, 7.362573
6.869593, 7.370900
6.839365, 7.372205
efba0439-01e7-452b-a269-bf0f239af38d
6.925554, 7.574650
6.888619, 7.587549
6.875353, 7.593988
635ad290-5050-410a-b64a-7c6feb92529e
6.903983, 7.816932
6.931880, 7.811404
6.895897, 7.821066
6.878245, 7.824791
0f3e13fa-c03c-4145-8ec7-6f5d5bf5611c
6.929959, 8.208786
6.894792, 8.221015
e26df722-27e8-4dae-b953-41d0a62249ed
6.990965, 5.807236
6.905207, 5.849571
6.885819, 5.866762
6.848802, 5.895586
6.802826, 5.925694
6.773156, 5.943337
6.728618, 5.993295
6.711276, 6.030741
6.683901, 6.069200
9c7b8bf3-6f4b-43ee-acbb-4807ef0fbd5b
7.083682, 5.548242
7.058568, 5.517292
7.027704, 5.484022
7.003219, 5.457642
6.981291, 5.441138
6.948804, 5.443395
6.917908, 5.451541
277ca6e9-526c-46a9-98bd-b53478cedb2f
7.208588, 5.626831
7.242490, 5.685253
