main root
6.189149, 3.412396
6.054523, 3.834999
5.733072, 4.231580
5.564773, 4.487781
5.438837, 4.871795
5.475629, 5.192289
5.659216, 5.804111
5.697753, 6.084265
5.881910, 6.615577
5.958149, 6.870857
6.045989, 7.118884
6.098746, 7.469704
6.084871, 7.745226
6.040154, 8.216700
6.017151, 8.325326
b111e821-b586-4b00-9bdb-dbc6bb41a72c
6.124498, 3.596031
6.675496, 3.856164
0340f2a7-b87d-4f61-8c5f-10cba784dda8
6.116114, 3.595936
5.820059, 3.643505
fea30efb-3aa6-427a-9874-bbee7ef8ad37
6.116114, 3.595936
5.832404, 3.855750
5.304527, 4.030636
4.692461, 3.817496
4.479543, 3.861604
4.241219, 4.052040
6cfdf004-53c4-44ad-b396-18fe703ba22a
5.649386, 4.356012
5.788893, 4.579637
6.100385, 5.000449
6.201288, 5.130448
6.256952, 5.178562
f7864491-2975-4542-bab2-794324afba66
5.481423, 4.697907
5.634379, 4.768845
5.819109, 4.915670
6.133661, 5.173729
6.238487, 5.312708
6.313161, 5.381443
a5a227c4-3f36-4143-8494-11866aabbe23
5.450674, 4.938667
5.795001, 5.114947
3627ab99-fa3a-4592-bab2-4fd0b9eb1308
5.856709, 4.135888
6.022875, 4.321549
9cdddaff-cf76-4269-bdff-e1b569e6bfe9
6.055911, 3.840359
6.116239, 3.990085
6.037736, 4.304545
5.398948, 5.147045
5.132848, 5.558419
e0637b8d-4c92-4f81-a269-e7f110ab76ef
6.053582, 3.838792
6.486790, 4.301242
7.021314, 4.868148
7.117136, 4.971462
840fe09c-30a9-4393-89e6-ef372cd89416
6.127739, 3.598895
5.861904, 3.920939
5.646726, 4.173947
5.579455, 4.297432
7bf112ba-4fb2-4a08-bee9-87bbe97faece
5.500235, 5.251636
5.636496, 5.316999
6.033071, 5.722937
6.183041, 5.915512
ff5fe8ad-1bb7-4828-a102-030bb8242fe5
5.444070, 4.821590
5.279693, 4.999440
4.567677, 5.767875
1201b448-b601-4cf6-ad18-424d33531fe8
5.951548, 6.860204
6.155746, 6.951832
6.291235, 7.060678
6.265839, 7.042995
024fd81d-4653-4079-8913-34494d0c107f
5.897033, 6.667500
5.858385, 6.802669
5.803779, 7.051086
5.787954, 7.467610
5.760446, 7.784058
