main root
6.627480, 4.738671
6.720917, 4.975229
6.761746, 5.133476
6.786156, 5.288540
6.804756, 5.497556
6.834067, 5.724306
6.843737, 5.848304
6.842369, 5.966445
6.836960, 6.068146
6.826896, 6.177717
6.810523, 6.286573
6.791205, 6.386565
6.774463, 6.495538
6.755666, 6.603954
6.747714, 6.723920
6.738326, 6.833553
6.730300, 6.952002
6.721316, 7.053308
6.722685, 7.186049
6.721742, 7.299627
6.714550, 7.401399
6.707388, 7.502753
6.693881, 7.603893
6.677970, 7.738789
6.661850, 7.839349
6.649222, 7.931412
6.639828, 8.015158
6.633206, 8.092796
6.621327, 8.164664
6.613549, 8.314069
6.614853, 8.370651
6.614274, 8.421129
6.615001, 8.466842
6.603013, 8.543664
6.590126, 8.579317
6.598014, 8.601955
6.599340, 8.680042
6.597447, 8.744825
6.597168, 8.805611
6.592386, 8.868836
6.591314, 8.922706
6.585736, 8.977377
6.581916, 9.029549
6.582359, 9.085014
6.576729, 9.129869
6.574807, 9.193259
6.573010, 9.252499
6.571214, 9.311741
6.569418, 9.370982
6.567109, 9.447149
6.562411, 9.503308
6.564879, 9.545632
6.568330, 9.604800
6.573361, 9.665378
6.577567, 9.716006
6.579242, 9.772338
6.584085, 9.834485
6.586259, 9.881646
6.584194, 9.931592
7c2dbd5f-0914-4aa4-97e0-2d039dee9ee7
6.616026, 4.865239
6.556938, 4.933685
6.504217, 4.952735
6.475942, 4.970718
6.449506, 4.999947
6.382504, 5.044529
6.319006, 5.072589
6.290729, 5.083448
6.262715, 5.102222
6.238628, 5.123770
6.214848, 5.147052
f176fe16-a8d3-4d39-99b4-7b51520e2dec
6.698817, 5.221774
6.612142, 5.249681
6.541127, 5.268252
6.371154, 5.317059
6.254672, 5.357431
6.228484, 5.366808
6.189545, 5.379161
6.153160, 5.387561
6.126170, 5.396864
8b246922-5616-4b23-8496-758e6e3af200
6.746011, 5.120500
6.894304, 5.166297
6.921489, 5.201180
6.951571, 5.247087
7.000982, 5.314923
7.054211, 5.377831
7.085424, 5.423988
7.120394, 5.481047
7.148508, 5.535510
8748b851-9854-41e7-a5b2-789c0db049e8
6.766947, 5.309662
6.931559, 5.351612
6.970183, 5.363633
7.000454, 5.374291
7.147623, 5.459020
72b4431c-b687-426b-b8be-654603dab472
6.729960, 5.535207
6.689211, 5.545837
6.663404, 5.545037
6.616700, 5.541433
6.583636, 5.553116
6.547567, 5.567349
6.518558, 5.579347
