main root
7.788020, 5.308501
7.738820, 5.526435
7.671380, 5.681216
7.630533, 5.856203
7.577901, 6.044522
7.544156, 6.235852
7.499932, 6.403010
7.467085, 6.560785
7.440659, 6.697236
7.425791, 6.835707
7.411593, 6.986804
7.405497, 7.132953
7.393728, 7.289246
7.382740, 7.435164
7.370017, 7.589612
7.358026, 7.735171
7.347886, 7.907225
7.343197, 8.067656
7.326876, 8.239219
7.316425, 8.391793
7.297110, 8.553841
7.276177, 8.747298
7.237345, 8.955794
7.182893, 9.174612
7.130487, 9.376443
7.075286, 9.572205
7.026580, 9.760491
6.984721, 9.881396
6.945944, 9.993403
6.918963, 10.058479
6.870472, 10.193477
6.817785, 10.321127
6.773608, 10.453929
6.725413, 10.606639
6.673907, 10.733679
6.606361, 10.883862
6.528855, 11.025859
6.459892, 11.152203
6.407160, 11.248811
6.379779, 11.298974
e15b7cb1-13bf-4749-8801-44c55c282852
7.686501, 5.331016
7.652386, 5.358036
7.620801, 5.362844
7.579410, 5.370216
7.534017, 5.379550
7.472073, 5.378254
7.415523, 5.372439
7.370139, 5.370781
7.327845, 5.369237
7.266082, 5.371474
7.203975, 5.376718
7.123954, 5.387982
7.040815, 5.401779
6.987009, 5.415260
6.942088, 5.420343
6.910789, 5.428403
6.852318, 5.445007
6.787161, 5.463509
6.732207, 5.476002
6.674412, 5.489141
6.617745, 5.500487
6.551328, 5.513786
6.493215, 5.525423
6.414976, 5.545668
6.349402, 5.562635
6.290951, 5.579307
6.226844, 5.596036
6.159167, 5.616790
6.086313, 5.639132
6.029653, 5.656508
5.972000, 5.675754
5.905862, 5.700988
5.840851, 5.728996
5.788340, 5.759767
5.716704, 5.804150
5.674002, 5.828845
5.614274, 5.866844
5.551362, 5.901546
5.492637, 5.932228
5.435139, 5.955515
5.379376, 5.979713
5.318020, 6.004707
5.254469, 6.032212
5.192308, 6.059115
5.120818, 6.093317
5.067354, 6.118895
5.013892, 6.144471
4.959726, 6.172044
4.900019, 6.200757
4.859261, 6.222019
4.813091, 6.241182
b4d83a6e-9030-461a-bf1f-9046d41e1c40
7.358977, 6.903879
7.279389, 6.926398
7.190276, 6.954402
7.123636, 6.978275
7.080886, 6.995180
7.038432, 7.036206
6.985637, 7.063861
6.916893, 7.103253
6.849688, 7.145218
6.792346, 7.173971
6.726920, 7.200080
6.656168, 7.228313
6.551743, 7.263150
6.457601, 7.301245
6.381463, 7.336529
6.313783, 7.364595
6.251553, 7.393642
6.201936, 7.411846
4369e9af-00a7-4d73-9184-f6e3c7246cd5
7.448988, 7.098362
7.504582, 7.098963
7.547676, 7.105097
7.589947, 7.112865
7.652098, 7.147822
7.705413, 7.160380
7.775981, 7.180078
7.843840, 7.203682
7.940425, 7.235038
8.021908, 7.252770
8.112692, 7.274678
8.194994, 7.294539
8.263651, 7.315727
8.318259, 7.332579
8.366256, 7.354672
b21a2ba3-734c-4bf9-9fc9-e8beda450360
7.834287, 5.583773
7.893416, 5.625683
7.993423, 5.700592
8.046526, 5.726071
8.082608, 5.746704
8.123270, 5.778575
8.168250, 5.813831
8.217616, 5.836000
8.242527, 5.853751
8.294971, 5.887445
8.344832, 5.919479
8.398830, 5.950614
8.448129, 5.980766
8.491468, 6.007274
8.539970, 6.038692
8.600958, 6.074633
8.647917, 6.105781
8.695232, 6.138962
8.732655, 6.168862
8.780306, 6.201189
8.837341, 6.234454
8.899941, 6.267499
8.956399, 6.293919
9.010078, 6.319038
9.065747, 6.343435
9.110302, 6.364596
9.160176, 6.384969
9.209186, 6.409839
9.273609, 6.439175
9.325558, 6.464476
9.369234, 6.487411
9.425167, 6.520165
9.480409, 6.549044
9.526865, 6.578398
9.588251, 6.613645
9.635565, 6.644264
9.681187, 6.677352
9.724979, 6.712812
9.771035, 6.750103
9.819198, 6.787176
9.874969, 6.828216
9.931611, 6.868039
9.989101, 6.906629
10.045336, 6.944376
10.110677, 6.986433
10.165559, 7.023537
10.223754, 7.061075
10.280667, 7.097787
10.326336, 7.130809
10.378546, 7.164866
10.428182, 7.197244
10.475757, 7.230064
10.530655, 7.270830
10.570880, 7.304867
10.618845, 7.340278
10.668621, 7.375166
10.726167, 7.413672
10.780383, 7.451752
10.837897, 7.490320
10.890004, 7.528866
10.935564, 7.564431
10.978886, 7.605842
11.023840, 7.646743
11.067599, 7.692627
11.116456, 7.741686
11.160022, 7.789674
11.201972, 7.833657
11.246602, 7.882616
11.294351, 7.932774
11.343173, 7.981889
11.390929, 8.029931
11.446767, 8.083980
11.499667, 8.131020
11.552376, 8.181895
11.592905, 8.223095
11.642516, 8.271393
11.686817, 8.318699
11.725217, 8.361893
11.772336, 8.412641
11.814195, 8.462123
11.854579, 8.507544
11.895361, 8.557917
11.932655, 8.603981
11.968617, 8.648398
11.996559, 8.689850
4835e318-6fd4-4e7e-acfe-72e4ca18f7d7
7.819081, 5.479579
7.899088, 5.540325
7.926515, 5.576695
7.957889, 5.610861
7.997822, 5.654392
8.054733, 5.698675
8.087832, 5.761491
8.114496, 5.772999
8.143503, 5.795300
8.168062, 5.837775
8.201803, 5.861459
8.242296, 5.911227
8.287148, 5.963982
8.335240, 6.015925
8.373306, 6.054836
8.385002, 6.110422
8.442240, 6.185109
8.513331, 6.316346
8.534478, 6.361669
8.559389, 6.416915
8.576620, 6.471603
8.598536, 6.533810
8.626170, 6.578577
84f02dae-aee1-482d-915a-c4ba9bc316d4
7.846101, 5.419367
7.990427, 5.358085
8.127386, 5.342945
8.213289, 5.325095
8.277432, 5.331464
8.416149, 5.313935
8.455345, 5.311999
8.494575, 5.313058
8.553819, 5.314659
8.614601, 5.314803
8.679334, 5.317949
8.740096, 5.319405
8.787825, 5.323542
8.846871, 5.328660
8.904303, 5.335141
8.969960, 5.344056
9.018620, 5.352173
9.055834, 5.356865
9.081035, 5.360041
e0596a07-1ff8-48c1-b0db-296e7537bac3
7.761057, 5.455611
7.991848, 5.470346
8.047080, 5.463491
8.099422, 5.456849
8.204771, 5.440597
8.455571, 5.435382
8.534302, 5.428208
8.579127, 5.421109
8.601733, 5.420552
8.638165, 5.425642
8.680559, 5.425520
8.739820, 5.425351
8.799085, 5.425180
8.853872, 5.429513
8.923002, 5.433477
8.987470, 5.440172
9.047601, 5.443408
9.083532, 5.445341
ff081b31-bf97-4bad-8acc-0da1daa5cda5
7.883246, 5.286351
7.966759, 5.343398
8.097784, 5.401432
8.357769, 5.498966
8.505574, 5.592948
8.610763, 5.633475
8.669753, 5.659567
8.731849, 5.680485
8.755701, 5.698992
8.798416, 5.719078
8.855185, 5.743295
8.920483, 5.774399
8.987280, 5.807876
9.045821, 5.838890
9.107699, 5.869977
9.166217, 5.901051
9.264767, 5.941427
9.319520, 5.966900
9.349811, 5.987620
9.373908, 5.988760
9.432743, 6.018775
9.481445, 6.039035
9.527656, 6.057077
9.578654, 6.072169
9.623307, 6.086943
9.685719, 6.109170
9.737405, 6.124399
9.782422, 6.140784
9.836199, 6.161949
9.897281, 6.187599
9.955817, 6.215425
10.009345, 6.240872
10.060960, 6.265408
10.101163, 6.295177
1bff43a0-4584-42ff-abb3-fb25f282f265
7.895641, 5.287005
8.003803, 5.359924
8.094951, 5.397786
8.189981, 5.435280
8.258770, 5.459997
8.434697, 5.525832
8.506412, 5.534652
8.572758, 5.550952
8.678499, 5.581291
8.783029, 5.615684
8.889140, 5.639459
8.989442, 5.655430
9.106502, 5.674068
9.212878, 5.703863
9.319493, 5.731525
9.438398, 5.749300
9.563429, 5.770112
9.679829, 5.791627
9.798040, 5.807039
9.916904, 5.816154
10.035084, 5.825215
10.127939, 5.832336
10.236749, 5.848237
10.320203, 5.870186
10.435724, 5.883084
10.543951, 5.903684
10.650729, 5.930470
10.768419, 5.951293
10.878077, 5.964247
10.996631, 5.974003
11.125406, 5.974066
11.243258, 5.982563
11.336147, 5.989260
11.389949, 5.996139
11.443322, 6.004366
b9e4ea40-97c5-4b74-9924-a7effec7e218
8.509780, 5.549449
8.478042, 5.654874
8.465051, 5.707897
8.453021, 5.742768
8.446348, 5.770087
4fbf1d0f-a009-4e82-bbe8-288ea9408e81
7.298791, 7.767755
7.217608, 7.769913
7.193018, 7.767568
7.175413, 7.777000
7.153624, 7.787008
7.132735, 7.791692
7.104529, 7.802648
8749b62f-ede6-49f0-8ce9-841e78579c04
7.399303, 7.851700
7.503529, 7.878164
7.607833, 7.912520
7.715239, 7.938988
7.804573, 7.969667
7.893574, 7.995784
7.957398, 8.022311
7.998849, 8.037293
337a197b-c65c-4bde-b0b2-ebce7a93a21f
7.800966, 5.456834
7.972842, 5.486162
8.050163, 5.521896
8.128368, 5.549624
8.203320, 5.572778
8.265598, 5.596359
8.317169, 5.619085
8.388867, 5.649046
8.509000, 5.715000
