main root
6.477840, 5.122033
6.581133, 5.449066
6.589162, 5.529151
6.604790, 5.664090
6.602482, 5.809967
6.633244, 5.915521
6.652794, 6.040973
6.654540, 6.173307
6.644315, 6.372805
6.649297, 6.564030
6.644518, 6.707164
6.639884, 6.845943
6.634099, 6.955819
6.628756, 7.057278
6.618747, 7.166862
6.578269, 7.286913
6.617524, 7.342745
6.587522, 7.479864
6.537839, 7.677233
6.524610, 7.773000
6.517698, 7.838457
6.500598, 7.898230
6.487955, 8.029428
6.494111, 8.121603
6.490623, 8.256927
6.477002, 8.320814
6.447295, 8.374018
6.463001, 8.404930
6.462920, 8.469679
6.462760, 8.596221
6.471425, 8.766351
6.463476, 8.855497
6.452195, 8.982000
6.450836, 9.068295
6.452889, 9.142319
6.424297, 9.452959
6.414606, 9.525585
6.404527, 9.601118
6.379019, 9.656473
6.388170, 9.903791
6.363810, 10.131832
6.350053, 10.240694
6.330991, 10.340927
6.322472, 10.442331
6.313459, 10.524839
6.309760, 10.589981
6.242361, 10.801497
6.234087, 10.876771
6.227043, 10.913445
6.208743, 10.961131
6.194399, 11.031932
6.180293, 11.086490
6.169754, 11.151162
6.160222, 11.209656
6.158110, 11.278456
6.150946, 11.316717
6.142431, 11.378464
6.134336, 11.437175
6.126243, 11.495885
6.125819, 11.564719
6.119504, 11.617959
6.117763, 11.683460
6.116189, 11.742704
6.117527, 11.805020
6.115742, 11.861343
6.122557, 11.929841
6.119987, 11.964498
6.123896, 12.033222
6.120943, 12.086755
6.123327, 12.152236
6.121691, 12.189544
6.117254, 12.222371
543a2ced-8822-4e08-92a1-459adb500d26
6.546488, 5.307055
6.688213, 5.365056
6.750563, 5.403480
6.798930, 5.447358
6.849564, 5.497340
6.886870, 5.503545
7.008073, 5.592812
7.067724, 5.636746
7.112278, 5.674566
7.324266, 5.836708
7.376396, 5.884118
7.410376, 5.910976
7.453657, 5.937556
7.522704, 5.976446
7.589291, 6.012233
7.647900, 6.074259
7.703619, 6.139264
7.782072, 6.227302
7.961494, 6.424735
8.020264, 6.483252
8.091528, 6.542336
8.164385, 6.600009
8.241548, 6.666485
8.314495, 6.723777
8.388851, 6.779501
8.454792, 6.834101
8.525365, 6.895268
8.587266, 6.954408
8.624356, 6.993983
8.663236, 7.044871
8.767471, 7.147969
8.803810, 7.180783
8.838446, 7.226280
8.899841, 7.403452
8.917958, 7.448941
8.930270, 7.481939
8.941858, 7.515200
8.945238, 7.577369
8.953264, 7.628915
8.959567, 7.674404
8.965106, 7.719994
8.969882, 7.765671
8.977181, 7.814087
8.983266, 7.859608
8.991951, 7.907795
8.995862, 7.950707
9.002515, 7.999216
9.007992, 8.044813
9.016032, 8.093111
9.022816, 8.138535
9.028836, 8.184063
9.037453, 8.232262
9.044777, 8.277599
9.047909, 8.320575
9.056883, 8.371963
9.064022, 8.417329
9.064656, 8.445559
9.064439, 8.470201
292bc915-dd68-475b-a8cd-ff83da95cbfb
6.532257, 5.200000
6.647956, 5.292644
6.773974, 5.365677
6.853619, 5.476082
6.943986, 5.538964
7.041583, 5.617768
7.077040, 5.646916
7.314403, 5.804457
7.464172, 5.909933
7.564042, 5.974341
7.700071, 6.142837
7.840423, 6.301249
7.958933, 6.440147
8.150982, 6.607527
8.354250, 6.773042
8.405165, 6.824705
965b8989-498a-4c0b-931e-d2e783923e37
6.504141, 5.547581
6.426205, 5.553060
6.370555, 5.581060
6.304385, 5.605765
6.213694, 5.648451
6.085895, 5.663361
5.961760, 5.660504
5.828836, 5.645536
5.686314, 5.636921
5.649276, 5.638742
5.425699, 5.666243
5.401001, 5.666256
5.386251, 5.678429
5.330763, 5.696431
5.283406, 5.710222
5.242765, 5.718939
5.209881, 5.722930
5.170464, 5.724699
5.125316, 5.729722
5.069060, 5.732967
5.012703, 5.733221
4.963783, 5.737931
4.907070, 5.747902
4.865031, 5.758333
4.814453, 5.767838
4.697491, 5.831726
4.667699, 5.842883
4.629821, 5.853871
4.578985, 5.874854
4.522578, 5.901373
4.454342, 5.931800
4.411393, 5.947674
4.365298, 5.958327
4.306430, 5.973468
4.262511, 5.980128
4.213540, 5.986040
4.164412, 5.990464
4.107639, 6.000085
4.051789, 6.014104
3.982829, 6.036044
3.918280, 6.056580
3.848800, 6.083397
3.785350, 6.104677
4039d4c3-d6c6-46de-9a9c-4dada361287b
6.639663, 5.595725
6.756638, 5.629844
6.779027, 5.638050
6.793461, 5.635346
6.876477, 5.645221
6.968822, 5.669833
7.009731, 5.680735
7.050639, 5.691637
7.286934, 5.706650
7.329121, 5.709339
7.368130, 5.714834
7.386550, 5.705589
7.412774, 5.707752
7.454751, 5.711215
7.493458, 5.717451
7.524056, 5.719348
7.547821, 5.722321
7.632067, 5.731479
7.657774, 5.735778
7.681103, 5.741197
7.700455, 5.750302
7.729106, 5.765437
7.757029, 5.781879
7.784162, 5.799593
7.810449, 5.818542
7.844190, 5.837327
7.871743, 5.854381
7.902601, 5.871719
7.930089, 5.888880
7.960878, 5.906337
7.988298, 5.923604
8.019018, 5.941182
8.050456, 5.957444
8.078519, 5.973646
8.105804, 5.991126
8.140522, 6.008035
8.168968, 6.023555
8.200727, 6.039177
8.237127, 6.052079
8.267138, 6.064302
8.300453, 6.076255
8.322448, 6.085736
8.339872, 6.098137
8.446479, 6.189175
8.470121, 6.211333
8.496945, 6.234424
8.520502, 6.256674
8.543005, 6.279990
8.564405, 6.304320
8.588885, 6.329884
8.610191, 6.354299
8.628957, 6.378076
8.650998, 6.398759
8.677409, 6.417387
8.702998, 6.437266
8.731842, 6.457778
8.757353, 6.477758
8.784451, 6.497078
8.808942, 6.512703
8.839560, 6.530460
8.870899, 6.546908
8.898864, 6.563275
8.930138, 6.579847
8.958041, 6.596325
8.985150, 6.614073
9.015556, 6.632189
9.042596, 6.650044
9.068782, 6.669130
9.094057, 6.689405
9.126784, 6.709904
9.153422, 6.728354
9.179180, 6.748015
9.204001, 6.768845
9.221349, 6.785356
9.238369, 6.788753
179aa9d9-c9f7-451f-95bc-847ab54b87a6
6.576508, 5.642588
6.464776, 5.654522
6.426060, 5.670706
6.377989, 5.689813
6.331930, 5.708909
6.310086, 5.714726
6.262007, 5.721557
6.117242, 5.772899
6.077457, 5.787010
6.046274, 5.793305
5.998819, 5.799830
5.940106, 5.807904
5.881394, 5.815978
5.838995, 5.824831
5.787370, 5.846312
5.734266, 5.865167
5.690209, 5.877632
5.659572, 5.895632
5.607943, 5.927701
5.567551, 5.949266
5.461470, 5.988227
5.306701, 6.104060
5.273422, 6.125226
5.237713, 6.147936
5.202002, 6.170644
5.166291, 6.193352
5.130578, 6.216057
5.094865, 6.238761
5.059151, 6.261463
5.022515, 6.288295
4.989666, 6.304931
4.980458, 6.323030
4.927297, 6.364286
4.880478, 6.400621
4.833395, 6.439056
4.787992, 6.468861
4.688940, 6.569177
4.659429, 6.599064
4.629973, 6.637501
4.603315, 6.662445
4.583225, 6.681164
4.564495, 6.702626
4.537160, 6.738413
4.511654, 6.771709
4.486101, 6.804970
4.444213, 6.852121
4.385180, 6.897173
4.345921, 6.919603
4.295577, 6.944921
4.269664, 6.961302
4.228836, 6.999510
4.185702, 7.035774
4.144469, 7.078262
4.098803, 7.127468
4.074562, 7.160188
4.041477, 7.212389
4.015878, 7.255575
3.990562, 7.303784
a158e31a-20b1-4aa6-b6d0-f80dd5ffa6c3
6.517186, 5.280464
6.365755, 5.366619
6.281663, 5.404781
6.218057, 5.433647
6.163649, 5.455051
6.036011, 5.528428
5.968967, 5.562191
5.888296, 5.588686
5.819822, 5.608024
5.700026, 5.690873
5.650727, 5.733379
5.566218, 5.791925
5.516221, 5.833910
5.470688, 5.876122
5.427601, 5.912056
5.382309, 5.949900
5.337429, 5.983567
5.289050, 6.027409
5.226972, 6.045067
5.187439, 6.090028
5.131150, 6.131603
5.075597, 6.168890
5.022067, 6.221359
4.967634, 6.283072
4.921031, 6.329118
4.867320, 6.370527
4.818977, 6.405906
4.769556, 6.439134
cdabeba5-e9dd-4975-b797-02a0187eb96d
6.642948, 7.456379
6.709677, 7.511031
6.752063, 7.569641
6.775306, 7.591566
6.891782, 7.753575
6.918004, 7.800311
6.965429, 7.866511
6.998952, 7.881382
7.085156, 7.963828
7.136766, 8.016784
