main root
6.291782, 4.757696
6.203668, 5.087073
6.170379, 5.215730
6.147602, 5.349320
6.128370, 5.485128
6.108690, 5.618564
6.090935, 5.738947
6.080555, 5.866883
6.069549, 5.976366
6.059386, 6.077458
6.052187, 6.170103
6.051928, 6.253734
6.045442, 6.339654
6.043268, 6.423548
6.032549, 6.490515
6.032497, 6.528723
6.038372, 6.610919
6.053401, 6.695243
6.053505, 6.755534
6.057910, 6.856969
6.054977, 6.927383
6.058684, 6.982256
6.070200, 7.063858
6.080851, 7.139317
6.094885, 7.217320
6.111855, 7.294738
6.117477, 7.362327
6.128713, 7.471896
6.141390, 7.554849
6.154605, 7.631426
6.174483, 7.711396
6.176824, 7.770451
6.173623, 7.840843
6.177889, 7.878813
6.191831, 7.949299
6.210133, 8.026404
6.227730, 8.100542
6.256138, 8.181344
6.267964, 8.228518
6.277101, 8.316136
6.281715, 8.389260
6.294577, 8.450470
6.317336, 8.529671
6.342087, 8.604959
6.358327, 8.673532
6.368685, 8.743236
6.383285, 8.821132
6.397323, 8.896028
6.397183, 8.952153
6.399046, 9.053688
6.390076, 9.130066
6.373874, 9.214689
6.348491, 9.313517
6.328407, 9.373657
6.312796, 9.433981
6.316099, 9.474984
6.246196, 9.696911
6.228786, 9.767141
6.212491, 9.832873
6.207185, 9.879160
6.200811, 9.971697
6.195348, 10.029228
6.191842, 10.097815
6.196231, 10.158517
6.202338, 10.242954
6.211794, 10.290718
6.198548, 10.332798
6.206183, 10.352871
6.201024, 10.419963
6.195104, 10.477448
6.188163, 10.544830
6.185697, 10.627203
6.181965, 10.701834
6.178325, 10.744658
6.172658, 10.793658
0819c0c6-18ca-406e-9bda-027b7e7df7de
6.248148, 4.976741
6.330573, 4.978717
6.395164, 5.023402
6.431037, 5.051858
6.470170, 5.094322
6.497852, 5.136414
6.544342, 5.172004
6.563257, 5.192139
6.611255, 5.238066
4c435103-e7c1-43b5-aa0d-6510b11fee31
6.189019, 5.155356
6.250411, 5.223016
6.269729, 5.246431
6.304879, 5.321753
6.323387, 5.365114
6.338481, 5.383113
6.389795, 5.445527
6.419168, 5.485990
6.442431, 5.507869
6.498217, 5.548029
6.528162, 5.565898
