main root
7.689702, 4.578324
7.599022, 4.959514
7.562092, 5.132834
7.547387, 5.242458
7.532119, 5.311255
7.513336, 5.382079
7.496471, 5.457347
7.482076, 5.535283
7.473035, 5.617194
7.468646, 5.697893
7.457441, 5.766104
7.447272, 5.867156
7.441832, 5.936185
7.435137, 6.002097
7.425616, 6.066199
7.414405, 6.131491
7.406608, 6.203427
7.397982, 6.269112
7.393030, 6.341300
7.389784, 6.410466
7.385184, 6.476553
7.379091, 6.542521
7.374213, 6.611590
7.370829, 6.680749
7.366095, 6.746827
7.366799, 6.820783
7.361400, 6.882579
7.351178, 6.975413
7.339792, 7.037788
7.332380, 7.103398
7.334012, 7.182293
7.329303, 7.244154
7.324350, 7.336944
7.319324, 7.403009
7.312807, 7.468946
7.304927, 7.570184
7.298294, 7.636109
7.291512, 7.703507
7.278170, 7.773080
7.261849, 7.834341
7.240170, 7.892460
7.202200, 7.976195
7.165415, 8.042254
7.127479, 8.093328
7.081036, 8.141746
7.020095, 8.193122
6.954072, 8.237778
6.882330, 8.273604
6.788390, 8.313424
6.693952, 8.351157
6.639166, 8.368492
6.605214, 8.409034
6.589353, 8.444016
6.572187, 8.488954
6.542144, 8.689674
6.540928, 8.768570
6.541360, 8.837812
6.543289, 8.907030
6.549790, 8.979097
6.578923, 9.052140
6.599719, 9.108320
6.602939, 9.204453
6.593954, 9.250410
6.579826, 9.333489
6.574093, 9.416682
6.566074, 9.489513
6.566373, 9.568853
6.573017, 9.647312
6.574604, 9.701527
d9840340-e78f-4810-9bc3-419caf23a25a
7.661576, 4.894814
7.702555, 4.910837
7.766070, 4.946744
7.827076, 4.979512
7.902961, 5.006681
7.952971, 5.035407
2f5a64b1-3466-49db-a376-db85ea220f97
7.667249, 4.909118
7.705643, 4.997428
7.716243, 5.025734
7.730843, 5.052111
7.753988, 5.066277
7.774894, 5.084337
7.803290, 5.116778
7.842325, 5.161373
7.864589, 5.191354
7.882285, 5.222714
7.907249, 5.266956
7.934337, 5.318007
7.957313, 5.348535
