main root
6.612097, 4.437276
6.665608, 4.531245
6.719859, 4.663305
6.698645, 4.872799
6.665809, 5.071189
6.644375, 5.212743
6.634209, 5.343585
6.604054, 5.454226
6.567839, 5.599027
6.532931, 5.734883
6.498942, 5.850228
6.464982, 5.972904
6.447250, 6.076494
6.438502, 6.177750
6.426925, 6.287176
6.422570, 6.388645
6.418214, 6.490152
6.416333, 6.583048
6.414276, 6.684634
6.416276, 6.794877
6.416155, 6.904902
6.424505, 7.006204
6.422980, 7.116492
6.425807, 7.217985
6.435222, 7.328001
6.441784, 7.429490
6.448340, 7.530877
6.450181, 7.624555
6.454109, 7.717394
6.459744, 7.801476
6.467444, 7.885387
6.466125, 8.002440
6.466408, 8.088250
6.460491, 8.172660
6.452472, 8.257398
6.440287, 8.342138
6.433378, 8.434523
6.432146, 8.536077
6.420565, 8.618885
6.402283, 8.719069
6.375003, 8.809968
6.349895, 8.908350
6.322671, 8.998005
6.307951, 9.075613
6.299039, 9.167757
6.287955, 9.260495
6.284236, 9.344038
6.284651, 9.427958
6.291045, 9.510113
6.264006, 9.544306
6.277114, 9.581130
6.267683, 9.668593
6.261013, 9.769901
6.253216, 9.842756
6.251751, 9.926764
6.249981, 10.028344
6.248653, 10.104528
6.253206, 10.186802
6.267752, 10.296451
6.274413, 10.369421
6.281342, 10.445312
6.294777, 10.526622
6.312364, 10.605504
6.323587, 10.676476
6.334829, 10.760850
6.340414, 10.825425
6.348437, 10.918208
6.360023, 10.982703
6.361681, 11.025785
6.362406, 11.083571
6.372244, 11.151704
6.368847, 11.201490
6.364812, 11.260620
6.365433, 11.295486
6.381958, 11.324522
6.403666, 11.404765
6.416676, 11.458583
6.440825, 11.532010
6.456320, 11.593492
6.466929, 11.629469
6.481486, 11.662960
6.514392, 11.727408
6.547207, 11.788384
6.573225, 11.846202
6.602998, 11.908720
6.626137, 11.967748
6.656677, 12.033350
6.683276, 12.094030
6.704552, 12.153755
6.727282, 12.217560
3e666480-edb5-4513-ad67-96c75ced82c2
6.590878, 4.617801
6.505762, 4.644674
6.431536, 4.674724
6.361963, 4.715302
6.319179, 4.738004
6.268431, 4.773526
6.220136, 4.802534
6.167296, 4.841259
6.120799, 4.867919
6.067185, 4.905564
6.018695, 4.939613
5.969479, 4.977837
5.923742, 5.005783
5.871196, 5.044909
5.821223, 5.097054
5.781769, 5.142554
5.712342, 5.192905
5.663714, 5.231874
5.617481, 5.268929
5.571250, 5.305985
5.525020, 5.343044
5.479255, 5.375896
5.442764, 5.419223
5.401628, 5.469931
5.366329, 5.523707
5.329669, 5.575197
5.285471, 5.637271
5.239869, 5.690999
5.217275, 5.726871
5.179475, 5.803734
5.143116, 5.864101
5.089898, 5.960661
5.052530, 6.025362
5.013873, 6.089302
4.957607, 6.174189
4.914666, 6.233555
4.870006, 6.295297
4.813383, 6.377188
4.780500, 6.422113
12a616da-e9e4-4cb8-aac7-95b490e32792
6.712889, 4.736688
6.580911, 4.793660
6.524993, 4.831050
6.440257, 4.877534
6.394754, 4.903298
6.358531, 4.919721
6.297102, 4.952631
6.267833, 4.961519
6.231346, 4.969470
6.215782, 4.984029
6.189786, 5.000150
6.154775, 5.018338
6.130958, 5.034083
6.094799, 5.061578
6.054757, 5.079196
5.980560, 5.099051
5.932548, 5.110350
5.881986, 5.123786
5.815458, 5.143015
5.749364, 5.163674
5.683135, 5.171133
5.612531, 5.184175
5.528645, 5.208709
5.489083, 5.218721
5.438750, 5.233003
5.367592, 5.258253
5.329528, 5.275206
5.290873, 5.292422
5.255651, 5.304832
5.217553, 5.315083
5.177733, 5.324246
5.134234, 5.337329
5.097706, 5.342063
5.064606, 5.343335
5.047000, 5.354188
4.979228, 5.370185
1b7fe6f9-4666-4329-a9ee-30a088d30d76
6.794399, 4.746530
6.826467, 4.853796
6.853618, 4.927971
54ca9260-e8b1-4e62-97bd-1eb75b286da6
6.425227, 7.906333
6.398647, 7.954600
6.379404, 7.995749
6.360749, 8.032107
6.316070, 8.080920
6.261497, 8.114665
6.218292, 8.141381
6.179029, 8.170939
6.140135, 8.200219
