main root
6.517769, 5.071748
6.546506, 5.342433
6.584617, 5.600084
6.603138, 5.767708
6.615175, 5.929155
6.631218, 6.059834
6.643497, 6.194094
6.657178, 6.320643
6.665163, 6.471065
6.678231, 6.624443
6.700481, 6.762938
6.706809, 6.888590
6.720522, 7.040261
6.738551, 7.182381
6.747571, 7.287118
6.757334, 7.348146
6.769643, 7.433581
6.773376, 7.594319
6.763224, 7.704040
6.749458, 7.830036
6.742510, 7.954821
6.727462, 8.035631
6.697587, 8.149950
6.682923, 8.222804
6.674917, 8.308084
6.666083, 8.370153
6.656759, 8.425040
6.678331, 8.586187
6.689564, 8.670108
6.695748, 8.780101
6.699811, 8.890054
6.691501, 9.007958
6.683763, 9.117745
6.660759, 9.205210
6.636825, 9.312848
6.624364, 9.407883
6.622437, 9.503976
6.624631, 9.605493
6.626644, 9.698604
6.632853, 9.791148
6.630420, 9.917163
6.625758, 10.094905
6.620758, 10.204814
6.611172, 10.322699
6.602251, 10.432407
6.593329, 10.542115
6.578094, 10.651143
6.557558, 10.767618
6.538444, 10.876020
6.528128, 10.971090
6.530691, 11.045492
6.538413, 11.146728
6.549654, 11.238798
6.555555, 11.311832
6.558470, 11.385049
6.566629, 11.439439
6.578775, 11.480057
6.579894, 11.597461
6.574572, 11.667711
6.576154, 11.721635
6.595715, 11.803904
6.624152, 11.884685
6.641814, 11.952893
6.653614, 12.022352
6.666373, 12.097466
6.679130, 12.172578
6.695339, 12.250140
6.707377, 12.322398
6.716452, 12.395088
6.725888, 12.470689
6.725302, 12.538493
6.724860, 12.589292
6.811427, 12.731689
6.852926, 12.798386
6.920186, 12.886456
6.960978, 12.950120
6.995641, 13.023441
7.028443, 13.102531
7.047564, 13.176083
7.077207, 13.206650
7.105205, 13.235520
a6dc508d-c18e-4a49-9c3d-88ab9df678ba
6.801246, 7.416233
6.871390, 7.432399
6.950103, 7.442443
7.081829, 7.468372
7.161456, 7.475018
7.245637, 7.499372
8fdfb0ba-d000-4d88-bee0-ce8a84e7c180
6.742659, 7.371480
6.674252, 7.418695
6.654114, 7.428945
6.642947, 7.448957
6.611941, 7.482005
6.579152, 7.540567
6.563039, 7.553583
6.530597, 7.575942
6.501735, 7.592197
6.491638, 7.607995
6.456761, 7.637537
6.437031, 7.658161
6.407989, 7.697182
6.381513, 7.722727
6.355618, 7.747711
6.337187, 7.773813
709b61f0-96d2-40e3-b1ad-06df183991ac
6.796198, 7.390627
6.835809, 7.380437
6.857350, 7.381307
6.882729, 7.382331
6.961409, 7.379960
7.018120, 7.398701
7.062094, 7.410082
7.095106, 7.420171
7.115661, 7.429583
7.154149, 7.447205
7.351259, 7.533785
7.391988, 7.550041
7.419531, 7.562645
7.442569, 7.574834
d6a6de40-7b41-4fb5-ae54-a50fe8bcab20
6.470468, 5.431036
6.412125, 5.461348
6.380636, 5.484890
6.332499, 5.526484
6.296278, 5.549869
6.246039, 5.584086
6.189665, 5.624293
6.153477, 5.650103
6.056654, 5.715236
5.979032, 5.754962
5.906303, 5.796843
5.839720, 5.836913
5.767832, 5.877706
5.729173, 5.899644
f296c0ea-2259-4d2f-a30c-18f9b3894167
6.626530, 8.413662
6.577305, 8.440342
6.519493, 8.448830
6.489308, 8.459312
a73ba398-0c2c-4a02-83bb-f0bb99df1f39
6.709578, 7.804134
6.660060, 7.808235
6.593833, 7.820299
7eebef89-bf9f-4eee-ab9d-0ab5e47b9c5b
6.769069, 7.699165
6.582706, 7.853280
6.563784, 7.880993
6.545104, 7.911018
6.529766, 7.924339
6.510738, 7.938873
c9da290d-e04f-4201-8aaf-4de0509c008f
6.766863, 7.821773
6.830531, 7.815506
6.846901, 7.819404
6.877618, 7.828324
6.907496, 7.832391
6.934761, 7.836102
6.958316, 7.840756
