main root
7.307373, 4.472109
7.294033, 4.720167
7.189823, 4.859515
7.135988, 5.000885
7.128417, 5.085146
7.072223, 5.349901
7.058893, 5.473127
7.040778, 5.601644
7.012410, 5.722351
6.975892, 5.863759
6.965793, 5.936334
6.950842, 6.028522
6.941517, 6.111921
6.930409, 6.184340
6.925532, 6.235873
6.926340, 6.290864
6.938089, 6.377375
6.943290, 6.449034
6.950643, 6.550359
6.965248, 6.635364
6.989150, 6.724791
7.017138, 6.813219
7.043892, 6.887824
7.061960, 6.955943
7.081499, 7.029603
7.108358, 7.107513
7.116615, 7.149830
7.122968, 7.213658
7.125602, 7.285463
7.128706, 7.370071
7.129950, 7.444783
7.131641, 7.546364
7.131389, 7.621080
7.131103, 7.705741
7.129411, 7.763508
7.129128, 7.824292
7.130809, 7.908550
7.132161, 7.976271
7.133681, 8.052456
7.135201, 8.128640
7.141301, 8.209225
7.151867, 8.289345
7.162937, 8.373283
7.163971, 8.426893
7.171215, 8.492024
7.177767, 8.550932
7.180312, 8.600881
7.187890, 8.631922
7.206671, 8.683614
7.226911, 8.739321
7.245928, 8.782889
7.268789, 8.835267
7.290404, 8.926620
7.306001, 8.992532
7.312443, 9.045763
7.327640, 9.109027
7.343287, 9.167766
7.360722, 9.233216
7.374148, 9.289426
7.382343, 9.336621
7.390751, 9.393796
7.400606, 9.460805
7.409229, 9.519442
7.414455, 9.575552
7.423210, 9.637266
7.431533, 9.695944
7.441550, 9.755898
7.452712, 9.822711
7.460754, 9.879934
7.467823, 9.930236
7.481142, 9.992743
7.495256, 10.058986
7.511159, 10.119256
7.523920, 10.177800
7.567561, 10.304709
7.580974, 10.344061
7.589024, 10.368032
7.605979, 10.383734
7.632814, 10.436081
7.652925, 10.481873
7.672811, 10.534597
7.689869, 10.588305
7.711568, 10.646739
7.728352, 10.700534
7.742255, 10.755149
7.755056, 10.811502
7.771852, 10.878683
7.779205, 10.938953
7.795741, 11.012710
7.806984, 11.076535
7.822467, 11.138554
7.837059, 11.203184
7.851976, 11.269258
7.866817, 11.328196
7.881538, 11.392789
7.892826, 11.442316
7.904204, 11.498974
7.910681, 11.546433
7.914720, 11.587095
7.918104, 11.636307
7.921589, 11.686989
7.925654, 11.746117
7.926237, 11.776402
7.926855, 11.962602
7.922483, 11.998343
7.914751, 12.036909
7.907791, 12.102072
7.900168, 12.159360
7.890893, 12.206361
7.879420, 12.264504
7.866768, 12.320890
7.855647, 12.370458
7.842671, 12.428286
7.833094, 12.491477
7.820407, 12.575186
7.814064, 12.617039
7.808977, 12.660596
7.800457, 12.707735
7.789915, 12.766063
7.781102, 12.797995
7.776434, 12.826160
7.745159, 12.986135
7.737100, 13.027356
7.725838, 13.061558
7.718847, 13.087573
7.697519, 13.095506
7.670584, 13.091893
7.229604, 13.188947
3875dd93-a259-453c-877d-ee1a5af40f0a
7.307074, 4.763843
7.446206, 4.781368
7.499019, 4.783395
7.538891, 4.798205
7.585225, 4.841326
7.629250, 4.885388
6039af22-4f11-4d3e-8281-c8e2055e5130
7.223422, 4.948521
7.319433, 4.965700
7.372039, 4.987303
7.421631, 5.031237
7.532618, 5.116242
7.557035, 5.136908
7.582663, 5.152800
7.608994, 5.170963
7.634409, 5.190389
7.658847, 5.211030
7.687320, 5.231164
7.703888, 5.246543
7.752154, 5.274738
7.782785, 5.296098
7.806745, 5.314630
7.842653, 5.354351
7.862586, 5.385329
7.882058, 5.415589
7.899940, 5.437847
7.929336, 5.469658
7.950805, 5.488480
7.991086, 5.515833
8.019874, 5.540807
8.058244, 5.574096
8.100896, 5.613081
8.128371, 5.646307
8.170357, 5.692380
8.214507, 5.736385
8.248988, 5.770752
8.288877, 5.804847
8.337660, 5.837662
8.370710, 5.861699
8.411797, 5.891579
8.457639, 5.926769
8.509271, 5.968291
8.546753, 6.000355
8.581135, 6.033704
8.623674, 6.074967
8.668332, 6.116198
8.715671, 6.151757
8.763054, 6.187349
8.812541, 6.222649
8.849457, 6.245304
8.887850, 6.265354
8.915995, 6.280051
8.981613, 6.313081
9.039361, 6.344741
9.072415, 6.366277
9.103740, 6.390258
9.137356, 6.415994
9.182312, 6.452297
9.221830, 6.484209
9.261628, 6.522117
9.302646, 6.557053
9.349879, 6.595316
9.408828, 6.637291
9.461922, 6.676933
9.506813, 6.706715
9.554129, 6.739903
9.593639, 6.769444
9.632629, 6.798595
9.672008, 6.831728
2b22a316-b41e-4ee5-9690-6f6aab6ef453
7.666321, 5.179392
7.694038, 5.146974
9e2a1de5-45dd-4602-b9bd-edb3c988b3eb
7.112123, 5.140790
7.195140, 5.212007
7.235769, 5.242904
7.288618, 5.266406
7.327285, 5.283601
7.363976, 5.301557
7.401698, 5.325015
7.436377, 5.343056
7.497233, 5.378450
7.536524, 5.394376
7.567923, 5.408717
7.590852, 5.424127
7.623591, 5.449736
7.651065, 5.475028
7.688327, 5.515434
7.725562, 5.551393
7.769974, 5.588043
7.826433, 5.630753
7.875799, 5.666219
7.941248, 5.704028
7.981358, 5.728927
8.033675, 5.779524
8.065957, 5.814909
8.091583, 5.838559
8.152476, 5.884179
8.172601, 5.900950
8.190205, 5.917385
8.202624, 5.934928
8.219841, 5.961593
8.240042, 5.989860
8.257377, 6.016447
8.273561, 6.043751
8.292666, 6.072769
8.317265, 6.101708
8.336771, 6.126748
8.355189, 6.152596
8.372487, 6.179208
8.392775, 6.207412
8.410192, 6.233946
8.426459, 6.261199
8.445654, 6.290159
8.462045, 6.317339
8.477260, 6.345194
8.495333, 6.374866
8.514787, 6.403653
8.531419, 6.430686
8.551001, 6.459384
8.567754, 6.486342
8.591584, 6.515915
8.601407, 6.535035
8.651579, 6.582808
8.672658, 6.604748
8.688337, 6.623026
8.698744, 6.641836
8.712907, 6.670240
8.725258, 6.698045
8.736359, 6.726373
8.742307, 6.753471
8.754913, 6.789299
8.767977, 6.821492
8.778645, 6.851385
8.795676, 6.885333
8.808686, 6.914285
8.820448, 6.943764
8.834828, 6.975390
8.846174, 7.003620
8.856741, 7.033548
8.869840, 7.065727
8.880541, 7.095609
8.889955, 7.125919
8.898067, 7.156605
8.912179, 7.191867
8.915964, 7.213026
8.916411, 7.241832
8.926833, 7.257052
8.934942, 7.276842
8.944535, 7.312095
8.957873, 7.361110
8.969160, 7.396882
754f947d-4c7a-42b2-87e3-3a26ea89acd7
7.235630, 5.275496
7.224768, 5.320364
7.213388, 5.354309
7.213077, 5.396028
7.210664, 5.445549
9c4b1b3b-dbef-4530-8da2-6d44a923fb22
7.232652, 5.228079
7.229095, 5.198645
7.229380, 5.176041
7.264163, 5.118261
a508a107-fcab-4fbf-a850-21b045f8a9e5
7.480300, 5.380567
7.456468, 5.424945
7.442015, 5.456478
fd69ea4e-c0c8-47c6-8d48-90fcba4b7c59
7.204566, 8.577213
7.164771, 8.618496
7.061806, 8.683209
7.040300, 8.696726
6.969789, 8.820188
6.948278, 8.852194
6.925310, 8.886705
6.904592, 8.912773
6.878465, 8.941136
6.850517, 8.971757
6.823996, 9.014416
6.775868, 9.077743
6.750934, 9.110861
6.726150, 9.144093
6.700907, 9.173247
6.674521, 9.213153
6.650968, 9.243688
6.626339, 9.280826
6.603584, 9.315481
6.580988, 9.350239
6.557673, 9.380957
6.532760, 9.414092
6.507404, 9.443149
6.480289, 9.474509
6.453624, 9.510212
6.428967, 9.543540
6.404464, 9.576981
6.380113, 9.610531
6.356578, 9.648370
6.334844, 9.683671
6.312290, 9.714954
6.288876, 9.752871
6.273506, 9.772423
6.256532, 9.794321
6.238243, 9.800524
2952e819-31d7-43b9-89ba-03e3a25b15d4
6.989315, 6.299311
7.038072, 6.304014
7.066271, 6.316237
7.118350, 6.345766
7.156525, 6.348035
7.201947, 6.347735
7.236443, 6.349005
7.262390, 6.351457
7.299005, 6.356065
7.347683, 6.356156
7.387006, 6.359225
7.442880, 6.366588
7.498279, 6.376908
7.560035, 6.385367
7.622122, 6.390850
7.684400, 6.393346
7.735719, 6.396901
7.768424, 6.402167
7.819259, 6.410695
1c31d330-b22d-4d01-a53c-10c22399a563
7.048521, 5.743576
7.102122, 5.809545
7.111080, 5.841729
7.118741, 5.880418
7.135697, 5.940690
7.171055, 6.078369
7.196605, 6.118128
7.219491, 6.153744
7.246514, 6.190260
7.315806, 6.319729
169f5eca-044e-4653-bf0c-1986b5bfa033
7.064117, 5.689793
7.138517, 5.706412
7.189565, 5.720712
7.236044, 5.742529
7.294981, 5.770186
7.318828, 5.779032
7.356597, 5.794638
7.401587, 5.809989
7.461250, 5.816600
7.545869, 5.853967
7.585179, 5.862712
7.619993, 5.868917
7.655039, 5.873636
7.675169, 5.880870
7.712756, 5.889599
7.743918, 5.898365
7.782028, 5.904416
7.813732, 5.910958
7.848638, 5.916626
7.880318, 5.923280
7.911659, 5.931385
7.946240, 5.938775
7.977552, 5.946989
8.008452, 5.956636
8.042626, 5.965729
8.073493, 5.975484
8.111391, 5.982744
8.133169, 5.991481
8.170413, 6.001577
8.196772, 6.007165
9f9ed8df-0eaf-4d88-af1d-db76b12fd0b9
7.224890, 8.765655
7.196497, 8.891906
7.190923, 8.986887
7.187465, 9.018365
7.185062, 9.052930
7.184043, 9.087561
7.181673, 9.113411
7.179355, 9.138704
7.189383, 9.242799
7.188756, 9.267496
7.184763, 9.306743
7.180691, 9.346749
7.180793, 9.375299
7.186889, 9.406665
7.193491, 9.432781
69f20f7c-7962-46fe-aa42-c933ebba6ddd
7.320527, 9.096558
7.372983, 9.091691
7.412476, 9.086661
7.495604, 9.087905
7.533218, 9.083802
7.564735, 9.081695
7.599099, 9.077723
7.633232, 9.072095
7.663470, 9.068451
7.693837, 9.066124
7.717944, 9.065602
8f5d91a1-76f1-45b7-b179-a65c628c30a7
7.373112, 9.298527
7.410221, 9.296432
7.434801, 9.295726
7.479670, 9.306396
7.521444, 9.310123
7.553131, 9.314514
7.589574, 9.315097
7.621495, 9.317165
7.651545, 9.314677
7.683516, 9.313594
7.715501, 9.314071
7.748702, 9.313135
7.775484, 9.310946
7.800799, 9.308877
53e1412d-2fdf-4115-ac04-5de6fb4dd1af
7.109202, 8.016526
7.137389, 7.997295
ac8d95fb-4fda-4a88-af5b-fe209f62ccba
7.065433, 7.014633
7.104713, 7.012237
aef6f1ab-eb97-48f5-b032-a47a50233d2d
6.955381, 6.150328
7.000241, 6.189049
7.027914, 6.205025
7.046679, 6.204919
7.067616, 6.209286
7.087471, 6.219543
7.113657, 6.234760
7.130636, 6.236289
7.154377, 6.239866
7.223876, 6.270073
7.371927, 6.309275
7.406133, 6.316696
7.440639, 6.322562
7.460600, 6.330424
7.493712, 6.341765
7.531106, 6.349736
7.565634, 6.355478
7.600386, 6.359653
7.635290, 6.362254
7.667069, 6.366037
7.701976, 6.368600
7.738636, 6.390372
db729800-9c79-4b79-ab81-dc23f2c5c737
7.468140, 9.864599
7.511716, 9.859049
7.531775, 9.856686
7.543744, 9.861037
7.571452, 9.867924
afcf3d61-cbc4-4eae-a967-a542dfafc2f9
7.483711, 9.947943
7.515787, 9.948465
7.556066, 9.944000
40153920-3115-4f7f-8100-d090293c4b45
7.481743, 10.026485
7.453836, 10.040466
7.395415, 10.066962
