main root
6.947541, 4.420601
6.895855, 4.597896
6.947432, 4.794493
6.965574, 5.030736
6.968366, 5.190474
6.977280, 5.350111
6.978037, 5.423380
6.970399, 5.498491
6.960015, 5.571018
6.945638, 5.629198
6.925699, 5.692348
6.898070, 5.746539
6.821138, 5.811414
6.783760, 5.864204
6.762686, 5.926538
6.748449, 5.968646
6.778787, 6.054728
6.793795, 6.127754
6.805584, 6.205917
6.809235, 6.272441
6.803290, 6.353325
6.790785, 6.438574
6.772157, 6.522703
6.751737, 6.605329
6.733537, 6.687612
6.711596, 6.786810
6.698553, 6.866568
6.686255, 6.941771
6.675574, 7.009930
6.690012, 7.123787
6.694580, 7.195495
6.693068, 7.265948
6.697730, 7.344549
6.708880, 7.427434
6.716170, 7.512736
6.715551, 7.586945
6.702622, 7.646596
6.678680, 7.737192
6.646510, 7.826001
6.610673, 7.912575
6.570984, 7.997460
6.537557, 8.083852
6.513297, 8.158272
6.503115, 8.209865
6.493482, 8.290810
6.494024, 8.374006
6.494575, 8.458674
6.490978, 8.552300
6.483180, 8.645681
6.477546, 8.738433
6.484045, 8.802444
6.494619, 8.886047
6.505243, 8.970038
6.509786, 9.041746
6.503989, 9.114226
6.499433, 9.171194
575d8745-94c3-4fdd-b056-8dbadb8d7e88
6.991627, 4.631553
7.171406, 4.603657
7.304503, 4.600042
7.441519, 4.584599
7.504909, 4.595111
7.613265, 4.614249
7.720323, 4.612042
7.803104, 4.602038
7.849667, 4.607005
7.902286, 4.612617
b52d2cf3-5966-4bee-ac2d-2c6fc1d57b28
7.029782, 4.825650
7.223460, 4.884513
7.330202, 4.921154
7.398757, 4.948929
7.490457, 4.993666
7.570245, 5.016440
7.644907, 5.046377
7.730786, 5.083078
7.798962, 5.107331
7.867779, 5.159699
7.930779, 5.182287
7.970550, 5.194956
5fe2daee-d10e-46d4-b994-335ae3e145f2
6.992055, 4.776611
7.248878, 4.855633
7.348499, 4.888619
7.420074, 4.890392
7.460864, 4.892899
7.509979, 4.897418
7.560563, 4.902072
7.619584, 4.907502
7.699011, 4.919319
7.742062, 4.930263
7.789480, 4.943862
7.843864, 4.954789
7.893666, 4.964795
7.950008, 4.977642
8.001328, 4.987808
8.049397, 4.998856
8.093256, 5.012009
8.146299, 5.031041
8.200170, 5.051959
8.227828, 5.064306
50fcbe37-67fa-4571-8fef-a1eeee59052e
6.799948, 4.462631
6.698211, 4.466857
6.630670, 4.460674
6.592544, 4.463196
6.552415, 4.465849
6.494372, 4.481950
6.461558, 4.503476
6.397415, 4.547344
6.291296, 4.567299
6.171926, 4.567276
6.108851, 4.579719
6.017481, 4.597743
5.926106, 4.615769
5.832806, 4.612567
5.760184, 4.574193
5.667956, 4.490753
5.622205, 4.451401
167dd47d-7187-4a9a-ab24-ada2bafbcce0
6.802954, 4.459832
6.663675, 4.469965
6.526442, 4.510641
6.286522, 4.566742
6.116495, 4.578514
5.934243, 4.614428
5.771879, 4.661271
5.742372, 4.674456
5.722205, 4.676910
09d49774-4106-47a6-b730-4111857abb6f
6.845212, 4.555066
6.749504, 4.626060
6.666296, 4.701567
6.563867, 4.768153
6.427882, 4.863103
6.339707, 4.928539
6.230329, 4.974758
6.090663, 5.033356
5.981568, 5.129849
5.921878, 5.201392
5.887230, 5.236033
5.864723, 5.266915
45fd7434-f8c3-4119-95fe-499d759372bd
6.858556, 4.700321
6.826052, 4.788441
6.783863, 4.872573
6.701493, 4.950076
6.628444, 4.975887
6.572734, 4.998747
6.480875, 4.988569
6.396148, 4.972921
6.313088, 4.968127
6.173387, 4.994257
6.045373, 5.058975
5.939932, 5.112660
b6dcfe6b-0944-4885-a65b-b3af32d845ae
6.879167, 4.855633
6.834767, 4.843846
6.727209, 4.818907
6.646080, 4.800796
6.581517, 4.791715
6.351360, 4.820517
6.323739, 4.819948
6.278412, 4.822007
6.217778, 4.826260
6.153768, 4.833750
6.108307, 4.840577
6.059383, 4.847674
