main root
6.580699, 5.710941
6.408707, 5.930549
6.390307, 6.028006
6.290382, 6.509893
6.258030, 6.649275
6.230387, 6.789224
6.203501, 6.928067
6.176574, 7.067126
6.139835, 7.192411
6.198660, 7.659054
d2debe72-f0ad-4f73-9a80-703093bdba78
6.351031, 6.124597
6.131712, 6.406884
6.096243, 6.430360
841f3ead-0039-4a54-bd65-1218b7b5a270
6.591649, 5.736077
6.641591, 5.837459
6.682058, 5.877501
6.706661, 5.898347
6.757123, 5.912045
2211bd64-ddbb-491b-b051-2ed3ce01b3a1
6.414316, 6.065914
6.498167, 6.131278
6.552896, 6.150482
6.602858, 6.177106
6.636033, 6.198201
6.665701, 6.209996
