main root
6.682319, 5.312746
6.621183, 5.670309
6.608441, 5.744834
6.563619, 6.086112
6.559892, 6.194777
6.551398, 6.236133
6.515729, 6.428852
6.496200, 6.545964
6.470544, 6.661335
6.448859, 6.778288
6.428793, 6.886512
6.409702, 6.977936
6.398746, 7.060840
6.385542, 7.144926
6.374523, 7.228472
6.361340, 7.312555
6.350341, 7.396107
6.335067, 7.480344
6.326294, 7.562283
6.291202, 7.633133
6.272716, 7.690689
6.255218, 7.774540
6.243130, 7.854451
6.225147, 7.913292
6.195845, 8.001970
6.165076, 8.081870
6.133656, 8.169312
6.107120, 8.249297
6.074154, 8.328905
6.041762, 8.407128
6.008164, 8.493760
5.967429, 8.587099
5.915734, 8.684386
5.852686, 8.794093
5.782550, 8.920293
5.704359, 9.052689
5.678718, 9.112652
5.664355, 9.167638
5.645256, 9.226437
5.608590, 9.573964
5.620478, 9.711165
5.617751, 9.888723
5.613832, 10.006485
5.602727, 10.158428
5.592170, 10.244829
5.578504, 10.321982
5.564058, 10.507790
5.556756, 10.564277
5.569747, 10.700986
5.566559, 10.966786
5.577990, 11.123718
5.569563, 11.264767
5.572617, 11.382569
5.577802, 11.501171
5.581038, 11.575184
5.580119, 11.643155
78aafb27-18d9-49d5-8530-a37addeea95e
6.682231, 5.490054
6.813359, 5.606468
6.950818, 5.691740
7.021602, 5.697674
7.066762, 5.712029
59f81855-1fc0-4988-80b3-f9dfe2ad670b
6.640007, 6.056755
6.715574, 6.175450
6.723016, 6.195501
6.731970, 6.232530
6.736631, 6.258172
6.752716, 6.277924
6.773018, 6.309964
6.791407, 6.344635
6.819253, 6.384359
6.838168, 6.416559
6.850247, 6.445988
6.867585, 6.492170
6.882599, 6.523644
6.907550, 6.568997
6.937107, 6.610302
6.973683, 6.658844
7.004255, 6.699419
7.042016, 6.747045
7.071733, 6.782119
7.220176, 6.944888
7.291815, 7.007754
7.366844, 7.076409
7.429301, 7.133561
7.523653, 7.213564
2f3517fe-31df-40bf-911b-2f47bbb6a1f6
6.718212, 5.511799
6.855878, 5.668419
6.907139, 5.824525
6.920282, 5.892185
6.931864, 5.936098
6.938460, 5.972852
6.939475, 5.995438
6.962063, 6.164471
6.971042, 6.208901
6.975902, 6.247953
6.977798, 6.287260
6.982989, 6.332290
6.991164, 6.376875
6.995317, 6.416009
7.003090, 6.460666
7.012746, 6.498570
6.930348, 6.766623
384ec368-23b1-4b13-8ec7-1a82b50403ac
6.700602, 5.971070
6.755590, 5.973249
6.801000, 5.972052
6.823477, 5.974454
6.865571, 5.978955
6.914256, 5.978139
6.936709, 5.980756
6.978759, 5.985658
7.010850, 5.998441
7.038336, 6.006166
7.066480, 6.010967
7.108859, 6.012124
7.154535, 6.021015
7.243664, 6.009928
7.305338, 6.020854
7.363693, 6.031192
7.401895, 6.031881
7.484224, 6.021703
7.539214, 5.996955
7.581098, 5.948695
2ffca589-f383-4090-ba59-0c5a0c50807c
6.581046, 6.441519
6.628551, 6.455974
6.695843, 6.481144
6.792450, 6.523920
7.029328, 6.599213
7.107492, 6.630549
7.184445, 6.659178
7.279664, 6.694603
7.358953, 6.733079
7.427511, 6.766347
7.469310, 6.788295
7.508224, 6.813799
0e0d585f-3714-4910-beec-dfe0ed2f4895
6.039433, 8.457912
6.107531, 8.504704
6.176147, 8.554367
6.268746, 8.615592
04ac6d4c-2481-48a8-8c2d-b750d3166f23
6.015567, 8.513233
5.983933, 8.691262
5.962023, 8.796010
7b4777b8-5ae6-4381-a4fa-290406a610fa
5.732216, 8.998001
5.639113, 9.006382
56678de4-c612-488b-967f-dde1075e3bbb
6.405579, 7.365965
6.470022, 7.378611
6.550112, 7.396422
6.599420, 7.405854
6aaf3926-3b40-47c7-8845-fb90919e8928
6.579496, 5.670010
6.493797, 5.672309
6.402813, 5.674750
6.323369, 5.673487
