main root
6.451208, 4.744143
6.695132, 4.894867
6.700972, 4.970843
6.739857, 5.208395
6.745107, 5.309325
6.757164, 5.418931
6.756572, 5.510293
6.755694, 5.645748
6.759211, 5.755954
6.764839, 5.865947
6.764548, 5.984134
6.768476, 6.103013
6.768455, 6.229547
6.764235, 6.356003
6.760000, 6.482938
6.772480, 6.612582
6.768875, 6.766783
6.768266, 6.883157
6.773974, 7.002230
6.769071, 7.120279
6.772827, 7.182381
6.783433, 7.254685
6.786488, 7.296137
6.788153, 7.339085
6.789272, 7.385262
6.837505, 7.578964
6.862330, 7.668425
6.892472, 7.977071
6.903849, 8.092214
6.905146, 8.211669
6.894075, 8.345131
6.889787, 8.473013
6.886950, 8.557629
6.884396, 8.633790
6.882481, 8.690908
6.874782, 8.741842
6.921907, 9.198123
6.922768, 9.298125
6.927992, 9.414551
6.940014, 9.541944
6.948521, 9.676497
6.952309, 9.802975
6.954005, 9.929713
6.957450, 10.029079
6.962306, 10.082741
6.965259, 10.131980
6.966146, 10.196785
6.969991, 10.258998
6.973517, 10.316038
6.971931, 10.367637
6.979075, 10.633556
6.980203, 10.675546
6.984463, 10.720502
6.983659, 10.743142
6.976399, 10.778925
6.970039, 10.809974
6.967229, 10.838320
6.968995, 10.880611
6.973863, 10.925445
6.973449, 10.963223
6.972892, 11.014023
6.972241, 11.073290
6.973072, 11.134069
6.970963, 11.198848
6.971931, 11.261166
6.969810, 11.317478
6.966141, 11.375151
6.963239, 11.444335
6.957535, 11.508887
6.955036, 11.571168
6.954096, 11.631941
6.955996, 11.702705
6.959122, 11.763410
6.962061, 11.820484
6.959529, 11.869944
9cd198bd-21c8-4dd3-bf0e-f814e7028d86
6.843762, 5.525531
6.881729, 5.540702
6.957049, 5.576577
7.027841, 5.608637
7.101219, 5.638581
7.183481, 5.662452
7.252718, 5.701250
7.416795, 5.771096
7.497234, 5.812369
7.543586, 5.838155
7.606021, 5.876313
7.662009, 5.910531
7.702543, 5.942320
6773fb53-427d-47e5-9812-c92c5e041aea
6.802011, 5.301024
6.850366, 5.305225
6.944080, 5.345495
7.030389, 5.382560
7.092957, 5.425941
7.135070, 5.462426
7.170778, 5.491380
7.306604, 5.556546
7.335958, 5.605095
7.358130, 5.647553
7.391623, 5.701989
7.422679, 5.752465
8b573a7a-84c6-408f-9b10-4f9fe128e580
6.682446, 5.173848
6.696873, 5.273244
6.698826, 5.297115
6.716921, 5.512993
6.834995, 5.922979
882d1174-29a3-432a-806b-4997505aa6ae
6.670496, 5.123550
6.562903, 5.138864
6.532962, 5.147998
6.323580, 5.268949
fc3dcc0f-8354-40e0-9972-1d36fe35aaea
6.707956, 5.901883
6.674174, 5.912155
6.632687, 5.926335
6.608513, 5.931434
6.569406, 5.936624
6.535358, 5.944162
6.496813, 5.957295
6.450731, 5.972997
6.406267, 5.980451
6.297460, 6.017964
6.267448, 6.025145
6.233538, 6.034827
6.211192, 6.034981
6.185190, 6.033636
6.155138, 6.036550
6.128538, 6.040604
6.102197, 6.046103
6.073876, 6.056573
6.049167, 6.067303
f9dfc4ff-f697-4f84-9d5d-370dbb909c81
6.775528, 6.015223
6.827772, 6.053314
6.848325, 6.068273
6.855479, 6.087126
6.860725, 6.114104
6.881742, 6.129067
6.910582, 6.186771
6.926899, 6.212725
6.981474, 6.280213
7.001767, 6.304936
7.013997, 6.324186
7.024942, 6.346563
7.034956, 6.380662
7.036182, 6.406910
7.051714, 6.420654
7.089010, 6.487618
7.119886, 6.539978
7.138465, 6.580327
7.155716, 6.610634
ad52abd7-daae-4977-8b9f-c493bbd88c7c
6.796941, 6.665392
6.823556, 6.671945
6.860617, 6.676143
6.890834, 6.680777
6.920845, 6.686597
6.947879, 6.690015
7.039854, 6.727469
7.077082, 6.739397
7.111350, 6.750376
7.139303, 6.756188
7.204154, 6.759042
7.226407, 6.763017
7.254188, 6.771021
7.280448, 6.777030
f6fbdcba-aa9a-4f22-9f4a-d7e01ea87c5f
6.744426, 6.752629
6.676643, 6.902421
6.650106, 6.943175
6.593570, 7.051123
6.556954, 7.092257
6.523055, 7.128088
6.488144, 7.164989
6.447588, 7.214392
6.409468, 7.270262
6.377172, 7.301758
