main root
5.971245, 4.500759
5.998909, 4.970280
5.985028, 5.167544
5.975494, 5.361232
5.995569, 5.554414
5.989386, 5.684614
5.982227, 5.873827
5.988029, 5.997096
5.996472, 6.122438
5.992981, 6.281083
6.000401, 6.389776
6.030044, 6.482361
6.064681, 6.623582
6.085607, 6.741935
6.099956, 6.847397
6.110228, 6.922898
6.114019, 6.984072
6.112125, 7.050296
6.146713, 7.234447
6.172096, 7.308357
6.167138, 7.363281
6.176233, 7.421974
6.192275, 7.539264
6.208337, 7.656703
6.221147, 7.765981
6.235068, 7.866570
6.248996, 7.967204
6.263814, 8.058929
6.275866, 8.160052
6.282766, 8.253496
6.291704, 8.345980
6.297281, 8.447668
6.298207, 8.541361
6.297027, 8.634741
6.291510, 8.736431
6.286464, 8.829433
6.288101, 8.915724
6.297970, 8.998518
6.301558, 9.081940
6.299036, 9.168062
6.294473, 9.253055
6.287839, 9.337914
6.279140, 9.422590
6.270883, 9.488332
6.266336, 9.560554
6.263480, 9.629743
6.253519, 9.689637
6.246762, 9.739384
6.246335, 9.775899
6.251928, 9.809470
31a3a15d-400b-4fb4-b1dc-f56576a418e0
6.025512, 4.716481
6.106383, 4.726803
6.188558, 4.766715
6.244331, 4.803201
6.276773, 4.829969
6.327993, 4.862903
6.624716, 4.971611
6.673000, 4.978948
6.692139, 4.987162
6.732091, 5.000246
6.769271, 5.011641
6.806663, 5.022325
6.844250, 5.032294
6.874699, 5.045797
6.918442, 5.057835
6.946285, 5.067832
6.979299, 5.082079
7.019226, 5.095241
7.052604, 5.108615
7.085080, 5.124053
7.120513, 5.140075
7.140678, 5.151664
7.174758, 5.170394
7.189894, 5.184699
7.210942, 5.203569
7.219349, 5.225805
ae058f40-9cc8-43be-a145-2468ed2ce50d
6.089681, 4.896469
6.277379, 4.989579
6.484137, 5.040322
6.679484, 5.128531
6.774922, 5.174616
eb437290-7a67-4d08-8332-d20ddfae2e3c
6.080478, 5.202766
6.221589, 5.355166
6.222494, 5.367679
6.233611, 5.385993
6.258764, 5.420527
6.271264, 5.450398
6.276377, 5.471906
6.292505, 5.481625
6.334028, 5.538244
6.355308, 5.567260
daa13b58-7d60-4fed-895b-94c3a0a05ff0
5.947771, 5.251451
5.881167, 5.284317
5.817002, 5.310973
5.749632, 5.337339
5.667974, 5.367025
5.625303, 5.384130
