main root
7.649162, 5.852635
7.805951, 6.341962
7.863052, 6.639206
7.884973, 6.742041
7.895341, 6.882270
7.887238, 7.006467
7.872118, 7.076667
7.852174, 7.159414
7.821466, 7.241685
7.783927, 7.336208
7.745911, 7.414740
7.702867, 7.489379
7.655603, 7.558883
7.596275, 7.624000
7.531839, 7.691601
7.462452, 7.746002
7.374568, 7.812215
7.298763, 7.879922
7.229297, 7.941967
7.156677, 8.001188
7.084497, 8.060052
7.026303, 8.099781
6.975375, 8.149597
6.924520, 8.196886
6.812252, 8.322372
6.732451, 8.453941
6.655213, 8.593135
6.595801, 8.729272
6.521863, 8.883143
6.495243, 8.967768
6.460978, 9.090694
6.430776, 9.214685
6.404671, 9.339594
6.376692, 9.463207
6.354263, 9.562299
6.334068, 9.670687
6.318047, 9.779775
6.310397, 9.890115
6.306998, 10.000319
6.312058, 10.110821
6.317094, 10.220778
6.319264, 10.314140
6.319512, 10.415835
6.321875, 10.517348
6.322127, 10.619054
6.326608, 10.720485
6.327234, 10.830525
6.325744, 10.940552
6.324368, 11.042139
6.325213, 11.135058
6.332479, 11.236356
6.339749, 11.337691
6.345511, 11.447577
6.355047, 11.548664
6.358294, 11.650650
6.355723, 11.768817
6.353146, 11.887318
6.357095, 11.997658
6.359221, 12.116027
6.365272, 12.217381
6.380294, 12.326973
6.397344, 12.435781
6.408916, 12.536961
6.421424, 12.646321
6.427607, 12.756238
6.433312, 12.857685
6.432281, 12.951728
6.426936, 13.053437
6.428387, 13.146063
6.427647, 13.231180
6.430994, 13.332664
6.424238, 13.400149
5908df04-eb0e-400b-92ec-c9263b2265b8
7.811066, 6.132061
7.849211, 6.180584
7.875256, 6.242724
7.876846, 6.315319
7.879602, 6.367934
7.906467, 6.429799
7.929477, 6.459880
7.948271, 6.494288
7.958724, 6.519861
7.981047, 6.566564
8.000216, 6.606668
8.016315, 6.659237
8.024053, 6.737071
8.048174, 6.816478
8.064816, 6.856992
8.080901, 6.896151
8.100892, 6.936940
8.125624, 6.997605
8.136826, 7.046724
0f4e137d-1308-456b-9834-24f2d5d7f1a1
7.809717, 6.030534
7.860676, 6.025559
7.945222, 6.017780
8.063240, 6.037702
8.106551, 6.083821
8.135391, 6.131939
8.182495, 6.221391
8.253634, 6.257060
8.309050, 6.295827
8.363458, 6.395256
8.407252, 6.485701
8.434831, 6.543221
8.458774, 6.572193
8.496198, 6.639420
8.519853, 6.678838
4877c176-9f63-454b-bfa4-93324522181c
7.791369, 5.963563
7.892801, 6.004835
8.008669, 6.063126
8.058211, 6.147870
8.130535, 6.201839
8.284335, 6.277284
8.347350, 6.332916
8.408233, 6.403148
8.433758, 6.450733
8.448792, 6.475593
59100b21-31c4-4b56-bc8e-06e885aae276
6.808695, 8.324732
6.622970, 8.474521
