main root
6.629183, 4.352778
6.627690, 4.732090
6.586810, 5.178564
6.582064, 5.276732
6.587302, 5.387461
6.594213, 5.488766
6.599021, 5.590355
6.612262, 5.691132
6.626450, 5.782965
6.635726, 5.884572
6.647477, 5.967667
6.663319, 6.050079
6.678880, 6.142162
6.694962, 6.224884
6.711120, 6.307997
6.738992, 6.396253
6.763610, 6.495276
6.798292, 6.590945
6.832918, 6.686459
6.872440, 6.789273
6.914733, 6.881610
6.943154, 6.963580
6.983244, 7.066287
7.013364, 7.155018
7.054807, 7.257360
7.087150, 7.354135
7.117373, 7.451243
7.149562, 7.547551
7.170903, 7.631027
7.199491, 7.709357
7.217940, 7.777368
7.239726, 7.851964
7.268208, 7.949488
7.284304, 8.027114
7.289828, 8.115033
7.297180, 8.198980
7.306045, 8.300199
7.307196, 8.410366
7.306231, 8.520398
7.296759, 8.638174
7.285831, 8.747656
7.273627, 8.848624
7.259326, 8.949315
7.243194, 9.033399
7.231212, 9.111736
7.221003, 9.189891
7.207962, 9.435545
7.212038, 9.495276
7.199098, 9.565770
7.193083, 9.622047
7.188647, 9.675321
7.180985, 9.710286
7.173049, 9.766323
7.161704, 9.812647
7.152404, 9.868472
7.144855, 9.921394
7.136005, 9.971095
7.123022, 10.016985
7.108814, 10.067206
7.088862, 10.183287
7.084919, 10.234011
7.074287, 10.343490
7.066580, 10.444737
7.058055, 10.529419
7.053997, 10.611126
7.050582, 10.649723
7.050268, 10.908334
7.053168, 10.987516
7.036130, 11.092926
7.026455, 11.171571
7.014550, 11.243853
7.004638, 11.322471
6.992515, 11.394714
6.977454, 11.466406
6.961792, 11.540966
6.948448, 11.619070
6.930058, 11.673389
6.909379, 11.753145
6.888598, 11.797523
6.862058, 11.882440
6.838557, 11.937571
6.810265, 12.011586
6.776155, 12.067290
6.749741, 12.104688
6.730475, 12.168788
6.604272, 12.472913
6.566985, 12.523713
6.545101, 12.646883
6.483515, 12.861007
6.448610, 12.967162
6.331328, 13.121603
6.203931, 13.158116
6.077497, 13.205129
5.940117, 13.213690
5.857160, 13.216227
5.775251, 13.220229
5.695915, 13.234424
5.617131, 13.233863
5.498976, 13.228802
5.380037, 13.227930
5.236866, 13.228850
5.061096, 13.228050
4.909543, 13.227719
4.770983, 13.227421
8d089ea5-a9d7-45f7-8079-6cb5ffad5c4f
6.684798, 4.394387
6.758672, 4.402470
6.816006, 4.407639
966eb0f8-fc7c-45c8-b545-f8e7045650f8
6.666476, 4.519201
6.740780, 4.539359
6.781619, 4.550440
6.849872, 4.564709
ee143fef-c4ec-432d-ade1-2184f5f2c54c
6.542495, 4.531203
6.388733, 4.619706
6.325586, 4.652867
6.249735, 4.688041
6.179146, 4.724074
6.133828, 4.752249
6.076212, 4.786754
5.996936, 4.834229
5.917038, 4.882077
5.832989, 4.919421
5.746812, 4.955410
5.671062, 4.991538
5.605189, 5.029589
5.447307, 5.099634
5.381067, 5.140529
5.299320, 5.200939
5.214438, 5.271559
5.119660, 5.342179
5.013174, 5.412487
4.920872, 5.478497
4.846531, 5.534249
4.775631, 5.582235
4.711723, 5.629104
4.669051, 5.660398
df095b7d-c21f-4692-b01c-4b8e6a695dd6
6.680969, 4.620813
6.785259, 4.650592
6.825761, 4.662157
6.846485, 4.671188
6.869770, 4.681335
ef479b77-2bc2-4caa-aefc-9c80cc90e534
6.640194, 4.772697
6.716658, 4.809835
6.733742, 4.838055
6.764866, 5.058833
375ea39b-df1a-4f47-8ebb-890cf9006401
6.593963, 5.448900
6.627385, 5.456578
6.715219, 5.487725
6.744058, 5.491212
6.795442, 5.503575
6.858746, 5.503213
6.900451, 5.501478
6.969394, 5.510189
7.036610, 5.526226
7.135437, 5.549804
7.225766, 5.573518
7.307545, 5.597132
7.389229, 5.616401
7.457991, 5.637236
7.521107, 5.659488
7.573271, 5.682639
aa77fe92-52c7-4e74-8457-23a28ec20e33
7.337119, 8.574937
7.384162, 8.582972
7.515059, 8.661809
7.536818, 8.674914
7.641670, 8.688429
7.694408, 8.701207
7.770283, 8.718052
7.817845, 8.726487
7.858574, 8.742533
ec0a1d62-94a8-4db2-a92c-5dec873dde7e
7.300642, 8.063687
7.364530, 8.095928
7.431124, 8.136549
7.464225, 8.167198
7.495610, 8.221422
7.520890, 8.276146
7.530908, 8.377556
7.531761, 8.401485
4fb33893-b51c-43a8-a083-3846e4486292
6.590667, 5.041345
6.655016, 5.039545
6.698455, 5.036832
6.756632, 5.040176
6.845466, 5.044065
6.883581, 5.041151
6.902342, 5.051320
6.926900, 5.056908
6.971759, 5.064045
6.993417, 5.070521
7.026524, 5.086669
7.051254, 5.098732
7.082088, 5.107110
7.117619, 5.107459
7.153301, 5.112301
7.203635, 5.119131
7.262364, 5.127100
7.295510, 5.130087
a0546207-829c-48e1-aac3-5150b006e357
7.100327, 10.339375
7.156071, 10.358487
149390d2-7f1b-484a-8b90-65dcb9c83bd4
7.200680, 9.167281
7.137732, 9.172255
7.057673, 9.183084
6.988600, 9.184877
6.928193, 9.190594
6.895067, 9.190722
b8bffee4-6ac3-4322-b0da-0f1000014bf2
7.214372, 9.257632
7.148899, 9.254373
7.108380, 9.260100
7.093235, 9.254278
7.071461, 9.244305
2aa500c1-8edd-4071-98ea-6bdfec70100f
7.197563, 9.115944
7.166951, 9.114713
0c1ee913-b9e1-4081-a18b-9d998bc791ed
7.143360, 9.801689
7.094343, 9.797914
7.067226, 9.797499
f2f0aabe-9046-4dc9-bd12-69543da4e179
7.328349, 8.574633
7.471833, 8.589434
7.509033, 8.591697
7.554448, 8.591460
7.578989, 8.594323
7.617703, 8.601852
7.662756, 8.607566
7.695107, 8.614685
5b900371-65a6-4b11-b5c2-8cd11816313e
7.244444, 8.032924
7.550350, 8.197845
7.574242, 8.214128
7.600893, 8.239535
7.647658, 8.275847
7.698673, 8.311666
7.747177, 8.345725
7.804017, 8.378322
7.855426, 8.407804
7.904798, 8.437842
7.944085, 8.465250
7.990612, 8.499533
8.022211, 8.526534
8.064551, 8.560745
bd9c7a4a-dda5-41c4-b2db-b90b7148e01a
6.608145, 5.317066
6.632492, 5.330079
8876f70f-1322-4f01-bb96-07386ea6e897
6.629357, 4.639196
6.374693, 4.639803
6.184541, 4.656380
6.139822, 4.663322
6.103197, 4.662947
6.070276, 4.659581
6.054858, 4.670242
5.987325, 4.683054
5.919584, 4.697430
5.860691, 4.708398
5.828908, 4.709750
5.778157, 4.711908
5.747315, 4.701234
5.716466, 4.710298
5.645018, 4.703918
5.574307, 4.700609
5.496627, 4.698472
5.446425, 4.698588
5.398611, 4.695708
