main root
6.880540, 4.465160
6.933766, 4.629519
6.974830, 4.838767
7.006197, 4.972078
7.011115, 5.083858
7.004648, 5.170694
6.994241, 5.249974
7.012274, 5.369771
7.044227, 5.780215
7.045613, 5.850200
7.056259, 5.960303
7.064740, 6.070003
7.068367, 6.171788
7.075870, 6.264235
7.081326, 6.357465
7.083046, 6.459294
7.079347, 6.562266
7.080274, 6.653438
7.068549, 6.741762
7.049885, 6.850209
7.045624, 6.924874
7.052693, 6.985578
7.068629, 7.085849
7.085783, 7.166822
7.096572, 7.230926
7.121665, 7.546134
7.141437, 7.626772
7.155896, 7.742043
7.159246, 7.806116
7.164235, 7.875928
7.170556, 7.945633
7.167031, 7.991411
7.165747, 8.064499
7.171734, 8.140581
7.172118, 8.204740
7.173872, 8.274708
7.180030, 8.347549
7.180786, 8.411703
7.182946, 8.481660
7.195695, 8.560262
7.197915, 8.621695
7.186612, 8.677471
7.191304, 8.741210
7.202751, 8.792603
7.216082, 8.858589
7.221046, 8.920146
7.218676, 8.981854
7.224317, 9.034204
7.233496, 9.103922
7.240960, 9.170826
7.240481, 9.232579
7.241592, 9.302888
7.238281, 9.367261
7.236325, 9.437553
7.230209, 9.501719
7.225187, 9.571857
7.219048, 9.638895
7.214288, 9.709053
7.207541, 9.832480
7.200540, 9.886868
7.151104, 10.125600
7.141412, 10.187168
7.135932, 10.250843
7.130777, 10.334940
7.123463, 10.380888
7.130904, 10.402615
7.132480, 10.481232
7.136458, 10.532789
7.142715, 10.575596
7.154584, 10.636455
7.169332, 10.696679
7.186923, 10.756135
7.201798, 10.811690
7.217055, 10.868673
7.233100, 10.940168
7.249787, 11.014525
7.265862, 11.095763
7.269805, 11.154242
7.272768, 11.220431
7.277360, 11.289528
7.278892, 11.375131
7.281475, 11.435858
7.274369, 11.480135
7.267257, 11.562242
7.260680, 11.638168
7.252743, 11.712455
7.241560, 11.774855
7.230821, 11.843266
7.207395, 11.905287
7.187925, 11.986176
7.049809, 12.502099
7.048944, 12.685661
ac0caa42-0c94-4779-8ed1-af77bc047f8a
7.021243, 4.704248
7.082130, 4.733392
7.112416, 4.752866
7.163184, 4.790849
7.206946, 4.832934
7.334900, 4.904784
7.475507, 4.971329
7.534764, 5.006280
7.615371, 5.033894
7.674530, 5.039922
7.734176, 5.055026
7.825324, 5.071598
7.891964, 5.083714
7.955122, 5.098239
8.026839, 5.119051
8.070599, 5.141099
8.140662, 5.174725
8.229733, 5.224512
8.279240, 5.255613
8.330494, 5.289604
a588e938-909c-43ed-9f6c-8726a90be3c0
6.780564, 4.552814
6.633427, 4.820194
6.591250, 4.899811
6.570818, 4.935185
6.548007, 4.965697
6.517895, 5.008478
6.489148, 5.044117
6.463448, 5.071210
6.434205, 5.097690
6.390274, 5.137469
6.346551, 5.173022
6.315783, 5.194182
6.293314, 5.216901
6.070532, 5.460488
6.041962, 5.491726
6.015196, 5.529860
5.991242, 5.566595
5.972590, 5.586976
5.939631, 5.620777
5.914430, 5.640190
5.873916, 5.673288
5.835002, 5.701213
5.786162, 5.739946
5.740457, 5.770462
5.705355, 5.801097
5.660846, 5.837956
5.629277, 5.869928
5.577798, 5.927969
5.549454, 5.955416
5.531139, 5.977318
5.513864, 6.002644
5.498751, 6.027455
be14ad81-4223-4219-b8c1-70513a4e1e66
6.919498, 4.853193
6.879204, 4.866976
6.855473, 4.882764
6.814709, 4.910357
6.670928, 5.004473
6.610673, 5.036758
6.545347, 5.066668
6.475327, 5.100372
6.384774, 5.146307
6.322654, 5.184796
6.265558, 5.218411
6.230371, 5.240863
6.197754, 5.270555
dfc512e5-0ae4-4c24-8d76-63e5d2adcad6
6.927223, 4.857165
6.825882, 5.017845
6.683015, 5.213367
6.658042, 5.247545
6.632742, 5.279631
6.601286, 5.319526
6.579753, 5.354089
6.559923, 5.394408
6.542857, 5.432500
6.530387, 5.498089
6.531390, 5.558314
6.540942, 5.592539
6.558717, 5.650659
6.561473, 5.699848
747e3e0a-c6ed-4df7-9b14-544e93bb6bea
7.006166, 6.938433
6.965878, 6.998425
