main root
6.670600, 4.535911
6.643889, 4.782342
6.644617, 4.893459
6.641109, 5.003434
6.616468, 5.112208
6.588211, 5.169930
6.584896, 5.244012
6.612316, 5.394850
6.602712, 5.507674
6.602070, 5.565086
6.603799, 5.678166
6.617629, 5.752379
6.646152, 5.859243
6.684827, 5.963119
6.695708, 6.028730
6.709783, 6.075026
6.710198, 6.121400
6.731369, 6.284368
6.802590, 6.464932
6.838264, 6.560708
6.842778, 6.604464
6.947301, 6.567346
6.697605, 6.561951
6.645909, 6.569552
6.573014, 6.584809
6.511106, 6.594708
6.440456, 6.596227
6.385926, 6.603388
6.351209, 6.601909
6.325828, 6.618111
6.286618, 6.636039
6.233275, 6.660428
6.166929, 6.684179
6.095186, 6.709863
6.021634, 6.739373
5.950954, 6.772264
5.902978, 6.794590
5.858894, 6.824980
5.696904, 6.904038
5.647788, 6.918017
5.620878, 6.931046
5.569525, 6.952465
5.542921, 6.969932
5.493060, 7.006119
5.445613, 7.040421
5.397432, 7.078816
5.350848, 7.121679
5.307772, 7.159280
5.247353, 7.217526
5.204683, 7.258661
5.161935, 7.304029
5.109739, 7.361608
5.064354, 7.413902
5.037694, 7.440052
5.002950, 7.477447
e15bd723-8632-4f59-8edf-f072aa0aa08b
6.687128, 4.935142
6.799052, 4.998028
6.857684, 5.027549
6.940105, 5.071404
7.015447, 5.109143
7.045149, 5.132390
7.214434, 5.177829
7.287034, 5.212408
7.378723, 5.274827
7.451762, 5.280482
7.526442, 5.313831
7.569311, 5.402210
7.648726, 5.463790
7.745835, 5.529441
7.855080, 5.579483
7.954301, 5.591640
7.995087, 5.599653
8.077346, 5.603569
8.120650, 5.602633
8.169829, 5.601331
8.315231, 5.740228
8.418891, 5.806512
8.521800, 5.860200
8.645373, 5.928043
1c11b355-592e-408c-a983-3757eb182f78
6.559596, 4.994228
6.508997, 4.991365
6.477052, 4.992168
6.451146, 4.986832
6.424197, 4.981278
6.399323, 4.976149
6.299881, 4.990694
6.211482, 4.982768
6.169527, 4.979007
6.113745, 4.971000
6.056772, 4.961310
5.985179, 4.955206
5.916069, 4.950817
5.850057, 4.945124
5.792476, 4.944665
5.731502, 4.946254
5.695531, 4.947192
5.580821, 4.949888
5.533761, 4.951325
5.488556, 4.955704
5.449121, 4.956517
5.400943, 4.963501
5.356523, 4.972968
5.317435, 4.978238
5.278061, 4.980523
5.249891, 4.985155
5.205664, 4.995459
5.164445, 5.005061
5.125464, 5.011069
5.068140, 5.018389
4.999659, 5.028643
4.933929, 5.036971
4.864136, 5.048832
4.794048, 5.062259
4.758708, 5.069031
4.610400, 5.130558
4.459281, 5.161874
4.415094, 5.166110
4.388758, 5.169808
4.373498, 5.185626
4.311375, 5.207562
4.244770, 5.235843
4.185958, 5.257562
4.150888, 5.265727
4.101409, 5.277247
4.044808, 5.288888
3.979631, 5.300766
3.914197, 5.311168
3.849791, 5.318376
3.790892, 5.324967
3.715163, 5.333442
3.636792, 5.345225
3.587392, 5.354165
b8cd1236-23f0-4941-9579-e0d24c4e10e2
6.590755, 4.826035
6.502111, 4.845058
6.467387, 4.846387
6.427957, 4.844902
6.397355, 4.846744
6.355093, 4.849290
6.310023, 4.855005
6.262836, 4.867022
6.216800, 4.861750
6.095444, 4.876439
6.046247, 4.882394
5.987404, 4.889516
5.927256, 4.898303
5.862757, 4.904702
5.806467, 4.907278
5.748692, 4.908424
5.685374, 4.905189
5.613014, 4.905989
5.542324, 4.909765
5.464822, 4.915403
5.407823, 4.919550
5.353790, 4.926295
5.271803, 4.923429
5.233154, 4.918999
5.189977, 4.916977
5.148252, 4.914940
5.103396, 4.915663
5.061627, 4.916252
5.019856, 4.916756
4.983958, 4.917106
4.955679, 4.920291
4.911518, 4.928192
4.870383, 4.935466
4.829165, 4.942755
4.797370, 4.943817
4.748044, 4.943967
4.692769, 4.948624
4.655305, 4.944271
4.605288, 4.939965
4.564578, 4.940968
4.512333, 4.943752
4.457361, 4.951178
4.409584, 4.954611
4.351856, 4.957259
4.294765, 4.959878
4.240278, 4.962238
4.079154, 4.993860
4.042656, 4.994921
4.003630, 4.993003
3.976207, 4.991597
3.947758, 4.993077
3.913272, 4.997811
3.871706, 5.003457
3.839364, 5.013833
3.801339, 5.022829
3.774605, 5.029093
3.739271, 5.043461
3.700391, 5.059208
3.661490, 5.074902
3.624223, 5.086646
3.586153, 5.095443
3.547512, 5.101241
3.506020, 5.107408
3.464519, 5.113518
3.423010, 5.119571
3.381493, 5.125566
3.339968, 5.131503
3.300973, 5.133997
3.266545, 5.139140
3.225050, 5.145281
3.178499, 5.158162
3.138056, 5.169294
3.095424, 5.184192
3.073124, 5.185644
3.034054, 5.185128
3.005683, 5.187690
2.977726, 5.193162
2.950482, 5.201486
1754c93d-3a7e-4f91-a97b-b0b7f243bd34
6.650144, 6.345631
6.603393, 6.378972
6.576308, 6.390938
6.545250, 6.408977
6.424167, 6.510748
6.382591, 6.534029
6.345124, 6.556726
6.309464, 6.576577
6.265657, 6.599251
6.221182, 6.620585
6.177486, 6.636565
6.128885, 6.655934
6.065124, 6.682954
6.018353, 6.702775
5.982119, 6.716505
