main root
6.316246, 4.788182
6.248517, 5.230901
6.172466, 5.448168
6.078373, 5.719055
6.051647, 5.865528
6.026480, 5.978601
6.009377, 6.051857
5.988092, 6.152656
5.888783, 6.313534
5.857484, 6.399435
5.805855, 6.535716
5.771865, 6.631406
5.703528, 6.716372
5.670630, 6.775653
5.644983, 6.913284
5.611528, 6.990774
5.590928, 7.125623
5.565074, 7.224829
5.492228, 7.511988
54505ae6-b28a-4a0e-b2b5-3296680a81a7
6.370103, 4.928189
6.481349, 4.974761
6.543856, 4.994439
6.578745, 5.011700
6.631870, 5.037984
6.939182, 5.186365
6.996552, 5.210743
7.029639, 5.228055
7.072194, 5.257081
7.125318, 5.289694
7.147239, 5.313688
7.170994, 5.329711
7.274441, 5.401329
7.337065, 5.444691
7.403858, 5.487298
7.457745, 5.530550
7.536984, 5.594150
7.604825, 5.640924
7.671722, 5.683409
7.763452, 5.744174
7.821995, 5.781161
7.903128, 5.834834
7.953089, 5.875062
8.022221, 5.938828
8.072009, 5.984753
8.115453, 6.030933
8.162554, 6.090082
8.198688, 6.137861
8.222678, 6.183326
8.292385, 6.271190
8.325863, 6.323020
8.356141, 6.378282
8.394542, 6.439147
8.432488, 6.496597
8.469633, 6.552835
8.490502, 6.595294
8.528018, 6.681157
8.560497, 6.751755
8.588377, 6.819513
8.627362, 6.882796
8.659093, 6.945716
8.701029, 7.028872
8.729313, 7.094930
8.759310, 7.164987
8.792293, 7.252703
8.815255, 7.322278
8.839137, 7.394637
8.870248, 7.482189
8.889105, 7.544195
8.908812, 7.608998
8.934018, 7.703327
6e4b6f3c-769b-4d3f-9e96-8aed13af7924
6.340221, 5.102323
6.416235, 5.114431
6.506852, 5.121914
6.610738, 5.078939
6.756836, 5.108183
6.832091, 5.130653
7.014539, 5.208246
7.355398, 5.341647
7.515414, 5.399963
7.743790, 5.522742
7.953052, 5.663151
8.106366, 5.847214
8.247676, 6.042080
8.335615, 6.132074
8.484618, 6.290077
16bac954-636f-4d6d-93a5-e08524e111c7
6.313668, 4.960806
6.473669, 5.029045
6.555546, 5.054204
6.628390, 5.076588
6.898631, 5.149863
6.997109, 5.172802
7.225574, 5.271719
7.320051, 5.288947
7.413072, 5.324652
7.477252, 5.351662
7.536620, 5.382301
7.597448, 5.416191
7.637333, 5.437524
7.666507, 5.466764
7.803735, 5.543250
7.863439, 5.579063
7.921971, 5.616757
7.966957, 5.648364
8.030890, 5.712212
8.054975, 5.743627
8.095554, 5.800198
8.134312, 5.858032
8.175363, 5.917891
8.221214, 5.978082
8.270008, 6.035914
8.321624, 6.091241
8.354589, 6.129825
8.378869, 6.166262
8.419764, 6.226229
8.437794, 6.264673
8.462310, 6.327521
8.486926, 6.390623
8.499203, 6.430333
8.505460, 6.476444
d7299dce-e7ee-4ddd-b55a-d27c176817d4
6.326009, 5.276277
6.406137, 5.354631
6.438495, 5.388695
6.589768, 5.427280
6.659543, 5.417724
6.720307, 5.406270
6.778266, 5.405115
6.808483, 5.410389
6.869852, 5.417955
6.914952, 5.426424
6.967752, 5.439274
7.019796, 5.454909
7.063344, 5.477370
7.105135, 5.493872
7.193790, 5.535010
7.306538, 5.570594
7.380996, 5.592524
7.430586, 5.614932
7.506337, 5.655986
7.583857, 5.686206
7.662385, 5.719045
7.788944, 5.780196
7.857917, 5.825239
7.940803, 5.884419
8.017627, 5.936687
8.047481, 5.966049
f814ea04-22fd-4a55-9ba6-7950f6442942
6.272002, 5.398737
6.325836, 5.448095
6.340330, 5.468338
6.366544, 5.507987
6.396758, 5.540120
6.428392, 5.575945
6.464770, 5.626189
6.497436, 5.673857
6.518088, 5.706643
6.625593, 5.879592
6.669865, 5.933992
6.705140, 5.991625
6.789588, 6.068896
6.858335, 6.119627
6.904073, 6.162681
6.976658, 6.233910
7.018650, 6.281409
7.065624, 6.332285
7.094541, 6.366661
7.159663, 6.418584
7.190653, 6.455997
7.236861, 6.502378
7.261030, 6.530861
7.286846, 6.570520
7.319159, 6.620133
7.351481, 6.669740
7.387710, 6.746843
7.408918, 6.798988
7.435136, 6.855474
7.449480, 6.900569
7.471199, 6.958932
7.488012, 7.012656
7.509457, 7.071121
7.526017, 7.124923
7.547187, 7.183487
7.567327, 7.239164
7.591313, 7.296635
7.600409, 7.345629
7.610826, 7.401809
7.622807, 7.433649
7.649438, 7.491673
7.668176, 7.543265
7.697079, 7.622846
7.717061, 7.673480
7.725423, 7.726505
8056ec24-5145-4a71-8d16-3da384ea0707
6.259285, 5.191661
6.021831, 5.365509
5.967216, 5.408028
5.910131, 5.446780
5.813900, 5.501012
5.770077, 5.518838
5.663145, 5.554154
5.632997, 5.564110
5.516108, 5.662250
5.270888, 5.776328
5.201816, 5.808459
5.129842, 5.848545
5.049571, 5.900518
4.970508, 5.955275
4.715591, 6.157532
4.657593, 6.213213
4.602513, 6.272317
4.550654, 6.330160
4.477947, 6.401749
4.429697, 6.447156
4.380306, 6.495692
4.320004, 6.563848
4.274992, 6.612462
4.239122, 6.653405
4.207460, 6.696359
4.169805, 6.767623
4.119307, 6.847787
b2a32feb-377c-4460-92d5-a3944eb3ca62
6.234476, 5.303656
6.041799, 5.408616
6.003414, 5.448783
5.980262, 5.473010
5.962618, 5.487141
5.937836, 5.506989
5.918475, 5.518659
5.806523, 5.576972
5.763834, 5.610979
5.729541, 5.634493
5.369185, 5.743284
5.219866, 5.818283
5.126347, 5.876819
5.023603, 5.939566
4.981160, 5.970183
4.855888, 6.058190
4.741723, 6.139247
91de3b68-5260-4af0-bba0-bf94f2a1a9aa
6.146365, 5.637581
6.187208, 5.685703
6.214601, 5.717977
6.239883, 5.750080
6.269213, 5.789741
6.299419, 5.830585
6.328380, 5.877298
6.357209, 5.920959
6.379370, 5.954519
6.498755, 6.043727
6.529370, 6.082392
6.547240, 6.114605
6.568766, 6.147235
6.592077, 6.182572
6.615524, 6.207240
6.644690, 6.237923
6.678087, 6.268714
6.692531, 6.286102
f5f23317-cd5c-47ee-9ccb-3bf1cdbb2bb1
5.979358, 5.854474
5.937029, 5.859282
5.824336, 5.843000
5.696261, 5.856370
5.626125, 5.856167
5.578695, 5.862252
5.529114, 5.870121
19f39478-eb3f-4591-9f79-6ae323012e05
6.056457, 5.729982
5.975684, 5.746938
5.950825, 5.752156
5.900218, 5.807666
5.821339, 5.842897
5.711468, 5.857034
95df65f3-9a8d-4155-ae8c-c8ed63657725
6.038162, 6.085598
6.115444, 6.136664
6.182615, 6.190983
6.217177, 6.218933
6.246991, 6.235345
6.298910, 6.263926
6.342697, 6.294864
6.397658, 6.335530
6.441282, 6.378145
c2f31b70-395e-440c-9ff9-a73d7c4e26b4
6.371126, 4.933895
6.795211, 5.122630
6.940474, 5.085118
7.093905, 5.134315
7.147778, 5.142603
7.191210, 5.147770
7.231468, 5.154068
7.279947, 5.163166
7.353300, 5.173133
