main root
7.137389, 4.703762
6.974117, 5.183761
6.943753, 5.319495
6.928308, 5.444357
6.909600, 5.595600
6.885808, 5.703526
6.850760, 5.833434
6.832545, 5.933434
6.815854, 6.025065
6.803387, 6.116982
6.788017, 6.185756
6.794719, 6.308369
6.794149, 6.380219
6.799691, 6.481631
6.806360, 6.565641
6.815093, 6.649459
6.829266, 6.725445
6.854206, 6.802611
6.880242, 6.883171
6.899908, 6.953752
6.924049, 7.029239
6.954787, 7.105699
6.972265, 7.203038
6.979024, 7.266080
6.979653, 7.328113
6.980427, 7.404306
6.983472, 7.497179
6.982603, 7.561981
6.983056, 7.639689
6.983551, 7.724354
6.982392, 7.782128
6.981203, 7.841380
6.981142, 7.919091
6.981075, 8.003757
6.987010, 8.069013
6.984248, 8.121257
6.986669, 8.188849
6.992193, 8.259425
6.999747, 8.336770
7.012024, 8.419791
7.020694, 8.478422
7.031842, 8.553805
7.039590, 8.626665
7.055961, 8.695684
7.075901, 8.734355
b681f4fb-7468-49bd-b043-4a05b9e086d8
7.125729, 4.771904
7.215845, 4.811075
7.276249, 4.821062
7.343237, 4.819343
7.397872, 4.831139
7.442881, 4.859855
7.483893, 4.902673
2b31013a-d1ca-49eb-a512-9c0ee82ae792
7.104551, 4.967080
7.154926, 4.980490
7.234315, 5.021935
