main root
6.579334, 4.680528
6.656922, 4.966574
6.666366, 5.079315
6.658671, 5.199980
6.639188, 5.349474
6.608395, 5.509929
6.595718, 5.644077
6.593206, 5.773470
6.593011, 5.892195
6.597076, 5.993642
6.603599, 6.103594
6.619083, 6.222094
6.633421, 6.348026
6.640633, 6.475430
6.649148, 6.588433
6.660171, 6.706648
6.664827, 6.824750
6.663152, 6.942925
6.657258, 7.061044
6.648845, 7.187506
6.644569, 7.315035
6.634046, 7.440953
6.628351, 7.559764
6.624354, 7.686983
6.620633, 7.805452
6.625005, 7.933732
6.629050, 8.087452
6.642847, 8.213511
6.670159, 8.340329
6.696583, 8.461203
6.729369, 8.601917
6.763954, 8.750353
6.787907, 8.896546
6.807694, 9.030221
6.825415, 9.164185
6.838950, 9.298323
6.853815, 9.424732
6.872413, 9.569835
6.879620, 9.698688
6.884295, 9.819980
6.893090, 9.938608
6.897895, 10.031881
6.900202, 10.116968
6.902496, 10.201598
6.910191, 10.264549
57329d26-e8c3-48a2-8e4d-aec042f33415
6.702897, 5.164760
6.769320, 5.187924
6.848325, 5.174237
6.949511, 5.164823
7.010788, 5.175254
7.041344, 5.181602
7.082741, 5.190202
7.122367, 5.199963
7.159605, 5.210676
7.184015, 5.217699
369f5552-a136-479c-9541-5ebf406d97ee
6.642355, 5.573199
6.718246, 5.592793
6.744843, 5.599698
6.773033, 5.603963
6.824906, 5.602727
6.859269, 5.607897
6.908332, 5.610739
6.975951, 5.614655
7.013472, 5.621326
7.058971, 5.627896
58c49997-44f9-4c14-a202-f26d4cf611ff
6.613412, 5.581555
6.691154, 5.631107
6.701289, 5.648607
6.729702, 5.688707
6.762674, 5.730065
6.795125, 5.768368
6.815022, 5.789538
6.832417, 5.808046
