main root
6.301150, 4.706911
6.291689, 4.821358
6.284967, 5.056561
6.267302, 5.314866
6.243480, 5.521880
6.227223, 5.686278
6.216761, 5.832573
6.206568, 6.002936
6.187627, 6.152990
6.160222, 6.305748
6.134052, 6.435499
6.110394, 6.531603
6.087475, 6.607103
6.078554, 6.657103
6.089372, 6.841835
6.091971, 6.886209
6.069208, 6.970923
6.077081, 7.130065
6.076872, 7.186415
6.079635, 7.248682
6.075171, 7.283145
6.072729, 7.348625
6.067641, 7.404745
6.070423, 7.473521
6.072820, 7.532736
6.072106, 7.589081
6.068400, 7.645309
6.072874, 7.713995
6.069951, 7.761216
6.070269, 7.804528
660aaa47-2aa3-47cd-b6ff-861b21b80cb2
6.229442, 4.942732
6.111522, 4.937478
6.068594, 4.938153
6.029229, 4.935776
6.000710, 4.937050
5.955578, 4.942061
5.910876, 4.950033
5.845467, 4.960956
2cac6e8d-eaef-4f94-a383-9e3e1c5bba88
6.244079, 4.766732
6.212034, 4.783517
6.158928, 4.807936
6.099478, 4.874713
