main root
4.593995, 9.020587
4.702689, 8.928409
4.865210, 8.805500
5.030707, 8.774190
5.263516, 8.814191
5.481132, 8.758082
5.802411, 8.797230
6.036541, 8.801827
6.189717, 8.812149
6.378584, 8.807722
6.476379, 8.795569
6.547665, 8.806416
6.617988, 8.852276
6.678815, 8.930422
6.724014, 8.984823
6.779450, 9.048295
6.844127, 9.100286
6.869353, 9.166234
6.930958, 9.309152
6.975308, 9.459453
7.004672, 9.558926
7.015242, 9.740870
7.020000, 9.859151
7.016305, 9.977247
7.023468, 10.099698
7.019451, 10.182402
7.014113, 10.292305
7.010885, 10.402395
7.001098, 10.520179
6.993372, 10.638655
6.977281, 10.755711
6.968159, 10.883729
6.961208, 11.010825
6.952638, 11.128896
6.941965, 11.246790
6.927107, 11.364117
6.896809, 11.486398
6.861919, 11.645809
6.816712, 11.784459
6.769096, 11.923838
6.740011, 12.050272
6.702767, 12.168159
6.631553, 12.421789
b8c7002d-8240-49c9-9800-c860e217efa4
4.767436, 8.827093
4.803807, 8.586348
4.859794, 8.456231
4.904781, 8.372298
4.935159, 8.323523
5.030716, 8.233109
5.095130, 8.166368
5.140699, 8.119153
5.181896, 8.088408
5.254142, 7.997154
5.302174, 7.943721
5.354014, 7.903961
5.392328, 7.853825
5.450204, 7.815030
5.491223, 7.799828
7d5a9c0e-ecd4-4337-8494-67997327625e
4.759503, 8.789530
4.856628, 8.606365
4.920071, 8.575829
4.986770, 8.564341
5.066784, 8.554986
5.121039, 8.546345
5.234013, 8.532959
5.300939, 8.499519
5.367209, 8.454215
5.484300, 8.387195
5.606756, 8.327767
5.726033, 8.274260
5.803547, 8.248119
5.931756, 8.246353
6.077837, 8.209190
6.132107, 8.206297
6.227795, 8.207550
6.314833, 8.221133
6.407041, 8.231266
6.499615, 8.239322
6.572892, 8.256314
6.676131, 8.293968
6.780213, 8.329677
6.878155, 8.356571
6.975648, 8.385534
7.074090, 8.410367
7.130921, 8.417925
7.179657, 8.431979
7.283621, 8.466364
7.388831, 8.498931
7.468160, 8.532188
7.561863, 8.571472
7.660759, 8.619817
7.749456, 8.670238
7.842666, 8.711061
7.934946, 8.753785
8.025499, 8.800371
8.119295, 8.858145
8.211033, 8.933561
8.316805, 9.013123
8.408728, 9.087546
8.505236, 9.157539
8.608850, 9.242995
8.700647, 9.329591
8.780701, 9.405107
8.844625, 9.474084
8.909195, 9.553091
8.960099, 9.621934
9.012371, 9.699700
9.050727, 9.762130
9.096137, 9.844077
9.129008, 9.909572
9.150737, 9.956201
570f3c52-8a8c-4e58-b6b6-bec355e57004
5.344020, 8.429315
5.318561, 8.375915
5.295318, 8.335022
5.287792, 8.309667
5.275692, 8.274161
5.267499, 8.250119
8b9ded82-832d-4ac2-a264-72b530b0e544
5.166717, 8.507236
5.203177, 8.448023
5.212651, 8.417719
5.251466, 8.348467
5.264460, 8.328349
5.269662, 8.270130
be93632f-9ab6-4a81-b18b-c0f0e28e4754
5.114901, 8.876235
5.102918, 9.019605
5.088986, 9.127215
5.078194, 9.197127
5.064073, 9.268998
5.047027, 9.340230
5.014207, 9.453640
4.987098, 9.532168
4.974261, 9.584938
4.919035, 9.676516
4.881729, 9.749962
4.847887, 9.819893
4.811227, 9.878467
4.784164, 9.933665
4.755033, 9.996481
4.727265, 10.059913
4.701645, 10.125902
4.677548, 10.171430
4.636992, 10.230064
4.592506, 10.286490
4.544581, 10.340023
4.475181, 10.414374
4.413805, 10.474051
4.342127, 10.534943
4.277594, 10.589764
4.219690, 10.636990
4.154069, 10.690510
4.075771, 10.749575
7a2d4570-43bd-46a9-b5aa-214a930fc104
5.217996, 8.849469
5.246084, 9.067694
5.272554, 9.177598
5.303908, 9.267102
5.321472, 9.335350
5.350619, 9.423293
5.377603, 9.490431
5.401938, 9.554567
5.417508, 9.612480
5.432270, 9.674568
5.449475, 9.729107
5.470643, 9.792459
5.496668, 9.857333
5.514795, 9.915568
5.528227, 9.975062
5.542947, 10.021534
5.571705, 10.088760
5.595079, 10.148145
5.620592, 10.209874
5.647145, 10.271164
5.670795, 10.330439
5.696592, 10.392050
5.723428, 10.453217
5.755763, 10.509211
5.790140, 10.566481
5.817265, 10.621109
5.868996, 10.701643
5.910178, 10.758125
5.950437, 10.811424
5.987398, 10.863450
6.031172, 10.917948
6.080705, 10.970053
6.128575, 11.017705
6.171691, 11.089371
6.194763, 11.142949
6.221108, 11.193707
6.252878, 11.252462
6.281578, 11.309463
6.308602, 11.367277
6.341884, 11.428743
6.370619, 11.485725
6.397679, 11.543525
6.427020, 11.603532
6.457370, 11.663033
6.486781, 11.718206
6.524932, 11.736604
6.588716, 11.837921
6.638253, 11.936468
6.685617, 12.044768
6.718676, 12.111093
6.749149, 12.167626
6.761200, 12.189984
e7428347-ca38-43d9-b969-eb237bd8fcbd
5.291966, 8.806649
5.383528, 8.922975
5.484827, 8.952608
5.581171, 8.977391
5.663306, 9.003514
5.719860, 9.032267
5.774638, 9.071917
5.849886, 9.142051
5.902933, 9.179986
5.973171, 9.222465
6.043029, 9.255015
6.129471, 9.288332
6.225651, 9.320867
6.314331, 9.348647
6.395132, 9.373957
6.484812, 9.397639
6.573318, 9.431888
6.652979, 9.458268
6.742252, 9.483398
6.829848, 9.521165
6.916593, 9.553984
6.999691, 9.583825
7.095214, 9.612936
7.141982, 9.625017
7.170900, 9.634033
7.196263, 9.628638
7.237624, 9.619832
7.278984, 9.611013
7.322646, 9.598638
7.363330, 9.587094
7.408136, 9.568148
7.433486, 9.557420
7.455293, 9.551428
7.477699, 9.548367
7.506604, 9.547431
7.543915, 9.549209
7.586156, 9.551210
7.618977, 9.555751
7.650299, 9.549381
7.685868, 9.546348
7.722562, 9.542930
7.779464, 9.537632
7.817993, 9.531041
7.878713, 9.510026
7.936555, 9.486838
7.989886, 9.468680
8.041300, 9.459082
8.095712, 9.445877
8.155656, 9.425166
8.250690, 9.352783
8.298344, 9.328365
8.342679, 9.314235
3c659284-21ae-4736-bd96-5b3fac1ed961
5.176861, 8.815998
5.171420, 9.032751
5.195097, 9.091560
5.255535, 9.129392
5.351739, 9.259143
5.395471, 9.289751
5.429419, 9.308012
5.442457, 9.321604
5.457884, 9.339889
5.472947, 9.346311
5.483340, 9.354563
5.506221, 9.371018
5.520795, 9.385175
5.551268, 9.408430
5.580092, 9.428465
5.609778, 9.447199
5.636138, 9.465528
5.657487, 9.485765
5.688243, 9.508645
5.721499, 9.527710
5.752698, 9.543798
5.788613, 9.557195
5.801911, 9.569636
5.828350, 9.588225
5.850860, 9.604052
5.869553, 9.619024
e028df75-dabb-4f75-b227-5130bc1d874b
4.653426, 8.977202
4.707467, 9.124949
4.763477, 9.173505
4.824109, 9.236852
4.893977, 9.307084
4.966189, 9.344268
5.037106, 9.401475
5.099621, 9.512575
5.137915, 9.548248
5.173011, 9.581972
5.211590, 9.617898
5.255852, 9.678758
5.290861, 9.743113
5.340600, 9.804758
5.401073, 9.865407
5.448521, 9.919354
5.479963, 9.957364
20def49d-8bfe-4519-9ccb-c94f8208fa24
6.860494, 9.018785
6.945197, 8.994338
6.982018, 8.968277
7.015846, 8.948001
7.037632, 8.934946
7.046601, 8.914780
7.083559, 8.888114
7.122364, 8.863806
7.152385, 8.846769
7.209304, 8.797474
7.246436, 8.763928
7.277624, 8.739791
7.299317, 8.711647
7.314823, 8.691526
7.330871, 8.675603
7.348884, 8.661942
7.382029, 8.640559
7.415806, 8.625897
7.439993, 8.598769
7.473274, 8.562879
7.546327, 8.500993
7.567080, 8.484563
7.586995, 8.468797
277c7a1f-c1b7-4749-b349-e4320b49e30b
6.891663, 9.111243
7.003363, 9.115936
7.048557, 9.101815
7.074774, 9.093700
7.090375, 9.080344
7.109179, 9.070156
7.143935, 9.053024
7.167936, 9.042866
7.193376, 9.021285
7.237366, 9.012513
7.272120, 9.020260
7.347663, 8.972949
7.390028, 8.954321
7.408459, 8.945203
7.439356, 8.933257
7.477974, 8.919932
7.523452, 8.910463
3289e471-b370-4b90-923b-24072954a11a
6.927013, 9.186778
7.032310, 9.141595
7.074478, 9.129208
7.109604, 9.110198
7.143163, 9.097143
7.177549, 9.082156
7.225031, 9.055511
7.268633, 9.046633
7.308079, 9.013593
7.349140, 8.971768
7.370437, 8.921756
7.379625, 8.892485
7.397597, 8.878862
7.424056, 8.851296
7.461608, 8.820506
356798a4-94ad-4af5-bca8-e905cbe3eebe
4.782064, 8.924784
4.797605, 8.970648
4.828865, 9.034014
4.872882, 9.114222
4.898083, 9.170603
4.926154, 9.229771
4.949118, 9.288836
4.980043, 9.358114
5.085822, 9.567850
5.098032, 9.605965
5.114320, 9.658854
5.147335, 9.740125
5.158576, 9.769564
5.185700, 9.840650
5.204724, 9.873764
5.237214, 9.921305
67cad1e1-213d-4c7b-bfeb-df6896e7f75f
4.708068, 9.002886
4.773388, 9.080483
4.827849, 9.132695
9c64f785-994d-42de-af0e-8c9eebff1b27
7.029807, 9.485361
7.122583, 9.472083
7.147967, 9.471207
7.179126, 9.464140
7.213089, 9.457972
7.243673, 9.458502
7.307492, 9.455117
7.370887, 9.456252
7.425656, 9.451244
7.472630, 9.443943
7.508999, 9.432231
7.584432, 9.403221
7.616298, 9.394174
7.641737, 9.388506
