main root
6.123263, 5.111384
6.175450, 5.339872
6.055252, 5.696827
6.002529, 5.826194
5.979650, 5.931648
5.984238, 6.086624
6.000072, 6.195767
5.989937, 6.319106
6.029944, 6.459696
6.073149, 6.610796
6.087893, 6.696378
6.093271, 6.832183
6.109181, 6.978971
6.132686, 7.140322
6.139783, 7.241143
6.154529, 7.348327
6.153649, 7.457564
6.152818, 7.531676
6.153770, 7.606991
6.151362, 7.662517
6.149324, 7.706804
6.153652, 7.740425
6.162126, 7.830506
6.163579, 7.893893
6.163600, 7.960146
6.162125, 8.026386
6.160617, 8.094103
6.155995, 8.167222
6.152586, 8.244857
6.144900, 8.351696
6.142664, 8.500604
6.140301, 8.558326
6.140750, 8.620642
6.130624, 8.669486
6.116272, 8.723957
6.107672, 8.799517
6.109827, 8.833478
6.115170, 8.894006
6.108007, 8.989094
6.102174, 9.046590
6.094000, 9.112340
6.086945, 9.181226
6.080045, 9.248599
6.069998, 9.302629
6.061910, 9.354315
6.052809, 9.402789
6.047020, 9.457952
6.041285, 9.526957
6.038444, 9.579200
6.034272, 9.628348
6.033601, 9.671658
6.032813, 9.722451
6.022448, 9.841413
6.016050, 9.880335
6.014397, 9.908838
6.014761, 9.954255
6.015099, 9.996580
6.018454, 10.041876
6.016771, 10.079942
6.017385, 10.133813
6.013520, 10.188631
6.011335, 10.240900
6.009214, 10.291653
6.008172, 10.352432
6.013220, 10.407198
6.020215, 10.483080
6.028911, 10.544801
6.033796, 10.600941
6.040556, 10.661345
6.044552, 10.710506
6.047054, 10.759768
6.049631, 10.810503
6.054208, 10.871115
6.059309, 10.938660
6.065376, 10.999135
6.066757, 11.063591
6.049433, 11.202810
6.044467, 11.242719
6.043669, 11.273364
6.045482, 11.318753
6.050498, 11.388782
6.047967, 11.416292
6.041959, 11.465254
6.040985, 11.522347
6.038214, 11.597006
6.037770, 11.649319
6.037339, 11.700113
6.036837, 11.759380
6.037818, 11.820157
6.041952, 11.890827
6.053529, 11.983584
7f3bb791-353e-469f-b4c3-df50d41d5cd1
6.234361, 5.373854
6.310035, 5.391484
6.346956, 5.412765
6.397446, 5.457370
6.448215, 5.508215
6.506875, 5.569896
6.563269, 5.623174
6.611970, 5.701405
6.672185, 5.729098
6.714613, 5.745317
6.750288, 5.762158
6.792321, 5.783656
6.814934, 5.795222
6.859984, 5.823547
6.895594, 5.845980
6.922952, 5.859721
6.968631, 5.875965
7.004448, 5.891919
7.035506, 5.899241
7.083706, 5.904452
7.128925, 5.906294
7.150194, 5.913151
7.184180, 5.920964
7.271951, 5.957777
7.319976, 5.997921
7.355049, 6.023337
7.387029, 6.040966
7.428349, 6.058618
7.494561, 6.083648
7.553860, 6.102864
7.610243, 6.121135
7.664738, 6.140369
7.704918, 6.159311
7.809018, 6.205849
7.864122, 6.255456
7.915267, 6.263293
7.921302, 6.271071
7.962915, 6.292850
8.029531, 6.317971
8.067005, 6.327304
8.082581, 6.338896
8.105054, 6.353752
8.118760, 6.352247
8.138436, 6.361095
8.180955, 6.376934
8.218650, 6.392572
8.263615, 6.412848
8.305964, 6.435228
8.358365, 6.462919
8.395945, 6.481084
8.418813, 6.492139
1ebb5246-d5cf-4835-8b38-c5d9f2b93dab
6.140439, 5.544664
6.209917, 5.645448
6.245099, 5.714943
6.277705, 5.776034
6.294467, 5.857876
6.326926, 5.913588
6.356425, 5.952324
6.376595, 5.983752
6.395324, 6.018476
6.415420, 6.055734
6.431461, 6.091781
6.455934, 6.141938
6.481259, 6.245604
6.551511, 6.357872
6.618766, 6.450661
6.635557, 6.476737
6.655025, 6.504593
6.675534, 6.531694
6.692958, 6.552238
6.713842, 6.594685
6.724787, 6.623711
6.733938, 6.660706
6.750048, 6.707136
6.768605, 6.756053
6.790483, 6.805285
6.806559, 6.845145
6.812590, 6.872106
6.825468, 6.922817
6.839798, 6.985333
6.845099, 7.015156
6.871325, 7.188672
6.881011, 7.244035
6.888161, 7.284906
6.893579, 7.324561
6.900456, 7.374893
6.910164, 7.434890
6.926655, 7.502652
e611ef6b-ed5a-4946-a170-7e53fcc5f21d
6.164181, 5.371475
6.025967, 5.402986
5.955958, 5.409873
5.911735, 5.405913
5.856560, 5.391565
5.751615, 5.418200
e9da470a-444f-439c-a56f-c4e706856aca
6.124392, 5.571954
5.983210, 5.542556
5.952953, 5.516674
5.917742, 5.505357
5.870521, 5.489492
5.794468, 5.508399
5.755628, 5.514960
5.728137, 5.522630
5.685341, 5.537669
5.643628, 5.555491
5.603172, 5.576030
5.566129, 5.593157
5.526514, 5.609826
5.501504, 5.623596
5.478664, 5.637880
5.444125, 5.656619
5.407530, 5.676343
5.369666, 5.700023
5.313793, 5.734859
5.246786, 5.757426
5.215507, 5.763222
5.166758, 5.770734
5.125760, 5.778565
5.093385, 5.786272
5.065348, 5.797562
5.019056, 5.814589
4.970701, 5.837158
4.936648, 5.856356
4.838907, 5.894421
4.811024, 5.902068
4.798438, 5.916926
4.745201, 5.952742
4.703616, 5.978914
4.674101, 5.993953
4.637036, 6.011158
4.592415, 6.028572
4.536356, 6.052055
4.496856, 6.073470
4.446976, 6.107590
4.405438, 6.134190
4.363108, 6.159521
4.332769, 6.188141
4.303701, 6.209391
4.118699, 6.360881
4.086407, 6.383442
4.053440, 6.406475
3.955381, 6.498812
3.922069, 6.522599
3.888485, 6.546581
3.855642, 6.566125
3.832061, 6.579938
3.809142, 6.596614
3.775154, 6.624812
3.724753, 6.666530
3.684844, 6.695558
5d275226-d73b-4912-9a49-d32445177a71
5.978141, 5.757950
5.900072, 5.753398
5.883529, 5.748043
5.813764, 5.758396
5.768928, 5.767385
5.729586, 5.775155
5.702401, 5.783459
5.660545, 5.799374
5.617155, 5.804947
5.570652, 5.806392
5.531787, 5.810595
5.471461, 5.823951
5.409263, 5.845597
5.370205, 5.857604
5.329744, 5.870043
5.287301, 5.886222
5.245151, 5.907096
5.181416, 5.911188
5.156069, 5.912814
5.136332, 5.926785
5.073490, 5.950429
5.042433, 5.957317
4.972405, 5.974881
4.881565, 5.989577
4.858968, 5.990199
4.846359, 6.007193
4.786016, 6.043100
4.735085, 6.073407
4.684675, 6.101662
4.642083, 6.120387
4.595580, 6.140832
4.542863, 6.160739
4.488291, 6.179747
4.439399, 6.198361
4.404905, 6.213096
4.318558, 6.249935
4.279730, 6.266500
4.254431, 6.277270
4.212440, 6.301632
4.179925, 6.341145
4.146089, 6.370867
4.103544, 6.407277
4.064968, 6.442316
4.027444, 6.478483
3.995556, 6.503043
3.955778, 6.531790
3.913787, 6.567732
3.887269, 6.580579
3.836693, 6.616725
58b1312f-9d10-4673-aefc-c078c09438fd
5.921043, 5.862102
5.868998, 5.882275
5.834560, 5.894892
5.802536, 5.908369
5.781447, 5.912525
5.750071, 5.917327
5.721263, 5.917051
5.708700, 5.925634
5.656900, 5.938529
5.630076, 5.948281
5.562877, 5.982850
5.526538, 5.998174
5.482759, 6.026381
5.457859, 6.035302
5.416196, 6.053408
5.364170, 6.071123
5.313281, 6.093195
5.265142, 6.097188
5.232990, 6.107363
5.157818, 6.138987
5.117246, 6.159303
5.078099, 6.182263
5.052847, 6.190133
5.010513, 6.206463
4.956073, 6.225859
4.905498, 6.248644
4.860682, 6.265551
4.823527, 6.285966
4.757930, 6.318594
4.721248, 6.338510
4.609244, 6.394169
4.585955, 6.402390
4.576412, 6.418964
4.534863, 6.455636
4.468884, 6.495225
4.432309, 6.511935
4.386846, 6.531061
4.340817, 6.548799
4.292557, 6.569003
4.241336, 6.595312
4.181027, 6.631338
4.147018, 6.649909
2129e26d-0843-4780-8954-81ee4b750956
6.092619, 5.765154
6.171566, 5.861250
6.190014, 5.893135
6.202735, 5.915121
6.220022, 5.921297
6.234878, 5.933826
6.258018, 5.955443
6.278536, 5.972716
6.308995, 5.992634
6.334583, 6.011288
6.353510, 6.048600
6.426564, 6.189040
6.445429, 6.228243
6.459903, 6.258323
6.556632, 6.407657
6.578697, 6.445407
6.597155, 6.495622
6.635730, 6.596104
6.649739, 6.628178
6.659158, 6.657223
6.663691, 6.686034
6.676329, 6.697655
6.696426, 6.741009
6.715806, 6.786373
6.739692, 6.834667
6.765969, 6.887793
6.782731, 6.925059
6.798117, 6.962915
6.815296, 7.009152
6.827377, 7.045970
6.835298, 7.070104
6.867448, 7.370799
6.877512, 7.423991
6.889064, 7.460438
6.889222, 7.480753
6.884859, 7.507962
6.895086, 7.519587
6.898360, 7.540069
6.906748, 7.583062
6.913089, 7.623379
6.920981, 7.673564
6.925914, 7.704928
6.928149, 7.728774
8051b8d4-7bb5-40c6-912c-07406596443d
5.959022, 6.139647
6.064097, 6.189638
