main root
6.921653, 4.524764
6.962764, 4.786763
6.965528, 4.912707
6.968315, 5.039677
6.979523, 5.167539
6.986385, 5.293886
6.993272, 5.420700
6.985082, 5.502201
6.969739, 5.612866
6.952510, 5.687334
6.841546, 5.816360
6.801650, 5.974986
6.774612, 6.099696
6.741719, 6.221692
6.711915, 6.362293
6.685444, 6.481885
6.657905, 6.601236
6.646598, 6.706418
6.637130, 6.814193
6.636357, 6.871337
6.635583, 6.928483
6.583712, 7.112650
6.568722, 7.231945
6.415083, 7.494117
6.294112, 7.639248
6.241947, 7.704907
6.187552, 7.769874
6.120305, 7.827437
6.030219, 7.918320
5.979567, 7.963415
5.855415, 8.088396
5.812258, 8.111075
5.779057, 8.111991
5.755202, 8.163599
5.679893, 8.201978
35cccb9b-220c-4dbb-a861-6c8f32ddf3ad
7.016823, 4.885424
7.225559, 4.915553
7.263668, 4.922565
7.301769, 4.941268
7.335662, 4.962908
7.371059, 4.987285
7.409262, 5.024059
7.542928, 5.082851
7.597172, 5.106706
7.655362, 5.129026
7.702957, 5.153690
7.763641, 5.178394
7.822427, 5.199091
7.874505, 5.220598
7.929277, 5.243216
7.980140, 5.267456
8.029644, 5.294364
8.081710, 5.322661
8.137837, 5.349756
8.173688, 5.373708
8.211283, 5.395223
8.317614, 5.439877
8.372251, 5.462819
8.401512, 5.478350
8.429251, 5.496460
8.455239, 5.517001
8.481706, 5.545549
8.517764, 5.588844
8.559905, 5.634761
8.595745, 5.678237
8.641867, 5.724772
8.687817, 5.766877
8.739964, 5.806541
8.787133, 5.842414
8.834303, 5.878285
8.877279, 5.914723
8.922478, 5.953044
8.967678, 5.991365
9.008660, 6.030031
9.051764, 6.070696
9.094868, 6.111360
9.133741, 6.152147
9.183092, 6.195247
9.219280, 6.234796
9.271972, 6.279077
9.300810, 6.311130
9.344672, 6.355404
9.377913, 6.397461
9.418862, 6.444443
9.453576, 6.488823
9.482559, 6.521015
9.650808, 6.694864
9.694786, 6.736000
9.734310, 6.805063
9.871032, 7.026518
9.918642, 7.080839
9.953478, 7.125123
9.994319, 7.172199
10.037378, 7.217258
10.078321, 7.260100
10.115031, 7.302844
10.149421, 7.347476
10.189788, 7.394959
10.228173, 7.440106
10.251273, 7.476512
10.287151, 7.527471
10.317099, 7.575200
10.352723, 7.626339
10.378262, 7.673472
10.410550, 7.726778
10.441253, 7.777462
10.471958, 7.828145
10.506776, 7.879837
10.529820, 7.919405
10.545967, 7.953077
953bbc90-8ad1-4c37-8528-15cb5e337455
7.019364, 4.667499
7.087411, 4.688235
7.164815, 4.735190
7.197144, 4.756553
7.226049, 4.759721
7.275470, 4.776638
7.316056, 4.813568
7.378481, 4.874878
7.543900, 5.152652
7.587329, 5.203918
7.617175, 5.241734
7.642907, 5.267370
7.684302, 5.302519
7.728605, 5.334247
7.775614, 5.362175
7.830752, 5.410057
7.874946, 5.442257
7.897998, 5.464394
7.936292, 5.498851
7.975684, 5.532048
8.011913, 5.564310
8.055701, 5.597057
8.086056, 5.621410
8.116155, 5.658406
8.269527, 5.742383
8.295582, 5.758156
8.317303, 5.772853
8.371921, 5.824404
8.418975, 5.858284
8.461735, 5.887013
8.501249, 5.915155
8.544157, 5.943662
8.583817, 5.971599
8.626872, 5.999884
8.666676, 6.027615
8.705709, 6.056421
8.748127, 6.085650
8.787308, 6.114255
8.825693, 6.143918
8.867455, 6.174079
8.905992, 6.203544
8.943712, 6.234048
8.980584, 6.265571
9.020807, 6.297758
9.062052, 6.328622
9.104274, 6.358133
9.143262, 6.386998
9.181449, 6.416917
9.212118, 6.438825
9.344055, 6.514053
9.389134, 6.538234
9.426722, 6.563687
9.465651, 6.592066
9.499389, 6.622433
9.534058, 6.655885
9.569906, 6.690475
9.637113, 6.767640
9.669831, 6.805206
9.746924, 6.923103
9.774188, 6.964797
9.879908, 7.111945
9.908975, 7.152401
10.208285, 7.457970
10.337889, 7.637477
3f9a3384-d2cb-485b-b868-c39e2c47ef2d
7.081414, 4.887442
7.137047, 4.903155
7.180110, 4.918507
7.208554, 4.947900
7.252300, 5.024315
7.308827, 5.154706
7.336272, 5.210486
7.364367, 5.264198
7.406892, 5.336549
7.434876, 5.387111
7.471710, 5.441304
7.535520, 5.709378
7.547441, 5.765924
7.564577, 5.818184
7.609932, 5.988296
7.628652, 6.052749
7.656777, 6.122806
7.681982, 6.185588
7.693910, 6.231369
7.713123, 6.305112
7.736412, 6.410399
e0bc16f0-a82b-469b-b3db-6885eabd5812
7.004699, 5.157114
7.099382, 5.183415
7.110598, 5.201887
7.128418, 5.237017
7.132805, 5.258923
7.303373, 5.407175
7.336566, 5.448460
7.373472, 5.499141
7.468362, 5.569070
7.542262, 5.612374
7.588635, 5.648220
7.667784, 5.712076
7.733680, 5.765240
7.782457, 5.814209
7.834113, 5.868188
7.876057, 5.918515
7.931644, 5.992913
7.989816, 6.055758
8.001763, 6.112495
8.083419, 6.259814
8.103788, 6.318388
8.131599, 6.398360
8.151596, 6.475074
8.164820, 6.558687
8.171592, 6.641910
8.170157, 6.726551
8.162257, 6.820278
8.157248, 6.904395
8.154311, 6.988617
8.153447, 7.072886
8.150501, 7.157957
8.147570, 7.242577
8.146376, 7.320278
8.146679, 7.397986
8.140730, 7.499848
8.132931, 7.556383
8.133705, 7.594584
8.156287, 7.701516
8.153901, 7.750243
8.151456, 7.843137
8.145061, 7.928514
8.142332, 8.021235
8.135375, 8.114673
8.128459, 8.207547
8.121543, 8.300421
8.118857, 8.393135
8.116160, 8.486227
8.109245, 8.579673
8.102372, 8.672553
8.097613, 8.765350
8.083945, 8.866696
8.069382, 8.958944
8.051949, 9.042766
8.035092, 9.134149
8.017618, 9.217446
8.000236, 9.300304
7.986907, 9.378426
7.974091, 9.453542
7.952493, 9.554960
7.943505, 9.604351
4252897e-91a2-49ab-b19f-d38cc16949d6
6.968617, 5.630920
6.972413, 6.253725
6.971263, 6.307373
6.979144, 6.358855
6.985550, 6.400688
6.983197, 6.511735
6.902217, 7.140625
6.877553, 7.262749
6.866837, 7.300575
6.857836, 7.321291
6.870447, 7.344732
6.863213, 7.379675
6.854431, 7.532241
6.838552, 7.741332
6.839670, 7.845212
6.846213, 7.893290
6.829985, 7.933188
6.840683, 8.109786
6.875390, 8.285708
6.881524, 8.324058
6.869556, 8.421145
6.860110, 8.486289
6.851809, 8.554606
6.845087, 8.623098
6.845320, 8.698268
6.838112, 8.758112
6.828688, 8.823077
6.827851, 8.859482
6.836360, 8.929665
afc1d971-6f04-475f-906d-fe520b32b62e
6.732716, 6.538168
6.759360, 6.643715
6.766074, 6.682541
6.769808, 6.721756
6.768942, 6.744338
6.795424, 6.785679
6.864891, 6.933687
6.911380, 7.227668
6.915560, 7.273265
6.917218, 7.307744
6.920005, 7.334538
6.921500, 7.361767
8a3384e5-116e-46f0-9a75-6a3fa1a75e33
6.834003, 6.093497
6.852403, 6.114748
6.906907, 6.175984
7.038724, 6.303545
7.060666, 6.333113
7.083508, 6.338388
7.132991, 6.390750
7.164536, 6.420091
7.195935, 6.441420
7.250174, 6.472835
7.284547, 6.496203
375c0c89-3d97-4168-a203-f6db39df4f3c
6.782325, 5.820422
6.734942, 5.780607
6.715495, 5.764266
6.695365, 5.764242
6.678343, 5.755295
6.658032, 5.742801
6.446172, 5.705843
6.413432, 5.700132
6.378831, 5.695729
6.344065, 5.692926
6.309207, 5.691729
6.271235, 5.695029
6.239636, 5.702394
6.219371, 5.700970
0148642d-f285-4cdc-ac3b-cd2d28ea4b53
6.803116, 5.742522
6.764852, 5.739065
6.709169, 5.725925
6.524952, 5.728307
6.306255, 5.674077
6.268795, 5.661703
6.240894, 5.655639
6.202747, 5.653473
6.166822, 5.651434
6.143042, 5.648584
013d4bee-b6fb-457a-94ac-ed22ecd7ccf9
6.986166, 5.633991
7.043755, 5.691514
7.108308, 5.758965
7.155191, 5.792657
7.217057, 5.842224
7.258649, 5.881301
7.287959, 5.908838
