main root
6.870744, 5.226050
6.785804, 5.444776
6.744015, 5.645463
6.716354, 5.768591
6.692467, 5.894071
6.672719, 6.020268
6.639150, 6.168972
6.608249, 6.296349
6.568492, 6.453039
6.544235, 6.582706
6.520882, 6.707546
6.496371, 6.849839
6.469385, 6.981923
6.446062, 7.137021
6.430561, 7.295220
6.428848, 7.399488
6.473538, 7.530486
6.529415, 7.644050
6.582407, 7.742277
6.696567, 7.851511
6.780082, 8.030416
6.797478, 8.097402
6.822305, 8.221738
6.825347, 8.312023
6.821517, 8.446273
6.828775, 8.560054
6.846988, 8.701805
6.850076, 8.759060
6.831255, 8.923575
50cdae37-ec0b-40fb-ba3a-9a7a7615eed2
6.785020, 5.595088
6.905582, 5.686936
6f02c064-56c8-4ab4-ad95-68a65ab46cb8
6.809710, 5.595076
6.862062, 5.692774
6.880822, 5.732439
6.900161, 5.783087
