main root
7.294055, 4.498978
7.228154, 4.649586
7.212110, 4.957141
7.208633, 5.135082
7.201761, 5.273828
7.192095, 5.383442
7.192941, 5.494295
7.180314, 5.586019
7.155449, 5.704872
7.141148, 5.814562
7.124729, 5.940501
7.129319, 6.052606
7.113995, 6.143826
7.098463, 6.261753
7.078074, 6.380992
7.064352, 6.498813
7.041779, 6.620480
7.008534, 6.742120
6.974402, 6.827250
6.953862, 6.896762
6.965666, 6.971386
7.002307, 7.067653
7.036499, 7.163429
7.092177, 7.297309
7.129468, 7.419731
7.152475, 7.480822
7.165013, 7.538534
7.214860, 7.659860
7.255536, 7.735237
7.293605, 7.840559
7.308245, 7.898673
7.326860, 7.972563
7.341856, 8.032086
7.341834, 8.148693
7.335839, 8.195622
7.326452, 8.269109
7.294799, 8.361242
7.261679, 8.416193
7.234363, 8.461514
7.212214, 8.521459
7.132729, 8.843237
7.114454, 8.917211
7.096213, 8.953601
7.063402, 9.025740
7.038257, 9.073798
7.013158, 9.108853
6.968800, 9.170810
6.924440, 9.232765
6.879388, 9.290544
6.832533, 9.350636
6.785158, 9.406527
6.735540, 9.460435
6.684287, 9.524958
6.636408, 9.580416
6.588925, 9.649158
6.550300, 9.681459
70c3f0cc-9c93-4f02-9fa2-9ded8ec44ad2
7.205621, 4.723823
7.125844, 4.721079
7.091333, 4.641122
7.034142, 4.539449
7.017288, 4.526945
6.990217, 4.506862
6.976100, 4.490797
6.957967, 4.465628
6.939407, 4.439868
6.924560, 4.419259
6.905394, 4.415120
6.887682, 4.405170
6.871688, 4.391004
6.855400, 4.396770
6.764934, 4.348066
6.737240, 4.331440
6.709324, 4.319898
6.676174, 4.307796
6.646385, 4.295310
6.617214, 4.281442
6.592301, 4.271238
6.562960, 4.264056
6.533949, 4.255397
6.511491, 4.247117
6.417142, 4.222548
6.386299, 4.212954
6.352192, 4.203895
6.321396, 4.194151
6.291091, 4.182976
6.261342, 4.170394
6.224327, 4.159631
6.207358, 4.148461
6.188236, 4.134065
6.171670, 4.134273
cad88d5a-b639-4b6a-94af-e05418bc7626
7.294209, 4.737102
7.356291, 4.749716
7.416445, 4.761938
7.473976, 4.802975
7.511422, 4.840717
7.579674, 4.903536
7.648431, 4.954615
7.690119, 4.989314
7.725613, 5.026646
7.792308, 5.076670
7.827147, 5.114026
7.852933, 5.132896
7.909130, 5.166599
7.951744, 5.199137
7.998850, 5.235104
8.037565, 5.272196
8.084593, 5.313108
8.133532, 5.351714
8.188473, 5.387428
8.214501, 5.407919
8.233144, 5.442133
8.422111, 5.554007
8.460655, 5.588849
8.523822, 5.643156
8.589056, 5.696507
8.667703, 5.760826
8.740942, 5.818005
8.808626, 5.868216
8.853630, 5.904184
8.885651, 5.941272
e654ee9a-ed1b-4783-af4e-e110843a65a9
7.277056, 5.069416
7.319883, 5.096841
7.400334, 5.111596
7.496057, 5.144249
7.554457, 5.168917
7.614886, 5.196066
7.684727, 5.215960
7.717484, 5.226847
7.884932, 5.252689
7.993945, 5.290255
8.254939, 5.423154
cc151c55-394d-4e39-b1a4-1fc558082d8d
6.945821, 6.834625
6.884858, 6.833670
6.810802, 6.832492
6.764526, 6.837727
6.723510, 6.848375
8c1355b8-7847-4af8-a9d6-4e82c43e6ed0
7.006096, 7.100848
6.947640, 7.134195
