main root
7.056967, 4.652433
7.069861, 4.826529
7.066177, 5.010097
7.018384, 5.198648
6.961065, 5.321660
6.932355, 5.433449
6.889483, 5.592823
6.859429, 5.720674
6.834240, 5.827825
6.817241, 5.937128
6.796160, 6.045131
6.768876, 6.151782
6.743696, 6.250209
6.716418, 6.356840
6.693210, 6.464634
6.671503, 6.555465
6.649707, 6.637744
6.621625, 6.735497
6.593572, 6.833145
6.569944, 6.923010
6.539977, 7.020350
6.516736, 7.110141
6.495493, 7.200606
6.470190, 7.299107
6.444897, 7.380900
6.411143, 7.468690
6.380757, 7.547722
6.349383, 7.635186
6.316604, 7.714282
6.280950, 7.800314
6.239191, 7.884596
6.186362, 7.972163
6.132482, 8.049255
6.066598, 8.125059
5.995004, 8.197760
5.926839, 8.273007
5.862593, 8.340796
5.791115, 8.413139
5.718143, 8.483985
5.645243, 8.554760
5.616852, 8.594050
5.588911, 8.643494
5.563813, 8.695634
207dcf3a-717b-45cc-9c70-dc188f4a4e4f
7.073453, 4.788868
7.173159, 4.812311
7.248270, 4.840486
