main root
7.270782, 4.551467
7.328648, 4.833804
7.347000, 4.984328
7.362530, 5.145566
7.370474, 5.271843
7.381616, 5.381538
7.388958, 5.474648
7.393578, 5.559642
7.389984, 5.646330
7.367736, 5.743150
7.387302, 5.840234
7.391134, 5.961199
7.383864, 6.065950
7.377751, 6.184519
7.370404, 6.285950
7.355890, 6.371484
7.340310, 6.463309
7.324730, 6.555129
7.304925, 6.646710
7.287671, 6.719408
7.267854, 6.789942
7.238485, 6.878921
7.215552, 6.953176
7.193065, 7.025987
7.163504, 7.114575
7.136704, 7.194889
7.116365, 7.274746
7.088351, 7.330160
7.060068, 7.392743
7.031675, 7.470109
7.008089, 7.547410
6.987837, 7.624034
6.959849, 7.683075
6.929047, 7.729378
6.942520, 7.764948
6.929206, 7.875784
6.923327, 7.959498
6.909659, 8.025918
6.887777, 8.058000
6.918763, 8.092272
6.920471, 8.171807
6.933416, 8.281890
6.934824, 8.384421
6.942561, 8.485692
6.949010, 8.570107
6.953208, 8.644712
6.954333, 8.717977
6.960256, 8.828075
6.965924, 8.905583
6.968278, 8.978818
6.976049, 9.088799
6.981419, 9.164811
6.983593, 9.238049
6.998935, 9.376052
6.999681, 9.459343
6.993380, 9.564886
6.969359, 9.772412
6.965003, 9.864925
6.964459, 9.966456
6.965983, 10.076594
6.963162, 10.178400
6.964340, 10.288645
6.969748, 10.398768
6.977264, 10.508653
6.981121, 10.626861
6.993176, 10.736808
6.998552, 10.862899
7.008181, 10.990149
7.017764, 11.116795
7.019726, 11.226863
7.023651, 11.328330
7.031036, 11.411931
7.034496, 11.485118
7.041225, 11.564083
7.045410, 11.629173
7.061511, 11.863613
7.079354, 11.926807
7.088435, 11.964478
7.093436, 12.004377
7.101425, 12.056083
7.114305, 12.110039
7.120691, 12.156125
7.136103, 12.212829
7.138576, 12.250464
7.153048, 12.310922
7.166678, 12.361435
7.169446, 12.388922
7.179452, 12.443486
7.186872, 12.492250
7.188446, 12.532432
7.188879, 12.581756
7.187816, 12.631070
7.182374, 12.675156
7.177452, 12.727241
7.168625, 12.772922
7.110750, 13.019842
fa0f905c-dbd2-482f-9d7e-6a4ea92cb948
7.321896, 4.623589
7.403766, 4.637477
7.475858, 4.643343
7.548298, 4.664658
7.592575, 4.674566
7.632048, 4.684933
7.675040, 4.696224
7.728472, 4.720089
7.757462, 4.733037
7.784607, 4.741883
7.822592, 4.751113
7.867341, 4.758908
7.928873, 4.774185
7.994200, 4.806266
8.032509, 4.820076
8.084132, 4.835503
8.142782, 4.851468
8.193637, 4.863760
8.239406, 4.877902
8.296029, 4.895398
8.322320, 4.903522
8.344715, 4.912009
8de2915c-794d-466e-9c49-a4a2af40e688
7.370058, 5.973231
7.429029, 5.996643
7.497882, 6.009292
7.561221, 6.014177
7.609456, 6.018136
7.677239, 6.031207
7.751971, 6.045618
7.808997, 6.052305
7.854073, 6.066330
d2ac89f1-d8cc-4ecf-a82d-c2d48196cddb
7.367590, 6.072779
7.410253, 6.087503
7.451620, 6.108384
7.525600, 6.141009
7.575881, 6.166453
7.606589, 6.175284
7.659842, 6.193712
7.712043, 6.214943
7.776693, 6.233161
7.828008, 6.250730
7.875850, 6.273022
bd07e944-b634-4ff0-afb3-bb2135129d19
7.328921, 6.436962
7.382578, 6.472019
7.438135, 6.485328
7.483167, 6.494575
7.543335, 6.525925
7.594444, 6.547492
7.621757, 6.557393
7.675563, 6.604829
7.719468, 6.633560
1cb42aa7-818f-47b7-8f93-dd7fc6a8941d
7.387167, 5.727700
7.474711, 5.763746
7.556500, 5.793316
7.598739, 5.807533
7.668952, 5.831164
7.738524, 5.840800
babed8e7-e29d-4ce3-b1fc-f3d298a248c8
6.990051, 9.484731
7.045213, 9.483307
253b90dc-774c-4f1b-a853-c2294fe324cb
6.981857, 8.420030
7.009478, 8.435344
7.041333, 8.449567
b7039597-b072-4662-ae6d-7e84bc09539e
6.940428, 8.945743
6.900129, 8.969997
1477cbc6-f256-448e-83a7-24c9069ad003
6.940541, 9.123273
6.896225, 9.156185
6.873015, 9.172075
04534746-44ee-4170-9cc3-faff4589672e
6.938979, 8.170298
6.876828, 8.172049
6.805170, 8.182843
6.744263, 8.216567
6.695221, 8.232459
2e9fe474-0717-49d4-ae3a-f133f3de1628
7.063358, 7.557883
7.110530, 7.568594
3476f790-5c67-4b5a-806d-6f9d3ec99e1f
7.253090, 6.771370
7.337748, 6.809479
7.372891, 6.822059
7.413906, 6.847654
7.481130, 6.862381
7.529835, 6.885079
621a49ed-0931-4796-af60-8db94797c911
7.300771, 6.578230
7.343121, 6.655256
7.363768, 6.698043
7.374809, 6.720920
7.374861, 6.742080
7.380966, 6.790385
7.369611, 6.907665
7.402050, 7.005638
7.426043, 7.040274
7.446861, 7.072955
7.457511, 7.095247
7.471770, 7.132034
7.486303, 7.169532
7.503229, 7.196635
312a1073-4b45-4c2d-9f8d-25b214eb71b0
7.369101, 6.188979
7.428691, 6.199610
7.486342, 6.215976
7.549465, 6.233895
7.596530, 6.254547
9258fa1d-4448-4acd-800a-e86f1189050f
7.404459, 5.742547
7.455434, 5.877483
7.469375, 5.917416
7.518001, 6.090867
7.522633, 6.172200
7.524750, 6.197600
