main root
6.978959, 4.532898
7.072479, 4.859344
7.153025, 5.072152
7.211990, 5.269690
7.267303, 5.525628
7.290809, 5.712855
7.289594, 5.864858
7.289116, 6.058349
7.274474, 6.219226
7.259126, 6.387868
7.250089, 6.555807
7.235688, 6.730570
7.227109, 6.911311
7.223947, 7.064733
7.216818, 7.215141
7.209455, 7.370502
7.194242, 7.502177
7.165737, 7.621912
7.119121, 7.764414
7.074368, 7.901219
7.058747, 7.986968
7.045410, 8.126095
7.039813, 8.267034
7.031631, 8.401270
7.013140, 8.498014
6.983263, 8.620773
6.951213, 8.734621
6.924363, 8.853240
6.917581, 8.935042
6.915370, 9.063365
6.919466, 9.191261
6.915412, 9.325498
6.905755, 9.436633
6.880446, 9.532928
6.846201, 9.654962
6.830392, 9.750338
6.825624, 9.849099
6.825753, 9.977066
6.834312, 10.096273
6.839180, 10.222710
6.856634, 10.348629
6.885617, 10.486008
6.911467, 10.618647
6.927426, 10.733624
6.929956, 10.828577
6.926325, 10.930539
6.929060, 11.032061
6.927571, 11.133894
6.926210, 11.227014
6.926956, 11.319928
6.929706, 11.404148
6.929322, 11.457184
6.930085, 11.529675
43a8ae59-8f7c-4f82-a0cb-8d0abdfcbb46
6.926134, 4.608719
6.882425, 4.637237
6.834715, 4.656738
6.786902, 4.671427
6.756581, 4.683163
6.709646, 4.702694
6.678265, 4.711954
6.665805, 4.727964
6.620408, 4.756062
6.594867, 4.766591
6.547901, 4.785952
6.494251, 4.809687
6.457472, 4.825956
6.429255, 4.844985
6.378906, 4.884354
6.323689, 4.912839
6.255068, 4.929890
6.206862, 4.940327
6.157208, 4.951077
6.098138, 4.965397
6.047519, 4.982288
5.981378, 5.007515
5.910184, 5.034669
5.872607, 5.049001
8c012bb2-cdd1-48ca-864d-694bac801a61
7.013052, 4.647913
6.890446, 4.722858
6.849478, 4.736635
6.789515, 4.773175
6.754162, 4.791602
6.716548, 4.810910
6.665116, 4.833947
6.610269, 4.860152
6.549156, 4.889352
6.495680, 4.914903
6.440795, 4.944444
6.389217, 4.970506
6.344539, 4.991405
6.299247, 5.010939
6.269312, 5.025478
6.234867, 5.047200
6.189560, 5.084619
6.155891, 5.106603
6.114226, 5.130233
6.063239, 5.157429
6.022132, 5.174266
5.975124, 5.193520
5.921096, 5.214032
5.876206, 5.226272
5.826151, 5.241472
5.762339, 5.259285
5.716487, 5.270531
5.688527, 5.282013
5.636637, 5.313029
5.594581, 5.332935
5.551290, 5.351770
5.527224, 5.363872
5.503867, 5.377292
418bb8f9-b511-4f49-af39-0d1ebafa464b
6.937764, 4.728660
6.880574, 4.800245
6.848084, 4.841350
6.821794, 4.865845
6.819080, 4.889593
6.793792, 4.944068
6.773150, 4.992089
6.745619, 5.052349
6.723031, 5.094585
6.699303, 5.145299
6.686218, 5.183862
6.666325, 5.251803
6.649671, 5.308684
6.638370, 5.347280
6.627070, 5.385876
6.621369, 5.415998
6.617839, 5.442704
