main root
7.347583, 5.186046
7.523877, 5.553202
7.524537, 6.037737
7.516311, 6.163635
7.508030, 6.290363
7.495594, 6.416278
7.481049, 6.542185
7.463294, 6.659110
7.448854, 6.768300
7.433428, 6.868818
7.415914, 6.968995
7.394222, 7.068503
7.370779, 7.176045
7.333398, 7.277986
7.294513, 7.390156
7.257185, 7.484918
7.218965, 7.570465
7.168339, 7.668222
7.117790, 7.756630
7.059535, 7.849989
7.008325, 7.928085
6.947176, 8.009767
6.886284, 8.091103
6.832295, 8.166731
6.767964, 8.245925
6.705594, 8.326058
6.639754, 8.403763
6.568600, 8.487740
6.492714, 8.567480
6.417918, 8.636871
6.338942, 8.701483
6.258906, 8.764230
6.187807, 8.847780
6.116135, 8.922172
6.083035, 8.967737
6.022143, 9.056522
5.983489, 9.126157
5.934332, 9.223433
5.894962, 9.324800
5.863475, 9.440833
5.840810, 9.556424
5.837415, 9.635129
5.845807, 9.788015
5.852981, 9.918720
5.855719, 10.045231
5.862677, 10.172653
5.871713, 10.299620
5.880129, 10.417860
5.887031, 10.544428
5.882907, 10.662516
5.882974, 10.781466
5.887269, 10.891645
5.890107, 11.018363
5.886422, 11.136501
5.887487, 11.238026
5.892875, 11.348148
5.893247, 11.441848
5.889451, 11.551827
5.889880, 11.662085
5.892425, 11.772194
5.890937, 11.890453
5.887437, 12.000426
5.887873, 12.119380
5.898803, 12.214867
5.920820, 12.314216
5.950152, 12.391744
5.976799, 12.457943
6.068451, 12.554316
6.126242, 12.590521
6.221854, 12.645425
6.310699, 12.711082
6.378516, 12.776864
6.636382, 12.768902
93459648-cc95-482d-90c5-abc326eec52f
7.419962, 5.318673
7.315383, 5.377010
7.148532, 5.407709
7.076336, 5.410490
7.055268, 5.406808
6.993969, 5.436326
6.871831, 5.449680
6.829803, 5.454275
6.769564, 5.462367
6.703720, 5.469702
6.654553, 5.473672
6.603919, 5.477762
6.543472, 5.484145
6.494283, 5.487834
6.443622, 5.491634
6.383142, 5.497671
6.331255, 5.504354
6.282162, 5.509169
6.253433, 5.513489
6.091613, 5.512888
6.067777, 5.511241
6.053866, 5.518840
5.992481, 5.531330
5.965522, 5.536807
5.933888, 5.549337
5.893730, 5.566853
5.863069, 5.575329
5.815151, 5.587022
5.766895, 5.597257
5.720660, 5.602474
5.668861, 5.609825
5.619833, 5.615272
5.569346, 5.620881
5.493379, 5.623887
5.439906, 5.620012
5.408311, 5.624621
5.376894, 5.629204
597ec551-6431-4ae0-990b-d4fbe05da54a
7.462762, 5.471140
7.344206, 5.474844
7.297781, 5.471801
7.221905, 5.492914
7.124053, 5.503319
7.069883, 5.506069
7.018483, 5.502684
6.925610, 5.544957
6.870200, 5.573471
6.811621, 5.579958
6.731200, 5.597331
6.672492, 5.603888
6.603708, 5.616618
6.549306, 5.602495
6.516241, 5.601098
6.480503, 5.609550
6.413037, 5.631656
6.327889, 5.643744
6.218122, 5.639396
6.147276, 5.633527
6.037561, 5.647937
5.959811, 5.661169
5.888742, 5.668709
5.786805, 5.673142
5.701699, 5.674768
5.616127, 5.672254
5.523387, 5.673739
5.447199, 5.674958
5.369538, 5.677698
5.267846, 5.679169
5.203519, 5.683093
5.150701, 5.686315
68a44a30-bfb6-49f1-9e64-bccdcbd4cc1c
7.335748, 5.295076
7.246389, 5.395409
7.156874, 5.502166
7.169410, 5.534611
6.810510, 5.499616
6.686473, 5.496432
6.548209, 5.493193
6.349522, 5.505591
6.247064, 5.504205
6.166439, 5.507455
b38ce24c-37d7-496f-8579-6c117189eebe
7.459121, 5.240529
7.721212, 5.007894
7.748353, 4.986500
7.760440, 4.986936
7.775759, 4.978305
7.798459, 4.963799
7.816310, 4.963331
7.855334, 4.954822
7.897620, 4.947133
7.928857, 4.941454
7.951438, 4.940391
8.057535, 4.902207
8.085607, 4.895285
8.123409, 4.890588
8.171217, 4.887665
8.231776, 4.882462
8.289951, 4.871457
8.348187, 4.860440
8.409992, 4.844178
8.456981, 4.834909
8.513950, 4.825199
8.555320, 4.821183
8.594762, 4.820362
8.635617, 4.821009
8.687933, 4.820340
8.728147, 4.819826
8.779606, 4.823935
8.980246, 4.789886
9.001613, 4.790814
9.040770, 4.795512
9.096283, 4.805186
9.158135, 4.812926
9.216949, 4.820286
9.279108, 4.825047
9.338209, 4.829575
9.400512, 4.831345
9.459750, 4.833028
9.515911, 4.837618
9.577712, 4.838165
9.646956, 4.837280
9.696274, 4.838147
9.747064, 4.839038
9.806325, 4.840079
9.850768, 4.840859
9.900390, 4.847802
fb3dec8c-3fe9-4fcc-8dd5-7fc10bc7d5f0
7.481541, 5.483956
7.379056, 5.532691
7.203332, 5.570416
7.125445, 5.616975
7.092600, 5.643447
7.019985, 5.638013
6.963973, 5.668829
6.840599, 5.705406
6.721837, 5.737685
6.673544, 5.750810
6.617404, 5.764517
6.570251, 5.772949
6.511914, 5.783380
6.427491, 5.808658
6.378299, 5.832132
e3dda0cb-9dee-4561-8370-510c62c936ee
7.401013, 5.370419
7.350462, 5.671413
7.352821, 5.854902
7.378993, 5.909178
7.417965, 5.964672
7.443502, 6.000306
3668b69d-9d37-48bf-ab59-d342380df4ba
7.491905, 5.661651
7.436606, 5.692275
7.391536, 5.724383
7.350073, 5.757597
7.308540, 5.792784
7.270472, 5.842192
7.236679, 5.895859
7.203980, 5.937292
7.166407, 6.127415
7.115990, 6.198277
1bd23d0b-3242-4fef-929a-87c36ca4c337
7.503741, 5.736670
7.468665, 5.751009
7.443303, 5.753692
7.418601, 5.753294
7.396245, 5.749941
7.377406, 5.747116
7.278102, 5.741982
7.107881, 5.724540
7.062877, 5.714075
7.028547, 5.703039
3305a108-128f-46a2-926c-64ea1117166d
7.604139, 5.689429
7.635547, 5.696390
7.697056, 5.728556
7.780461, 5.772250
7.900811, 5.818011
7.966673, 5.824420
7.974148, 5.832243
7.992193, 5.838360
8.029703, 5.846267
8.051383, 5.855361
8.088244, 5.865886
8.110895, 5.873845
8.129215, 5.884975
8.155885, 5.902855
8.181728, 5.921908
8.210881, 5.941464
8.229580, 5.957611
8.250915, 5.974056
155ee2b8-d623-4b6a-b665-1c2511089d46
7.438375, 6.434855
7.392738, 6.441145
7.296939, 6.446719
7.253651, 6.453392
7.182879, 6.431806
7.077783, 6.430342
6.992583, 6.438136
6.918152, 6.443442
6.816123, 6.444353
6.745427, 6.447978
6.674946, 6.454588
6.618204, 6.458755
c3c47444-77f4-4c5f-bb1b-01b3f9e9f757
7.475300, 6.386914
7.375258, 6.442973
7.315685, 6.511302
7.306054, 6.529178
7.285468, 6.564233
7.263060, 6.596409
7.249281, 6.621368
7.239353, 6.651739
818fdd16-bbfb-4e50-8a91-a70c7c44bc72
7.516609, 6.564400
7.549138, 6.554665
7.589644, 6.542542
7.626163, 6.534738
7.685277, 6.524942
7.813207, 6.472566
7.945029, 6.445719
7.994620, 6.434565
8.026531, 6.428922
8.063521, 6.417821
8.086845, 6.412384
8.114241, 6.413683
8.141179, 6.413460
8.154820, 6.405304
8.178064, 6.401313
8.203097, 6.397015
4bf7eb02-49d5-46a7-a58e-1d3a5055898a
7.402968, 7.159154
7.456966, 7.159649
7.489216, 7.161458
7.518250, 7.161604
7.548146, 7.157278
7.580296, 7.154154
7.615246, 7.149270
7.649960, 7.142923
7.681971, 7.138608
7.712277, 7.128481
7.829001, 7.094116
7.912085, 7.107294
7.955607, 7.112682
8.000958, 7.115280
8.063283, 7.115851
8.119219, 7.113371
8.176370, 7.106341
8.228093, 7.098472
8.274968, 7.092853
8.303876, 7.092403
8.330747, 7.090488
5d8cc5b0-cda3-4c2f-8305-57951ac62a75
7.289576, 7.283864
7.214467, 7.279026
7.161883, 7.269609
7.123023, 7.265662
7.088187, 7.265102
7.023046, 7.270011
6.959976, 7.279267
6.905295, 7.282754
6.849371, 7.290475
6.812808, 7.301567
6.672550, 7.286023
6.579055, 7.314658
6.506517, 7.336945
6.462872, 7.339396
6.390060, 7.340418
6.318613, 7.347340
6.235078, 7.364455
6.165468, 7.372607
6.083860, 7.386424
6.001370, 7.409499
5.929020, 7.428182
5.861388, 7.445647
5.805290, 7.462860
11ba1368-3dbe-4aa4-baec-0446a5269692
7.235768, 7.502117
7.178300, 7.493699
7.158171, 7.490679
7.111698, 7.471390
7.086839, 7.464015
6.986929, 7.423074
6.901063, 7.416222
6.866084, 7.415019
6.845252, 7.409896
6.816127, 7.401280
6.785870, 7.390858
6.759907, 7.377257
6.737958, 7.360594
6.721172, 7.363964
6.657793, 7.354332
6.602607, 7.342917
6.576697, 7.337557
5c7fe907-68b4-4587-9ea5-2edc279ce014
7.258070, 7.560402
7.308415, 7.592812
7.382810, 7.631804
7.440928, 7.662264
7.492322, 7.694202
7.709258, 7.775470
7.753020, 7.784515
7.785779, 7.793429
7.819167, 7.804689
7.859412, 7.814158
7.896769, 7.822029
7.934300, 7.829022
7.971986, 7.835133
8.009804, 7.840359
8.044358, 7.847253
8.081963, 7.853844
8.104552, 7.859933
b8427d65-e297-4778-8e34-47c259760aa8
7.034485, 7.797494
6.979745, 7.782151
6.927422, 7.743374
6.863256, 7.743148
6.786561, 7.746960
6.626415, 7.697676
6.519470, 7.689228
6.449942, 7.677731
6.378200, 7.662834
6.270433, 7.640454
6.188742, 7.629605
6.114458, 7.624269
6.053451, 7.618616
25ffe12d-e9fe-4f20-b6ac-6bcb43147773
7.023178, 7.843384
7.009291, 7.825637
6.973821, 7.778522
6.625333, 7.651750
6.570229, 7.625846
6.529623, 7.615030
6.510573, 7.605309
6.474368, 7.591877
6.446523, 7.579952
6.419264, 7.569905
6.393509, 7.562007
6.394744, 7.561209
ba2a8c23-3e63-4921-adc3-db39a77711bd
6.693012, 8.291956
6.686470, 8.288378
6.661090, 8.265473
6.591909, 8.197907
6.573751, 8.180159
6.554508, 8.180372
6.495340, 8.158040
6.434227, 8.118517
6.393636, 8.090485
6.255809, 7.994506
0b88d370-9f59-4ff5-b99d-a411cde0d7eb
6.674043, 8.370974
6.724846, 8.410131
6.769441, 8.453469
6.836779, 8.493063
6.889576, 8.515018
6.946689, 8.554326
6.993629, 8.580752
7.038676, 8.603992
7.080509, 8.626862
7.121781, 8.650727
7.162467, 8.675578
7.202547, 8.701398
7.238912, 8.722624
079f3b8e-214f-4149-9c80-0e169825dd6f
6.377809, 8.682447
6.425134, 8.740800
6.458393, 8.781891
6.527050, 8.812574
6.639191, 8.920224
6.692052, 8.973043
6.741730, 9.026913
6.781687, 9.056992
6.846766, 9.102234
6.899260, 9.146021
6.968452, 9.209211
7.007982, 9.249367
7.041694, 9.275076
37357154-4d1c-417e-b4ef-eadc6834e942
6.093765, 8.947981
6.033046, 8.922723
5.934341, 8.868730
5.895705, 8.863375
5.812100, 8.855976
5.736190, 8.849258
5.666772, 8.837104
5.607717, 8.832843
5.525306, 8.832897
5.458074, 8.823957
5.398895, 8.822127
e404314a-864e-432d-9297-8ac4503ef243
6.043711, 9.002770
5.926985, 8.990726
5.819982, 8.987995
5.784019, 8.987069
5.755568, 8.989321
5.711355, 8.997325
5.688773, 8.998370
e55e4ce1-01ee-4ee2-9bfd-d1f0b1d326f1
5.965846, 9.243576
6.029058, 9.279035
6.068877, 9.303594
6.128582, 9.322275
6.200208, 9.336846
6.323500, 9.393572
a1fae7ff-f10e-49d7-8faf-54bafc3f305e
6.743550, 8.159744
6.651910, 8.128038
6.593295, 8.104591
6.521851, 8.084393
6.448685, 8.071792
6.367285, 8.052467
6.338957, 8.047396
6.289518, 8.031221
6.168791, 8.014839
6.094936, 8.010859
6.030492, 8.010383
5.976358, 8.006989
30e411ed-ca66-4566-a400-35ca91195b0a
5.793099, 9.554962
5.716042, 9.557321
5.639906, 9.559651
5.557969, 9.568150
5.448803, 9.583727
5.374635, 9.592799
5.296388, 9.605387
5.248890, 9.615158
5.206555, 9.612126
3290e63d-8ddc-4d46-814f-5b0d52d46ba3
5.848763, 9.819684
5.917384, 9.827702
5.946100, 9.842856
5.962497, 9.856586
65f95eb7-9445-4bc6-ab8d-3d7a7f4e7e52
5.813533, 10.024369
5.769770, 10.030943
5.729215, 10.035521
5.700304, 10.035773
5.674272, 10.034503
5.648902, 10.033264
135c88fc-25cb-4b75-8e23-67ea18697f73
5.888523, 10.124017
5.935935, 10.127342
6.007336, 10.142810
6.050778, 10.152222
a2042c8c-5339-4e33-8977-f76eaf7342a7
5.921070, 10.636337
5.952946, 10.642034
5.997745, 10.654600
07dbc868-3643-4923-89cf-cb2eee1f3715
5.868661, 10.854997
5.805179, 10.852938
