main root
7.469791, 4.035408
7.440681, 4.416842
7.457959, 4.870497
7.455221, 4.964401
7.460614, 5.069000
7.469265, 5.195994
7.487471, 5.308049
7.517028, 5.424189
7.542084, 5.522645
7.577489, 5.627449
7.612715, 5.731721
7.620894, 5.788989
7.631094, 5.890320
7.636282, 5.983873
7.641439, 6.076860
7.648683, 6.169502
7.655284, 6.253913
7.666702, 6.345966
7.671992, 6.439875
7.682893, 6.522783
7.693930, 6.606724
7.702185, 6.680988
7.709525, 6.765784
7.713746, 6.831905
7.713294, 6.895307
7.714342, 6.958197
7.719930, 7.023987
7.730518, 7.095573
7.737640, 7.143732
7.854405, 7.279689
7.886770, 7.319673
7.921918, 7.387211
7.946154, 7.443507
7.970971, 7.504938
7.988118, 7.559372
8.000867, 7.604827
8.006427, 7.654899
8.090790, 7.887318
8.119652, 7.953677
8.141660, 8.058244
8.153835, 8.123369
8.157162, 8.181889
8.172061, 8.259381
8.176296, 8.355078
8.177731, 8.421317
8.183783, 8.493429
8.180834, 8.547766
8.181402, 8.620128
8.180427, 8.686377
8.169106, 8.743474
8.158347, 8.805444
8.157576, 8.894269
8.164406, 8.969550
8.162398, 9.030231
8.156921, 9.131785
8.146080, 9.217263
8.135406, 9.318250
8.122291, 9.402850
8.111436, 9.486411
8.102640, 9.570224
8.089588, 9.654843
8.077971, 9.730156
8.073668, 9.799451
8.065268, 9.862295
8.064779, 9.923514
8.071917, 9.967039
8.091475, 10.040050
8.101669, 10.101243
8.115912, 10.177634
8.127510, 10.262463
8.131093, 10.332848
8.140714, 10.404055
8.152283, 10.456147
8.179628, 10.563419
8.188802, 10.617583
8.200112, 10.684364
8.211110, 10.758263
8.219378, 10.823994
8.224489, 10.888601
8.228888, 10.963190
8.229711, 11.028002
8.235225, 11.108624
8.245081, 11.191956
8.250379, 11.249496
8.252558, 11.305801
8.256727, 11.336171
8.271531, 11.399999
8.284922, 11.457727
8.291125, 11.510977
8.300077, 11.561958
8.313794, 11.622758
8.330413, 11.682829
8.346213, 11.739944
8.365697, 11.799148
8.387999, 11.857347
8.413068, 11.914408
8.432960, 11.967126
8.453877, 12.022571
8.478653, 12.079762
8.498274, 12.132583
8.534302, 12.195192
8.556473, 12.233718
8.613495, 12.392943
8.607573, 12.509445
8.571493, 12.617431
8.563342, 12.651370
8.500247, 12.671347
8.447806, 12.681668
8.387293, 12.696630
8.330849, 12.709045
8.258583, 12.715181
8.217772, 12.717145
8.168448, 12.718020
7.526135, 12.855166
7.388102, 12.850209
7.220954, 12.857344
7.180102, 12.857588
7.139267, 12.856337
7.086945, 12.856230
7.036149, 12.856127
6.993821, 12.856040
6.952992, 12.854460
6.909141, 12.854260
6.856840, 12.855519
6.807517, 12.855210
6.756721, 12.854892
6.692936, 12.858982
6.629534, 12.858548
6.566321, 12.853626
6.493968, 12.852497
6.420163, 12.857333
6.362341, 12.850626
6.297274, 12.850614
6.222055, 12.858073
6.145259, 12.876217
6.040346, 12.875576
5.972613, 12.875162
5.679340, 12.864388
5.600799, 12.871987
5.559070, 12.868506
5.483490, 12.869714
5.417237, 12.869274
5.347999, 12.870311
5.281748, 12.869804
5.215523, 12.867802
5.143198, 12.870104
5.079843, 12.867628
4.162837, 12.838721
3.928755, 12.862357
3.843028, 12.863112
3.802182, 12.861976
3.753716, 12.866617
3.724632, 12.861886
3.704343, 12.852518
3.685485, 12.858322
3.640595, 12.862796
3.603259, 12.863509
3.533964, 12.865288
3.502740, 12.872080
3.474487, 12.882822
3.450746, 12.891849
99b7f8fa-0050-49de-8865-2eeed500097b
7.501651, 4.502273
7.580876, 4.556303
7.643733, 4.620040
7.699354, 4.674309
7.732996, 4.711315
7.764364, 4.750268
7.797327, 4.795978
7.834086, 4.844389
7.863062, 4.880078
7.897404, 4.920416
8.005370, 5.006584
8.050565, 5.042040
8.079293, 5.068384
8.105914, 5.096856
8.148401, 5.135722
8.196913, 5.174015
8.256388, 5.215241
8.307887, 5.254580
8.354983, 5.290555
8.403328, 5.321835
8.442718, 5.345538
8.480193, 5.359355
8.568354, 5.408103
8.640121, 5.372775
8.660246, 5.381010
8.697006, 5.391079
8.719802, 5.398760
8.738325, 5.409621
8.763819, 5.426174
8.780842, 5.442447
8.807139, 5.465359
8.834466, 5.487035
8.852421, 5.503044
8.865198, 5.520303
8.871938, 5.539467
450ed088-a993-4aa7-8961-d3af52666323
7.457757, 4.329433
7.590570, 4.552904
7.628730, 4.798268
7.649156, 4.902725
7.664305, 4.948951
7.668451, 4.971182
7.672723, 5.010356
7.677317, 5.052394
7.681920, 5.094431
7.679920, 5.131158
7.677953, 5.167078
7.676556, 5.192430
e8813479-f9a8-4d03-b139-20e4143b4adc
7.478883, 5.500481
7.436694, 5.528936
7.374013, 5.571214
7.337297, 5.603199
7.194345, 5.655363
7.155633, 5.688923
7.129776, 5.717339
7.112210, 5.722347
7.059241, 5.743675
7.013776, 5.758754
6.953723, 5.784980
6.886204, 5.809565
6.836680, 5.830785
6.783774, 5.850197
6.726355, 5.874453
6.670966, 5.899476
6.625419, 5.918409
6.591385, 5.934178
6.561848, 5.949513
6.494519, 6.018402
6.476693, 6.030217
6.441419, 6.053597
6.393276, 6.080118
6.348778, 6.104631
6.301251, 6.134231
6.265676, 6.161676
6.211508, 6.207247
6.153195, 6.256304
6.108205, 6.290242
6.074701, 6.313641
6.035898, 6.335263
5.991521, 6.359991
5.957549, 6.375495
5.919775, 6.391088
5.873628, 6.408518
5.826102, 6.426470
5.768915, 6.451270
5.713762, 6.476820
5.653033, 6.503304
5.604146, 6.529522
5.559377, 6.553531
5.515250, 6.580593
5.473256, 6.608102
5.431193, 6.633867
670ea01e-a183-475d-8c30-7279cbf1c75e
7.543448, 5.608962
7.509182, 5.660581
7.561018, 5.970620
1685491c-b85b-401e-b77a-a62c5a6b6701
7.632719, 5.769751
7.676290, 5.780741
7.742813, 5.803693
7.806745, 5.824169
7.855526, 5.844506
7.904575, 5.847896
7.961922, 5.865970
8.002173, 5.886288
8.045505, 5.909837
8.096223, 5.932286
8.140695, 5.953606
8.196477, 5.972048
8.242811, 5.988941
8.288611, 6.007231
8.333837, 6.026901
8.376570, 6.043853
8.519070, 6.108808
8.571234, 6.127649
8.620922, 6.144003
8.667278, 6.160834
8.709269, 6.180854
8.757112, 6.202004
8.805542, 6.221774
8.854518, 6.240150
8.904000, 6.257113
8.953948, 6.272654
9.000573, 6.288726
9.050494, 6.304349
9.093342, 6.322462
9.142085, 6.341442
9.183602, 6.362425
9.230945, 6.384673
9.274922, 6.406993
9.322228, 6.429320
9.359359, 6.454897
9f5ce4ad-c7e2-4822-b878-6c9be143d9bc
7.620227, 6.165985
7.582922, 6.198464
7.526779, 6.236065
7.506905, 6.243981
7.476318, 6.254563
7.441577, 6.271342
7.413210, 6.280065
7.373945, 6.303109
7.345308, 6.318189
7.314754, 6.335979
7.283903, 6.359147
7.264483, 6.368125
7.115140, 6.477533
7.087906, 6.496963
7.026999, 6.534904
6.962401, 6.575144
6.883355, 6.624383
6.818197, 6.666735
6.755185, 6.704122
6.677639, 6.755024
6.631682, 6.792351
6.586667, 6.798278
fc362473-0209-4772-ab26-a586e76d80c7
7.753045, 7.196469
7.722026, 7.216810
7.657463, 7.262728
7.595034, 7.308966
7.535811, 7.350964
7.467600, 7.411155
7.410463, 7.461575
7.376606, 7.499436
7.326047, 7.560466
7.285701, 7.595091
7.216577, 7.657186
7.153591, 7.713767
7.097240, 7.758351
7.037234, 7.807735
6.958784, 7.872300
6.900359, 7.916504
6.870502, 7.946601
6.830305, 7.999874
6.676913, 8.206048
6.623659, 8.256831
6.556255, 8.321106
6.495340, 8.390821
6.428844, 8.457332
6.350804, 8.523422
6.278195, 8.582157
6.210738, 8.634058
6.142030, 8.684304
6.076817, 8.737133
6.016730, 8.793517
5.961305, 8.841424
5.903663, 8.891249
5.845715, 8.945295
5.790145, 8.993036
5.732993, 9.034245
5.670514, 9.082981
5.624933, 9.122331
5.600125, 9.153634
7425466f-1ea3-4d97-9c86-198f967123a3
7.897777, 7.344800
7.985238, 7.401657
8.016461, 7.425550
8.040801, 7.440431
8.072478, 7.452807
8.096137, 7.462050
8.113978, 7.473841
8.257701, 7.540296
8.286451, 7.555238
8.308850, 7.568565
8.330447, 7.583156
8.349417, 7.597777
8.364915, 7.615390
8.393621, 7.641217
8.416682, 7.663977
8.451367, 7.687694
8.472002, 7.703616
8.496714, 7.724572
8.524650, 7.746300
8.542600, 7.762156
8.559525, 7.779103
8.577106, 7.803060
8.599232, 7.830680
8.618299, 7.856876
8.636137, 7.883925
8.649215, 7.906471
8.730514, 7.958836
31a0f352-82db-4f9d-b2e6-111f363a666e
7.924724, 7.466908
7.978398, 7.467358
8.054413, 7.475386
8.246853, 7.491160
8.302678, 7.498739
8.359707, 7.507992
8.437098, 7.522651
8.475525, 7.534498
8.521346, 7.554046
8.636000, 7.586133
8.673079, 7.599618
8.702917, 7.610470
8.734460, 7.615571
8.776251, 7.622331
8.812518, 7.631228
8.864650, 7.648642
8.925101, 7.671991
8.988134, 7.689920
9.045133, 7.706133
9.097506, 7.716362
9.167493, 7.726981
9.229502, 7.733361
9.290098, 7.738092
9.326976, 7.743973
9.359083, 7.752125
9.388038, 7.761021
9.412777, 7.773319
9.452803, 7.789872
b812f9d9-ca19-44f7-a84a-9a3965eb3091
8.057717, 9.625767
8.121581, 9.643147
8.212995, 9.664820
8.243569, 9.673696
8.366545, 9.699437
8.406158, 9.709257
8.450821, 9.717247
8.505684, 9.730101
8.563386, 9.743619
8.619287, 9.758253
8.668425, 9.771116
8.707547, 9.782905
8.748076, 9.795116
8.806695, 9.811216
8.853849, 9.825719
8.892289, 9.837541
8.937103, 9.854457
c0bdd848-aae8-4319-b80b-5f57bbd44057
8.068729, 10.020475
8.038154, 10.033044
7.920973, 10.099910
7.906611, 10.099410
7.879143, 10.098424
7.847593, 10.103249
7.802854, 10.116117
7.760292, 10.131473
7.722438, 10.141947
7.682686, 10.151394
7.631041, 10.166742
7.593499, 10.176338
7.567811, 10.184449
fff15192-4418-4eae-97d6-b07b37f9f83d
8.091587, 9.324934
8.161084, 9.341689
8.205366, 9.350239
8.072445, 9.281649
8.012809, 9.293144
7.987875, 9.297942
7.976005, 9.314024
7.922047, 9.349822
7.900796, 9.356735
7.860533, 9.369835
7.818352, 9.386706
7.787443, 9.394234
7.746315, 9.404249
7.693137, 9.411039
7.639665, 9.423903
7.587111, 9.438085
7.556458, 9.446355
7.534565, 9.464832
7.510657, 9.481091
7.476845, 9.498656
7.446189, 9.511209
7.433799, 9.526834
7.407840, 9.549934
7.376092, 9.580193
7.344016, 9.606626
7.296166, 9.642693
7e32062d-28bd-45f1-baf9-1371fb79d07a
8.111666, 9.102057
8.075055, 9.112502
8.052906, 9.130956
8.013895, 9.165404
7.967822, 9.198864
7.899702, 9.274502
7.846441, 9.304579
7.802205, 9.329560
7.749467, 9.362781
7.699321, 9.394368
7.669344, 9.411484
7.597227, 9.434345
7.555966, 9.452135
7.514893, 9.476620
7.471780, 9.500575
7.438582, 9.524160
e542ed00-d8fa-4f50-ad89-5602ef137c8d
8.148718, 8.798966
8.209434, 8.806456
8.287161, 8.816043
8.355063, 8.839880
8.453475, 8.849678
8.515593, 8.852825
8.557974, 8.866682
8.611973, 8.895741
8.634808, 8.923958
8.652311, 8.935883
8.678181, 8.955325
8.700573, 8.970288
8.787208, 9.014997
8.881142, 9.025419
8.958340, 8.978776
9a27613f-b6be-4545-9d22-7c55be367076
8.024266, 7.768960
7.977166, 7.783543
7.959325, 7.792876
7.899496, 7.824177
7.770973, 7.825870
7.745575, 7.826205
7.714269, 7.832605
7.670459, 7.844617
7.626490, 7.861328
7.559374, 7.870523
7.512776, 7.879929
7.451168, 7.896944
7.403198, 7.911746
7.356327, 7.921515
5e7d6763-6a86-41c1-a0ef-146c6c267429
7.700126, 6.411380
7.730552, 6.445462
7.752185, 6.494720
7.800868, 6.545822
7.832331, 6.581019
7.849971, 6.607492
7.874348, 6.641374
7.891271, 6.662333
7.941818, 6.722199
7.955351, 6.742868
7.975310, 6.776082
7.985503, 6.801761
7.993711, 6.826497
e792815f-e1a3-4a35-ac12-c77cf6e0da47
8.403167, 11.739033
8.354485, 11.759826
8.317348, 11.772391
8.295188, 11.776689
8.288769, 11.792778
8.263680, 11.803930
8.215794, 11.830320
8.109305, 11.892948
6bfe0b2c-d183-4bc4-b14f-b367685bc900
8.504745, 11.951754
8.461013, 11.977778
8.434322, 11.991675
8.385357, 12.010420
8.321755, 12.032157
10ac78ff-1afe-4b38-a65a-e7aadbfc26de
8.629692, 12.543787
8.660943, 12.568636
8.716065, 12.610556
8.769983, 12.651558
bab32e9b-2d9c-48ff-af06-a244be44a678
8.278090, 11.154612
8.210844, 11.197823
8.314085, 11.248822
fdabd1a3-a510-4f3f-9c4c-19148d2fc8f7
8.182477, 10.440698
8.229733, 10.448665
8.256504, 10.451659
8.281839, 10.446673
8.323325, 10.438510
8.362446, 10.433871
8.417482, 10.415517
8.485575, 10.410664
8.528731, 10.417827
5fb34763-c205-47fa-a47a-2771ce0fed74
8.166883, 10.530266
8.120846, 10.545667
8.095714, 10.552464
8.084599, 10.564317
8.046566, 10.580842
08ab3dd1-6c21-4949-ada5-20bac164944c
8.132532, 10.049944
8.180003, 10.051224
8.220668, 10.053817
8.262778, 10.056522
8.299776, 10.049899
8.327400, 10.049516
8.376713, 10.050328
8.418115, 10.054004
8.456551, 10.058919
8.491419, 10.067905
8.540617, 10.080585
8.567717, 10.090661
8.603547, 10.107178
8.641990, 10.124897
8.709792, 10.146887
9bd4995e-2270-4201-9439-f1351202e730
8.100135, 9.439728
8.045320, 9.471068
8.007975, 9.496000
7.974098, 9.515155
7.937767, 9.535830
7.900371, 9.560685
7.864785, 9.588069
7.832293, 9.609293
7.811062, 9.623025
7.788880, 9.640800
7.768613, 9.660733
7.745943, 9.687068
7.723087, 9.722619
7.700508, 9.757525
7.685529, 9.780472
7.684118, 9.800839
7.663848, 9.853361
7.655560, 9.878994
ca8a5d39-015e-4d2e-a158-462c83f891cf
8.198576, 8.536363
8.262939, 8.555666
8.223619, 8.522624
8.218557, 8.505088
8.209753, 8.474583
8.208269, 8.453247
8.212894, 8.433466
8.219794, 8.410530
8.230695, 8.396746
8.265056, 8.371830
98d3fde4-025b-430c-8be4-3fd5c4939f7a
7.335246, 4.933991
7.155905, 4.970843
7.099412, 4.988563
7.024743, 5.015123
6.918042, 5.046627
6.843315, 5.091343
6.785442, 5.129784
8d05a15a-dcb0-4675-9ad0-47000c632169
7.317615, 5.050135
7.203798, 5.096477
7.144465, 5.116195
7.118352, 5.124873
7.092352, 5.136668
