main root
6.068024, 4.473422
5.996360, 4.765495
6.051257, 5.142920
6.045604, 5.300551
6.060433, 5.469042
6.069218, 5.639545
6.072630, 5.786082
6.092428, 5.914809
6.099037, 6.040653
6.112863, 6.185354
6.122021, 6.303387
6.122724, 6.421542
6.127481, 6.514178
6.139475, 6.623944
6.144229, 6.725867
6.153181, 6.827001
6.163467, 6.919345
6.174853, 7.002835
6.188292, 7.086027
6.203773, 7.168865
6.226569, 7.267799
6.257553, 7.364595
6.287876, 7.452427
6.307908, 7.510450
6.318979, 7.572732
6.335434, 7.864191
6.331355, 7.924748
6.322623, 7.987527
6.309463, 8.049530
6.294247, 8.113994
6.273125, 8.170895
6.246911, 8.228603
6.213697, 8.276381
6.193532, 8.308005
6.167814, 8.351115
6.149378, 8.382017
6.159730, 8.634091
6.149252, 8.759714
6.138747, 8.885646
6.128189, 9.012213
6.119038, 9.121904
6.121640, 9.217979
6.124389, 9.319541
6.124814, 9.412930
6.129342, 9.496728
6.128479, 9.558720
a70f7ea5-c8ea-476c-878a-d700390f403a
6.061272, 4.615473
6.119511, 4.738484
6.140532, 4.757803
6.163464, 4.774812
6.205840, 4.798791
6.233079, 4.817642
6.277646, 4.852129
6.322422, 4.888668
6.350543, 4.917411
6.386066, 4.953722
6.427516, 4.996089
6.471081, 5.038479
6.507492, 5.073907
6.547852, 5.115265
6.581213, 5.151595
6.614141, 5.187452
6.648631, 5.231353
