main root
6.878445, 5.113083
6.831983, 5.367206
6.792712, 5.565465
6.744504, 5.772995
6.721781, 5.887107
6.665348, 6.080463
6.619778, 6.244260
6.566320, 6.413928
6.531341, 6.541325
6.503680, 6.687732
6.506168, 6.799266
6.460254, 6.929745
6.442520, 7.046946
6.423520, 7.172520
6.415387, 7.282837
6.404712, 7.418505
6.398551, 7.523797
6.396618, 7.629301
6.400574, 7.757202
6.400010, 7.875464
6.407948, 7.985784
6.409504, 8.095851
6.417515, 8.214788
6.424894, 8.359071
6.430723, 8.473048
6.437210, 8.599889
6.428108, 8.724580
6.429806, 8.816849
6.455833, 8.936566
6.441722, 9.043811
6.440125, 9.156609
6.428371, 9.250704
6.424440, 9.377606
6.420007, 9.474545
6.411368, 9.613574
6.403116, 9.716594
6.363930, 9.838047
6.343847, 9.962531
6.331135, 10.081063
6.322734, 10.169035
6.304625, 10.269682
6.286020, 10.361204
6.263691, 10.460418
6.245546, 10.560309
6.226788, 10.651803
6.228795, 10.775993
6.216622, 10.820087
6.195260, 10.897473
6.170992, 11.003244
6.148948, 11.078057
6.122358, 11.183275
6.105832, 11.274429
6.082380, 11.357184
6.070156, 11.439114
6.057265, 11.539837
6.038043, 11.640048
6.018902, 11.739833
6.009798, 11.831958
6.002755, 11.924607
5.997170, 12.025992
5.978882, 12.127211
5.964436, 12.219007
5.949157, 12.302744
5.939300, 12.403911
5.912540, 12.527018
5.905585, 12.628531
5.897483, 12.746782
5.872193, 12.870181
5.859817, 12.961998
5.851608, 13.054398
5.854484, 13.165486
5.850982, 13.275514
5.847750, 13.377063
8b92c317-3c18-4085-812e-a5d3d3ca369c
6.843555, 5.665092
6.962293, 5.708669
7.085072, 5.751077
7.154192, 5.769739
7.203633, 5.786967
7.266057, 5.779662
7.320799, 5.802216
7.394773, 5.851176
7.456596, 5.881310
7.514314, 5.904003
7.624648, 5.954671
7.685762, 5.989324
7.753902, 6.026240
7.843234, 6.074637
7.912268, 6.110335
7.975926, 6.146624
8.074836, 6.195700
8.134697, 6.236978
8.205231, 6.283094
8.272969, 6.337295
8.334568, 6.384665
8.399166, 6.430565
8.475084, 6.484510
8.537202, 6.528648
8.601407, 6.572433
8.683089, 6.633258
8.748395, 6.678155
8.802861, 6.722867
8.887944, 6.792713
8.959927, 6.851804
9.010391, 6.900977
9.064958, 6.954151
9.127993, 7.007217
9.173627, 7.057373
9.252508, 7.134639
9.311845, 7.195664
9.373245, 7.252861
9.422649, 7.305020
9.479277, 7.360451
9.556402, 7.438909
9.606009, 7.487236
9.656648, 7.534481
9.736485, 7.597395
9.778829, 7.634574
9.825474, 7.673540
9.869333, 7.710179
9.905728, 7.744483
e550e159-ec65-405b-9ce0-e4daf3027fbd
6.792836, 5.832606
6.831670, 5.854385
6.885548, 5.903474
6.928374, 5.943486
6.950966, 5.966651
6.975040, 5.984915
7.004074, 6.005073
7.029766, 6.024742
7.052022, 6.039905
7.086205, 6.057769
7.116184, 6.073436
7.148192, 6.088467
7.169201, 6.099978
7.196845, 6.116824
7.223683, 6.134922
7.262125, 6.151812
7.295075, 6.164646
7.328541, 6.176068
7.362462, 6.186057
7.393061, 6.196619
7.423140, 6.208578
7.456527, 6.220232
7.480609, 6.230217
7.509909, 6.243977
7.538544, 6.259072
7.570499, 6.274217
7.603067, 6.287988
7.632270, 6.301954
7.664792, 6.315840
7.697874, 6.328330
7.731458, 6.339401
7.765482, 6.349035
7.794192, 6.358712
7.820565, 6.372331
7.856680, 6.385920
7.886420, 6.398702
7.915541, 6.412839
7.947980, 6.426916
7.980988, 6.439601
8.010638, 6.452590
8.039660, 6.466930
8.069984, 6.481916
8.173237, 6.519528
8.206946, 6.530209
8.241080, 6.539445
8.260101, 6.549235
8.288153, 6.565364
8.319510, 6.581677
8.351527, 6.596653
8.384148, 6.610267
8.417312, 6.622494
8.441143, 6.631280
b6da511e-84a0-40d3-a038-3248b4169bf6
6.643497, 6.338218
6.690754, 6.383206
6.740830, 6.427483
6.785878, 6.450110
6.806527, 6.462190
6.823207, 6.459002
6.885025, 6.470444
6.936724, 6.478490
6.992047, 6.482556
7.041109, 6.487662
7.094924, 6.490253
7.152554, 6.494526
7.224906, 6.495389
7.277214, 6.494516
7.325060, 6.496711
7.374794, 6.501990
7.427143, 6.513566
7.472329, 6.522026
7.536233, 6.518333
7.573562, 6.510180
7.653721, 6.485012
7.690132, 6.476718
7.727090, 6.471368
7.761824, 6.472391
7.821067, 6.474135
7.880313, 6.475879
7.936479, 6.480527
7.992318, 6.488152
8.047670, 6.498732
8.115015, 6.512393
8.196545, 6.536878
9777c650-3542-4562-bb60-815392026ba4
6.549792, 6.757304
6.604556, 6.765625
6.636274, 6.769122
6.686413, 6.776300
6.717666, 6.782372
6.755598, 6.785255
6.779824, 6.790099
6.803284, 6.797842
6.837813, 6.813966
6.880148, 6.830432
6.937326, 6.851066
6.983192, 6.869208
7.022480, 6.879920
7.073327, 6.892232
7.128120, 6.900878
7.176587, 6.910041
7.233498, 6.914708
7.284623, 6.920401
7.311218, 6.927881
7.361967, 6.940599
7.405800, 6.956212
7.437375, 6.961104
7.497648, 6.968928
7.546344, 6.976759
7.592694, 6.985730
7.622760, 6.996122
7.672681, 7.011792
7.702974, 7.021301
7.727208, 7.028908
697cefcd-0784-405e-b6e4-bb175b256fdd
6.309464, 10.423859
6.361102, 10.450508
6.388221, 10.463318
6.423849, 10.476208
6.485056, 10.496332
6.523372, 10.510663
6.566983, 10.531036
6.634263, 10.557496
6.685575, 10.587325
6.729691, 10.611255
6.771446, 10.625408
6.839312, 10.645251
6.902387, 10.665253
6.983531, 10.686634
7.039008, 10.702801
7.094047, 10.720399
7.175372, 10.739870
7.237633, 10.757854
7.303037, 10.775435
ba0a1299-370b-4254-8fe4-1f81e3ca8b25
6.386903, 10.004634
6.458561, 10.033704
6.511487, 10.066984
6.569060, 10.096502
6.619789, 10.124192
6.673845, 10.151994
6.747998, 10.194797
6.795242, 10.225524
6.849070, 10.256962
6.894109, 10.288466
6.942339, 10.314897
41e508e6-bc4a-4b69-8369-e317040c192c
6.491875, 8.856539
6.530294, 8.867090
6.604988, 8.894615
6.651883, 8.915927
6.708657, 8.945016
6.776475, 8.979764
6.844294, 9.014512
6.927934, 9.055003
6.986902, 9.085213
7.057261, 9.112849
7.114488, 9.140151
7.191411, 9.174553
7.249285, 9.203715
7.307760, 9.234857
7.373613, 9.264840
7.435255, 9.292906
7.490951, 9.323197
7.563472, 9.369722
7.618409, 9.406746
7.658636, 9.424832
7.728324, 9.449601
7.794054, 9.471374
7.850780, 9.496471
7.920615, 9.520822
7.979044, 9.538967
8.013409, 9.549639
c1b97ec7-00a9-4e96-a637-42432e31be45
6.476577, 8.605203
6.521964, 8.585515
6.582921, 8.594635
6.625657, 8.601706
6.677245, 8.616307
6.737966, 8.630384
6.801089, 8.640407
6.852770, 8.654675
6.929903, 8.672866
7.005869, 8.689243
7.088613, 8.709204
7.152656, 8.726192
7.234362, 8.750011
7.297526, 8.769984
7.353615, 8.783013
7.466268, 8.803177
7.549810, 8.826558
7.625040, 8.846059
7.702458, 8.863033
7.793215, 8.885086
7.859036, 8.901080
7.924857, 8.917074
8.004538, 8.940764
8.053399, 8.956853
8.096025, 8.980732
05b44c8f-b2c0-44d9-b516-30059a0f76e9
6.378395, 7.207930
6.340873, 7.232326
6.290086, 7.242082
6.252995, 7.248493
6.224149, 7.250441
6.184696, 7.250105
6.143874, 7.248261
6.104802, 7.249493
6.049680, 7.255723
5.985017, 7.260018
5.927274, 7.262353
5.877949, 7.262851
5.825669, 7.264875
5.750121, 7.273789
5.714408, 7.290062
5.675586, 7.312683
5.621471, 7.347682
5.582815, 7.378030
5.526455, 7.434342
5.494665, 7.486761
5.470981, 7.551321
5.461857, 7.607520
5.449477, 7.665848
5.444623, 7.716965
5.439864, 7.759092
5.435590, 7.794336
5.429568, 7.854084
5.428502, 7.889451
5.421336, 7.945793
5.414715, 7.997392
5.397348, 8.100994
5.383466, 8.176360
5.367318, 8.257079
5.352963, 8.321345
5.342991, 8.365315
6bf4038f-df50-4e88-80ec-8528ce3f1698
6.483634, 6.549667
6.423829, 6.558674
6.365355, 6.554048
6.307496, 6.546361
6.259823, 6.541138
6.206391, 6.554334
6.130320, 6.576205
6.054106, 6.602788
5.957397, 6.634281
5.893952, 6.653367
5.829090, 6.672879
5.752536, 6.702499
5.677005, 6.738393
5.616535, 6.765474
5.555468, 6.791181
5.460938, 6.828681
5.393784, 6.863370
5.335537, 6.888405
5.276447, 6.907286
5.210961, 6.929780
5.144116, 6.957489
5.082358, 6.981468
5.018368, 7.007918
4.956586, 7.031836
4.892569, 7.058224
4.841205, 7.084253
4.778814, 7.120902
4.718817, 7.161354
4.673453, 7.182914
4.596986, 7.219258
4.528161, 7.251970
4.457208, 7.290664
4.368014, 7.339306
4.299920, 7.379851
4.234445, 7.418837
4.155698, 7.468173
4.068379, 7.518428
2900b4bb-d7ed-4a47-932a-9f9d6e5d1053
6.632925, 5.972242
6.585873, 5.964193
6.547754, 5.962981
6.514369, 5.976603
6.422522, 6.018636
6.341106, 6.062836
6.282781, 6.091093
6.223908, 6.114627
6.164407, 6.143248
6.105275, 6.171691
6.015967, 6.239286
5.971048, 6.258260
5.916473, 6.281309
5.861898, 6.304354
5.805727, 6.331318
5.752318, 6.356953
5.719880, 6.372518
5.633964, 6.410119
5.531480, 6.452025
5.425426, 6.502235
5.302984, 6.560203
5.190822, 6.622596
5.028274, 6.725030
0ea6349c-82e1-4e2e-b536-35f6e390d573
6.548474, 6.267273
6.489238, 6.257735
6.446767, 6.248645
6.392817, 6.235433
6.338342, 6.243699
6.305078, 6.242941
6.207422, 6.250541
6.144259, 6.250916
6.085735, 6.258676
6.021875, 6.272755
5.956619, 6.294784
5.890253, 6.322067
5.829042, 6.345754
5.763930, 6.375909
5.705271, 6.398274
5.641740, 6.424241
5.580482, 6.447805
5.517028, 6.473959
5.454214, 6.501612
5.390539, 6.534696
5.331681, 6.563740
5.268154, 6.603581
5.226592, 6.617437
5.148767, 6.667185
5.093653, 6.697245
5.030613, 6.743712
4.975716, 6.789920
4.925919, 6.816185
4.903158, 6.835393
4.872706, 6.857177
4.803761, 6.905250
4.714636, 6.969974
4.647690, 7.021153
4.577236, 7.069794
4.513764, 7.117251
4.425613, 7.183162
4.376939, 7.227032
4.331978, 7.240648
41f1597e-fac0-474a-8cc2-501181a7c203
6.741811, 5.106673
6.650548, 5.106435
6.579618, 5.115606
6.525579, 5.124900
6.462301, 5.146403
6.413857, 5.160222
6.361726, 5.180849
6.313124, 5.231653
6.263154, 5.253537
6.189892, 5.292402
6.099083, 5.338182
6.007340, 5.382063
5.903153, 5.447918
5.816700, 5.495177
5.731420, 5.529740
5.651781, 5.559782
5.574823, 5.593243
5.501842, 5.631503
5.441904, 5.647715
5.370456, 5.663941
5.330854, 5.679074
5.290176, 5.711939
5.223160, 5.744533
5.148730, 5.783764
5.084736, 5.815755
4.993275, 5.855089
4.932690, 5.891073
4.868221, 5.925885
4.802384, 5.958031
4.731159, 5.999471
4.666379, 6.033698
4.599006, 6.069295
4.529136, 6.112982
4.464528, 6.153378
4.399919, 6.193774
4.335309, 6.234170
4.269272, 6.280755
4.216735, 6.312321
4.157090, 6.342811
4.098737, 6.367599
4.051191, 6.389422
4.005025, 6.410612
3.950427, 6.437319
3.889586, 6.467080
3.833603, 6.501129
3.784775, 6.530826
3.741091, 6.553785
3.634108, 6.658304
3.531905, 6.729292
3.355566, 6.823430
3.312020, 6.855403
3.263712, 6.900097
3.217574, 6.982626
3.061592, 7.125444
2.989577, 7.174161
2.892473, 7.274644
2.820816, 7.368262
2.784234, 7.411130
2.745760, 7.456215
2.706956, 7.497075
2.666255, 7.544280
2.627556, 7.589162
2.589009, 7.636161
2.546054, 7.688535
2.508471, 7.734359
2.470680, 7.778076
2.426693, 7.833538
2.379588, 7.895340
2.348794, 7.935742
2.313152, 7.984973
2.276821, 8.032604
2.252712, 8.066679
4dab1fa5-60fd-47ed-b4e8-59720b3a0c0f
6.777340, 5.232805
6.654842, 5.191499
6.606819, 5.189802
6.560319, 5.199189
6.524200, 5.218605
6.499280, 5.223487
6.468124, 5.229588
6.436396, 5.241897
6.396089, 5.259140
6.359545, 5.269890
6.308779, 5.287943
6.258186, 5.310701
6.158769, 5.361622
5.978760, 5.469908
5.874930, 5.534228
5.785110, 5.583402
5.747612, 5.605243
5.711031, 5.626552
5.675529, 5.643767
5.622203, 5.669625
5.569569, 5.693485
5.524045, 5.712478
5.476355, 5.733995
5.430048, 5.754889
5.375275, 5.781245
5.312838, 5.814610
5.262411, 5.836466
5.215023, 5.858637
5.169734, 5.878173
5.123089, 5.898294
5.068669, 5.921768
5.015032, 5.943276
4.968714, 5.960236
4.921905, 5.975782
4.872744, 5.993686
4.809103, 6.016863
4.751825, 6.044095
4.698300, 6.069542
4.643357, 6.098979
4.591115, 6.126967
4.538874, 6.154954
4.487857, 6.178889
4.431325, 6.212026
4.381263, 6.237899
4.328612, 6.265111
4.277247, 6.288290
4.218734, 6.324546
4.188146, 6.343500
4.131101, 6.367081
4.082847, 6.393787
4.037178, 6.419888
3.915497, 6.487153
3.826734, 6.537929
3.767075, 6.571068
3.668842, 6.635308
3.576738, 6.695882
3.479477, 6.764355
3.436128, 6.768526
3.369071, 6.873564
3.331172, 6.905373
3.266951, 6.959588
3.147715, 7.047752
3.021983, 7.150351
2.941369, 7.214897
2.837801, 7.284230
2.755043, 7.339632
2.673552, 7.386593
2.600197, 7.428866
2.534726, 7.464867
2.444613, 7.512005
2.383961, 7.545422
b8ebb157-5d30-4756-9786-62eaebc72213
6.559422, 5.176641
6.544105, 5.144388
6.511335, 5.092914
6.505141, 5.080426
6.489841, 5.056320
6.472133, 5.042347
6.443464, 5.021644
6.411446, 5.004069
6.381220, 4.992605
6.361290, 4.980238
6.344984, 4.982600
6.323646, 4.981155
6.291455, 4.977475
6.267876, 4.973273
6.251679, 4.979505
6.191960, 4.980583
6.165095, 4.982565
25564835-8a1c-470e-b678-0e4d5570e83a
6.723343, 5.514878
6.666562, 5.498962
6.625515, 5.493372
6.573022, 5.489983
6.537153, 5.487630
6.511847, 5.485933
6.495826, 5.498422
6.415006, 5.520980
6.356237, 5.547327
6.317289, 5.564705
6.279396, 5.579972
6.252434, 5.585995
6.204921, 5.596608
6.180335, 5.599032
6.148553, 5.597654
6.097801, 5.595454
6.050273, 5.596390
6.011363, 5.600150
5.946988, 5.612386
5.875701, 5.621366
5.826598, 5.626044
5.781000, 5.631890
5.755001, 5.633716
5.659492, 5.678357
5.576168, 5.720313
5.461352, 5.776425
5.372143, 5.816965
5.266586, 5.868483
5.186748, 5.914669
5.132688, 5.947290
5.102449, 5.970855
5.083456, 5.978065
5.053030, 5.987950
5.027952, 5.997605
5.001707, 6.012454
4.971997, 6.030911
4.943029, 6.050744
4.923222, 6.058939
4.891411, 6.073788
4.860291, 6.090034
4.831190, 6.103608
4.800065, 6.119847
4.769690, 6.137453
4.740129, 6.156391
4.712344, 6.172487
4.682779, 6.191418
4.654991, 6.207508
4.624330, 6.230521
4.597813, 6.248631
4.570514, 6.265537
4.546616, 6.282172
4.529078, 6.288669
4.473428, 6.333153
4.446395, 6.360548
4.428513, 6.372319
4.399928, 6.392962
4.372937, 6.410642
4.344307, 6.431222
4.316593, 6.453022
4.290853, 6.467594
4.263233, 6.478036
4.253293, 6.493062
4.204866, 6.532805
4.173438, 6.554472
4.146584, 6.576385
4.114668, 6.602176
4.082183, 6.632024
4.051836, 6.659642
4.021158, 6.691344
3.992414, 6.716463
3.961388, 6.743315
3.929909, 6.774519
3.901375, 6.796481
3.861391, 6.825367
3.820216, 6.855114
3.772174, 6.889823
3.724467, 6.922441
3.668552, 6.960672
3.619240, 6.996202
3.578025, 7.025898
3.529601, 7.062633
3.475350, 7.105667
3.435308, 7.139340
3.396246, 7.174145
3.358316, 7.207941
3.313947, 7.249480
3.264503, 7.295769
3.221235, 7.336276
3.177898, 7.378899
3.141713, 7.410289
3.096792, 7.451237
3.054556, 7.489738
3.014377, 7.524272
c648371e-6155-478d-a310-366a514bc6aa
6.438390, 9.795902
6.468070, 9.809902
6.510244, 9.827604
6.535906, 9.835584
6.560415, 9.844683
6.584016, 9.859831
6.612685, 9.876556
6.636555, 9.888847
6.650583, 9.887176
6.671880, 9.889155
6.695545, 9.892856
6.718934, 9.898025
6.738384, 9.906918
6.767191, 9.921732
6.799313, 9.936565
6.826149, 9.950609
6.842674, 9.951523
6.873175, 9.956206
6.904752, 9.962598
6.941316, 9.966945
6.976481, 9.969590
7.000235, 9.972849
7.020373, 9.980114
7.054030, 9.990637
7.080184, 9.997215
a8253db8-eb01-41ee-9090-d2b5f98299d4
6.043130, 11.372484
5.968927, 11.404866
5.936073, 11.411815
5.907998, 11.422321
5.833949, 11.451757
5.782299, 11.465848
5.707744, 11.487738
5.627504, 11.513457
5.561076, 11.537893
5.497717, 11.564388
5.447402, 11.580563
7376623f-547b-490c-af98-35b1ecf8830f
6.228573, 11.010846
6.257907, 11.027841
6.300679, 11.058374
6.349713, 11.098572
6.404197, 11.141302
6.453287, 11.183608
6.519456, 11.232729
6.582339, 11.279410
6.616725, 11.303072
f888a430-23a3-4ab6-b61e-5d009ff202cc
5.998633, 11.654367
5.953091, 11.649002
5.913678, 11.641695
5.868594, 11.636101
5.796363, 11.631662
5.762281, 11.637906
5.738593, 11.640606
5.726241, 11.653244
5.702548, 11.673203
5.683304, 11.687449
5.679419, 11.702000
5.669143, 11.723090
5.657328, 11.743923
5.655738, 11.761702
10a2198c-9e55-463f-a7a4-30ccba45cf1c
5.986799, 12.245979
6.033226, 12.263843
6.109098, 12.300754
6.157999, 12.334861
92da4937-1b01-4bf1-b68f-d990c82c0754
5.811200, 12.979564
5.769448, 12.990205
5.729933, 13.001586
72102736-a4d8-4800-b59f-981799f3e920
6.471869, 9.330236
6.549458, 9.371901
6.567703, 9.303018
6.590441, 9.249630
6.622484, 9.226318
6.673886, 9.211887
6.702382, 9.206996
6.730008, 9.206809
6.782300, 9.204961
6.863612, 9.200063
6.898794, 9.187448
6.950223, 9.152993
7.052033, 9.043553
