main root
6.381870, 5.098360
6.382585, 5.369460
6.342269, 5.543565
6.317438, 5.650797
6.290669, 5.797660
6.262639, 5.908680
6.231692, 6.013965
6.209598, 6.104049
6.187414, 6.194498
6.157114, 6.300277
6.135643, 6.390510
6.116184, 6.481373
6.100572, 6.564177
6.084884, 6.647381
6.073961, 6.739373
6.059872, 6.840088
6.052367, 6.923672
6.044039, 7.016433
6.038024, 7.162919
6.040538, 7.255496
6.034846, 7.357598
6.033889, 7.450347
6.035034, 7.543259
6.027829, 7.645271
6.051621, 7.754585
6.067690, 7.838164
6.075850, 7.924542
6.089888, 8.006989
6.104098, 8.090448
6.117696, 8.182847
6.130024, 8.266614
6.172408, 8.382094
6.199224, 8.461154
6.217286, 8.546675
6.243177, 8.619085
6.273497, 8.697716
6.305390, 8.780107
6.324075, 8.871071
6.333755, 9.009293
6.300469, 9.261923
6.245418, 9.577374
6.204573, 9.850767
6.164074, 10.111643
6.158220, 10.342936
6.139947, 10.563194
6.140764, 10.818647
6.120472, 11.025044
6.108433, 11.226087
6.122033, 11.523644
6.120995, 11.797480
6.113295, 11.986468
6.099423, 12.099680
6.090530, 12.222795
6.085802, 12.288241
6.074759, 12.337239
bc4fc152-ac46-4bf6-a2f0-73bc1ada2010
6.291154, 9.321841
6.394453, 9.463281
6.447067, 9.569027
6.475761, 9.639713
6.484601, 9.664567
6.497192, 9.704517
6.509038, 9.750901
6.522854, 9.799840
6.545555, 9.852701
6.559213, 9.895884
6.573292, 9.945361
6.584077, 9.994197
4eda6958-35d9-42ae-8ed9-4d0a9b8ac4d0
6.422523, 8.921741
6.547756, 8.955079
6.665028, 8.994982
6.772404, 9.055748
6.880229, 9.107419
6.958667, 9.133106
6.994366, 9.164932
7.033507, 9.161081
7.062191, 9.165627
7.094149, 9.155178
7.149466, 9.162551
7.196672, 9.170022
7.219470, 9.181207
7.244861, 9.185953
3b64b413-72a1-41ea-9820-6398380ffa71
6.430433, 8.970433
6.508054, 8.985053
6.601893, 9.015343
6.715720, 9.032397
6.884569, 9.075020
6.958793, 9.080072
7.019265, 9.078030
7.058679, 9.079694
7.087172, 9.077902
7.158478, 9.069046
7.190283, 9.069621
7.239551, 9.072008
7.290294, 9.074468
7.352629, 9.074491
7.414893, 9.071520
7.476938, 9.065562
7.537278, 9.058265
7.603214, 9.051797
7.661618, 9.049075
7.710201, 9.051307
7.776302, 9.055841
7.822243, 9.057491
7.848193, 9.059921
a4380b89-10a5-43d0-8be5-33f5b7a7fc1f
6.159500, 8.233833
6.224607, 8.221061
6.333460, 8.206561
6.408058, 8.214424
6.455021, 8.228404
6.545028, 8.250808
6.618967, 8.269212
6.703790, 8.281071
6.756134, 8.295946
6.837261, 8.323313
6.913260, 8.345790
7.019456, 8.374992
7.101373, 8.393217
7.294308, 8.431560
7.380348, 8.444379
7.451259, 8.444247
7.521274, 8.448348
7.564584, 8.447886
c7b51e08-10be-4b4c-b8c5-f75f3f28c561
6.342496, 8.666531
6.440513, 8.664532
6.507132, 8.629607
6.544829, 8.604330
6.593656, 8.570743
6.641712, 8.541318
6.692254, 8.510372
6.720963, 8.499815
6.778364, 8.475516
6.861876, 8.461645
6.916651, 8.457098
6.984146, 8.451495
7.041844, 8.448207
7.113698, 8.439614
7.182264, 8.429907
7.242972, 8.428870
7.323937, 8.414015
7.391763, 8.400048
7.450720, 8.389436
7.503343, 8.384527
7.569431, 8.379865
7.637001, 8.375098
7.694737, 8.372525
7.768121, 8.363262
7.825624, 8.357512
7.891681, 8.352411
7.940954, 8.350107
7.990268, 8.349299
8.039584, 8.349987
8.088865, 8.352172
8.137501, 8.354329
73c2083a-9128-4d99-8875-d8624bb6d410
6.203871, 8.498041
6.120510, 8.549875
6.082709, 8.586619
6.038407, 8.597527
6.026824, 8.615554
5.969026, 8.655431
5.929718, 8.678914
5.892594, 8.697605
5.842876, 8.719287
5.790104, 8.739032
5.763170, 8.758539
5.731635, 8.777682
5.698803, 8.793578
5.671826, 8.802807
5.665619, 8.820813
5.639360, 8.838347
5.605811, 8.853551
5.599930, 8.870118
5.542029, 8.917736
5.495789, 8.963412
5.429609, 9.029685
5.375771, 9.081481
5.328921, 9.132309
5.288586, 9.171647
5.242735, 9.236238
5.209140, 9.288732
5.176290, 9.334506
5.142968, 9.380933
5.125827, 9.415080
5.101519, 9.470172
5.090232, 9.503166
74f1d39d-0233-48b1-b812-91a3f2c8499e
6.142567, 6.515100
6.206172, 6.535726
6.249751, 6.555872
6.301360, 6.581704
6.374327, 6.629820
6.432940, 6.666681
6.473176, 6.686680
6.545865, 6.712782
6.600038, 6.740186
6.676140, 6.776360
6.735317, 6.806146
6.845252, 6.830781
6.909555, 6.846724
6.991558, 6.871328
7.066408, 6.892224
7.141647, 6.911675
7.227028, 6.927193
7.291932, 6.940509
7.357364, 6.949350
7.429539, 6.954572
7.498698, 6.958075
7.560064, 6.967177
7.652186, 6.980841
7.722464, 6.995804
7.796995, 7.011674
7.903657, 7.038711
7.968381, 7.048941
8.017501, 7.072670
322876bf-8bbd-49b7-ac6c-ed660740d84d
6.026334, 6.763182
5.987450, 6.759991
5.934090, 6.756555
5.898402, 6.751763
5.871904, 6.766689
5.787358, 6.789604
5.729408, 6.794456
5.647418, 6.809646
5.573695, 6.821781
5.489222, 6.827279
5.413189, 6.832228
5.337157, 6.837176
5.292802, 6.840060
5.252741, 6.851663
5.177513, 6.876566
5.098525, 6.913750
5.038195, 6.935534
4.946851, 6.959572
4.873162, 6.978963
4.801607, 6.994698
4.722625, 7.018196
4.649591, 7.039924
4.578572, 7.057929
4.514512, 7.086524
4.453754, 7.107088
4.405506, 7.120257
6905e3f6-d87c-4270-a1d2-ee1f38286370
6.009985, 7.010068
5.961784, 7.014256
5.884174, 7.023083
5.835792, 7.028449
5.777372, 7.043945
5.695241, 7.078119
5.650419, 7.088664
5.564456, 7.100367
5.486391, 7.114015
5.393463, 7.125991
5.321763, 7.130703
5.247119, 7.134110
5.145276, 7.134523
5.070568, 7.133328
4.988295, 7.138001
4.936350, 7.115871
4.900157, 7.127189
4.821620, 7.125908
4.764404, 7.123457
2d238523-02e6-4452-9d55-586c895ae72f
6.202009, 5.973235
6.111079, 5.952620
6.045777, 5.926300
5.952983, 5.884671
5.858244, 5.853760
5.767053, 5.820062
5.724716, 5.808839
7cf3b13e-76fc-46b6-8f68-2462940803b7
6.401637, 5.596003
6.502251, 5.625633
6.573391, 5.628873
6.666823, 5.635957
6.742896, 5.635719
d91cb087-6f53-4369-8ba4-10b119533153
6.260282, 5.619802
6.255478, 5.616885
6.168185, 5.594539
6.074421, 5.578636
5.980777, 5.556339
5.885542, 5.550396
5.790462, 5.543878
5.741610, 5.527263
77e7be25-d187-4aa2-aca4-0b6c77da7a41
6.293991, 5.505689
6.204655, 5.524500
6.154949, 5.534967
6.039801, 5.548142
6.001187, 5.539001
5.951757, 5.527298
5.860314, 5.496499
5.836134, 5.486775
5.788039, 5.496614
5.703316, 5.486345
5.630681, 5.469509
60310f70-766f-465e-ae8e-81a14d247e4f
6.498466, 5.274744
6.606923, 5.270521
6.678003, 5.253042
6.767064, 5.235486
6.829843, 5.231687
6.904879, 5.233468
6.991023, 5.243810
7.066682, 5.252893
7.139013, 5.264591
7.185581, 5.266058
7.269461, 5.261213
7.333563, 5.263506
7.399460, 5.270074
7.460776, 5.283706
7.543396, 5.304199
7.605514, 5.322691
7.693711, 5.346056
7.767340, 5.365567
7.853160, 5.372824
7.916292, 5.384170
8.007677, 5.404870
8.080202, 5.422831
8.150541, 5.443335
8.192863, 5.452553
8.262378, 5.452377
8.331111, 5.459684
8.432430, 5.466201
8.508477, 5.471093
8.635797, 5.472945
8.710695, 5.482448
8.779593, 5.497225
8.854096, 5.513203
8.961210, 5.538339
9.026891, 5.552214
9.067417, 5.556186
9.139730, 5.558762
9.208964, 5.559731
9.278204, 5.559206
9.347417, 5.557183
9.416572, 5.553665
9.485633, 5.548651
9.557337, 5.538945
9.626207, 5.525091
9.693779, 5.509972
9.765543, 5.486247
9.827948, 5.468769
9.896280, 5.444967
9.958860, 5.434381
10.020737, 5.429987
10.086908, 5.426789
10.160985, 5.414218
10.209610, 5.413445
f622947c-280e-48b3-b419-d961dbb6a723
6.267805, 5.266651
6.107833, 5.314519
5.943352, 5.314538
5.857513, 5.322952
5.766583, 5.340320
5.696489, 5.347614
5.642732, 5.359227
5.561366, 5.385993
5.493749, 5.400357
5.423348, 5.423963
5.354871, 5.440608
5.322980, 5.469260
5.257358, 5.511648
5.195131, 5.544714
5.127841, 5.580471
5.060552, 5.616231
4.995121, 5.645917
4.927219, 5.673437
4.848277, 5.709998
4.803556, 5.737665
4.755709, 5.774582
4.713519, 5.817611
4.657798, 5.880364
4.606704, 5.928890
4.522641, 5.999973
4.462975, 6.058573
4.395545, 6.113173
4.321659, 6.170293
4.256281, 6.223457
4.184043, 6.271508
4.106495, 6.323090
4.043048, 6.365293
3.982104, 6.395047
3.884787, 6.460377
3.820702, 6.507003
3.759744, 6.547653
3.698005, 6.581628
3.632425, 6.614300
3.562875, 6.652294
3.493617, 6.696950
3.411311, 6.732828
3.378672, 6.707016
3.284087, 6.721929
3.200862, 6.728663
3.166367, 6.729952
819b7f60-ff5e-426f-9255-463dc4d8357b
6.292049, 5.040193
6.168721, 5.088337
6.057334, 5.095928
5.870795, 5.164813
5.775758, 5.193161
5.675678, 5.214184
5.585197, 5.235340
5.451601, 5.245690
5.348176, 5.260051
5.273423, 5.278805
5.184576, 5.305432
5.112584, 5.325446
5.022966, 5.343772
4.921923, 5.357958
4.839489, 5.373719
4.767028, 5.384525
4.701279, 5.400383
4.627208, 5.418246
4.550929, 5.439721
4.473444, 5.467754
4.421112, 5.477138
4.329440, 5.493576
4.237162, 5.507986
4.137179, 5.525739
4.019660, 5.538035
3.893297, 5.553368
3.793432, 5.571877
3.709391, 5.585345
3.633369, 5.574337
3.602063, 5.575676
3.549939, 5.579404
3.499329, 5.583024
3.442987, 5.584052
3.379325, 5.589704
3.294994, 5.597192
3.255541, 5.597690
3.223793, 5.598091
3.195439, 5.601444
3.150776, 5.609739
3.109152, 5.617470
3.065133, 5.628690
3.027352, 5.633687
2.976989, 5.640347
2.919522, 5.646438
2.853499, 5.651931
2.788224, 5.661867
2.731195, 5.681037
2.639095, 5.713995
2.553887, 5.733470
2.518570, 5.760061
2.455770, 5.785621
2.409542, 5.802820
2.365676, 5.815946
2.312935, 5.828604
2.258623, 5.837021
2.190442, 5.849102
2.124964, 5.859185
2.056772, 5.871200
1.992492, 5.879487
1.933712, 5.887064
1.876222, 5.892965
1.824350, 5.899795
1.775272, 5.904748
1.703866, 5.916467
1.635791, 5.929156
1.568009, 5.943313
1.501707, 5.957160
1.443689, 5.969278
1.382193, 5.986710
1.319087, 6.001486
1.274691, 6.013418
1.223588, 6.027153
e6d36c51-5068-40aa-b9b5-91be672b626c
5.974328, 7.620152
5.906142, 7.649487
5.874500, 7.666848
5.823481, 7.692342
5.769339, 7.723107
5.726643, 7.716624
5.686872, 7.747646
5.618060, 7.773018
5.543448, 7.789668
5.477457, 7.804394
5.390582, 7.826330
5.322128, 7.835896
5.250878, 7.852135
5.171820, 7.878662
5.100525, 7.901005
5.023893, 7.931295
4.961449, 7.939885
4.880849, 7.957016
4.808623, 7.969307
4.731058, 7.985540
4.655319, 8.002921
4.604361, 8.006104
4.529708, 8.009267
4.453576, 8.012493
4.343639, 8.019269
4.277434, 8.021850
4.206876, 8.027596
4.114863, 8.039312
4.057188, 8.052691
4.020234, 8.037701
f2f610f2-fa28-4f0d-8fa6-787ead554027
5.979106, 7.672363
5.943463, 7.691445
5.893635, 7.713855
5.842242, 7.732487
5.765963, 7.766758
5.689971, 7.803173
5.641245, 7.819884
5.571957, 7.838900
5.496380, 7.862746
5.429573, 7.874408
5.347205, 7.897901
5.241366, 7.928089
5.174262, 7.937890
5.093801, 7.955694
4.996679, 7.975439
4.832289, 7.984631
4.703175, 8.003315
