main root
6.706652, 5.100470
6.740237, 5.295605
6.739493, 5.503282
6.819610, 5.780735
6.792929, 6.036765
6.803240, 6.159795
6.821292, 6.310953
6.864712, 6.465918
6.855544, 6.633022
6.845171, 6.784577
6.832746, 6.935979
6.802875, 7.060504
6.779092, 7.202258
6.764451, 7.346999
6.739943, 7.480769
6.721559, 7.610048
6.708029, 7.690603
6.690022, 7.760297
6.639281, 8.052649
6.641104, 8.138422
6.631900, 8.179944
6.616104, 8.244289
6.598856, 8.308260
6.584391, 8.379164
6.569684, 8.443767
6.560282, 8.518769
6.545363, 8.577620
6.540629, 8.663286
6.515847, 8.779708
6.502897, 8.847735
6.491420, 8.916026
6.486333, 8.991445
6.478309, 9.043682
6.477243, 9.080180
6.470501, 9.272778
6.463800, 9.335827
6.463289, 9.411414
6.455399, 9.471614
6.458205, 9.553884
6.454935, 9.589741
6.450139, 9.658822
6.446837, 9.727991
6.442183, 9.794083
6.436035, 9.860051
6.425696, 9.922606
6.420813, 9.998035
6.412247, 10.060860
6.406939, 10.133030
6.403352, 10.202186
6.395593, 10.265113
6.393814, 10.340682
6.393682, 10.409932
6.389070, 10.473167
6.385527, 10.542325
6.383477, 10.611540
6.380020, 10.677706
6.383568, 10.753213
6.382051, 10.816599
6.387734, 10.891975
6.394430, 10.960899
6.396077, 11.024282
6.402441, 11.096367
6.406776, 11.162480
6.408092, 11.205439
6.443901, 11.380406
6.448651, 11.440922
6.461999, 11.515314
6.462659, 11.561358
6.468186, 11.633503
6.468543, 11.696894
6.467420, 11.763129
6.470689, 11.835410
6.472187, 11.901636
6.472190, 11.967879
6.470698, 12.034106
6.464788, 12.097223
6.454424, 12.159762
6.444587, 12.228297
6.431160, 12.290251
6.420253, 12.361777
6.406284, 12.423612
6.394753, 12.495039
6.380244, 12.556748
6.370317, 12.631671
6.362713, 12.700490
6.348662, 12.759542
6.342973, 12.841649
6.321816, 12.936988
6.244751, 13.118209
6.084693, 13.209052
ca1d8eb1-2cf9-4895-a448-1886940525ca
6.872964, 5.478511
6.948784, 5.490430
7.041584, 5.521951
7.139281, 5.539368
7.267688, 5.564386
7.392521, 5.585825
7.481200, 5.606662
7.534522, 5.630062
7.618644, 5.664669
7.656972, 5.696135
7.708161, 5.730574
7.749195, 5.754573
7.915276, 5.831894
8.018322, 5.888040
8.094099, 5.944074
8.142991, 5.950980
8.255446, 5.999938
8.313116, 6.034223
8.390560, 6.087605
8.458619, 6.139555
8.519186, 6.185786
8.572612, 6.228449
8.620646, 6.264215
8.748282, 6.367955
8.834456, 6.457903
8.897429, 6.523150
8.956753, 6.581634
9.005080, 6.617631
9.057806, 6.664371
9.164574, 6.715436
9.225324, 6.751128
9.304771, 6.800245
9.356202, 6.837321
9.403161, 6.876709
9.436210, 6.907136
9.674731, 7.061553
9.749754, 7.141205
9.816446, 7.218184
9.878872, 7.287025
9.939495, 7.344617
10.002005, 7.401140
10.061259, 7.443538
10.135962, 7.499575
10.174508, 7.530362
10.212102, 7.562302
10.261617, 7.606336
10.314351, 7.651230
10.359597, 7.695647
10.410053, 7.743080
10.449576, 7.782291
10.485009, 7.823323
9f49221e-ecaa-45d0-a76a-a3d3f1c358d5
6.649294, 5.429055
6.510651, 5.481096
6.417821, 5.520063
6.335964, 5.566172
6.252084, 5.608744
6.150205, 5.679289
6.059091, 5.727060
5.989080, 5.770524
5.924823, 5.808655
5.877968, 5.841378
5.842267, 5.862661
5.816815, 5.890030
5.588709, 6.150385
5.520445, 6.195118
5.471735, 6.223458
5.420505, 6.253262
5.368194, 6.287159
5.318455, 6.319390
5.269601, 6.347480
5.218220, 6.377022
5.166839, 6.406564
5.117664, 6.427930
5.058648, 6.463365
5.007835, 6.493873
4.954971, 6.532596
4.908772, 6.557161
4.877000, 6.574056
4.852098, 6.594077
4.630806, 6.729752
4.572792, 6.763802
4.491240, 6.819752
4.408259, 6.874119
4.332970, 6.916010
4.254849, 6.952357
4.184379, 6.996581
4.111206, 7.040051
4.036993, 7.081728
3.977931, 7.114895
3.926957, 7.146954
3.818059, 7.233325
3.768105, 7.261483
3.698331, 7.311130
3.637670, 7.346950
3.566797, 7.406185
3.508725, 7.450825
3.447782, 7.501454
3.408247, 7.522623
3.343547, 7.550471
3.275501, 7.579753
3.212099, 7.613551
3.143646, 7.653426
3.075665, 7.699956
3.014752, 7.732579
2.947066, 7.771183
2.909013, 7.791161
2.887600, 7.817243
2.852567, 7.847869
94e29ea0-d2f1-4b9a-bd18-f25614970146
5.857753, 5.832619
5.721172, 5.768017
3ddb9c10-4aba-43cd-a3ec-2b5bf88a2c6f
6.718417, 5.911647
6.610978, 5.965378
6.507266, 6.003050
6.431692, 6.037254
6.378387, 6.059105
6.334393, 6.096623
6.135614, 6.216559
6.068490, 6.239763
5.974000, 6.276901
5.874453, 6.325121
5.806568, 6.356342
5.695228, 6.400877
5.567823, 6.451520
5.487032, 6.479174
5.395016, 6.503960
5.305593, 6.519306
5.219151, 6.527701
5.127996, 6.532302
4.307671, 6.564219
ca22044f-4661-46c6-bb31-2168c635b928
6.760495, 5.389892
6.103613, 5.630803
6.012154, 5.679681
5.827378, 5.818288
5.693386, 5.904451
5.664918, 5.915639
5.624674, 5.933065
5.588163, 5.943980
5.540500, 5.956667
5.508756, 5.966666
5.467464, 5.984379
5.418423, 6.010302
5.373512, 6.034041
5.322362, 6.057692
5.283937, 6.075460
5.229412, 6.102322
5.194017, 6.118091
5.168124, 6.131265
5.079575, 6.181684
5.051685, 6.194120
5.021995, 6.205627
4.997242, 6.213522
4.949908, 6.248508
4.833876, 6.347890
4.801734, 6.375420
4.769755, 6.400839
4.730227, 6.430347
4.692127, 6.453187
4.649071, 6.477251
4.604724, 6.502037
4.554715, 6.524844
4.508492, 6.545924
4.456049, 6.566552
4.427342, 6.587493
4.396161, 6.602829
4.348998, 6.630301
4.241220, 6.736684
4.211205, 6.762106
4.178550, 6.793685
4.152861, 6.808116
4.125751, 6.821631
4.102348, 6.834970
4.089793, 6.858908
4.045431, 6.903636
4.010496, 6.940687
3.976634, 6.982842
3.946248, 7.027839
3.919761, 7.056365
3.879513, 7.101910
3.836268, 7.132056
3.759865, 7.185317
3.711242, 7.219211
3.663364, 7.248936
3.454695, 7.484875
ba9e2019-dd01-4baa-8336-893ffebe8314
6.745159, 5.685082
6.609424, 5.724413
6.510645, 5.712911
6.364750, 5.770019
6.200698, 5.827004
6.069023, 5.855958
5.960700, 5.891145
5.859087, 5.930773
5.533348, 6.071994
5.488750, 6.088508
5.434261, 6.109137
5.395591, 6.122177
5.354589, 6.137583
5.317816, 6.149800
5.293712, 6.157809
99ec82b7-69ae-4f0e-8033-1a95a25835ac
6.862039, 6.195968
6.958708, 6.235454
7.029793, 6.265489
7.128031, 6.290650
7.261902, 6.338108
7.369385, 6.403438
7.642678, 6.487582
7.806105, 6.529429
7.851963, 6.560969
7.894153, 6.588173
7.922905, 6.604932
7.953037, 6.615566
7.995127, 6.633595
8.036006, 6.649476
8.067610, 6.663360
8.092733, 6.677667
8.116847, 6.689675
0b9ea283-80f0-4c2b-978e-cb9415a18cfe
6.810526, 6.295626
6.758586, 6.324405
6.656003, 6.364595
6.613729, 6.372975
6.591361, 6.398682
6.254688, 6.485763
9981ec59-0926-43a6-b908-a8b03b7c09a3
6.804243, 7.207776
6.713086, 7.233204
6.638672, 7.255516
6.567710, 7.276794
6.529227, 7.294585
6.456747, 7.324786
6.301126, 7.376933
6.233683, 7.391640
6.134941, 7.415337
6.070181, 7.429339
6.018011, 7.446745
5.823092, 7.487957
5.720738, 7.494619
5.620209, 7.509642
5.520418, 7.500073
5.463529, 7.494618
5.431322, 7.497647
8b8758af-2b4f-470b-9dc6-1b02c377a24f
6.841823, 7.336909
6.902153, 7.336716
7.044584, 7.372878
7.271455, 7.494411
7.323250, 7.519118
7.367443, 7.535224
7.405296, 7.550613
7.452357, 7.569745
7.489626, 7.586512
7.526205, 7.606250
7.561430, 7.626960
7.592450, 7.645196
7.610249, 7.659133
7.861520, 7.805450
7.891678, 7.828208
7.920933, 7.854106
7.940398, 7.875414
7.962427, 7.879975
7.981295, 7.893568
8.019784, 7.917610
8.059775, 7.939060
8.105026, 7.958235
8.171320, 7.983076
8.226820, 8.003872
8.280394, 8.025545
8.325540, 8.045424
8.352625, 8.058984
449c1e8e-9e19-464d-939e-5925509e1fd3
6.786920, 7.670525
6.810953, 7.691264
6.852461, 7.732403
6.943210, 7.800328
7.008447, 7.851734
7.069488, 7.891912
7.119842, 7.930432
7.152186, 7.945754
7.217382, 7.973327
7.264134, 7.997974
7.309173, 8.029067
7.565178, 8.102595
7.629548, 8.114855
7.663581, 8.115240
7.680444, 8.147380
7.722328, 8.182351
8.092190, 8.286970
c0bacf7b-0181-4ac0-96d2-3d113aaee305
6.811170, 6.654797
6.749810, 6.647068
6.700147, 6.642404
6.661070, 6.641731
6.615748, 6.643944
6.591108, 6.642150
6.562645, 6.637077
6.522703, 6.628437
6.494029, 6.623766
6.467243, 6.620917
6.019800, 6.557433
b9ffb094-3230-42e3-91b6-4329ed2f083f
6.878867, 5.952056
7.056214, 5.954519
7.112846, 5.968514
7.488530, 5.980807
f567c5f6-72cd-4642-ba66-99a1eb4034f5
6.769645, 6.062098
6.663774, 6.079232
6.234960, 6.039828
5.964229, 6.036765
5.923463, 6.034808
5.644751, 6.058078
b1fafe7c-f6d1-451d-be38-def9ce205f5b
6.507139, 9.204081
6.565622, 9.230777
6.623446, 9.255527
6.660775, 9.283319
8091890f-63a8-400e-bd36-10580143b9f6
6.466801, 9.136641
6.439124, 9.147915
6.377363, 9.168167
6.316405, 9.183102
9d0c6ccd-7b36-450b-ac6d-5417a4019fe2
6.527389, 9.509785
6.571447, 9.519114
6.700221, 9.560948
a109e574-aed4-4c54-b070-048a0d72e026
6.485726, 9.558647
6.405752, 9.603003
6.364822, 9.654699
1997a954-c6c3-4857-a6fa-a889c7b0bbb9
6.516247, 9.747838
6.601561, 9.787624
391b76fc-46c8-4141-8ed9-71ec8a786d3e
6.425127, 10.256809
6.330294, 10.285443
5aa274e4-55f0-49c1-82b5-384398269ced
6.494404, 11.120868
6.546839, 11.117229
