main root
6.364571, 4.601520
6.292908, 4.893594
6.347804, 5.271020
6.342150, 5.428650
6.356980, 5.597141
6.365765, 5.767644
6.369177, 5.914181
6.388975, 6.042908
6.395584, 6.168752
6.409409, 6.313453
6.418568, 6.431486
6.419270, 6.549642
6.424028, 6.642277
6.436022, 6.752043
6.440776, 6.853966
6.449727, 6.955100
6.460014, 7.047444
6.471400, 7.130934
6.484839, 7.214127
6.500320, 7.296964
6.523116, 7.395898
6.554100, 7.492694
6.584423, 7.580526
6.604455, 7.638550
6.615525, 7.700831
6.631981, 7.992291
6.627903, 8.052847
6.619170, 8.115625
6.606009, 8.177629
6.590795, 8.242093
6.569672, 8.298993
6.543457, 8.356702
6.510244, 8.404480
6.490079, 8.436104
6.464360, 8.479214
6.445925, 8.510116
6.456277, 8.762191
6.445798, 8.887813
6.435294, 9.013744
6.424735, 9.140312
6.415585, 9.250004
6.418187, 9.346080
6.420936, 9.447639
6.421361, 9.541029
6.425889, 9.624827
6.425026, 9.686818
6.440968, 9.945552
6.447443, 10.050620
6.456327, 10.160404
6.457422, 10.278556
6.447860, 10.388440
6.443846, 10.507587
6.431442, 10.625096
6.417790, 10.734280
6.409301, 10.853183
6.410526, 10.954819
6.422436, 11.065022
6.435171, 11.182867
6.432707, 11.277313
6.429839, 11.387338
6.435425, 11.497814
6.448700, 11.592734
6.474461, 11.700554
6.493993, 11.800509
6.502580, 11.910646
6.511899, 12.003096
6.530493, 12.084187
6.545563, 12.168458
6.554877, 12.220549
6.677787, 12.502962
6.691134, 12.570525
6.706705, 12.671175
6.711433, 12.750689
6.688973, 12.826945
6.580724, 12.925603
6.446228, 12.999496
6.389474, 13.039212
6.270636, 13.025884
6.054551, 13.039154
5.951482, 13.028532
4.892467, 12.976492
a70f7ea5-c8ea-476c-878a-d700390f403a
6.357819, 4.743572
6.416058, 4.866583
6.437079, 4.885902
6.460011, 4.902911
6.502387, 4.926889
6.529625, 4.945742
6.574193, 4.980227
6.618969, 5.016767
6.647089, 5.045510
6.682613, 5.081821
6.724062, 5.124188
6.767629, 5.166578
6.804040, 5.202006
6.844398, 5.243364
6.877759, 5.279694
6.910687, 5.315551
6.945178, 5.359452
7.093875, 5.517314
7.107059, 5.535677
7.119311, 5.560439
7.136077, 5.597703
7.154944, 5.643281
7.178285, 5.691837
7.207957, 5.746656
7.239232, 5.795005
7.274412, 5.843879
7.309119, 5.884412
7.357392, 5.936184
7.397812, 5.979533
7.438231, 6.022881
7.480764, 6.066302
7.514195, 6.102571
7.546514, 6.139839
7.577682, 6.178066
7.603465, 6.216793
7.635768, 6.259913
7.673398, 6.307646
7.704847, 6.347539
7.740227, 6.392422
7.772987, 6.433978
7.840820, 6.545784
7.866890, 6.582982
7.887015, 6.616914
7.913146, 6.666841
7.938608, 6.718715
7.960990, 6.764317
7.990453, 6.810756
8.022203, 6.860800
8.058083, 6.911766
8.094282, 6.960587
8.134624, 7.014994
8.169922, 7.062599
8.207314, 7.110515
8.236465, 7.150302
8.268579, 7.191602
8.297660, 7.231441
8.327613, 7.272475
8.353449, 7.315270
