main root
7.462962, 4.350007
7.391838, 4.636683
7.361157, 4.769010
7.298356, 4.892143
7.276126, 4.977060
7.258253, 5.094468
7.243210, 5.221182
7.236519, 5.331397
7.233484, 5.415615
7.228347, 5.500573
7.212758, 5.586568
7.204008, 5.669731
7.203573, 5.753119
7.203088, 5.846249
7.208917, 5.938701
7.220374, 6.021536
7.231975, 6.105410
7.244735, 6.197667
7.251341, 6.291491
7.264791, 6.392162
7.272005, 6.477475
7.275699, 6.571099
7.274040, 6.642928
7.271695, 6.744494
7.267011, 6.817608
7.262142, 6.893650
7.247890, 6.952231
7.234221, 7.034742
7.214036, 7.118511
7.198168, 7.184364
7.181196, 7.248412
7.153105, 7.346159
7.130299, 7.403845
7.102872, 7.461000
7.075184, 7.522153
7.062327, 7.568692
7.012493, 7.710573
6.986110, 7.776653
6.969831, 7.833581
6.967267, 7.875211
6.965388, 7.954444
6.963582, 8.030626
6.961777, 8.106810
6.966066, 8.178536
6.973782, 8.257413
6.981200, 8.333255
6.975728, 8.384938
6.969254, 8.486270
6.961600, 8.559133
6.960062, 8.602416
6.966235, 8.681516
6.974848, 8.734177
7.007814, 9.016988
7.016638, 9.092675
7.017108, 9.148393
7.014735, 9.221619
7.006478, 9.291598
6.994927, 9.363946
6.980430, 9.435765
6.961088, 9.501332
6.939531, 9.574417
6.915949, 9.643782
6.893294, 9.719719
6.869497, 9.789012
6.844748, 9.861076
6.819999, 9.933142
6.793391, 10.001403
6.767420, 10.076276
6.740603, 10.144456
6.716094, 10.223127
6.697366, 10.303373
6.673344, 10.366789
6.645362, 10.432207
6.631266, 10.498902
6.587468, 10.691341
6.572819, 10.769211
6.556657, 10.806573
6.529530, 10.884368
6.504449, 10.956304
6.481211, 11.032053
6.454901, 11.097408
6.428112, 11.171975
6.400552, 11.239845
6.375186, 11.318232
6.349206, 11.369356
6.321257, 11.457398
6.295564, 11.508667
6.265439, 11.588831
6.236893, 11.656293
6.207207, 11.726457
6.179115, 11.800545
6.155584, 11.879502
6.133828, 11.952516
6.116104, 12.032978
6.095157, 12.100240
6.072969, 12.151350
6.060703, 12.210320
6.043517, 12.373836
6.026668, 12.419622
6.028243, 12.540246
5.996830, 12.736376
5.972003, 12.851350
5.984283, 13.027954
6.159918, 13.167788
6.469862, 13.247480
7.242217, 13.263296
ae1959dd-bd3f-496e-af81-9ff72aeb3215
7.456611, 4.500377
7.566560, 4.558572
7.707137, 4.616061
7.806678, 4.661383
7.843118, 4.672948
7.865557, 4.681548
7.894905, 4.694309
7.923661, 4.708350
7.951771, 4.723647
7.983239, 4.738968
8.006093, 4.751665
8.028296, 4.764000
8.092949, 4.798670
8.124504, 4.813796
8.145528, 4.825437
8.172809, 4.842156
8.207560, 4.858084
8.236031, 4.872685
8.271890, 4.885930
8.301387, 4.898328
8.338148, 4.908813
8.368501, 4.918937
8.398377, 4.930388
8.431587, 4.941419
8.461477, 4.952835
8.494701, 4.963827
8.519044, 4.973366
8.540867, 4.983431
8.655328, 5.029369
8.684468, 5.042583
8.712997, 5.057068
8.740862, 5.072796
8.768005, 5.089737
8.806752, 5.104993
8.835978, 5.118015
8.868553, 5.130797
8.901674, 5.142093
8.931475, 5.153744
8.964609, 5.165000
8.998219, 5.174744
9.028528, 5.184998
9.062151, 5.194702
9.092471, 5.204920
9.126105, 5.214584
9.156437, 5.224766
9.190081, 5.234391
9.218863, 5.244091
9.248704, 5.255637
9.272542, 5.266372
9.293838, 5.277508
b78ccd15-63aa-4848-865c-86317d209ef6
7.031056, 7.789302
7.000783, 7.794413
6.936319, 7.806290
6.872668, 7.785310
6.782739, 7.801997
6.716266, 7.819537
6.665268, 7.826802
6.593662, 7.832468
6.516324, 7.844952
6.456188, 7.859208
6.401918, 7.863746
361dda80-de67-47a5-b905-59b5edfcb2e3
6.942919, 9.387824
6.987547, 9.406359
7.037450, 9.433541
b877a48b-2d0b-4cc3-9760-d2c9b40f584f
6.946900, 8.530167
6.891474, 8.548504
6.821055, 8.568647
6.751844, 8.591559
6.695472, 8.607067
