main root
6.626673, 4.881299
6.726119, 4.980143
6.809784, 5.033565
6.923081, 5.088146
6.990491, 5.187833
7.023680, 5.244467
7.087111, 5.371788
7.108324, 5.522185
7.120492, 5.576304
7.123950, 5.612146
7.128359, 5.637745
7.135608, 5.670347
7.129532, 5.845653
7.142527, 5.970666
7.147010, 6.028264
7.150655, 6.094417
7.154266, 6.159934
7.153453, 6.218369
7.135657, 6.366761
7.125672, 6.411746
7.121252, 6.438245
7.122122, 6.478097
7.124752, 6.529962
7.122076, 6.565869
7.111518, 6.626997
7.102211, 6.707271
7.088242, 6.791740
7.077339, 6.848493
7.064561, 6.915007
7.047811, 6.986331
7.032621, 7.064107
7.015651, 7.135379
6.999111, 7.211309
6.978973, 7.294013
6.965855, 7.341562
6.951301, 7.388690
6.932304, 7.455276
6.912693, 7.518558
6.890670, 7.579513
6.864777, 7.651175
6.841583, 7.728586
6.819390, 7.809874
6.806011, 7.858880
6.774485, 8.012651
6.763655, 8.050525
6.756975, 8.084741
6.751229, 8.129737
6.743276, 8.168316
6.734733, 8.209714
6.726180, 8.251110
6.723545, 8.293411
6.720907, 8.335598
6.718269, 8.377794
6.712830, 8.416817
6.705925, 8.477201
6.694278, 8.539526
6.683034, 8.607848
6.672034, 8.674689
6.664877, 8.736606
6.656758, 8.793818
6.648513, 8.862566
6.641757, 8.931486
6.639178, 9.003807
6.636161, 9.088429
6.634652, 9.130734
6.633143, 9.173039
6.629589, 9.230723
6.624151, 9.294629
6.620375, 9.351708
6.618093, 9.672015
6.617794, 9.714338
6.614541, 9.751541
6.608134, 9.790462
6.606197, 9.839104
6.601643, 9.878284
6.602013, 9.926962
6.599319, 9.966314
6.601996, 10.014921
6.604325, 10.057181
6.609810, 10.102265
6.611591, 10.141669
6.613503, 10.183950
6.618542, 10.229085
6.619933, 10.268505
6.624523, 10.313687
6.628803, 10.355796
6.633085, 10.397903
6.627525, 10.431984
6.623092, 10.459140
6.621471, 10.487643
6.622725, 10.518272
6.630682, 10.566293
6.634155, 10.605578
6.641125, 10.650453
6.647620, 10.692272
6.654111, 10.734091
6.664018, 10.778410
6.676821, 10.821979
6.685035, 10.860555
6.693846, 10.901946
6.706205, 10.945644
6.714026, 10.984300
6.718887, 11.023438
6.727442, 11.068039
6.735412, 11.109602
6.743380, 11.151166
6.754851, 11.195106
6.767367, 11.237124
6.775725, 11.275671
6.786505, 11.332445
6.800889, 11.400187
6.820282, 11.469896
6.836024, 11.532071
6.850052, 11.587472
1e0e5cce-644e-4dd4-b931-9b97be279cc3
6.640601, 4.957152
6.555548, 5.054472
6.470034, 5.142703
6.441978, 5.167350
6.422622, 5.188339
6.405745, 5.215472
6.367409, 5.268601
6.348154, 5.290170
6.319724, 5.317523
6.289298, 5.342641
6.257055, 5.365380
6.236297, 5.380018
6.214097, 5.403000
6.205389, 5.410251
6.174101, 5.440202
6.145142, 5.463776
6.139729, 5.482373
6.107482, 5.523170
6.080987, 5.554278
6.047711, 5.588731
6.016941, 5.627052
5.980294, 5.677474
5.945117, 5.723328
5.913369, 5.757335
5.878702, 5.794469
5.838259, 5.837790
5.797962, 5.885341
5.748873, 5.945581
5.705872, 5.995981
5.672732, 6.032518
5.638501, 6.068029
5.604638, 6.098847
5.581156, 6.120217
d44ef92b-7c9c-4661-adb4-93ce89c6dacb
6.764832, 4.921745
7.032928, 4.892226
7.263946, 4.949237
7.327944, 4.946416
7.355435, 4.945205
7.408725, 4.931477
7.451169, 4.934247
7.507822, 4.959051
7.540687, 4.978341
7.579243, 4.999237
7.625935, 5.022839
7.659816, 5.041642
7.684060, 5.053384
7.708919, 5.063762
5aaf3ac6-fce9-487c-a224-0dd4d4ac26be
6.786939, 5.063894
6.845096, 4.850912
6.842565, 4.790579
6.840792, 4.748297
6.842400, 4.715210
6.853166, 4.670623
6.898471, 4.623866
6.966287, 4.598536
7.015003, 4.586821
