main root
6.891947, 4.952673
6.834417, 5.043395
6.743227, 5.224801
6.671912, 5.432051
6.603574, 5.683262
6.571640, 5.886747
6.581371, 6.139025
6.680926, 6.427581
6.731535, 6.600223
6.744560, 6.738996
6.764148, 6.954089
6.797557, 7.046470
6.824133, 7.154333
6.843523, 7.267680
6.854816, 7.369194
6.832074, 7.432704
6.783128, 7.531729
6.741848, 7.634344
6.696884, 7.734769
6.659541, 7.838880
6.630271, 7.945543
6.599121, 8.051066
6.580042, 8.160537
6.566454, 8.314849
6.560874, 8.471844
6.527526, 8.589548
6.459626, 8.787215
6.439565, 8.912286
6.410282, 9.058672
6.375268, 9.184957
6.326814, 9.304854
6.288075, 9.417602
6.247619, 9.528856
6.210957, 9.642023
6.185016, 9.749558
6.157162, 9.856001
6.122891, 9.962723
6.095902, 10.060605
6.054335, 10.179763
6.001312, 10.304861
5.959242, 10.420306
5.914666, 10.533659
5.874336, 10.607384
5.824001, 10.690602
5.777719, 10.771184
5.742634, 10.844765
5.712353, 10.922724
5.685873, 11.002351
5.662713, 11.053031
5.650273, 11.113655
7c752d10-4d41-4411-aef2-3e6e289c28d3
6.934164, 5.091246
7.032256, 5.129450
7.113578, 5.157775
7.203736, 5.177414
7.314177, 5.215639
7.463963, 5.259873
7.619857, 5.299486
7.776956, 5.336954
7.901477, 5.373111
8.011549, 5.416058
8.121973, 5.459141
8.241302, 5.503445
8.339196, 5.530767
8.446068, 5.542723
8.575488, 5.569452
8.674611, 5.592076
8.772849, 5.618838
8.851645, 5.613986
8.955896, 5.613563
9.059330, 5.625840
9.185446, 5.640808
9.277875, 5.660251
9.350170, 5.677608
9.417174, 5.709599
aef30c43-a447-4852-a677-70279585875b
6.701134, 5.526240
6.869340, 5.527664
6.970019, 5.513895
7.057470, 5.517833
7.123379, 5.536046
7.167855, 5.545229
7.205768, 5.556110
7.250151, 5.565733
7.291514, 5.574698
7.323124, 5.584610
7.359756, 5.599232
7.402954, 5.613250
7.425358, 5.623664
7.459762, 5.642955
7.500754, 5.662505
7.534966, 5.682135
7.571677, 5.703196
7.612476, 5.723148
7.650497, 5.741739
7.671216, 5.755199
7.702567, 5.779135
7.740405, 5.804252
7.779816, 5.826819
7.824717, 5.845626
7.859837, 5.863581
7.901548, 5.881542
7.936488, 5.899843
7.973980, 5.919479
8.007429, 5.940376
8.039193, 5.963754
8.068018, 5.977539
8.122496, 5.999651
8.192052, 6.013224
8.249999, 6.042242
8.290525, 6.065884
8.337623, 6.096824
8.380963, 6.125297
8.463890, 6.181191
8.490669, 6.206464
8.513211, 6.209748
8.569154, 6.236343
8.622683, 6.261790
8.682273, 6.283490
8.739886, 6.302876
8.804092, 6.324481
8.860270, 6.343384
8.914551, 6.363229
8.982012, 6.384705
9.016299, 6.395621
9.062296, 6.413501
b0c729a5-d78f-4a79-b065-c18e424a30e6
6.671296, 5.515243
6.784495, 5.583426
6.857116, 5.627809
6.916245, 5.659297
6.984824, 5.704739
7.066637, 5.765393
7.156355, 5.829277
7.212173, 5.856037
7.305480, 5.896080
7.403975, 5.945256
7.455694, 5.959256
7.553766, 5.985804
7.621816, 6.008878
7.663384, 6.027351
7.695975, 6.053300
7.803471, 6.066191
7.856503, 6.076323
7.954379, 6.107943
8.023659, 6.121429
8.119449, 6.129299
8.220799, 6.135503
8.305310, 6.140677
8.371858, 6.147751
8.418435, 6.146680
a90ca3df-66c8-48e1-b986-4ac16133f0b7
6.727722, 5.144275
6.628256, 5.021084
6.539021, 4.984311
6.395600, 4.999418
6.309210, 5.009936
6.255332, 5.009450
6.181259, 5.001172
6.114367, 5.006909
6.060796, 5.012668
6.030856, 5.014040
5.947751, 5.007544
5.897174, 5.001750
5.836895, 5.002038
5.783033, 5.003454
5.728730, 5.015025
78300409-9130-41c0-879a-ef41c625902c
6.502629, 6.130151
6.462703, 6.181653
6.419120, 6.225844
6.358599, 6.263598
6.308317, 6.294965
6.268445, 6.314546
6.224211, 6.332934
6.171906, 6.349815
6.122600, 6.367300
6.074725, 6.384279
6.016135, 6.409821
5.938522, 6.443658
5.899715, 6.460576
5.862455, 6.473554
5.806486, 6.493050
5.746831, 6.520168
5.675230, 6.557652
5.601553, 6.598562
5.555397, 6.629326
5.514374, 6.651274
5.470835, 6.676264
5.442746, 6.694113
5.415487, 6.713206
5.391849, 6.735246
5.354473, 6.776231
5.320147, 6.811650
5.302569, 6.836238
5.273374, 6.879649
5.245433, 6.923878
5.218769, 6.968888
5.169025, 7.018013
5.149381, 7.047933
5.135440, 7.069165
