main root
5.850936, 5.223031
6.091629, 5.209816
6.282055, 5.286277
6.366429, 5.442008
6.379633, 5.575300
6.360827, 5.612306
6.318352, 5.745542
6.257525, 5.857359
6.178561, 6.013579
6.100596, 6.173907
6.045185, 6.345420
5.981204, 6.529724
5.956215, 6.646348
5.940177, 6.775817
5.922873, 6.908360
5.917056, 7.058449
5.898459, 7.224534
5.878094, 7.370424
5.857504, 7.518446
5.845385, 7.704410
5.806469, 7.882771
5.773855, 8.059158
5.746455, 8.253822
5.736685, 8.393867
5.728097, 8.546537
5.703471, 8.686356
5.688527, 8.846328
5.649332, 9.019867
5.639785, 9.134289
5.620646, 9.326404
5.596474, 9.517050
5.582044, 9.710436
5.570725, 9.833847
5.565677, 9.911604
5.561259, 9.982025
9b9cd511-56fb-47de-ae10-a7f6e0d74032
5.985791, 5.319402
6.133855, 5.482595
6.201961, 5.586001
6.263163, 5.692624
6.344079, 5.894039
6.414417, 6.080867
6.440658, 6.154163
6.463461, 6.217856
6.484351, 6.280645
6.511078, 6.360980
6.529456, 6.430441
6.545286, 6.501979
6.560552, 6.561227
6.566463, 6.612283
8654e2ae-4e2d-46a6-ac26-917612a5145f
6.286500, 5.930900
6.335689, 5.948512
6.425324, 5.979948
6.499404, 6.005661
6.578343, 6.039641
6.656539, 6.071044
6.733213, 6.113010
6.808730, 6.149614
6.877301, 6.182850
6.977315, 6.228977
7.053236, 6.268560
7.112727, 6.306327
7.179123, 6.346705
7.223304, 6.376049
7.255045, 6.409116
b524ea80-4949-4758-92c6-83bdfd321979
6.420059, 5.484407
6.492321, 5.582326
6.521120, 5.628542
6.539448, 5.639172
6.557531, 5.664633
6.574585, 5.690796
6.590580, 5.717618
6.609598, 5.746095
6.617823, 5.766046
6.632472, 5.796997
6.644695, 5.825735
6.649075, 5.846868
6.652757, 5.870772
7e224f28-d747-46fa-ba10-1f8337d5237d
6.218767, 5.168900
6.306745, 5.136860
6.409563, 5.122774
6.505837, 5.114895
6.552810, 5.105908
6.600447, 5.055794
6.671699, 5.087509
6.786971, 5.042096
6.876378, 5.060791
6.905080, 5.065266
6.938722, 5.062941
6.990773, 5.057844
7.046691, 5.046354
7.099177, 5.040154
7.163821, 5.035531
7.222936, 5.031303
7.267337, 5.032629
7.333500, 5.036103
7.397995, 5.042487
7.456972, 5.048324
7.515950, 5.054161
7.569548, 5.062474
7.618423, 5.073084
7.660657, 5.086847
7.715247, 5.107784
7.764782, 5.131592
7.827829, 5.160234
7.889661, 5.183392
7.956946, 5.205395
8.018938, 5.220944
8.084634, 5.237422
8.140304, 5.252928
8.185554, 5.268639
8.243443, 5.287155
8.304193, 5.309728
8.359750, 5.330372
8.397568, 5.347618
8.445714, 5.369574
373898de-1887-4860-85a4-eca561bea671
6.003248, 5.081868
6.080030, 4.919579
6.183548, 4.811159
6.271826, 4.743929
6.367378, 4.695771
6.451390, 4.672012
6.563059, 4.646200
6.619457, 4.646344
6.666046, 4.641388
6.706317, 4.637594
6.731222, 4.638020
6.769427, 4.641436
6.813781, 4.642162
6.855030, 4.642604
6.899306, 4.639853
6.943264, 4.633889
6.984108, 4.628112
7.027463, 4.618722
7.067730, 4.609763
7.103226, 4.607998
7.141131, 4.609343
7.156497, 4.600110
7.217492, 4.597631
7.262657, 4.592800
7.304748, 4.588299
7.346838, 4.583799
7.394246, 4.572709
7.421812, 4.570872
7.472502, 4.567495
7.531641, 4.563556
7.590780, 4.559616
7.651313, 4.554083
7.699197, 4.552712
7.755532, 4.554093
7.814778, 4.555547
7.874030, 4.557001
7.939413, 4.552616
7.985200, 4.552546
8.036872, 4.549475
8.087581, 4.546462
8.116623, 4.586715
8.258146, 4.626928
8.334513, 4.639930
8.426686, 4.649223
8.511356, 4.661928
8.578731, 4.673550
8.637204, 4.688638
8b29f4d1-a78b-4c4b-9d4f-b640e29a7dee
5.936823, 5.114067
6.213122, 4.993922
6.300414, 4.957297
6.480080, 4.910469
6.584541, 4.895895
6.828367, 4.796367
6a99ed9b-6979-4080-b3b4-d12def12e3aa
5.933017, 5.135033
6.278781, 4.864490
6.364725, 4.798124
6.448694, 4.718193
6.585440, 4.594535
6.684676, 4.520306
6.718628, 4.491466
6.745983, 4.468056
6.804903, 4.439157
6.841433, 4.424573
6.877286, 4.416728
6.916222, 4.411295
6.961137, 4.399005
6.983525, 4.396005
