main root
6.993910, 2.916269
6.574850, 3.591531
6.568814, 4.651102
6.507215, 5.234172
6.431210, 5.854554
6.390782, 6.441485
6.338472, 7.573658
6.249758, 8.742259
6.350437, 9.415696
6.586840, 10.116887
6.708473, 11.041064
6.823093, 11.806781
6.937756, 12.101409
26fa04ca-1300-4026-85ac-3656b55d38c5
6.860119, 3.094479
7.228892, 3.180861
7.508570, 3.304239
8.001004, 3.412063
8.193855, 3.428912
8.844103, 3.522760
9.110448, 3.600456
9.826494, 3.738088
e8d57fc3-41fa-45ed-8015-381006314e14
6.699274, 3.382750
6.958686, 3.422715
7.388071, 3.541151
7.593084, 3.541594
29a76af8-9fd0-438e-8652-70c045d2f022
6.587319, 3.938791
6.983755, 3.939807
7.094631, 3.912169
7.189155, 3.902121
7.486102, 3.836998
9a743b43-97f9-4a11-a376-4e5e66686765
6.579547, 4.341864
7.112495, 4.533314
80e5bdee-64bd-43cd-95ea-4bb5b96d32a5
6.401539, 6.238091
7.210353, 6.321922
7b7554a3-1279-4e80-9241-15a70b85a472
6.393817, 6.351472
6.647041, 6.427688
6.918204, 6.416777
104ba429-8844-4aee-bbbe-335c8e81ee4a
6.366912, 7.098877
6.472653, 7.143601
6.845180, 7.102522
c99afdce-96d9-4761-b8ea-df0083b99ccb
6.278048, 8.165395
6.423936, 8.259282
6.536713, 8.278045
800a8e8a-b016-4ee3-89f8-eb3931e54127
6.269248, 8.219464
5.996925, 8.364400
e368c945-7ba8-4c9b-89be-a2510e36cdb6
6.306720, 7.833203
6.180965, 7.742756
6.100233, 7.736416
a4663d0c-535a-4ea4-a2a0-1adbcc50240c
6.337941, 7.417801
6.273547, 7.418303
6.214621, 7.361768
5.828245, 7.349224
2a6833ee-b3a9-43b9-8db6-16681b4abdf5
6.379626, 6.633985
6.118856, 6.753942
5.802988, 6.748567
30e643b9-72be-4c36-9354-782bea9dbf99
6.479126, 5.414240
6.374284, 5.460354
6.254319, 5.476122
a3137ad2-1ef6-4371-9e85-b5c9c90685f9
6.553073, 4.823559
6.109375, 4.944998
5.792078, 4.957104
f23fcad7-85e4-4e06-bea5-efeca4055a97
6.559777, 4.114707
6.233964, 4.164850
5.868267, 4.128602
a4c79e54-b59d-4335-9164-8ca6b771e4d2
6.568015, 3.661921
6.239743, 3.509157
5.472242, 3.477572
4.920237, 3.537804
e49cb30c-ccce-4005-9a16-294bed67bef6
6.796309, 3.241032
6.099479, 3.214690
5.616045, 3.226503
5.292411, 3.315970
5.171722, 3.368322
5.030879, 3.378939
a6b13313-ce58-4373-bd2a-5468d23284c4
6.620937, 3.509257
6.437792, 3.385339
5.913274, 3.334382
5.347981, 3.161015
4.886682, 3.128059
