main root
6.960021, 5.661808
6.993539, 5.917210
6.929013, 6.159782
6.823714, 6.441439
6.763142, 6.649591
6.708645, 6.845371
6.643537, 7.042319
6.602075, 7.228192
6.555291, 7.471385
6.504084, 7.718480
6.461786, 7.943412
6.425109, 8.179961
6.404722, 8.436474
6.400248, 8.610745
6.379831, 8.806618
6.374367, 8.958521
6.364817, 9.111962
6.345198, 9.262770
6.314548, 9.422090
6.285821, 9.549242
6.263617, 9.657128
6.255784, 9.732314
6.235077, 9.777078
9569d847-607d-4a53-98ab-728812b05e9c
6.887361, 5.844134
6.832362, 5.864206
6.759620, 5.892756
6.654888, 5.921392
6.559882, 5.972780
6.438183, 6.002711
6.368589, 6.016861
6.266554, 6.032094
6.164291, 6.050238
6.099532, 6.064133
5.908292, 6.097273
5.727793, 6.116053
5.553948, 6.178636
5.454762, 6.199145
5.341628, 6.222538
5.246477, 6.229326
5.190044, 6.246079
5.099934, 6.270638
5.032484, 6.292123
4.978030, 6.309469
4.931413, 6.316783
9dc6fc3e-6559-41f8-86af-305eeb480da0
6.904523, 5.933016
6.837327, 5.921015
6.760689, 5.890502
6.615820, 5.942038
6.422233, 6.007618
6.124939, 6.057894
5.854121, 6.104818
5.697797, 6.118160
5.616335, 6.096718
5.508816, 6.089593
5.373370, 6.105537
5.257272, 6.109162
5.123318, 6.102906
5.039066, 6.101047
4.968290, 6.102479
4.905693, 6.096553
538b97db-cd1e-40d1-b2f0-5653464c2a71
6.700886, 6.606172
6.660957, 6.607632
6.598291, 6.613406
6.528300, 6.613599
6.446171, 6.619987
6.371600, 6.624287
6.295546, 6.628676
6.200587, 6.612993
6.139761, 6.604934
8dc062ca-df27-487c-b2b9-0867ad0b71ed
7.045982, 5.987835
7.172916, 6.082596
7.229768, 6.128774
7.297319, 6.175929
7.387566, 6.238928
7.458380, 6.281061
7.515655, 6.322105
7.560137, 6.346618
7.614615, 6.369803
7.696505, 6.394895
7.776835, 6.413248
7.847532, 6.432471
7.917387, 6.454566
7.986280, 6.479496
8.061763, 6.503626
8.130579, 6.528767
8.202149, 6.554913
8.277560, 6.579274
8.353837, 6.600767
8.423486, 6.623500
8.503469, 6.643311
8.604077, 6.687339
8.681770, 6.714802
8.757432, 6.738371
8.830183, 6.761031
8.902936, 6.783688
8.979437, 6.804376
9.023178, 6.822405
9.093623, 6.851443
9.150389, 6.886174
9.188305, 6.909373
9.230549, 6.917674
9.290142, 6.943859
3d57f372-6a43-489a-b89e-d8d9182f6dfa
6.969318, 6.083248
7.077666, 6.201663
7.128190, 6.253511
7.189570, 6.307921
7.239968, 6.358597
7.310121, 6.429135
7.347435, 6.466655
7.451274, 6.524957
7.507526, 6.565123
7.587883, 6.627699
7.639604, 6.675563
7.691302, 6.727485
7.746067, 6.774002
7.808367, 6.822990
7.859862, 6.871099
7.928240, 6.922688
7.984879, 6.969171
8.047996, 7.017098
8.104493, 7.063755
8.154822, 7.113082
8.201080, 7.150037
8.269032, 7.196659
8.305751, 7.230928
8.342446, 7.262339
8.372054, 7.299108
