main root
7.196730, 4.128768
7.158879, 4.269424
7.160035, 4.495910
7.102272, 4.591378
7.059149, 4.711091
7.006174, 4.946074
6.949102, 5.204495
6.889938, 5.330519
6.840985, 5.473120
6.794812, 5.638918
6.773374, 5.792654
6.754009, 5.916375
6.708769, 6.042630
6.672086, 6.101442
0e98b1d5-ba81-4251-9ec2-1ce9eaabc1d4
7.207892, 4.402062
7.293678, 4.496396
7.359650, 4.552950
7.413090, 4.596744
7.473424, 4.666956
7.536490, 4.719626
7.578293, 4.756444
7.601353, 4.795503
638c4c09-da8f-4da6-bc10-4e92b6a0cc8a
7.220993, 4.519925
7.282129, 4.586696
7.332572, 4.656512
7.383138, 4.715723
7.422855, 4.755844
7.450563, 4.794039
81ce2d44-295b-4238-bbcc-0063061615f0
7.094856, 4.303212
6.996236, 4.332651
6.897719, 4.343884
6.815596, 4.372097
6.753748, 4.407972
6.659746, 4.468799
6.597850, 4.516039
6.550475, 4.560024
6.502466, 4.602555
83b13b32-52eb-405a-9533-384fb51d392c
7.134862, 4.416634
7.089896, 4.435312
7.011194, 4.467761
6.940482, 4.514709
6.831587, 4.595262
6.756734, 4.650633
6.686443, 4.707863
6.648259, 4.742812
