main root
6.759679, 5.067856
6.758130, 5.229261
6.791932, 5.446590
6.817643, 5.754297
6.839246, 6.001611
6.840981, 6.173888
6.855339, 6.300402
6.809465, 6.380198
6.786353, 6.516266
6.757777, 6.628863
6.742428, 6.755802
6.718724, 6.877900
6.706657, 6.969718
6.710203, 7.068199
6.737910, 7.195123
6.741420, 7.319617
6.771510, 7.418078
6.800559, 7.537397
6.812544, 7.648279
6.821146, 7.827586
6.827186, 8.000473
6.836082, 8.075229
6.848086, 8.176110
6.851763, 8.232341
6.861993, 8.297063
6.872959, 8.356845
6.875750, 8.396959
6.878858, 8.463146
6.879773, 8.514580
6.878012, 8.570242
2e15f021-a417-47c3-8897-86e3a9adbf3c
6.634595, 5.079889
6.545704, 5.095237
6.492088, 5.103498
2ebae44e-0d7b-4c76-9724-516193e67b2f
6.839474, 5.183480
6.899214, 5.243557
6.946403, 5.321044
6.991643, 5.391349
7.031768, 5.465205
7.065709, 5.545054
7.100298, 5.631805
7.124577, 5.715094
7.138479, 5.784176
7.160564, 5.863568
7.135578, 5.906178
7.156150, 5.938007
7.160182, 6.050332
7.163523, 6.143405
7.171052, 6.235859
7.176534, 6.329094
7.179458, 6.414161
7.180309, 6.499271
7.174506, 6.593489
7.169301, 6.677994
7.157233, 6.771274
7.137124, 6.860763
7.110609, 6.940381
7.081594, 7.000875
7.031036, 7.086714
6.979906, 7.165235
6.921515, 7.239486
6.863941, 7.312700
6.829161, 7.345716
6.779439, 7.446846
6.697860, 7.506037
6.662702, 7.546138
277b98a9-381e-4320-b4b5-7e6dee9d8db2
6.642762, 5.153285
6.556842, 5.183215
6.503914, 5.221598
6.461622, 5.258615
6.429482, 5.290721
6.407582, 5.295879
6.381918, 5.300377
6.356899, 5.304762
6.290846, 5.360979
6.232578, 5.392837
6.136124, 5.445574
6.059270, 5.497183
5.995198, 5.543815
5.932933, 5.592835
5.873565, 5.635765
5.813166, 5.672054
5.748879, 5.707184
5.695154, 5.746773
5.588894, 5.875441
cfb536f9-1333-4bac-a70a-21156b8e5496
6.663437, 5.288590
6.592398, 5.349904
6.540940, 5.408288
6.497335, 5.461556
6.462696, 5.504007
6.410570, 5.557705
6.351394, 5.615646
6.309594, 5.644963
6.223534, 5.687339
6.154058, 5.733108
6.066754, 5.785553
5.990778, 5.838555
5.904907, 5.893302
5.829038, 5.946662
5.757070, 6.004992
5.694564, 6.060992
5.623615, 6.121733
5.557631, 6.175494
5.500187, 6.232996
5.442644, 6.305477
5.393830, 6.356815
5.336176, 6.399031
5.263900, 6.457169
5.192834, 6.517032
5.131402, 6.574204
5.075774, 6.621883
5.038486, 6.657785
5.006385, 6.692846
4.968166, 6.743456
4.943134, 6.791505
