main root
7.230745, 4.480113
7.228475, 4.660850
7.264606, 4.951559
7.268341, 5.135667
7.259047, 5.361568
7.246225, 5.557708
7.271536, 5.745645
7.257176, 5.899085
7.250327, 6.151588
7.252160, 6.383740
7.263504, 6.522817
7.278670, 6.678547
7.287875, 6.751962
7.295246, 6.810749
7.308069, 6.888953
7.318678, 6.962913
7.328297, 7.029962
7.344198, 7.109191
7.358908, 7.193019
7.369421, 7.244269
7.377861, 7.292866
7.391184, 7.360821
7.405971, 7.428467
7.415090, 7.491213
7.426528, 7.559507
7.439440, 7.627539
7.446822, 7.690510
7.459690, 7.761719
7.468258, 7.825964
7.476092, 7.884707
7.483928, 7.943456
7.494001, 8.018990
7.507438, 8.097096
7.518630, 8.170974
7.527070, 8.236691
7.539050, 8.306463
7.546758, 8.377892
7.555673, 8.446560
7.566071, 8.515025
7.574538, 8.580740
7.579842, 8.645333
7.584693, 8.704399
7.592542, 8.781709
7.594464, 8.845085
7.596517, 8.912788
7.599855, 8.973478
7.608305, 9.045345
7.619536, 9.115241
7.633340, 9.191709
7.645372, 9.258362
7.628614, 9.344362
7.639922, 9.412511
7.643405, 9.451799
7.647142, 9.493957
7.653190, 9.528299
7.660528, 9.569979
7.667865, 9.611660
7.675200, 9.653341
7.686002, 9.697451
7.692447, 9.736362
7.702804, 9.780580
7.708857, 9.819555
7.718766, 9.863874
7.727998, 9.905175
7.737228, 9.946477
7.746456, 9.987779
7.759256, 10.031351
7.771186, 10.071959
7.775090, 10.106489
7.786714, 10.169339
7.793802, 10.232353
7.799719, 10.298342
7.805767, 10.365801
7.815821, 10.444412
7.827161, 10.521293
7.842143, 10.592085
7.857942, 10.659511
7.875192, 10.726572
7.881566, 10.763368
f64bcde7-4bec-4ada-b7f6-9be68db74061
7.349501, 4.524778
7.453205, 4.466269
7.547707, 4.476130
7.620786, 4.515308
7.652500, 4.532310
7.680803, 4.544087
7.741390, 4.564434
7.773828, 4.580065
7.821588, 4.601415
7.867966, 4.622148
7.928001, 4.644068
7.961940, 4.659648
7.998431, 4.678044
8.047811, 4.699587
8.108045, 4.720966
8.169882, 4.742915
8.194069, 4.756265
8.240581, 4.780225
8.283727, 4.804137
8.324274, 4.828318
8.346089, 4.841328
8.369957, 4.853819
8.423760, 4.873923
8.449650, 4.886792
8.481540, 4.907658
8.526123, 4.935041
8.580487, 4.966676
8.625046, 4.987409
8.673094, 5.008116
8.719748, 5.028222
8.770265, 5.051622
8.800797, 5.070713
8.838485, 5.094278
8.860022, 5.107745
9ac0f364-8174-49da-8e43-fea30560b6de
7.336534, 4.654543
7.373012, 4.676437
7.531175, 4.785764
7.611629, 4.805195
7.686067, 4.822325
7.742371, 4.830416
7.810006, 4.854827
7.852595, 4.879698
7.868387, 4.894121
7.903873, 4.922476
7.934989, 4.941591
8.000933, 4.975075
8.032767, 4.994597
8.061384, 5.013900
8.109304, 5.065894
8.145774, 5.098839
8.187696, 5.132675
8.231706, 5.170121
8.270397, 5.203041
8.313430, 5.241619
8.349143, 5.275646
8.383806, 5.310740
8.409951, 5.339339
8.436698, 5.377319
8.471298, 5.426129
8.497797, 5.460925
8.517501, 5.489268
8.543385, 5.555068
8.561981, 5.602346
8.584075, 5.646245
8.608078, 5.687278
8.634437, 5.720482
8.686806, 5.779230
8.736099, 5.830028
8.777371, 5.872557
8.803262, 5.901385
8.827564, 5.939355
221dc99c-81e9-493f-8699-de0c730a5ac5
7.346583, 4.734737
7.421739, 4.751277
7.647460, 4.796801
7.686256, 4.796065
7.742354, 4.807046
7.784500, 4.811567
7.826876, 4.812434
7.860477, 4.815450
7.892823, 4.817684
7.912487, 4.824377
7.940854, 4.838774
7.975247, 4.856230
7.999535, 4.871914
8.022068, 4.890029
8.044745, 4.923367
8.062546, 4.930826
8.091640, 4.944670
8.124037, 4.958458
8.157053, 4.970855
8.178941, 4.980641
8.198166, 4.994125
8.232058, 5.012377
8.263802, 5.027741
8.292182, 5.043110
8.323891, 5.058547
8.352236, 5.073980
8.378469, 5.086529
8.390716, 5.096843
de57ac49-6ea8-4395-86cd-418b0402a2f3
7.354432, 4.927754
7.421228, 4.952621
7.477076, 4.971557
7.515923, 4.984729
7.560464, 4.995090
7.594245, 5.007558
7.633895, 5.020598
7.659913, 5.027579
7.693613, 5.028873
7.754647, 5.043259
7.793271, 5.049288
7.829770, 5.050440
7.891123, 5.052377
7.968070, 5.067560
8.024138, 5.078623
8.053530, 5.085947
8.103414, 5.114586
8.148568, 5.150518
8.188402, 5.183107
8.207289, 5.204584
8.230153, 5.224049
8.257053, 5.245214
8.280548, 5.265825
8.302905, 5.287663
8.328299, 5.310617
8.354558, 5.332571
8.373212, 5.354248
8.391645, 5.373640
bee538f1-efb5-4e14-a736-fbef19607ccd
7.336111, 5.069401
7.442662, 5.120922
7.493673, 5.140404
7.528799, 5.155776
7.547141, 5.154379
7.611926, 5.169251
7.671483, 5.181387
7.719497, 5.192698
7.767144, 5.205461
7.814385, 5.219664
7.857442, 5.237298
7.904448, 5.256549
7.965151, 5.276557
8.008509, 5.307161
8.043754, 5.337534
8.086966, 5.368844
8.123712, 5.391774
8.156835, 5.407149
8.218611, 5.427575
8.257031, 5.443431
8.292253, 5.459586
8.350489, 5.503234
8.391140, 5.533703
8.421226, 5.558123
8.440485, 5.575682
8.461369, 5.592698
8.494720, 5.641728
8.520197, 5.662870
8.550624, 5.690064
8.580033, 5.718356
8.616642, 5.753573
8.659351, 5.794660
8.702060, 5.835746
8.744767, 5.876831
8.787475, 5.917916
8.822559, 5.951667
8.863843, 6.005049
8.903005, 6.050795
8.925763, 6.075077
8.955088, 6.112922
3034383b-1e7d-4571-bbdc-ea6deeb8082e
7.345501, 5.217691
7.408511, 5.249269
7.427189, 5.261988
7.445694, 5.260027
7.466145, 5.267000
7.509963, 5.278779
7.547127, 5.291870
7.606845, 5.309730
7.635731, 5.323057
7.683846, 5.343606
7.726633, 5.365135
7.775554, 5.393102
7.819452, 5.419920
7.842431, 5.437467
7.863470, 5.457297
7.882342, 5.479200
7.898194, 5.499888
7.924377, 5.558679
7.945006, 5.628223
7.963174, 5.678941
7.982477, 5.719515
8.008291, 5.766808
8.038716, 5.819423
8.063087, 5.861567
8.071712, 5.882462
8.083954, 5.919967
8.095204, 5.959255
8.102095, 5.988751
8.099901, 6.107118
8.099392, 6.134630
8.101859, 6.163074
8.111816, 6.208587
8.124429, 6.252227
8.134328, 6.291874
8.144820, 6.340072
8.153846, 6.388564
8.164886, 6.439703
8.173380, 6.486143
8.175610, 6.514969
8.175659, 6.554421
8.174214, 6.595262
8.170975, 6.644479
8.167494, 6.674568
f15035ec-e663-4c55-8734-afc682475cfb
7.132174, 4.713501
7.061640, 4.739548
6.993063, 4.744917
6.923520, 4.751424
6.852199, 4.793215
6.741066, 4.850663
6.649884, 4.914472
6.561534, 4.965973
6.514687, 4.998151
6.439298, 5.052485
6.398428, 5.080096
6.356334, 5.108532
6.307222, 5.141712
6.258914, 5.170735
6.206060, 5.209474
6.158255, 5.244513
6.111100, 5.275363
6.061074, 5.309882
6.005322, 5.348351
5.956538, 5.382012
5.907754, 5.415673
5.857825, 5.455580
5.806100, 5.500755
5.748139, 5.559322
5.694531, 5.611364
5.631647, 5.646101
5.599901, 5.672916
5.567559, 5.700234
5.522107, 5.740586
5.482033, 5.784170
5.430544, 5.842380
5.385537, 5.891004
5.350945, 5.926171
5.315321, 5.962389
5.273725, 6.000409
5.229882, 6.042510
5.180939, 6.093658
5.128353, 6.152944
5.090809, 6.202037
5.051290, 6.247238
86d9c75c-86d0-4fab-b3ae-f4cb3fdb2a7b
7.190066, 4.768619
7.120035, 4.801052
7.059196, 4.859331
7.003073, 4.887675
6.966586, 4.902655
6.893328, 4.946785
6.828593, 5.003509
6.784158, 5.040454
6.753429, 5.064058
6.722360, 5.082260
6.683472, 5.106777
6.660663, 5.119388
6.647834, 5.140227
6.629719, 5.161086
6.596111, 5.195220
6.566393, 5.223270
6.529510, 5.256024
6.491899, 5.283420
6.450506, 5.315421
6.409778, 5.350694
6.364823, 5.391606
6.314629, 5.439310
6.276218, 5.477881
6.256796, 5.495261
6.198637, 5.519575
6.172447, 5.532142
6.148846, 5.545125
6.124823, 5.563462
6.084175, 5.596369
6.044484, 5.630425
6.006104, 5.661379
5.966124, 5.697470
5.936596, 5.718077
5.895310, 5.745063
5.852358, 5.774928
5.809528, 5.810175
5.757227, 5.853219
5.726379, 5.876667
5.705586, 5.896233
87faebdc-d620-46b3-9ae9-2254ec2f2bf2
7.179605, 4.901518
7.134485, 4.963618
7.095809, 4.999457
7.051055, 5.048689
7.002963, 5.082936
6.954688, 5.117314
6.920526, 5.148992
6.881883, 5.180742
6.857558, 5.198791
6.792588, 5.226695
6.748263, 5.240845
6.697928, 5.260057
6.639962, 5.286987
6.584030, 5.317923
6.523587, 5.354775
6.457526, 5.398558
6.412576, 5.431941
6.349542, 5.489940
6.317095, 5.513693
6.276428, 5.541610
6.235319, 5.566199
6.183940, 5.598674
6.131123, 5.635601
6.081447, 5.675809
6.028796, 5.718427
5.977794, 5.759710
5.928403, 5.803300
5.837673, 5.883911
5.764462, 5.947711
5.672793, 6.028264
5.625328, 6.095802
5.599902, 6.124171
5.571657, 6.155683
5.547870, 6.186701
5.522117, 6.220280
5.497641, 6.252188
5.482182, 6.272338
5.474506, 6.295999
48281615-875a-4076-ab4e-4e6a3944d1b7
7.200900, 5.058833
7.126943, 5.106726
7.075418, 5.130857
7.045714, 5.143067
7.021431, 5.154620
6.988967, 5.174990
6.960489, 5.192858
6.937638, 5.205479
6.917148, 5.211717
6.881970, 5.227167
6.851934, 5.238771
6.819692, 5.252881
6.788098, 5.268387
6.758583, 5.281256
6.725421, 5.300660
6.696925, 5.315652
6.667781, 5.329342
6.639527, 5.337605
6.627286, 5.350132
6.565013, 5.398708
6.525395, 5.429613
6.478665, 5.466065
6.434123, 5.497014
6.385827, 5.528749
6.344232, 5.552499
6.307469, 5.573490
6.271822, 5.590397
6.247450, 5.605268
6.211313, 5.627318
6.174180, 5.653483
6.138852, 5.682038
6.085850, 5.716781
6.064176, 5.732778
5.963204, 5.774057
5.877474, 5.847399
5.758024, 5.953042
5.692711, 6.010799
5.612348, 6.065621
5.591652, 6.082438
5.558840, 6.109100
5.514487, 6.145141
5.492696, 6.166705
