main root
6.601874, 5.237073
6.527835, 5.453103
6.496961, 5.592873
6.454051, 5.769934
6.427288, 5.943104
6.412643, 6.133727
6.378901, 6.277954
6.341268, 6.438816
6.340819, 6.584224
6.329585, 6.729498
6.323055, 6.923438
6.329194, 7.117564
6.338973, 7.294498
6.365346, 7.468490
6.400674, 7.675546
6.434593, 7.849462
6.453207, 8.015798
6.458721, 8.159739
6.446319, 8.270589
6.418341, 8.375272
6.356180, 8.541056
6.282729, 8.701346
6.210693, 8.887871
6.163294, 9.027249
6.092006, 9.190987
6.033504, 9.336817
5.989920, 9.451118
5.951713, 9.545379
5.928655, 9.602266
5.907926, 9.654249
6a1d9ea0-432e-467e-bd63-ae9c5779cf5f
6.272838, 6.785822
6.247242, 6.857521
6.225297, 6.920133
6.215945, 6.969478
97f28300-d9a8-4463-806e-92c5d3611ca9
6.387968, 6.817782
6.431713, 6.840804
6.473993, 6.866489
6.535011, 6.907058
6.584477, 6.929161
6.652074, 6.961006
6.717028, 6.994914
6.788620, 7.028912
6.861443, 7.060181
6.911865, 7.093233
6.971455, 7.135872
7.045958, 7.178140
7.102232, 7.216949
7.142308, 7.244588
a9821461-ed84-4ec4-bec1-44afe6a60510
6.422222, 6.385999
6.452579, 6.486089
6.527557, 6.563100
6.598401, 6.613985
6.688532, 6.687099
6.712688, 6.702026
f69c8899-4786-4fd7-94f8-8c7627e3b0e3
6.506675, 5.894788
6.518553, 5.991684
6.521126, 6.097706
6.539165, 6.161461
6.546512, 6.313099
6.528969, 6.418389
6.524740, 6.501873
6.545041, 6.669619
6.550765, 6.729991
6.558688, 6.803551
6.593782, 7.006854
6.602119, 7.101102
6.604226, 7.141913
6.609990, 7.195485
6.613034, 7.251757
6.620961, 7.315178
6.627691, 7.381086
6.639494, 7.452475
6.650541, 7.519299
6.658487, 7.576539
6.667161, 7.628133
6.677307, 7.679456
6.688918, 7.730471
6.703775, 7.782260
6.721970, 7.840258
6.733424, 7.886767
6.748474, 7.929103
bd4adee8-88b7-4f2f-8a06-c4fd274dc631
6.406053, 6.464362
6.465958, 6.502690
6.527365, 6.562478
6.577705, 6.597624
6.695680, 6.644573
6.761572, 6.675408
6.909575, 6.722251
760b554f-8725-4f80-a0c1-2a8a0181cbcb
6.468804, 6.182243
6.535141, 6.242986
6.618091, 6.304764
6.691819, 6.347789
6.770905, 6.406587
6.825096, 6.459970
6.876443, 6.513523
6.902914, 6.559109
6.951381, 6.638386
6.993997, 6.712071
7.039554, 6.782557
7.090051, 6.849223
7.148121, 6.932895
7.201227, 7.009413
7.255920, 7.084530
7.305755, 7.152974
7.363696, 7.225405
7.420381, 7.299632
7.468984, 7.370110
7.518489, 7.433987
7.568973, 7.502510
7.609986, 7.540518
7.598537, 7.577710
7.586040, 7.653479
7.572402, 7.736167
7.553019, 7.827835
7.533752, 7.918952
7.526853, 7.992249
7.520242, 8.084937
7.514217, 8.169394
7.506023, 8.242206
7.497723, 8.334756
7.485367, 8.439026
45c91e2d-508c-499c-9bb8-aa1a162ff6d4
6.516232, 5.799821
6.590817, 5.822449
6.654383, 5.845633
6.793999, 5.951662
6.894649, 6.022811
6.995160, 6.121782
7.049921, 6.160901
7.127362, 6.203255
7.233683, 6.256596
7.329068, 6.311552
7.416110, 6.364141
7.468165, 6.405477
7.517252, 6.457885
7.564915, 6.514961
7.591306, 6.569535
7.629005, 6.662070
7.651169, 6.733290
7.660685, 6.799460
7.662024, 6.883063
7.657309, 6.984989
7.644148, 7.086397
7.636394, 7.178833
7.624377, 7.271762
7.618626, 7.382229
7.613784, 7.475236
7.596638, 7.573120
7.580994, 7.647407
7.565133, 7.724661
7.549665, 7.801996
7.532242, 7.875886
7.523594, 7.927352
7.516207, 7.991795
7.510256, 8.073508
7.514246, 8.162975
7.508982, 8.212926
7.498002, 8.297334
7.494429, 8.371211
7.489761, 8.424200
7.475890, 8.467887
edd93553-0d3f-4f53-bd77-5a1b66afb2b9
6.550500, 5.656021
6.590397, 5.687127
6.629466, 5.734320
6.658724, 5.755199
6.695886, 5.783890
6.726108, 5.798111
6.768110, 5.813215
6.820213, 5.827178
6.865965, 5.840989
6.934544, 5.858564
6.986485, 5.876511
7.054308, 5.896777
7.111094, 5.913746
7.167884, 5.930716
7.217223, 5.951708
7.275689, 5.973331
7.331275, 5.993889
7.384938, 6.015331
7.426256, 6.035065
7.475742, 6.062017
7.523734, 6.091563
7.574204, 6.122635
7.620557, 6.154687
7.665142, 6.189157
7.712029, 6.225406
7.756844, 6.254376
7.805422, 6.282216
7.848074, 6.303208
7.888165, 6.319604
7.950825, 6.338762
8.003761, 6.358077
8.057517, 6.379284
8.096979, 6.399680
8.155135, 6.431420
8.195665, 6.456952
8.245812, 6.488540
8.295962, 6.520131
8.348177, 6.551252
8.387712, 6.578302
8.421570, 6.597840
1448bf87-5991-4661-b6da-862ca4c20bff
6.665393, 5.308039
6.786118, 5.391040
6.835087, 5.446656
6.865203, 5.474065
6.919493, 5.513355
6.966379, 5.552831
7.022414, 5.596096
7.050047, 5.621215
7.081215, 5.661683
7.117377, 5.708636
7.147082, 5.747207
7.202447, 5.764504
7.279758, 5.808492
7.351643, 5.839664
7.444387, 5.866044
7.549624, 5.898177
7.621279, 5.911383
7.698894, 5.917131
7.791776, 5.924010
7.838724, 5.928988
7.882156, 5.943634
4c906fe5-33f1-4036-bb02-1a18dbdf685c
6.599811, 5.488517
6.677109, 5.470087
6.726119, 5.399611
6.774332, 5.337167
6.819510, 5.353046
6.856272, 5.353525
6.895812, 5.356827
6.933115, 5.364561
6.986093, 5.370959
7.039855, 5.374437
7.102175, 5.375468
7.159912, 5.377921
7.212226, 5.378645
7.257871, 5.382270
7.313730, 5.389710
7.372477, 5.397534
7.429545, 5.406645
7.477997, 5.415895
7.526142, 5.426610
7.573944, 5.438782
7.624996, 5.450237
7.672777, 5.462492
7.721983, 5.475113
7.773926, 5.493072
7.821937, 5.509670
7.876044, 5.529961
7.907809, 5.543471
7.935032, 5.559928
7.974396, 5.587223
8.024130, 5.616244
8.070272, 5.639703
8.112160, 5.655962
8.165364, 5.673402
8.219180, 5.684743
8.277175, 5.696965
8.336946, 5.708031
8.385157, 5.718479
8.427396, 5.732227
8.477587, 5.746989
8.524462, 5.762336
8.570854, 5.779100
8.616713, 5.797262
8.665881, 5.815125
8.713628, 5.832472
8.767409, 5.853604
8.798959, 5.867609
