main root
6.516516, 4.456101
6.571715, 4.954516
6.578935, 5.169277
6.569985, 5.405425
6.590388, 5.517289
6.617471, 5.671948
6.628416, 5.764911
6.618560, 5.863189
6.602410, 6.045290
6.591939, 6.163363
6.580720, 6.289862
6.581887, 6.403993
6.592654, 6.511758
6.608848, 6.713962
6.607120, 6.767387
6.602623, 6.812925
6.605470, 6.844716
6.614200, 6.875418
6.641617, 6.933529
6.662852, 6.985551
6.681348, 7.038786
6.706513, 7.097535
6.718419, 7.132929
6.729345, 7.170106
6.738484, 7.217102
6.768991, 7.362433
6.774137, 7.401533
6.779657, 7.443488
6.788533, 7.488020
6.800327, 7.531872
6.803436, 7.566483
6.807113, 7.624152
6.813013, 7.693147
6.815545, 7.757901
6.814753, 7.814247
6.813920, 7.873512
6.816038, 7.935811
6.824814, 8.017746
6.831282, 8.092180
6.842008, 8.163749
6.852045, 8.230729
6.862531, 8.290597
6.879414, 8.360960
6.893412, 8.425716
6.904144, 8.475367
6.909083, 8.512382
6.911877, 8.567273
6.919860, 8.627527
6.922041, 8.666856
6.926710, 8.697144
6.931537, 8.728514
6.942226, 8.758625
5bb3793e-c8b1-41a2-b9a4-05b46dda84a4
6.485622, 4.623082
6.387371, 4.640051
6.358396, 4.638891
6.333015, 4.637876
6.289647, 4.685108
6.267086, 4.707630
6.243567, 4.733384
6.224922, 4.751746
6.206840, 4.767610
6.187798, 4.772465
455335bb-2a2b-4883-9584-8a213e900300
6.522379, 4.702463
6.420908, 4.752181
6.389680, 4.768635
6.354745, 4.780272
6.330647, 4.788298
6.269158, 4.870932
6.253346, 4.897197
6.224876, 4.900936
6.142188, 4.961348
6.089760, 4.989388
5.886971, 5.165170
5.819728, 5.229024
5.747338, 5.289064
5.691924, 5.332331
5.642208, 5.361321
fe0944a2-498c-4bc7-8d09-94327f17ee2d
6.483271, 4.793000
6.405574, 4.835699
6.392907, 4.845505
6.352786, 4.876563
6.318439, 4.897472
6.262585, 4.924467
6.192583, 4.961623
6.143954, 4.977268
6.097775, 4.998414
6.055885, 5.020887
6.004879, 5.044854
5.950521, 5.072049
5.902527, 5.097733
5.855833, 5.119371
5.557270, 5.328663
5.528904, 5.343063
5.491921, 5.360161
5.452304, 5.376825
5.426494, 5.392554
5.381619, 5.425158
5.339531, 5.461289
5.301468, 5.488044
5.258820, 5.523513
5.206743, 5.566822
5.161173, 5.604721
5.120488, 5.638556
5.079096, 5.669136
baca888c-cba4-4968-9b77-e027110a76f0
6.509541, 5.029481
6.431961, 5.072726
6.394926, 5.093205
6.358476, 5.111650
6.313153, 5.134585
6.273492, 5.154655
6.227089, 5.173246
6.109058, 5.291813
6.052252, 5.325793
6.010989, 5.348731
5.984981, 5.358051
5.938066, 5.373274
5.890709, 5.387067
5.839897, 5.404984
5.768036, 5.430322
5.722123, 5.446511
5.694344, 5.459480
