main root
7.001976, 4.330102
6.810911, 4.581194
6.724453, 4.690503
6.643709, 4.798331
6.576741, 4.915799
6.544474, 4.964188
6.476104, 5.079890
6.417409, 5.187497
6.368365, 5.286249
6.328929, 5.370383
6.295549, 5.466513
6.258470, 5.528160
6.215365, 5.620342
6.170377, 5.711559
6.123399, 5.821122
6.075460, 5.911452
6.035737, 5.995277
5.986717, 6.093780
5.934907, 6.221307
5.875164, 6.323516
5.824022, 6.431914
5.755807, 6.547156
5.699737, 6.641880
5.636500, 6.732096
5.575024, 6.823487
5.510520, 6.923160
5.449475, 7.025254
5.393973, 7.101684
5.347874, 7.154976
5.298024, 7.212603
5.288071, 7.258549
5.240366, 7.360531
5.225815, 7.426594
5.216510, 7.547313
5.207400, 7.665497
5.204429, 7.806519
5.215653, 7.956868
5.212648, 8.051260
5.195860, 8.202987
5.198584, 8.331099
5.180347, 8.398911
5.179746, 8.545275
5.146865, 8.876633
5.142383, 8.982588
5.184449, 9.173743
5.214072, 9.252102
5.258981, 9.370895
5.286288, 9.449077
5.298040, 9.495138
324b33bb-2197-44d7-a172-83e3998b6438
6.813484, 4.694242
6.827156, 4.714815
6.874908, 4.804796
6.981532, 4.860436
7.072645, 4.969769
7ac9c052-3524-4fec-989f-d769e87f5e0b
6.913034, 4.584700
6.939158, 4.637729
6.963337, 4.690198
6.988134, 4.744007
7.017583, 4.804333
7.031691, 4.858918
7.039930, 4.896780
7.047112, 4.922743
7.099518, 5.083770
7.111653, 5.137597
7.120887, 5.171466
7.120218, 5.191770
7.114981, 5.212456
7.125552, 5.224154
b5a5f7e9-0c90-4813-98cc-5aa97b1a8a2a
5.348754, 7.181471
5.245949, 7.205354
