main root
6.755624, 5.117440
6.701425, 5.387721
6.690386, 5.534987
6.703372, 5.658288
6.723205, 5.808135
6.756689, 5.981419
6.746084, 6.157324
6.724519, 6.239514
6.683725, 6.330231
6.603144, 6.474453
6.571159, 6.563089
6.536250, 6.718984
6.512615, 6.858198
6.501547, 6.986120
6.493830, 7.119581
6.504226, 7.246753
6.506867, 7.367995
6.507217, 7.481114
6.499072, 7.583048
6.498662, 7.663341
6.496728, 7.720006
6.492459, 7.865539
6.484913, 7.918615
6.471486, 7.970518
6.484155, 8.094560
6.481035, 8.245929
6.472424, 8.355682
6.473602, 8.475524
6.466009, 8.561706
6.440387, 8.685058
6.430310, 8.785440
6.422635, 8.904145
6.415533, 9.013982
6.407409, 9.107017
6.397435, 9.169634
6.391020, 9.219425
6.390842, 9.255941
6.401133, 9.293984
ebb76281-14ac-4242-b280-9a0916b9651d
6.593092, 5.476853
6.497930, 5.528279
6.462826, 5.574139
6.437710, 5.606639
6.420850, 5.628146
6.406166, 5.656275
6.387704, 5.694873
6.369195, 5.730102
6.344939, 5.773050
6.326677, 5.802343
6.275038, 5.849150
6.243467, 5.881808
6.214045, 5.912242
6.183222, 5.948433
6.149820, 5.989553
ffa52802-67cc-42a4-bd38-831805d172ad
6.726742, 5.470425
6.846215, 5.536502
6.896218, 5.573321
6.926267, 5.606605
6.965453, 5.609328
7.008801, 5.631769
7.163010, 5.645706
7.223896, 5.664734
7.289861, 5.672054
7.354327, 5.683725
7.402552, 5.703104
7.528583, 5.752107
7.566279, 5.776399
09fdb8d2-5bb5-43df-9e54-ba9eda914daa
6.744382, 5.484852
6.782509, 5.556743
6.813489, 5.619646
6.826436, 5.664709
6.846407, 5.728799
6.855911, 5.779427
6.883760, 5.880208
6.886184, 5.930945
6.885880, 5.987299
6.882584, 6.043557
6.879116, 6.102724
6.873207, 6.152387
6.861717, 6.198281
6.844058, 6.250329
6.831136, 6.288413
6.823980, 6.351991
