main root
6.332814, 4.546627
6.362890, 4.827990
6.389574, 4.942718
6.442849, 5.092980
6.482742, 5.255370
6.508490, 5.429904
6.531756, 5.603542
6.554724, 5.741293
6.560095, 5.798967
6.546029, 5.873010
6.489909, 6.102120
6.471779, 6.176129
6.452786, 6.228511
6.426810, 6.300144
6.399040, 6.367942
6.373429, 6.446263
6.349748, 6.518688
6.331812, 6.602439
6.318157, 6.680502
6.297728, 6.745166
6.274776, 6.817825
6.260789, 6.872040
6.258235, 6.911899
6.223073, 7.044904
6.199340, 7.111252
6.165992, 7.142259
6.188817, 7.176816
6.170140, 7.296697
6.158704, 7.397586
6.157873, 7.479621
6.165352, 7.571896
6.174952, 7.664313
6.193835, 7.764178
6.209115, 7.856319
6.219516, 7.957823
6.231968, 8.058600
6.246363, 8.141273
6.260307, 8.233624
6.272948, 8.317344
6.287731, 8.395197
6.298445, 8.467671
6.310018, 8.560342
6.309605, 8.623962
6.307925, 8.685049
6.323652, 8.988228
6.328733, 9.057288
6.324602, 9.103148
6.322593, 9.175481
6.316349, 9.238574
6.308338, 9.304341
6.298844, 9.369912
6.290405, 9.438642
6.276409, 9.491227
6.262174, 9.562177
6.245746, 9.621223
6.224469, 9.680949
6.206277, 9.754313
6.186696, 9.814616
6.164816, 9.877152
6.139691, 9.935364
6.113632, 9.999518
6.087319, 10.060325
6.064313, 10.132322
6.044668, 10.198723
6.022418, 10.258092
5.999525, 10.323446
5.976216, 10.385466
5.951514, 10.446941
5.934192, 10.494059
5.908521, 10.661984
5.899544, 10.730636
5.884586, 10.787312
5.872632, 10.861936
5.860683, 10.927091
5.847266, 10.991960
5.830064, 11.052973
5.814793, 11.123696
5.799355, 11.188114
5.786894, 11.259386
5.771584, 11.320901
5.762866, 11.399314
5.748775, 11.458358
5.727514, 11.515212
5.707792, 11.572242
5.698799, 11.598247
5.702212, 11.748940
5.672551, 11.851252
5.649354, 11.920278
5.628926, 11.999641
5.609978, 12.072981
5.588814, 12.142657
5.566735, 12.215117
5.544590, 12.287556
5.526354, 12.367450
5.513987, 12.448534
5.495032, 12.513251
5.468854, 12.602632
5.445403, 12.672045
5.422891, 12.748032
5.403264, 12.824815
e50d5a9e-9818-495a-b947-ff312519aaf3
6.331357, 4.724875
6.240135, 4.784984
6.214532, 4.809100
6.177912, 4.849759
6.150887, 4.877529
6.047820, 4.953376
6.007220, 4.981394
5.981470, 4.997345
5.958425, 5.016903
5.938195, 5.043888
5.912431, 5.085739
5.891088, 5.131828
5.870470, 5.179915
5.846136, 5.248062
5.821547, 5.308024
5.820627, 5.539804
f42bcfef-9d10-4948-bd3f-4fe9d109fe16
6.380379, 4.920363
6.320191, 5.002099
6.281753, 5.196728
6.252038, 5.251885
6.230877, 5.284730
6.215956, 5.307780
6.115772, 5.402349
3938c5cd-8f80-4c13-b11c-7a5d152e414e
6.309582, 6.821759
6.381352, 6.843733
7034e5ec-7b62-4065-a622-63aa356bd727
6.601690, 5.812145
6.633082, 5.823901
6.710324, 5.866780
f425131e-9bbe-4942-8ee9-8da2ead9f6c2
6.277071, 4.800711
6.110163, 4.881286
6.066139, 4.899541
6.003237, 4.922378
5.906784, 4.981698
5.839934, 5.029835
5.777775, 5.076437
5.725496, 5.110449
5.700677, 5.133737
