main root
6.936586, 4.993933
6.875660, 5.220860
6.843834, 5.328365
6.832598, 5.498668
6.819596, 5.526128
6.802490, 5.831825
6.790284, 5.932834
6.791757, 6.021337
6.789700, 6.071406
6.779023, 6.115046
6.767720, 6.199471
6.757777, 6.274528
6.747937, 6.349599
6.740780, 6.428041
6.731296, 6.500197
6.718955, 6.571920
6.711103, 6.653470
6.698566, 6.722311
6.692329, 6.807263
6.681355, 6.876372
6.672073, 6.954590
6.665874, 7.033114
6.649026, 7.095722
6.644241, 7.194541
6.634994, 7.263902
6.625090, 7.338964
6.620442, 7.420760
6.624709, 7.505833
6.622325, 7.575766
6.631411, 7.663816
6.629431, 7.731108
6.638926, 7.819114
6.647153, 7.894381
6.661082, 7.938196
6.671742, 8.043125
6.679498, 8.118439
6.678464, 8.165827
6.673992, 8.238467
6.677855, 8.323560
6.678267, 8.396336
6.684820, 8.478000
6.667505, 8.522930
9a788bdb-4d67-43f6-a6d2-d71307c88030
6.847157, 5.159419
6.733988, 5.195542
6.713722, 5.208425
6.662574, 5.246261
6.626839, 5.272695
