main root
6.655206, 5.725891
6.548977, 5.855778
6.281962, 6.187781
6.248077, 6.355164
6.179776, 6.650114
6.163864, 6.750146
6.170008, 6.876894
6.210601, 7.063003
6.267678, 7.287477
6.321034, 7.457167
6.366702, 7.616140
6.398318, 7.767306
6.421302, 7.887479
6.443569, 8.003904
6.469539, 8.128515
6.494376, 8.226955
6.504721, 8.280197
6.520841, 8.333334
0caeefec-1ccd-4264-814b-ce4bfac005fa
6.463370, 5.965974
6.196246, 6.063860
6.034476, 6.124769
5.905294, 6.191209
5.832268, 6.226577
5.748947, 6.267701
5.675616, 6.308520
5.608451, 6.347620
5.557439, 6.382512
5.513533, 6.409437
0219e86b-e042-4914-82c8-04907d2459a3
6.563752, 6.038417
6.700946, 6.064594
6.821898, 6.091818
6.944949, 6.123932
7.034314, 6.144785
7.105515, 6.173356
7.192707, 6.204986
7.232864, 6.227514
7.277680, 6.251743
be93a5d0-1339-4eb4-9047-53c3a2a80716
6.293679, 6.397936
6.292135, 6.540082
6.300171, 6.601984
6.311184, 6.658643
6.320104, 6.704635
6.328073, 6.750802
6.335086, 6.797124
6.335963, 6.829378
6.339341, 6.879137
6.347414, 6.923930
828ed539-40d5-49a6-a715-037e036f6443
6.389886, 6.181681
6.521805, 6.280564
6.578075, 6.339176
6.654052, 6.407673
6.676933, 6.430355
6.697049, 6.448227
6.722335, 6.464726
6.748453, 6.483588
6.777829, 6.502991
6.805954, 6.521568
6.829931, 6.540993
6.862825, 6.567642
6.893611, 6.594510
6.918566, 6.612316
