main root
6.805899, 5.201226
6.786970, 5.480639
6.779081, 5.712955
6.754421, 5.881642
6.722924, 6.082471
6.702670, 6.240948
6.673047, 6.391834
6.647890, 6.540892
6.635094, 6.689353
6.630488, 6.891003
6.627424, 7.064093
6.624652, 7.220716
6.632176, 7.386464
6.646625, 7.521835
6.668437, 7.629658
6.683126, 7.702271
6.696867, 7.762388
db49443c-61bd-4f87-8cc2-d7b19c946a58
6.825955, 5.259093
6.914355, 5.295886
6.936916, 5.319155
6.944085, 5.364986
e89e9a30-eafd-4172-9b02-7ab53027c674
6.862400, 5.492743
6.917505, 5.494040
6.960829, 5.496836
6.991210, 5.475912
7.044846, 5.429860
ab09ccb7-2e7f-470a-877e-a0d71c041768
6.792427, 5.653296
6.872472, 5.701082
6.900961, 5.734932
fa588bce-2912-4c0d-a082-df7a1c892ffa
6.810413, 5.837705
6.853761, 5.856111
6.921078, 5.873270
6.979618, 5.896144
