main root
6.341062, 4.991199
6.455679, 5.241223
6.471460, 5.337588
6.489136, 5.470131
6.429215, 5.697071
6.390213, 5.861031
6.336217, 6.025291
6.291248, 6.177507
6.246457, 6.305738
6.208464, 6.427239
6.158834, 6.544295
6.069634, 6.705935
5.985261, 6.815406
5.915082, 6.919052
5.838525, 7.015809
5.755007, 7.106627
5.695693, 7.176265
5.628634, 7.337186
5.593967, 7.517448
5.511782, 7.709612
5.494075, 7.786886
5.465058, 7.928072
5.454627, 8.041852
5.436170, 8.150471
5.426209, 8.226960
5.412003, 8.287580
5.376143, 8.427361
5.352898, 8.493880
5.329716, 8.561094
5.320640, 8.624889
5.314992, 8.707096
5.309769, 8.783113
5.296201, 8.849554
5.283073, 8.913844
5.278641, 8.980432
5.276370, 9.059646
5.255088, 9.160352
5.236610, 9.217583
5.208192, 9.438582
5.206962, 9.490123
5.202563, 9.522382
5.195815, 9.567171
5.190953, 9.615269
5.185768, 9.660266
5.179954, 9.705185
5.170925, 9.746667
5.162961, 9.794348
5.152415, 9.835467
5.147016, 9.890109
5.139245, 9.931845
5.132726, 9.979745
5.128552, 10.027904
5.126733, 10.076212
5.121515, 10.118342
5.120524, 10.169887
5.116081, 10.212105
5.116038, 10.263659
5.112375, 10.305953
5.113408, 10.356029
b99ee0c6-6068-49e0-9246-ff99fff941b6
6.438966, 5.088105
6.516170, 5.123202
6.554387, 5.151940
6.606426, 5.192943
6.641873, 5.211346
6.696352, 5.239629
6.760149, 5.298553
6.809597, 5.334037
6.936891, 5.374394
6.991720, 5.412134
7.027689, 5.449478
7.072553, 5.498219
7.124764, 5.548313
7.179984, 5.595071
7.208699, 5.627231
7.255224, 5.683832
7.288244, 5.721647
7.411387, 5.918033
7.454125, 5.969287
7.551304, 6.033186
7.608752, 6.076334
7.674642, 6.131011
7.718141, 6.169052
7.772861, 6.219662
7.799278, 6.244094
d08324b1-6f31-42af-b8ec-559ef3236826
6.508167, 5.418954
6.625516, 5.433404
6.679580, 5.446201
6.724493, 5.472570
6.742312, 5.486493
6.771441, 5.513039
6.802704, 5.541518
6.842431, 5.569596
6.876971, 5.593998
6.911516, 5.618393
6.941894, 5.643498
6.982926, 5.669631
7.018602, 5.692341
7.044837, 5.712579
7.078329, 5.738402
7.111824, 5.764217
7.153723, 5.788939
7.176288, 5.826835
7.195916, 5.834420
7.252089, 5.884450
7.291818, 5.917830
7.324718, 5.943517
7.410320, 6.013765
7.481168, 6.074626
7.545212, 6.117805
7.582050, 6.158741
7.598751, 6.196413
7.618965, 6.337117
7.627388, 6.395760
7.635889, 6.433913
7.649124, 6.479567
7.671270, 6.534472
7.697329, 6.591075
7.707976, 6.628517
7.726967, 6.700779
7.750386, 6.781725
7.769298, 6.841711
7.779890, 6.895525
1a79107f-ed32-4118-a168-7a14c8284869
6.508148, 5.048204
6.550897, 5.032465
6.598644, 5.034398
6.668680, 5.056506
6.749202, 5.084099
6.791558, 5.103360
6.889300, 5.118176
6.941622, 5.196023
6.964748, 5.304380
9a05949a-0f67-427d-a9a5-f158bb48c9f6
6.447351, 5.417446
6.335720, 5.572668
6.292135, 5.638400
6.245909, 5.711943
6.225674, 5.759724
6.196752, 5.831854
6.169225, 5.904527
6.141261, 6.002242
6.118241, 6.071798
6.094301, 6.144137
6.062970, 6.232112
6.040246, 6.295920
6.014799, 6.353992
5.984958, 6.432423
5.962149, 6.483957
5.949110, 6.520811
5.937522, 6.562546
5.927713, 6.609061
5.920108, 6.674149
5.911916, 6.731358
5.896197, 6.784703
5.651199, 7.279228
5.559311, 7.761253
5.546292, 7.804315
5.541781, 7.833931
5.541203, 7.865981
5.538609, 7.913674
5.537113, 7.964392
5.533973, 8.012052
5.531897, 8.062750
5.534154, 8.111587
5.537755, 8.162199
5.544998, 8.237209
5.579606, 8.553967
5.585684, 8.610675
5.595980, 8.651663
5.617521, 8.712846
5.629347, 8.764462
5.642109, 8.820169
5.647436, 8.872543
94639ded-500e-4253-8bec-0a9e4d1d16f0
6.464215, 5.387342
6.140526, 5.614749
6.094743, 5.642703
6.046996, 5.668222
5.997245, 5.707973
5.901668, 5.832339
5.850045, 5.882252
5.801282, 5.933564
5.754518, 5.978428
5.685688, 6.041546
5.636042, 6.080981
5.597034, 6.133789
5.574083, 6.172417
5.541575, 6.238851
5.510432, 6.295686
5.483374, 6.348359
5.422900, 6.430433
5.403432, 6.451807
5.406993, 6.476523
5.372910, 6.563513
5.353908, 6.628425
5.342708, 6.689280
5.330293, 6.731932
5.350265, 6.822613
5.386977, 6.949759
5.401366, 7.010386
5.416429, 7.073854
5.433464, 7.163842
5.440988, 7.219691
5.446372, 7.270850
5.443388, 7.319893
5.436223, 7.535705
5.437664, 7.575075
5.462949, 7.736410
5.404073, 8.027591
5.353236, 8.391315
2e76443f-2fe3-4585-9a98-a774219e4f38
6.481665, 5.649378
6.464300, 6.180666
6.464388, 6.232759
6.461443, 6.261520
6.451786, 6.297068
6.445126, 6.321580
6.450401, 6.343784
6.454298, 6.373136
6.460530, 6.406808
6.464857, 6.437029
6.467045, 6.461115
6.447541, 6.599370
6.443106, 6.630809
6.462978, 6.688673
6.475738, 6.720449
6.484371, 6.745293
6.487310, 6.766673
36ac12d7-1e34-42c8-b4da-5cf113d80401
5.719245, 7.164901
5.338380, 7.870488
5.304129, 7.924232
5.280620, 7.955444
5.264054, 7.977343
5.249300, 8.001712
5.228536, 8.041677
5.211083, 8.085007
5.197486, 8.102741
5.171176, 8.132139
5.154471, 8.155293
5.130379, 8.193801
5.109827, 8.237938
5.091401, 8.270418
5.079995, 8.296594
