main root
6.682319, 5.143412
6.621183, 5.500975
6.608441, 5.575500
6.563619, 5.916778
6.559892, 6.025444
6.551398, 6.066800
6.515729, 6.259518
6.496200, 6.376631
6.470544, 6.492002
6.448859, 6.608955
6.428793, 6.717178
6.409702, 6.808602
6.398746, 6.891507
6.385542, 6.975593
6.374523, 7.059139
6.361340, 7.143222
6.350341, 7.226773
6.335067, 7.311010
6.326294, 7.392950
6.291202, 7.463800
6.272716, 7.521356
6.255218, 7.605207
6.243130, 7.685117
6.225147, 7.743959
6.195845, 7.832637
6.165076, 7.912537
6.133656, 7.999978
6.107120, 8.079964
6.074154, 8.159573
6.041762, 8.237795
6.008164, 8.324428
5.967429, 8.417767
5.915734, 8.515054
5.852686, 8.624761
5.782550, 8.750959
5.704359, 8.883355
5.678718, 8.943318
5.664355, 8.998304
5.645256, 9.057103
5.608590, 9.404631
5.620478, 9.541832
5.617751, 9.719390
5.613832, 9.837152
5.602727, 9.989095
5.592170, 10.075496
5.578504, 10.152650
78aafb27-18d9-49d5-8530-a37addeea95e
6.682231, 5.320721
6.813359, 5.437135
6.891105, 5.535035
59f81855-1fc0-4988-80b3-f9dfe2ad670b
6.640007, 5.887422
6.715574, 6.006117
6.723016, 6.026167
6.731970, 6.063197
6.736631, 6.088839
6.752716, 6.108591
6.773018, 6.140631
6.791407, 6.175302
6.819253, 6.215026
6.838168, 6.247225
6.850247, 6.276655
6.867585, 6.322837
6.882599, 6.354311
6.907550, 6.399664
6.937107, 6.440969
6.973683, 6.489511
7.004255, 6.530085
7.042016, 6.577712
7.071733, 6.612786
2f3517fe-31df-40bf-911b-2f47bbb6a1f6
6.718212, 5.342465
6.855878, 5.499085
6.907139, 5.655192
6.920282, 5.722852
6.931864, 5.766764
6.938460, 5.803519
6.939475, 5.826104
6.962063, 5.995137
6.971042, 6.039567
6.975902, 6.078619
6.977798, 6.117927
6.982989, 6.162957
6.991164, 6.207542
6.995317, 6.246675
7.003090, 6.291333
7.012746, 6.329237
7.015403, 6.351703
384ec368-23b1-4b13-8ec7-1a82b50403ac
6.700602, 5.801737
6.755590, 5.803915
6.801000, 5.802719
6.823477, 5.805121
6.865571, 5.809621
6.914256, 5.808806
6.936709, 5.811423
6.978759, 5.816325
7.010850, 5.829107
7.038336, 5.836833
7.066480, 5.841634
7.108859, 5.842791
7.154535, 5.851682
2ffca589-f383-4090-ba59-0c5a0c50807c
6.581046, 6.272185
6.628551, 6.286641
6.695843, 6.311811
6.792450, 6.354587
