main root
6.726239, 4.402763
6.608463, 4.764038
6.607505, 4.955395
6.573695, 5.166408
6.540279, 5.439884
6.527991, 5.557933
6.509479, 5.674633
6.499389, 5.799120
6.491902, 5.917610
6.483378, 6.018957
6.476979, 6.120296
6.475794, 6.239499
6.481131, 6.340924
6.477385, 6.427602
6.479700, 6.520214
6.473725, 6.580635
6.476451, 6.659501
6.444957, 6.710813
6.460820, 6.741188
6.444463, 6.799903
6.454991, 6.853863
6.452023, 6.893369
6.443643, 6.967347
6.437367, 7.024332
6.437491, 7.079526
6.443843, 7.162888
6.449903, 7.240041
6.452921, 7.314431
6.459351, 7.394620
6.468350, 7.467155
6.482265, 7.529230
6.509880, 7.611370
6.520508, 7.661774
6.527827, 7.725498
6.540947, 7.867928
6.561395, 7.974543
6.568817, 8.093271
6.577565, 8.163961
6.577232, 8.223579
6.575305, 8.270588
6.581187, 8.305689
6.593751, 8.372640
6.597135, 8.432160
6.602324, 8.500079
6.608838, 8.567886
6.616672, 8.635552
6.622506, 8.700425
6.620182, 8.760000
6.658215, 8.881310
6.677392, 9.026154
6.689613, 9.118454
6.699616, 9.193999
6.711299, 9.270830
6.715391, 9.354023
6.717991, 9.406876
6.720865, 9.634761
6.712733, 9.702086
6.711865, 9.759181
6.740289, 9.921457
6.756296, 10.102784
6.762412, 10.195981
6.775382, 10.296713
6.790444, 10.397135
6.801355, 10.498398
6.819476, 10.607318
6.832601, 10.724778
6.845977, 10.825439
6.859476, 10.943047
6.868969, 11.044303
6.888945, 11.144078
6.904773, 11.244682
6.926077, 11.352860
6.948503, 11.477606
6.971584, 11.594069
6.993393, 11.693237
7.013167, 11.792995
7.031580, 11.875223
7.050081, 11.957847
7.066732, 12.032208
7.090530, 12.111099
7.095201, 12.162864
7.096326, 12.208637
7.121345, 12.410545
7.130716, 12.486169
7.145463, 12.556493
7.164649, 12.633387
7.183095, 12.707322
7.190652, 12.774719
7.204580, 12.845211
7.215834, 12.917609
7.294964, 13.100265
7.742766, 13.169900
8c3be7bd-6e61-4282-8492-e11abcebc0f1
6.514822, 4.704285
6.166944, 4.896695
5.992568, 4.979822
5.886098, 5.041016
5.777103, 5.113249
5.668639, 5.181116
5.619410, 5.208374
5.587935, 5.225787
5.530104, 5.273490
5.484036, 5.315353
5.444673, 5.355152
5.422370, 5.381941
7420edd0-42a5-4342-842f-6309c6bf685c
6.607941, 4.906566
6.676393, 4.906187
6.771539, 4.902461
6.845199, 4.893372
6.946722, 4.898486
7.000498, 4.905372
7.120595, 4.897673
7.181078, 4.883299
7.259582, 4.875608
7.314174, 4.865749
7.365375, 4.854981
7.409546, 4.850281
7.458734, 4.846553
7.510770, 4.841108
7.557641, 4.864061
7.583006, 4.852901
7.666689, 4.852608
7.719180, 4.853449
7.825371, 4.830329
7.907902, 4.817629
7.978620, 4.809776
8.020635, 4.817158
8.081793, 4.830945
8.196349, 4.824082
8.269600, 4.822693
8.363273, 4.825124
8.440981, 4.825644
8.502773, 4.828131
8.559120, 4.837048
38528220-d2c4-4544-af41-e9577ff38925
6.598441, 5.057585
6.675966, 5.084234
6.710023, 5.099551
6.744662, 5.118412
6.794684, 5.147354
6.834560, 5.173884
6.886292, 5.204707
6.957425, 5.237440
7.028745, 5.301545
7.051777, 5.324269
7.073729, 5.348041
7.103011, 5.373143
7.126571, 5.395321
7.149075, 5.418570
7.170474, 5.442840
7.193573, 5.466787
7.223396, 5.491244
7.352746, 5.590793
7.395991, 5.622710
7.434228, 5.647210
7.482066, 5.679640
7.524113, 5.708144
7.577325, 5.740601
7.627920, 5.771461
7.678520, 5.802324
7.719582, 5.830876
7.746340, 5.845837
7.806885, 5.891415
7.829303, 5.907562
7.865732, 5.931955
7.894666, 5.956734
7.937471, 5.989450
7.986659, 6.025161
8.029860, 6.054675
8.075968, 6.082550
8.128743, 6.112708
8.168766, 6.139025
8.222430, 6.170730
8.271409, 6.201405
8.303968, 6.220031
01a25d87-3047-40f0-9b6e-176be1eeda06
6.591867, 5.285394
6.639050, 5.294470
6.689262, 5.305652
6.730804, 5.324733
6.820134, 5.333288
6.862274, 5.337324
6.884293, 5.342440
6.915218, 5.349626
6.939958, 5.355375
6.989996, 5.387989
7.025462, 5.411105
7.065070, 5.433347
7.101981, 5.454075
7.138892, 5.474803
7.183955, 5.493242
7.238752, 5.502728
7.256712, 5.528008
7.299454, 5.546549
7.467472, 5.627613
7.683037, 5.721818
7.721249, 5.737042
7.790071, 5.766073
7.865300, 5.802308
7.907163, 5.824132
7.941193, 5.851667
cd56fa91-f316-4cca-a7e9-55ce50d0002d
6.544436, 5.240815
6.436805, 5.414401
6.415624, 5.449027
6.397119, 5.470191
6.374059, 5.557085
6.278911, 5.755697
6.268187, 5.807338
6.259925, 5.835673
6.249454, 5.863268
6.234425, 5.896324
6.218793, 5.932314
6.203776, 5.968564
6.189376, 6.005064
6.173913, 6.037919
6.160676, 6.081665
6.151926, 6.112886
6.079286, 6.230996
a4779a0e-39d5-4139-af6b-1523ebfd996f
6.472679, 6.976532
6.508564, 6.995918
6.586115, 7.010584
6.652222, 7.030702
6.733217, 7.055350
6.807984, 7.076539
6.865570, 7.097525
95d88af0-a611-4276-b800-3f51271f04a4
6.613878, 8.219722
6.713058, 8.265060
6.744042, 8.278298
6.785960, 8.302939
6.816495, 8.327491
6.851330, 8.354603
6.869274, 8.370465
caeb3f93-9e6f-49c4-93e8-f3e2d378e6bf
6.628540, 8.317930
6.663863, 8.312632
6.729791, 8.310310
8e380717-d9b2-4bbf-b656-de1b8c77fa62
6.592743, 7.918284
6.665804, 7.907865
6.757497, 7.911341
6.790350, 7.915582
6.821839, 7.919647
6.845354, 7.924192
fa207dff-248b-46e6-882f-50d79018d11d
6.599599, 7.918457
6.666866, 7.945368
6.688618, 7.987170
6.703117, 8.020202
6.718113, 8.058088
6.747277, 8.127703
f129770e-6fb8-4bae-8d62-a4ba97cb3d15
6.480180, 7.278936
6.528666, 7.280293
6.612745, 7.284716
6.696984, 7.287070
6.761612, 7.291872
6.819194, 7.291646
6.862540, 7.298959
9740d376-779f-4303-8507-268333b6cd87
6.464780, 7.033628
6.514607, 7.057730
6.548719, 7.077557
6.570780, 7.080081
6.591043, 7.086918
6.624420, 7.102920
6.668672, 7.117496
6.724966, 7.136038
6.785037, 7.152673
6.836431, 7.170012
6.870853, 7.186363
6.913080, 7.203108
6.970118, 7.224116
7.015865, 7.242560
7.047290, 7.256844
7.091298, 7.286164
0b41acc8-d3fb-4552-8c8f-da3e43a6c20c
6.412580, 7.398215
6.365696, 7.375010
6.328348, 7.372117
6.282908, 7.364094
6.197396, 7.368849
d9e0a2d9-1fc6-467e-87bc-8995e798176c
6.545370, 5.782426
6.557291, 5.823865
6.565292, 5.862501
6.573875, 5.903956
6.585894, 5.961995
6.586971, 5.996727
6.594915, 6.059648
6.601012, 6.107947
6.598213, 6.155071
