main root
6.732367, 4.839778
6.747446, 5.189138
6.756570, 5.397300
6.768290, 5.601615
6.779840, 5.780666
6.848361, 6.007692
6.902085, 6.204533
6.953579, 6.369461
7.001919, 6.482533
7.088950, 6.641819
7.122194, 6.745356
7.163310, 6.921298
7.190749, 7.002266
7.290273, 7.164110
7.326862, 7.223610
7.349957, 7.286661
7.408567, 7.455291
7.421876, 7.525495
7.439225, 7.617002
7.460617, 7.707255
7.469813, 7.764295
7.482799, 7.871432
7.483474, 7.946927
7.475771, 8.026261
7.460625, 8.116946
7.440332, 8.200684
7.420389, 8.282973
7.404935, 8.346746
7.403340, 8.416562
7.368060, 8.547300
7.356677, 8.629245
7.340801, 8.713380
7.329865, 8.805379
7.319870, 8.889451
7.308875, 8.981938
7.304230, 9.074464
7.299985, 9.159026
7.303767, 9.251517
7.311755, 9.343924
7.319776, 9.436716
7.331948, 9.528672
7.344169, 9.621002
7.354335, 9.713834
7.357019, 9.816062
7.363657, 9.908587
7.366157, 10.002254
7.370740, 10.095067
7.376966, 10.179108
7.379777, 10.245120
7.376152, 10.300722
7.414367, 10.518719
7.422965, 10.585091
7.426047, 10.655488
7.429381, 10.731611
7.432717, 10.807736
7.432934, 10.881001
7.433162, 10.957198
7.436394, 11.036379
7.436389, 11.109642
7.439378, 11.188830
7.435804, 11.252874
7.428737, 11.325797
7.421388, 11.401638
7.411349, 11.474210
7.398354, 11.546312
7.384840, 11.621300
7.368911, 11.692811
7.350075, 11.763613
7.332611, 11.840912
7.315819, 11.915234
7.293376, 11.980608
7.266776, 12.048869
7.249430, 12.109871
7.252784, 12.152792
811ef01a-5d77-43be-914c-25f5f49fd9b7
6.752625, 5.042469
6.643551, 5.036652
6.556496, 5.034285
6.500075, 5.044333
6.403617, 5.161120
6.368296, 5.218497
6.320784, 5.282512
6.301673, 5.298521
6.223293, 5.354682
6.174487, 5.392249
6.101202, 5.490081
6.076189, 5.515982
6.058545, 5.534252
5.779274, 5.812036
5.731261, 5.857684
5.681909, 5.914931
5.637216, 5.959898
5.589503, 6.018520
5.546354, 6.052567
5.504565, 6.087446
5.464371, 6.130787
5.362954, 6.281439
5.324284, 6.325485
5.279736, 6.378495
5.197456, 6.450062
5.146500, 6.492400
5.094991, 6.529361
5.039619, 6.570935
4.987544, 6.596932
4.921868, 6.648528
4.882829, 6.684906
4.843890, 6.727324
4.819828, 6.760175
fd5576ab-4cd8-4cb2-9077-80f68752e729
6.759492, 5.105690
6.616591, 5.092617
6.541287, 5.119253
6.451803, 5.218840
6.399882, 5.250344
6.328216, 5.277705
6.216443, 5.359183
6.192299, 5.379814
6.025846, 5.568464
5.938580, 5.635039
5.833042, 5.744212
5.762444, 5.807113
5.691440, 5.878359
5.645497, 5.930500
5.414884, 6.207474
5.340203, 6.287324
5.193139, 6.429339
5.043749, 6.557642
4.961514, 6.639360
4.943939, 6.686875
e895cda9-a8a6-43a6-b0b1-07727bb26a3a
6.733747, 5.294030
6.604374, 5.320984
6.518879, 5.313854
6.445318, 5.368872
6.334289, 5.434226
6.255320, 5.483149
6.183345, 5.527739
6.078545, 5.595855
6.005132, 5.735114
5.943625, 5.818475
5.930889, 5.905794
5.908185, 6.140081
5.904471, 6.209444
5.898091, 6.272604
5.895080, 6.365199
5.897220, 6.437526
5.903845, 6.509582
5.903536, 6.571612
5.898730, 6.634826
5.899818, 6.679743
5.902219, 6.717175
5.922225, 6.895671
5.937328, 6.976681
5.934420, 7.034574
5.934393, 7.094792
5.934369, 7.147709
5.943319, 7.218078
5.962977, 7.301448
5.984439, 7.418547
5.985109, 7.468879
5.981575, 7.540648
5.972141, 7.610486
5.966022, 7.702931
5.958759, 7.767333
5.951168, 7.834639
5.945712, 7.883017
b61f969d-374f-45cc-8d9f-165ac73d4774
6.846207, 5.451639
6.887331, 5.475488
6.930796, 5.514263
6.965869, 5.558343
6f5fe05c-7e40-4791-bd48-f3c8aecc2032
6.879352, 5.065181
6.957118, 5.097433
7.000653, 5.117346
7.031337, 5.126684
7.084078, 5.138272
7.132842, 5.144388
7.163555, 5.168890
7.180781, 5.217733
7.188129, 5.249649
7.195621, 5.275524
