main root
6.591766, 5.243204
6.606802, 5.664716
6.591856, 5.793908
6.563043, 5.940164
6.539383, 6.080625
6.547631, 6.197632
6.543568, 6.329338
6.537795, 6.516408
6.530771, 6.677657
6.529672, 6.845841
6.528676, 6.998235
6.524503, 7.152758
6.530532, 7.286598
6.537392, 7.438852
6.558794, 7.595198
6.583446, 7.757134
6.604657, 7.909013
6.617567, 8.058992
6.630572, 8.185602
6.643052, 8.286380
6.653197, 8.368304
6.654693, 8.416916
6.656448, 8.474039
6.654992, 8.524030
6.620225, 8.651314
6.609073, 8.692133
6.598473, 8.730925
6.591085, 8.769310
6.585458, 8.814367
6.580212, 8.856356
6.574964, 8.898345
6.569712, 8.940332
6.564458, 8.982320
6.559202, 9.024309
6.556542, 9.069638
6.551248, 9.108718
6.548129, 9.154017
6.542439, 9.193038
6.536330, 9.234912
6.530221, 9.276785
6.524108, 9.318657
6.517994, 9.360527
6.514405, 9.405791
6.511060, 9.447977
6.504967, 9.486942
6.492070, 9.540365
6.475069, 9.604406
6.460877, 9.675365
6.446419, 9.740025
6.433907, 9.809698
6.425848, 9.871513
6.415997, 9.947066
6.409625, 10.007513
6.404967, 10.051719
6.371596, 10.177520
6.362310, 10.212196
6.357797, 10.240295
6.353572, 10.284957
6.349553, 10.326534
6.345449, 10.368104
6.341261, 10.409666
6.339669, 10.454497
6.338101, 10.496240
6.336449, 10.537979
6.337585, 10.582825
6.335490, 10.621668
6.333245, 10.661737
6.333974, 10.700734
6.337719, 10.745436
6.344446, 10.789879
6.345598, 10.827497
6.348696, 10.879726
6.348538, 10.927630
6.351328, 10.989892
6.354738, 11.066017
6.357391, 11.125226
6.358480, 11.183006
6.356669, 11.245674
6.350598, 11.300303
6.346309, 11.352443
6.340776, 11.401458
6.339036, 11.456902
6.341791, 11.512306
6.341588, 11.538368
6.364554, 11.668485
6.376752, 11.806967
6.377218, 11.846407
6.377517, 11.871802
6.390341, 11.889639
6.398528, 11.951500
6.404625, 12.008972
6.411770, 12.076327
6.418023, 12.135265
6.420983, 12.191542
6.422523, 12.249313
6.427400, 12.319934
6.428145, 12.374168
6.427355, 12.425604
75ac0c2f-72a4-455d-b347-0486f2aebf5c
6.603238, 5.484228
6.406612, 5.553960
6.337777, 5.595144
6.259921, 5.639936
6.233503, 5.651681
6.197098, 5.662953
6.147582, 5.679851
6.109796, 5.699072
6.041877, 5.733621
5.985140, 5.765393
5.898298, 5.826013
5.863687, 5.850148
5.842114, 5.868816
5.809582, 5.904885
5.780980, 5.929892
5.742736, 5.963329
5.697694, 6.008674
5.649947, 6.052494
5.606553, 6.086226
5.566180, 6.119503
5.526979, 6.151815
5.480637, 6.195833
5.436184, 6.235990
5.383103, 6.307332
5.279820, 6.408513
5.249773, 6.442139
5.222030, 6.477768
5.196276, 6.501098
5.164938, 6.533524
5.123643, 6.569792
5.085609, 6.601204
5.045836, 6.639876
4.997333, 6.682860
4.952853, 6.724279
4.909556, 6.762550
4.858285, 6.815861
4.805384, 6.866548
4.764164, 6.903970
4.721339, 6.937214
e7efcb26-9088-411b-9c50-5da71195dae4
6.583302, 5.854853
6.490648, 5.883056
6.450729, 5.902601
6.403502, 5.930833
6.354840, 5.953161
6.291875, 5.988695
6.225279, 5.969478
6.182998, 5.972085
6.142148, 5.973104
6.111866, 5.972363
bce6c283-1b37-4dd3-b13e-d0920e05293a
6.655968, 5.604797
6.733831, 5.616847
6.806721, 5.603702
6.920484, 5.662574
6.956202, 5.681057
6.980641, 5.693704
7.011269, 5.702811
7.047956, 5.715282
7.114434, 5.751643
7.156969, 5.776614
7.194856, 5.802327
7.226053, 5.825309
7.246504, 5.840374
7.333442, 5.904119
7.365318, 5.929348
7.396244, 5.955732
7.439109, 5.988368
7.492558, 6.023419
7.547124, 6.060992
7.602910, 6.099405
7.647558, 6.133784
7.692417, 6.170213
7.729743, 6.202455
7.768190, 6.235663
7.815156, 6.274252
7.849501, 6.302471
8.006761, 6.394745
8.110708, 6.499090
8.140549, 6.529045
8.174635, 6.559008
8.206405, 6.586922
8.238180, 6.614829
8.265724, 6.643004
8.295269, 6.673238
8.321680, 6.695994
8.357922, 6.723281
8.395891, 6.748122
8.422985, 6.773003
8.469417, 6.805481
8.522839, 6.844676
8.561707, 6.875049
8.605938, 6.905813
8.650425, 6.940402
8.697212, 6.976780
8.728104, 7.004589
8.763205, 7.040215
5273109c-e778-4ca9-8696-f82f875deded
6.601904, 8.330621
6.547587, 8.364487
6.500771, 8.400732
6.447782, 8.449326
6.375955, 8.509488
6.301295, 8.587270
61b97534-3e9b-48d9-953b-94e8e71da0d8
6.600521, 8.229532
6.526480, 8.265074
6.490431, 8.277396
6.448520, 8.294887
6.394627, 8.315755
6.346662, 8.339143
6.280229, 8.370472
8450aa1e-2349-443b-ae06-f018acf79a75
6.682169, 8.318191
6.749007, 8.373293
6.801003, 8.410339
6.848179, 8.449466
6.898208, 8.492903
6.951469, 8.537163
6.978184, 8.563256
6.999693, 8.588449
7.022225, 8.621754
7.046536, 8.663031
7.082761, 8.715692
7.107899, 8.762103
