main root
7.437212, 5.681201
7.071557, 6.143437
6.867174, 6.736468
6.844552, 6.970827
6.820615, 7.110962
6.801595, 7.252953
6.789755, 7.357279
6.776390, 7.475051
6.759786, 7.583823
6.724344, 7.704711
6.710003, 7.791230
6.700726, 7.886004
6.698501, 7.930022
6.690297, 7.975745
5406dfc9-f544-4332-b89b-cf66ff9551eb
7.286652, 5.919614
7.307708, 6.141052
7.313114, 6.197942
7.350606, 6.305341
7.368052, 6.355303
7.391726, 6.404943
7.410514, 6.451293
7.421724, 6.486915
7.430648, 6.520260
77fb2bac-1033-477d-b0fd-c057f1e2dd1f
7.238714, 5.866659
7.121232, 5.841978
7.072710, 5.837902
7.032240, 5.818369
7.013362, 5.805934
6.973861, 5.783497
6.946254, 5.767817
6.909442, 5.746908
6.865509, 5.735724
6.824480, 5.725280
6.792586, 5.723340
0c86f197-1862-4fd1-b789-ffb1be583852
7.043337, 6.198469
6.922732, 6.189432
6.870902, 6.194557
6.843086, 6.186423
6.814605, 6.181540
23a3e821-6f6d-49b2-b024-20a7a12c7cdb
6.951999, 6.423635
6.851041, 6.418395
