main root
6.481198, 5.482941
6.450193, 5.677275
6.444609, 5.809568
6.467694, 5.926991
6.469788, 6.064293
6.464558, 6.129126
6.489553, 6.348580
6.513535, 6.498424
6.506929, 6.613965
6.505675, 6.823927
6.507420, 7.003110
6.516100, 7.176886
6.511763, 7.330036
6.494108, 7.479634
6.464185, 7.606984
6.401223, 7.776561
6.349022, 7.886866
6.266556, 7.991900
6.188736, 8.149368
6.163416, 8.200603
6.147462, 8.251992
7d8db625-9b94-4e64-a9e2-2505612f6c3e
6.442254, 5.731913
6.323843, 5.788602
6.267286, 5.803661
6.219313, 5.811221
6.172524, 5.824657
6.144058, 5.829720
6.102389, 5.837135
6.060721, 5.844552
6.031206, 5.852848
b8ac2749-3f5b-4be2-8653-bec0bd123c72
6.512778, 5.592291
6.588980, 5.603364
6.642743, 5.607330
6.695757, 5.607052
6.762428, 5.599056
6.815024, 5.614699
6.883556, 5.647649
6.909994, 5.665342
6.951894, 5.695185
14abaf9f-2c73-4bed-83a6-a63b8caba768
6.394756, 5.981366
6.295113, 6.023260
6.241561, 6.052938
6.208820, 6.066049
6.171198, 6.077891
6.131807, 6.088720
6.084915, 6.098507
6.026896, 6.110614
5.983384, 6.119696
5.954128, 6.128859
5.899707, 6.152181
5.843657, 6.179456
5.793128, 6.197387
5.736367, 6.219118
5.692266, 6.240810
5.654132, 6.264572
5.620776, 6.292687
5.581932, 6.325426
5.536438, 6.365729
5.485996, 6.406416
5.440318, 6.439415
5.391270, 6.480389
5.345789, 6.518383
5.286744, 6.573557
5.237257, 6.619801
5.181441, 6.676055
5.135250, 6.728983
5.105879, 6.760362
5.088591, 6.781021
89f6b7b0-ae72-41cb-9841-1525c5572090
6.556290, 5.915747
6.622364, 5.941566
6.658185, 5.969188
6.668553, 5.984105
6.691170, 5.985678
6.736211, 5.985725
6.781149, 5.982695
6.818567, 5.983088
6.852733, 5.989434
6.893886, 5.997078
6.948663, 6.010297
7.004467, 6.025303
7.075378, 6.039722
7.145284, 6.050882
7.192397, 6.062951
7.237736, 6.076110
7.321784, 6.117925
7.382426, 6.148096
7.441506, 6.172473
7.509978, 6.195870
7.570271, 6.219634
7.625405, 6.241366
7.674717, 6.265629
7.735490, 6.295531
7.790673, 6.321014
7.827055, 6.341113
7.858551, 6.358513
