main root
6.256395, 4.483200
6.371012, 4.733223
6.386794, 4.829588
6.404469, 4.962131
6.344548, 5.189071
6.305546, 5.353031
6.251551, 5.517291
6.206582, 5.669507
6.161790, 5.797738
6.123798, 5.919239
6.074167, 6.036295
5.984968, 6.197935
5.900594, 6.307405
5.830415, 6.411051
5.753859, 6.507810
5.670341, 6.598627
5.611027, 6.668265
5.543967, 6.829186
5.509300, 7.009449
5.427116, 7.201612
5.409408, 7.278886
5.380392, 7.420073
5.369960, 7.533852
5.351503, 7.642471
5.341542, 7.718960
5.327336, 7.779580
b99ee0c6-6068-49e0-9246-ff99fff941b6
6.354299, 4.580105
6.431503, 4.615202
6.469720, 4.643940
6.521759, 4.684943
6.557207, 4.703346
6.611685, 4.731629
6.675482, 4.790554
6.724931, 4.826037
d08324b1-6f31-42af-b8ec-559ef3236826
6.423501, 4.910954
6.540849, 4.925404
6.594913, 4.938201
6.639826, 4.964570
6.657646, 4.978493
6.686774, 5.005039
6.718038, 5.033517
6.757764, 5.061596
6.792305, 5.085998
6.826849, 5.110393
6.857227, 5.135498
6.898260, 5.161631
6.933935, 5.184341
6.960170, 5.204579
6.993662, 5.230402
7.027158, 5.256217
7.069057, 5.280939
7.091621, 5.318835
7.111249, 5.326420
7.167422, 5.376450
7.207151, 5.409830
7.240051, 5.435517
1a79107f-ed32-4118-a168-7a14c8284869
6.423482, 4.540204
6.466230, 4.524466
6.513978, 4.526398
6.584014, 4.548506
6.664536, 4.576099
6.706892, 4.595360
6.741905, 4.601417
9a05949a-0f67-427d-a9a5-f158bb48c9f6
6.362684, 4.909445
6.251053, 5.064668
6.207468, 5.130399
6.161242, 5.203943
6.141007, 5.251724
6.112086, 5.323854
6.084559, 5.396527
6.056594, 5.494242
6.033575, 5.563798
6.009634, 5.636138
5.978303, 5.724113
5.955579, 5.787920
5.930132, 5.845992
5.900291, 5.924423
5.877482, 5.975956
5.864444, 6.012811
5.852855, 6.054546
5.843046, 6.101061
5.835441, 6.166149
5.827249, 6.223358
5.811530, 6.276703
94639ded-500e-4253-8bec-0a9e4d1d16f0
6.379549, 4.879343
6.055859, 5.106749
6.010076, 5.134703
5.962329, 5.160222
5.912578, 5.199973
5.817001, 5.324339
5.765379, 5.374252
5.716616, 5.425564
5.669851, 5.470428
5.601021, 5.533546
5.551375, 5.572981
5.512367, 5.625789
5.489416, 5.664416
5.456908, 5.730851
5.425765, 5.787686
5.398707, 5.840359
