main root
7.155812, 3.899144
7.101313, 4.077261
7.044421, 4.215788
6.993272, 4.340926
6.944219, 4.466898
6.888913, 4.602294
6.847597, 4.779103
6.826646, 4.887357
6.804730, 4.978455
6.788648, 5.081490
6.774284, 5.173515
6.759922, 5.265536
6.745675, 5.337407
6.736208, 5.385162
6.731566, 5.423976
6.730514, 5.483175
6.732101, 5.562410
6.741260, 5.645929
6.739660, 5.713728
6.743406, 5.824085
6.746278, 5.908699
6.742677, 5.979077
6.737569, 6.020326
6.752306, 6.131084
6.755633, 6.201475
6.762363, 6.280440
6.775305, 6.361823
6.792413, 6.440807
6.801425, 6.510698
6.811279, 6.603575
6.821718, 6.673595
6.833407, 6.741850
6.834473, 6.801280
6.843304, 6.876354
6.841249, 6.935758
6.849015, 7.014285
6.844017, 7.070188
6.833912, 7.132785
6.823637, 7.234796
6.818189, 7.303832
6.816982, 7.376189
6.817326, 7.445439
6.816159, 7.511688
6.810556, 7.574846
6.805932, 7.643942
6.802802, 7.713123
6.804024, 7.785479
6.809734, 7.857619
6.808638, 7.919649
6.804884, 8.012972
6.806466, 8.085320
6.791687, 8.141304
6.851847, 8.516744
6.856669, 8.627073
6.865707, 8.736955
6.865035, 8.831405
6.870596, 8.941679
6.872812, 9.026764
6.877077, 9.110921
6.880112, 9.212575
6.878517, 9.298180
6.876783, 9.391304
6.875048, 9.484425
6.871206, 9.577745
6.865634, 9.662683
6.864285, 9.746593
6.864533, 9.824301
6.863274, 9.899006
6.862097, 9.968846
6.859591, 10.028699
6.857732, 10.165947
6.846477, 10.223039
6.858941, 10.348871
6.864088, 10.627258
6.867974, 10.723353
6.867861, 10.825204
6.869861, 10.918098
6.869935, 11.019800
6.874241, 11.138672
6.889378, 11.266551
6.899081, 11.384421
6.905998, 11.494231
6.911333, 11.612489
6.920131, 11.713642
6.921975, 11.807674
6.923635, 11.892325
6.925130, 11.968508
6.935736, 12.051380
6.952107, 12.132140
7.046942, 12.299327
7.180586, 12.489215
7.807705, 12.661471
16bc6360-d83e-4622-9511-ea365b535eaa
7.102286, 4.192433
7.146273, 4.214449
7.267093, 4.318839
7.304387, 4.372732
7.320027, 4.405853
7.337199, 4.442220
7.437577, 4.559352
7.460546, 4.616049
7.472537, 4.653621
7.494319, 4.712022
7.511178, 4.765792
7.530786, 4.823324
7.548924, 4.867266
7.646223, 4.919953
7.713146, 4.976430
7.743996, 5.030030
7.756667, 5.052044
7.828222, 5.086872
7.876751, 5.113954
7.931834, 5.141399
7.986290, 5.166860
8.070916, 5.321665
394f9cb8-dae4-4816-9817-954256ca87b0
7.044689, 4.306386
7.098393, 4.333977
7.151098, 4.366366
7.216974, 4.398342
7.280714, 4.425953
7.333154, 4.448670
7.372525, 4.478537
7.462919, 4.531667
7.512638, 4.557417
7.548624, 4.572684
7.589600, 4.583563
7.676066, 4.595681
7.722522, 4.611260
7.810831, 4.640875
7.883078, 4.665103
7.951534, 4.691218
8.032618, 4.722149
8.076080, 4.737127
8.184650, 4.790043
8.241626, 4.819808
8.305828, 4.848617
8.359763, 4.878066
8.419364, 4.909240
8.464409, 4.928070
8.526918, 4.952902
8.589860, 4.976615
8.657074, 4.997456
8.729896, 5.011891
8.768570, 5.023832
8.820451, 5.049249
8.881185, 5.074334
8.991175, 5.106172
9.102906, 5.160368
9.154511, 5.182076
9.195497, 5.196074
9.241151, 5.205346
9.319331, 5.218173
9.397947, 5.228034
9.457917, 5.243554
9.497308, 5.256835
9.569500, 5.281172
9.649280, 5.301744
9.730345, 5.316461
9.805304, 5.330066
9.883743, 5.341256
9.949002, 5.359637
10.018632, 5.382361
10.064409, 5.391006
10.149757, 5.397986
10.211307, 5.410528
10.288046, 5.426164
10.326834, 5.431014
dc69ac41-4935-431e-a734-f843e818a77c
6.872034, 7.552483
6.935733, 7.583680
7.068943, 7.625357
7.103289, 7.636098
7.156373, 7.683474
7.211894, 7.696210
7.282624, 7.724854
7.355178, 7.752621
7.406708, 7.777150
7.529677, 7.852940
7.575233, 7.877507
7.648545, 7.910245
7.718098, 7.941307
7.789691, 7.970007
7.850518, 7.987944
7.927297, 8.007470
7.997480, 8.028412
8.064076, 8.045163
8.150669, 8.056142
8.207844, 8.069661
8.259487, 8.086161
014248c5-4259-4489-8a8a-b2d6a3e39384
6.823764, 7.822005
6.753881, 7.848199
6.636267, 7.881947
6.579854, 7.901821
6.537259, 7.911060
6.481953, 7.923620
6.429026, 7.933132
6.373305, 7.943705
6.322455, 7.947819
6.269721, 7.948530
6.246556, 7.960378
6.199325, 7.972227
6.081941, 8.009508
6.007407, 8.044033
5.925064, 8.070775
5.846621, 8.100612
5.754791, 8.126485
5.664354, 8.149781
5.579579, 8.165195
5.477800, 8.175100
5.386419, 8.190333
5.301388, 8.200304
5.225708, 8.209178
5.163320, 8.213559
51c94cb1-e7bc-44c7-a223-ece896d86530
6.854269, 7.935363
6.891808, 7.966058
7.022792, 8.002613
7.084671, 8.029437
7.161214, 8.060368
7.235362, 8.081384
7.312370, 8.100100
7.384605, 8.119196
7.473064, 8.140393
7.514486, 8.151858
7.554722, 8.172257
7.639171, 8.208673
7.689847, 8.220747
7.731028, 8.230558
7.772208, 8.240371
7.813389, 8.250184
7.854569, 8.259996
7.906568, 8.263156
7.926613, 8.294721
8.062101, 8.325227
8.153892, 8.337270
8.246317, 8.345153
8.339005, 8.348836
8.432216, 8.354645
8.517605, 8.366200
8.583046, 8.376565
8.631224, 8.386296
e6f310cc-8a61-4046-bec4-58508733f7ac
6.825122, 5.928423
6.895004, 5.975223
6.930263, 6.023436
6.951070, 6.056957
6.976400, 6.092092
6.993344, 6.113033
7.043560, 6.181831
7.058535, 6.202347
7.076813, 6.216011
7.098615, 6.236046
7.122509, 6.258003
7.144774, 6.282530
7.191706, 6.333552
7.223162, 6.363328
7.256023, 6.392373
7.276647, 6.416593
7.306099, 6.453490
7.315200, 6.578600
fa601dba-5ea0-4f59-8afd-b4e814c34548
6.896100, 4.796367
6.933469, 4.815795
6.961359, 4.833669
7.055842, 4.884126
7.118770, 4.921166
7.157925, 4.937310
7.239900, 4.961395
7.291362, 4.982756
7.348055, 5.006288
7.395546, 5.034851
7.499217, 5.097881
7.506106, 5.123957
7.527132, 5.114563
7.613233, 5.154337
7.691546, 5.183662
7.771166, 5.211260
7.852004, 5.232697
7.933726, 5.256513
8.014834, 5.282310
8.077498, 5.303812
8.119814, 5.316139
3dd8dc3a-5fcf-4ec2-b37d-224f7331f3b4
7.175667, 4.087276
7.260893, 4.135716
7.293381, 4.157667
7.318531, 4.171092
7.344938, 4.181838
7.389942, 4.193729
7.434324, 4.202361
7.472162, 4.212769
7.529308, 4.228487
7.578489, 4.243568
7.606975, 4.253868
7.723001, 4.309533
7.765160, 4.326440
7.802504, 4.343028
7.850902, 4.362889
7.899847, 4.381357
7.949254, 4.396800
7.991389, 4.406833
8.050077, 4.414655
8.107143, 4.423769
8.159022, 4.430540
8.207717, 4.438404
8.259584, 4.445264
8.309945, 4.451926
8.346455, 4.459774
8.375717, 4.467596
8.456563, 4.498217
8.482296, 4.507964
8.513768, 4.513484
8.564129, 4.514718
8.640216, 4.528435
8.696801, 4.540157
8.743003, 4.552784
8.796499, 4.570509
8.850859, 4.590096
8.902481, 4.605514
8.963000, 4.620467
9.024161, 4.632494
9.085822, 4.641570
9.149558, 4.646412
9.220302, 4.648785
9.277982, 4.652216
9.325527, 4.658044
9.384348, 4.665253
9.443172, 4.672463
9.500330, 4.680976
9.547173, 4.690980
9.584725, 4.700529
9.612981, 4.704625
4e45c7e0-8a70-433d-b98b-690f9c42323f
6.982042, 4.133927
6.763695, 4.185535
6.724536, 4.197683
6.661097, 4.226565
6.631412, 4.233289
6.563656, 4.260716
6.528136, 4.271656
6.474537, 4.281699
6.408190, 4.303069
6.352793, 4.317564
6.292399, 4.336260
6.232890, 4.357615
6.183986, 4.373574
6.066916, 4.436700
6.023374, 4.451675
5.959916, 4.486168
5.910260, 4.506348
5.850433, 4.540358
5.801171, 4.561481
5.745144, 4.588764
5.693256, 4.610707
5.644257, 4.620053
5.594659, 4.626463
5.564301, 4.636420
5.504183, 4.662435
5.417496, 4.702961
5.369700, 4.722043
5.190587, 4.778766
5.150232, 4.791546
5.009023, 4.842888
4.976404, 4.842008
4.963296, 4.867539
4.869381, 4.904408
4.765487, 4.940648
4.696302, 4.960025
4.625004, 4.976885
4.517892, 5.002215
4.443734, 5.019752
4.367351, 5.040891
4.278383, 5.067695
4.227716, 5.082961
4.179052, 5.094496
b70fc027-0b0a-47d8-a394-cf6f46023054
6.857989, 8.700027
6.777033, 8.707535
6.742782, 8.712388
6.712471, 8.715348
6.685690, 8.719642
6.589927, 8.734863
6.549690, 8.739743
6.507994, 8.744801
6.448649, 8.755013
6.384136, 8.773711
6.340440, 8.781700
6.291673, 8.789096
6.243959, 8.793303
6.203145, 8.795399
6.149573, 8.801147
6.095631, 8.808442
6.057407, 8.816631
6.001709, 8.829669
130b8871-61ba-48dc-99e5-8a9050aaab9f
6.878354, 8.982519
6.784386, 8.961497
6.724014, 8.954378
6.685350, 8.946806
6.643873, 8.938671
6.598884, 8.932887
6.556961, 8.927488
6.515041, 8.922078
6.463056, 8.924426
6.435620, 8.921170
6.385177, 8.915184
6.341821, 8.905518
6.292234, 8.894462
6.238799, 8.884082
6.213542, 8.877651
b3903d43-42b9-4d17-ad79-5a1592cec167
6.871149, 5.187966
6.910401, 5.206332
6.975417, 5.240057
7.049115, 5.273227
7.107255, 5.316016
7.147782, 5.347700
7.183600, 5.379504
7.278261, 5.478012
7.347939, 5.516108
7.358025, 5.520228
7.426594, 5.549853
7.467398, 5.567482
a558366a-d769-42fb-abfd-ca912c3874b0
7.011608, 4.283174
6.869903, 4.295283
6.822691, 4.289743
6.803918, 4.310949
6.738509, 4.332699
6.694539, 4.348591
6.584741, 4.371852
6.531168, 4.380104
6.476003, 4.394534
6.334232, 4.469598
6.282694, 4.487365
6.192821, 4.513898
6.147155, 4.532062
711e4356-5fd0-4829-93bd-1879d9e0b482
6.794008, 8.314085
6.718392, 8.340178
6.644533, 8.368832
6.571809, 8.400255
6.503802, 8.429641
6.444333, 8.461857
6.403544, 8.499271
6.360029, 8.524146
a06f049c-c27f-4d8d-9972-53bff846b8e1
6.817645, 9.835984
6.694105, 9.856988
6.616936, 9.878746
6.588587, 9.887797
6.525660, 9.907890
6.472339, 9.929629
6.427443, 9.939852
f1c95559-2243-4e5d-8a7f-86d8b17e22d3
6.813584, 10.011270
6.760744, 10.030025
6.706941, 10.040313
6.675165, 10.041818
6.625841, 10.042655
6.577991, 10.040473
6.547928, 10.043597
a409795c-c396-4a3e-ae8e-96f41aa90ec7
6.887035, 10.071079
6.913080, 10.089476
6.935556, 10.105351
7.003560, 10.128047
7.029547, 10.135142
9d0639ab-d7c5-4430-8316-ea150a2b7622
6.858355, 11.070584
6.797524, 11.083096
6.706986, 11.103866
6.654287, 11.117488
6.617100, 11.136375
2a5db9f4-26dd-447f-b743-ede76f2d519d
6.955103, 11.675530
7.023472, 11.695298
0c2400ad-3c16-490f-aae7-a2f0417acfd0
6.951176, 11.515204
6.986907, 11.541103
