main root
6.537045, 4.525552
6.567450, 4.707131
6.526449, 5.009676
6.503532, 5.167221
6.484782, 5.296113
6.458345, 5.419520
6.441463, 5.528630
6.430131, 5.629532
6.419738, 5.722084
6.409345, 5.814632
6.403185, 5.907179
6.399115, 6.000007
6.395406, 6.084588
6.391326, 6.177635
6.385134, 6.270819
6.369935, 6.371944
6.361911, 6.482270
6.350926, 6.575321
6.341991, 6.650999
6.334368, 6.728338
6.324402, 6.829444
6.315585, 6.903639
6.301354, 6.972654
6.286631, 7.029236
6.300714, 7.067139
6.284681, 7.188775
6.272147, 7.260964
6.262634, 7.333246
6.255268, 7.412154
6.250887, 7.491285
6.243853, 7.564216
6.233844, 7.636798
6.228594, 7.696786
6.225594, 7.765396
6.230846, 7.850889
6.232348, 7.924142
6.230856, 7.997398
6.232235, 8.076636
6.233562, 8.152826
6.228800, 8.223135
6.234788, 8.311917
6.235131, 8.383768
6.241953, 8.482984
6.233766, 8.582691
6.230583, 8.744392
6.228417, 8.854401
6.222022, 8.964247
6.209299, 9.073588
6.195446, 9.174339
6.177233, 9.291314
6.150763, 9.406459
6.119954, 9.512147
6.078669, 9.616077
6.039163, 9.709797
5.995741, 9.801919
5.958036, 9.886846
5.923680, 9.964229
5.895937, 10.037084
5.880662, 10.083107
5.813532, 10.340849
5.794303, 10.422902
5.767259, 10.538301
5.738049, 10.644400
5.700732, 10.748059
5.663452, 10.851616
5.630117, 10.956706
5.594837, 11.060933
5.564289, 11.157776
5.547112, 11.247386
5.530078, 11.347489
5.521428, 11.448753
5.507854, 11.557949
5.490089, 11.666545
5.475053, 11.758459
5.466361, 11.850687
5.464729, 11.972423
5.487586, 12.198551
5.489236, 12.298944
5.497394, 12.409065
5.512502, 12.527322
5.512552, 12.630997
5.512607, 12.744667
5.508443, 12.838277
5.489523, 12.932319
5.481696, 13.024542
5.477221, 13.077270
af924e4d-f5f2-4456-8472-468c332cc0be
6.196707, 9.285796
6.162891, 9.284118
6.128755, 9.274456
6.100233, 9.275233
6.069020, 9.282073
b3fae067-7410-4a92-98bf-0a111613df42
6.188106, 8.857382
6.148204, 8.865965
6.116697, 8.878883
b3a1c25c-183a-4f06-9a38-9be194d10996
6.295054, 8.026401
6.201434, 8.043280
6.145543, 8.050312
6.113053, 8.060431
6.060564, 8.079912
6.026387, 8.100579
83fc105e-af80-4e53-8838-73e8372a093e
6.252942, 8.473012
6.187599, 8.480583
ec5b6f44-b47e-4db2-917a-0e8136b27e1c
6.317624, 7.950226
6.229734, 7.958286
6.183964, 7.959476
6.135609, 7.954960
acad00d5-58a4-4900-849f-ad31880851fd
6.326836, 7.998348
6.389863, 8.017864
2b0e80a7-087a-456b-816a-02938648a8e1
6.296306, 7.429446
6.201652, 7.426020
6.112469, 7.398250
2e27135e-6aca-45b9-8a2b-84019fa5072e
6.345407, 6.855852
6.379109, 6.870973
6.427107, 6.902351
6.496923, 6.942627
6.570405, 6.980135
6.602199, 6.999724
b8408ba5-f5fe-441e-9936-1453677311cb
6.277656, 6.817817
6.205633, 6.843355
6.136564, 6.863081
6.056134, 6.888209
6.006607, 6.902114
5.956632, 6.922959
c7609a7b-8e84-40fa-ba13-ea47a612833a
6.627431, 4.695075
6.685023, 4.701122
6.716872, 4.705998
6.751866, 4.709871
6.783687, 4.714927
6.815233, 4.721482
6.846434, 4.729523
6.874868, 4.735335
6.909628, 4.740940
6.948021, 4.742611
6.981330, 4.742535
6.994732, 4.749406
7.039712, 4.765739
7.073677, 4.781257
afeb29e5-0c7c-499c-8029-9fac993a9555
6.498615, 4.713833
6.459056, 4.699314
6.435223, 4.690557
6.415935, 4.693031
6.383937, 4.695690
6.351852, 4.696917
6.319743, 4.696710
6.287676, 4.695069
6.252572, 4.694835
6.214479, 4.699134
6.182444, 4.701307
6.144777, 4.708424
6.124343, 4.704605
c763561e-ee8a-4c8a-90b4-dca53ec58af3
6.481233, 4.897966
6.444848, 4.907256
6.400295, 4.904476
6.354354, 4.897111
6.311215, 4.893227
6.270502, 4.894070
6.207707, 4.897880
