main root
7.499541, 4.515784
7.399607, 4.799495
7.320040, 5.031405
7.291873, 5.177036
7.230388, 5.362452
7.189525, 5.552343
7.139462, 5.835111
7.085565, 5.981756
6.991113, 6.196645
6.893821, 6.406397
6.852632, 6.554260
6.833037, 6.697729
6.795403, 6.834116
6.916543, 6.989314
6.926295, 7.076190
6.945072, 7.139933
6.983272, 7.221947
6.995469, 7.269405
7.016260, 7.344285
7.034574, 7.425753
7.043997, 7.481316
7.052181, 7.538522
7.060080, 7.604308
7.063161, 7.667639
7.068020, 7.736717
7.067979, 7.800116
7.066439, 7.866354
7.063404, 7.932537
7.058874, 7.998635
7.052851, 8.064612
7.045340, 8.130438
7.036344, 8.196075
7.028425, 8.264871
7.020852, 8.348800
7.014765, 8.416257
7.009438, 8.475287
7.002755, 8.532693
6.993608, 8.598316
6.981706, 8.662025
6.971301, 8.742170
6.954066, 8.826591
6.943905, 8.876368
6.927496, 8.949261
6.912622, 9.015338
6.894755, 9.087893
6.878559, 9.153666
6.860337, 9.227662
6.842115, 9.301659
6.827180, 9.381089
6.809418, 9.464338
6.799969, 9.515796
6.791995, 9.567502
6.783970, 9.609725
6.776866, 9.663132
cfcffa6e-6c4b-45c2-874a-ad5d9cebe6cb
6.804133, 6.375236
6.739700, 6.377830
6.697415, 6.379532
6.642501, 6.377249
6.590185, 6.376572
6.537872, 6.377391
6.484134, 6.381227
6.422244, 6.388646
6.361577, 6.400440
6.306452, 6.408353
6cd5052b-776f-44f9-a5ff-684578772823
7.466493, 4.576882
7.327430, 4.625273
7.258661, 4.653301
7.182286, 4.676417
7.140789, 4.709086
7.098128, 4.725489
7.050669, 4.745527
7.019816, 4.753868
6.974765, 4.761575
6.921849, 4.775361
6.886021, 4.780234
6.835228, 4.788827
6.787192, 4.795612
6.726260, 4.817998
6.693506, 4.793234
6.517396, 4.801501
6.422236, 4.823440
6.301763, 4.834189
6.158403, 4.846982
6.031661, 4.864614
5.914624, 4.887287
5.799665, 4.922452
5.677501, 4.955429
5.570238, 4.980001
5.486420, 5.014308
5.402258, 5.053300
5.288937, 5.112744
5.181422, 5.154917
5.061651, 5.195132
4.952509, 5.246650
4.795828, 5.311160
4.694402, 5.346053
4.597570, 5.377128
4.517990, 5.404845
4.438037, 5.432692
4.375759, 5.448042
4.316715, 5.473384
bcd36e5b-fc5a-495f-bb06-fd27ba8757fc
7.475050, 4.768150
7.621035, 4.863455
7.703120, 4.895865
7.786402, 4.942315
7.871009, 4.979870
7.956131, 5.017653
8.058554, 5.058486
8.205065, 5.141160
8.329716, 5.199518
8.434972, 5.253456
8.527852, 5.312939
8.621726, 5.370544
8.716516, 5.441089
8.815790, 5.507081
8.937331, 5.567760
9.043888, 5.630361
9.139919, 5.684324
9.227530, 5.735982
9.298392, 5.784987
9.366370, 5.837040
9.465747, 5.915569
54141e4b-ac95-4462-8158-156852702f01
7.429562, 4.857749
7.510380, 4.898590
7.575837, 4.950465
7.648809, 5.008295
7.725162, 5.060753
7.810036, 5.116500
7.894957, 5.172276
7.970882, 5.227178
8.053648, 5.300081
8.148680, 5.372541
8.249676, 5.449549
8.352156, 5.525047
8.448977, 5.593756
8.541565, 5.667222
8.665278, 5.767656
8.736358, 5.836242
8.812548, 5.915637
8.915786, 5.995927
8.987333, 6.070327
9.072768, 6.153079
9.165652, 6.240122
9.274076, 6.337027
9.384872, 6.410745
9.475693, 6.486379
9.576392, 6.564776
9.646560, 6.627401
9.708661, 6.685607
9.768214, 6.747109
9.831187, 6.824819
