main root
6.973028, 4.144225
6.978487, 4.437553
6.967837, 4.547499
6.953022, 4.656528
6.935923, 4.760127
6.930773, 4.817312
6.945719, 4.887220
6.954035, 4.986834
6.952623, 5.097117
6.953440, 5.198661
6.937503, 5.315967
6.935219, 5.427074
6.920271, 5.536529
6.903290, 5.645239
6.880354, 5.779701
6.864527, 5.897589
6.847792, 6.006331
6.838002, 6.125438
6.835297, 6.235827
6.820264, 6.331209
6.800928, 6.396215
6.783632, 6.464861
6.780090, 6.579622
6.770505, 6.621258
6.751319, 6.674983
6.762963, 6.780274
6.761453, 6.834672
6.761031, 6.903905
6.759132, 6.970119
6.758647, 7.039351
6.753717, 7.102550
6.749829, 7.171675
6.747440, 7.240868
6.743660, 7.307000
6.738392, 7.373032
6.734381, 7.442150
6.729052, 7.508176
6.727723, 7.580515
6.727949, 7.649749
6.729613, 7.699927
6.755041, 7.948575
6.763575, 8.017280
6.763526, 8.053289
6.764932, 8.122511
6.758676, 8.182887
6.758372, 8.258464
6.756611, 8.324681
6.756272, 8.393916
6.754453, 8.460133
6.756960, 8.532440
6.757761, 8.598676
6.757068, 8.664913
6.757842, 8.734142
6.763142, 8.806299
6.766501, 8.872455
6.771511, 8.941508
6.778015, 9.010436
6.779486, 9.073809
6.782589, 9.142973
6.780941, 9.206342
6.783556, 9.278645
6.787556, 9.347764
6.789891, 9.413963
6.790061, 9.461175
6.775909, 9.497783
090f5d82-0ce7-4e44-bfee-7da18583ed33
7.032357, 4.218452
7.244929, 4.318540
7.356849, 4.371725
7.543114, 4.463192
7.730669, 4.513913
7.780451, 4.533591
7.815708, 4.537885
7.874467, 4.545041
7.933241, 4.552186
7.988682, 4.561929
8.046998, 4.572163
8.091498, 4.582998
8.149028, 4.596991
8.199327, 4.615374
8.262619, 4.632117
8.300535, 4.649889
8.359367, 4.674869
aea84371-fe27-43aa-8d9e-cd0563727385
7.033832, 4.201609
7.539077, 4.422258
7.727526, 4.454660
7.818450, 4.468237
7.916195, 4.486798
7.999297, 4.513350
8.080402, 4.534910
8.123361, 4.546329
bd442ec5-8537-466c-8f26-cbedc368d375
7.039536, 4.554422
7.106058, 4.565431
7.141140, 4.578230
7.185094, 4.599046
7.244397, 4.627130
7.273092, 4.640720
7.292061, 4.653016
7.415205, 4.711489
7.440013, 4.723310
7.466883, 4.732838
7.498419, 4.737710
7.540047, 4.744140
7.578260, 4.753072
7.634170, 4.767677
7.701532, 4.783727
7.772831, 4.796100
7.811434, 4.807355
7.860205, 4.821576
7.895103, 4.834868
7.942760, 4.859428
7.999472, 4.885287
8.047453, 4.912099
8.108617, 4.944564
8.146164, 4.962799
942288f7-38e4-410a-9905-304de4fc66c6
6.947498, 4.356122
6.891917, 4.430109
6.875768, 4.444130
6.843892, 4.471806
6.804232, 4.502275
6.757782, 4.534185
6.709701, 4.563584
6.666678, 4.595153
6.630841, 4.621450
6.503651, 4.709787
6.437259, 4.732061
6.171191, 4.882909
6.090027, 4.918321
6.049676, 4.939192
6.014639, 4.950575
5.978312, 4.959230
5.951384, 4.968724
5.937140, 4.988640
5.878021, 5.023123
5.839194, 5.047156
5.800040, 5.076320
5.764146, 5.104546
5.743979, 5.121929
5.724583, 5.140623
b0a21c0d-5e06-4e15-85e8-5e671c36f843
6.955323, 4.214283
6.896918, 4.280328
6.863571, 4.309000
6.829389, 4.344313
6.795529, 4.379293
6.721147, 4.470938
6.682485, 4.504325
6.638401, 4.532506
6.595563, 4.566996
6.542124, 4.615787
6.497911, 4.647728
6.457067, 4.675390
6.417959, 4.696456
6.393772, 4.714584
6.372547, 4.736104
6.336889, 4.774393
6.302340, 4.813686
6.270014, 4.870848
6.225209, 4.913235
6.188361, 4.946033
6.161114, 4.976297
6.127455, 5.020395
6.092403, 5.052014
5f1b168f-dd26-497d-8fa0-c3d8f3480816
6.954905, 4.631319
6.899430, 4.669511
6.878870, 4.678866
6.843040, 4.728335
6.732447, 4.908144
6.713851, 4.926952
6.684284, 4.965423
6.648531, 4.971321
6.642040, 4.991629
6.595856, 5.036664
6.569986, 5.070249
6.529320, 5.134445
6.505090, 5.204615
6.486688, 5.276253
6.465024, 5.342540
6.453488, 5.382654
6b34ca64-05b2-4d98-9cdf-ba3481caa097
6.856995, 6.349827
6.895706, 6.366625
6.944581, 6.390097
bcfe2e43-0ba7-48df-8a64-7a08a5027ab3
6.868340, 6.047605
6.939064, 6.065685
