main root
6.363543, 4.656116
6.372095, 4.788029
6.409954, 5.009515
6.436356, 5.228568
6.473716, 5.464717
6.403793, 5.806858
6.359173, 6.013942
6.316038, 6.184431
6.286706, 6.345511
6.265655, 6.506140
6.264290, 6.675697
6.291371, 6.865217
6.318939, 7.090385
6.347970, 7.241135
6.424257, 7.455144
6.447666, 7.613080
6.483600, 7.784276
6.521818, 7.925168
6.574154, 8.078156
6.583378, 8.131260
6.590421, 8.189301
6.587806, 8.248235
8306ccd0-8734-427a-939b-42fa867c7e29
6.512294, 4.674373
6.620040, 4.638829
6.752718, 4.602391
6.830379, 4.590192
6.915854, 4.591271
7.017188, 4.581974
7.118640, 4.574789
7.220436, 4.571821
7.313822, 4.571202
7.400242, 4.578925
7.492907, 4.582982
7.602869, 4.587798
7.712684, 4.594725
7.813919, 4.607469
7.916023, 4.605399
7.986102, 4.608210
8.120702, 4.636658
8.164785, 4.649034
0606c1f7-30f2-411f-b30a-89eb8be761e3
6.286500, 4.728633
6.096890, 4.823254
5.941395, 4.895520
5.733562, 4.973837
5.626037, 5.036282
5.450806, 5.121521
5.353002, 5.149080
5.254642, 5.179524
5.140593, 5.210534
4.988963, 5.264754
4.871127, 5.297949
4.781006, 5.329931
4.730227, 5.349540
4.684898, 5.356341
1229b976-3934-41b3-924b-0f133f7b4f45
6.474691, 4.923788
6.698721, 5.077764
6.835227, 5.138291
6.971898, 5.185534
7.091812, 5.240862
7.231340, 5.297486
7.373177, 5.346350
7.498461, 5.398881
7.615082, 5.438647
7.686931, 5.474258
7.777091, 5.521306
7.844822, 5.570965
7.930994, 5.639391
8.019013, 5.695775
8.107788, 5.745108
8.197555, 5.792571
8.298929, 5.853331
8.386072, 5.905560
8.464199, 5.957291
8.504171, 5.987348
8.550304, 6.025008
3477f8cc-9f99-44b4-ba26-8f68e40e8776
6.497206, 5.814253
6.596754, 5.841048
6.689063, 5.856268
6.761877, 5.872831
6.801091, 5.881752
3878ab73-ee29-42d4-a723-6a7c060df54b
6.549447, 5.433428
6.611840, 5.440858
6.643746, 5.448185
6.661286, 5.442566
6.724745, 5.438912
6.757849, 5.431009
6.797743, 5.423024
6.845203, 5.416577
6.903932, 5.408599
6.961379, 5.402306
7.030036, 5.393279
7.065713, 5.388588
7.089607, 5.386956
60f4a66d-a063-40b7-ab55-2bf7730e276f
6.335669, 4.899442
6.166567, 4.939710
6.029589, 4.976653
5.991822, 4.983074
5.950434, 4.990683
5.904231, 5.005225
5.866034, 5.014070
5.822787, 5.027120
5.780487, 5.042971
5.745061, 5.059401
5.705413, 5.081049
5.668458, 5.101182
5.630290, 5.125343
5.569142, 5.167871
5.533772, 5.187000
5.489692, 5.209138
5.444294, 5.231938
5.376201, 5.266136
5.310770, 5.292298
5.254906, 5.316247
5.198862, 5.343530
5.142812, 5.377475
5.104147, 5.381346
5.083349, 5.363021
5.087233, 5.336273
5.109286, 5.318628
5.112576, 5.289955
5.086015, 5.274752
