main root
7.797779, 5.398623
7.843253, 5.625691
7.821784, 5.799093
7.812589, 6.011177
7.794946, 6.246787
7.790488, 6.389758
7.788200, 6.524307
7.789157, 6.669711
7.785810, 6.798251
7.788245, 6.943582
7.792219, 7.089825
7.811011, 7.215601
7.829778, 7.341208
7.846042, 7.450063
7.884847, 7.578305
7.909792, 7.694996
7.926928, 7.795392
7.938530, 7.888370
7.964468, 7.977322
7.988586, 8.067546
8.013410, 8.192175
8.038823, 8.308970
8.066121, 8.424508
8.093379, 8.539869
8.122831, 8.646121
8.154286, 8.751674
8.183303, 8.849041
8.209384, 8.978021
8.237452, 9.084802
8.265306, 9.182449
8.299894, 9.296013
8.342699, 9.407589
8.368608, 9.527680
8.389117, 9.647057
8.347266, 9.891046
8.315755, 10.062431
8.280041, 10.214532
8.222293, 10.386354
8.150276, 10.556856
8.096508, 10.738118
8.031824, 10.936665
7.984221, 11.102966
7.937188, 11.254155
7.890159, 11.419342
7.849877, 11.591382
7.812212, 11.775767
7.787364, 11.929283
7.764744, 12.065056
7.746122, 12.200309
7.733064, 12.333519
7.728604, 12.464916
7.726385, 12.592193
7.721838, 12.754157
7.725373, 12.854150
7.718645, 12.938691
1f58ecc6-8ef4-434a-8728-c0b555be048f
8.437034, 9.757834
8.498239, 9.799169
8.525546, 9.828869
8.569324, 9.830765
8.638016, 9.853003
8.680820, 9.873155
7b618e8b-be36-475a-bb1f-be6c18ed468c
8.149166, 8.868834
8.088800, 8.893051
8.001147, 8.926657
7.918603, 8.951366
7.837495, 8.975646
7.729620, 9.014411
ed5fa2c8-6487-4047-9f43-5f14db027492
8.118721, 8.489382
8.200162, 8.477899
8.321038, 8.459650
8.407012, 8.454006
8.490945, 8.446417
8.604020, 8.444039
4e1c374e-6894-4201-bb2d-372588d4ced3
8.047901, 8.153386
8.165516, 8.159212
8.250220, 8.173746
8.331909, 8.185667
8.396358, 8.186688
8.489078, 8.183950
8.544750, 8.183805
8.594438, 8.191156
926f0b0f-0351-43c0-8d6d-70fcd09f1dac
7.962317, 7.732265
8.005721, 7.727086
8.076513, 7.724137
8.149755, 7.724327
8.259580, 7.733077
8.335545, 7.739128
8.377859, 7.736492
8.433476, 7.730026
8.504959, 7.709662
8.564137, 7.700885
286fab17-99d4-4dd1-a919-51a7604857f3
7.879676, 7.418751
8.017958, 7.420992
8.111282, 7.430739
8.177368, 7.431297
8.269099, 7.425676
619aa13d-0341-4e48-af49-949eb64a835f
7.733168, 5.839984
7.638192, 5.849751
7.551454, 5.847489
7.440539, 5.861529
7.314555, 5.869013
7.235656, 5.884215
7.137324, 5.909625
6.988785, 5.914663
ec2870b4-afc1-4760-9b7e-b1997e69f27d
7.949955, 5.635984
8.064992, 5.561027
8.154327, 5.535282
8.241425, 5.542522
8.350354, 5.555823
8.445975, 5.580191
8.568269, 5.613522
8.681199, 5.648675
8.769324, 5.680512
8.855934, 5.716275
8.941428, 5.753854
9.038342, 5.784901
9.132810, 5.824048
9.233634, 5.868120
9.295969, 5.884052
9.378202, 5.900789
9.462490, 5.926531
9.551178, 5.955815
9.611718, 5.978958
9.673010, 6.002387
9.719991, 6.023106
bb09fe0e-850e-46f5-9f95-67d39c4bd889
7.863528, 5.463671
8.043956, 5.475361
8.157007, 5.426923
8.252061, 5.388972
8.341225, 5.352783
8.438714, 5.353188
8.564988, 5.352971
8.677861, 5.354891
8.796992, 5.350586
8.898678, 5.349029
9.000818, 5.358041
9.102676, 5.354288
9.206391, 5.356820
9.308181, 5.376230
9.436871, 5.387947
9.539667, 5.401555
9.612942, 5.419742
9.686893, 5.438097
9.734143, 5.449824
83f24842-db51-4093-820f-982c90b09a07
7.728072, 5.575210
7.629298, 5.557453
7.507194, 5.535252
7.452006, 5.522383
7.383535, 5.515445
7.324589, 5.509472
7.191635, 5.491579
7.060313, 5.502935
6.969272, 5.517138
6.868890, 5.532799
6.760949, 5.556063
6.676484, 5.570024
6.586903, 5.593360
6.508876, 5.619871
6.440466, 5.636791
6.364304, 5.658711
6.293121, 5.676083
6.221288, 5.690531
6.146581, 5.705556
6.069529, 5.724106
5.993231, 5.745553
5.921943, 5.762483
5.847802, 5.780088
5.771439, 5.801298
5.698014, 5.821690
5.624590, 5.842081
5.555331, 5.855102
5.488454, 5.870721
5.443706, 5.888856
