main root
6.443677, 4.786627
6.398588, 4.961486
6.353211, 5.153822
6.327916, 5.253857
6.303409, 5.351105
6.276633, 5.448705
6.251243, 5.565176
6.233770, 5.665190
6.221052, 5.774877
6.213570, 5.876130
6.206706, 5.969006
6.201957, 6.061810
6.194649, 6.163253
6.194861, 6.246875
6.197150, 6.331116
6.201512, 6.415276
6.204661, 6.516923
6.207807, 6.618481
6.219071, 6.710371
6.234520, 6.801827
6.254101, 6.892489
6.277774, 6.982170
6.301545, 7.072222
6.325315, 7.162274
6.345139, 7.253856
6.368854, 7.343533
6.390691, 7.434338
6.402820, 7.520243
6.415838, 7.612460
6.430905, 7.704146
6.448591, 7.786181
6.466211, 7.877900
6.484142, 7.960236
6.500223, 8.043824
6.521477, 8.143113
6.535798, 8.260401
6.555779, 8.392584
6.584834, 8.499846
6.620136, 8.622141
6.636771, 8.739958
6.648187, 8.879439
6.642047, 9.006038
6.626765, 9.151155
6.612061, 9.270696
6.603263, 9.329952
6.587674, 9.380608
6.574449, 9.561531
6.570458, 9.670773
6.561646, 9.796961
6.548647, 9.922818
6.527358, 10.047209
6.503712, 10.222562
6.485920, 10.322841
6.471431, 10.443006
26787a91-272f-4167-ae7a-cefd6dd0e7a1
6.472460, 4.894363
6.553852, 4.935442
6.612308, 4.966622
6.653238, 4.990151
6.689563, 4.998945
6.749972, 5.018192
6.820149, 5.035837
6.921389, 5.092866
7.056394, 5.160142
7.099381, 5.162158
7.164101, 5.168819
7.257029, 5.214316
7.285342, 5.231511
7.314771, 5.228787
16421022-6fc2-4682-a980-487d66037666
6.476047, 4.992001
6.541405, 5.023938
6.638218, 5.075955
6.715244, 5.124546
6.762064, 5.152312
6.798515, 5.182277
6.849057, 5.217575
6.905519, 5.233212
6.979756, 5.265387
7.053158, 5.295137
7.107414, 5.326241
7.163123, 5.353003
7.204829, 5.378019
4ebdafb1-fac1-4489-b314-0e6a98a61a7b
6.344242, 4.936671
6.257597, 4.967519
6.184639, 4.979479
6.144314, 4.992004
6.070490, 5.017909
5.997563, 5.046672
5.928318, 5.072374
5.886645, 5.087841
5.818848, 5.127174
5.738158, 5.150797
5.663074, 5.181375
5.564122, 5.230812
5.470444, 5.275248
5.424055, 5.293939
5.374362, 5.307507
a8f6a816-273f-48f9-afc1-4338187fd3dd
6.417772, 7.811758
6.399078, 7.823422
6.366765, 7.840819
29b9ab76-2916-4658-b988-56760fde2b75
6.407086, 7.410109
6.422214, 7.408696
6.476860, 7.426235
e29d798b-aa70-48c1-acdf-5a1582925fcb
6.230505, 6.159289
6.292216, 6.176035
6.358382, 6.200194
6.411513, 6.206849
6.469160, 6.225671
a56734fc-d0ff-43f4-ab2f-7263a438ae10
6.186263, 5.797462
6.150628, 5.816224
6.091843, 5.858873
6.034215, 5.892404
aa4ee71b-e6b4-4531-81f9-4bfa99f7047c
6.277734, 5.723456
6.303518, 5.738209
6.367819, 5.775001
6.414970, 5.807152
13eee986-b65c-47f8-a889-877fe75addf1
6.525940, 4.806333
6.604000, 4.817533
6.756802, 4.821816
