main root
5.786041, 5.416561
6.019011, 5.497511
6.204781, 5.622172
6.364106, 5.822188
6.427162, 5.982592
6.432032, 6.045479
6.448595, 6.149706
6.441642, 6.214172
6.438043, 6.326438
6.442333, 6.454712
6.429365, 6.569474
6.423329, 6.697686
6.416818, 6.848114
6.417167, 6.936812
6.419636, 7.029695
6.426010, 7.113372
6.426846, 7.207427
6.435877, 7.290323
6.448030, 7.382440
6.461105, 7.465690
6.476226, 7.548595
6.493382, 7.631103
6.518395, 7.710649
6.554075, 7.796068
6.600447, 7.896105
6.662636, 8.001788
6.709167, 8.168829
6.760373, 8.236320
6.828717, 8.349943
6.883944, 8.517611
6.960731, 8.716905
7.051488, 8.993477
7.077012, 9.173964
7.105989, 9.499776
7.149088, 9.797256
7.185297, 10.060552
7.177451, 10.247269
7.170353, 10.450756
7.149538, 10.587701
7.129827, 10.689292
7.118563, 10.739485
7.103917, 10.792835
c678c9ea-5c1b-4aff-b915-ac7901c34c03
6.002061, 5.410570
6.166010, 5.399926
6.480207, 5.391377
6.606395, 5.422928
6.704619, 5.445307
6.806039, 5.455398
6.867281, 5.474174
6.973182, 5.504428
7.070370, 5.534393
7.138842, 5.552371
7.182273, 5.566870
7.225534, 5.589086
ac80759f-ffd1-4ebd-b564-e7eb0dd6d934
6.014176, 5.446029
6.275164, 5.398687
6.435120, 5.463465
6.560705, 5.477504
6.629185, 5.494839
6.706279, 5.514354
6.823124, 5.534596
7.025888, 5.577941
19430b38-9842-4513-8573-e5e3d64f0956
6.303350, 5.619950
6.474904, 5.609335
6.601588, 5.577315
6.772607, 5.553282
6.912964, 5.564475
2515353b-90af-411f-ab62-fa1ff947407d
6.443701, 5.786001
6.523572, 5.819821
6.622537, 5.850314
6.705275, 5.879845
6.786392, 5.899184
6.858718, 5.917965
6.938284, 5.945055
6.996709, 5.969690
7.057164, 5.996806
7.146689, 6.046234
7.192292, 6.078250
7.266894, 6.096459
7.351776, 6.107933
7.425607, 6.119424
7.474296, 6.137605
7.572150, 6.165113
7.639967, 6.188841
7.709983, 6.214924
7.805198, 6.250395
7.876603, 6.276995
7.949932, 6.302715
8.019103, 6.326775
7fd150a1-37b2-4857-9fd9-2a758bee8032
6.489340, 6.186985
6.588023, 6.224797
6.659547, 6.255597
6.711844, 6.283676
6.745062, 6.297115
6.816310, 6.316254
6.860642, 6.339642
740a0afb-aae8-44bd-bb00-f8ab6a1a9a63
6.505539, 6.197447
6.575389, 6.277935
6.612937, 6.329648
6.637803, 6.363893
6.652272, 6.388922
6.671803, 6.400150
6.685648, 6.415017
6.706190, 6.439389
6.727724, 6.464937
6.751479, 6.490673
6.762475, 6.509088
6.781768, 6.538320
6.798209, 6.565805
6.815361, 6.594479
5857d755-a07b-40a3-b54d-3a92c3122fe1
6.479899, 6.493717
6.568781, 6.515745
6.654856, 6.544833
6.722306, 6.571812
6.787037, 6.601312
6.857410, 6.620032
6.943778, 6.632165
6.990231, 6.647759
7.078519, 6.677396
7.154553, 6.699762
7.222086, 6.724308
7.291064, 6.751628
7.332491, 6.774476
7.387915, 6.806754
7.438912, 6.838184
260beeae-c3b6-4411-9784-fbdd964f5eca
6.474206, 6.489823
6.528583, 6.564043
6.607750, 6.684313
6.740578, 6.887194
6.758623, 6.920262
6.773624, 6.955936
6.787681, 6.980760
6.804247, 7.003984
6.829288, 7.033971
6.860533, 7.066748
6.885395, 7.097201
6.895217, 7.128193
6.919302, 7.129480
6.983677, 7.182048
7.024204, 7.207149
7.076387, 7.239472
7.123540, 7.269249
8ddbce36-f093-46db-b830-560ba117ff2c
6.464845, 6.646298
6.508877, 6.679832
6.578440, 6.718941
6.644384, 6.757897
6.702169, 6.806962
6.755950, 6.824041
6.804783, 6.855944
c67f8666-4826-44cf-a4ff-7a5d44cbd08f
6.709879, 7.979407
6.833807, 7.908093
6.930057, 7.898120
6.991456, 7.910304
7.021473, 7.920839
7.071312, 7.936743
7.117827, 7.953158
7.167636, 7.969148
7.214123, 7.985643
7.244213, 7.999496
7.280618, 8.019551
7.313629, 8.041156
7.346978, 8.064769
7.386059, 8.086939
7.432286, 8.111443
7.456598, 8.124330
8cab8de1-5c70-4609-9fd6-e3bf746c5a4c
6.715868, 7.988673
6.849643, 8.038420
6.931385, 8.072641
6.999716, 8.101253
7.040725, 8.115182
7.100956, 8.126200
7.217990, 8.116345
7.279931, 8.123374
6ce2c847-2dfe-4f63-a6b6-b8641a467536
6.698638, 8.238091
6.606518, 8.315035
6.534625, 8.377294
6.476399, 8.431050
6.420582, 8.478510
6.370785, 8.537338
6.338000, 8.594604
6.303177, 8.643378
6.269360, 8.694365
ed5ad48e-9e7f-49b7-a4e5-138f783d4f3f
6.896100, 8.792633
6.831597, 8.861437
6.777595, 8.898397
