main root
6.551789, 3.475567
6.560949, 3.818681
6.467122, 4.119033
6.410847, 4.576674
6.393779, 4.919614
6.408178, 5.434685
6.445765, 5.806076
6.510624, 6.163292
6.605131, 6.501047
6.742370, 6.855701
6.822365, 7.081657
6.905727, 7.428162
6.955261, 7.755134
6.962275, 8.249818
6.901038, 8.638887
6.801496, 8.959153
6.760699, 9.282465
6.619522, 9.771944
6.506780, 9.967726
9f1a0b23-d610-4d4c-98e2-042259441ab7
6.393598, 4.751091
6.204923, 4.773861
71e17428-27f8-49e9-a105-da295ea01371
6.405040, 4.584348
6.244588, 4.640346
1a796f2a-4acd-4479-a320-fb19c45ff623
6.438900, 4.313766
6.555193, 4.358323
6.677898, 4.371403
6.816218, 4.440682
6.909724, 4.496218
53f743cf-a424-4cd0-ae93-fd603ad10dad
6.441875, 4.367578
6.277193, 4.361209
6.100609, 4.346892
5.885466, 4.288802
cc758e5e-ca7b-458d-932f-8552f82184b6
6.421967, 4.220633
6.315860, 4.225200
6.152913, 4.234401
6.049492, 4.263749
0dec161c-06ae-484c-8ef3-7c04ed04a0ff
6.422347, 4.118390
6.278399, 4.140126
6.120149, 4.141140
6.060930, 4.202128
6.004795, 4.296207
5.959997, 4.372189
