main root
6.546845, 4.881298
6.685431, 5.147268
6.770391, 5.376933
6.820677, 5.625233
6.828949, 5.740048
6.824828, 5.883283
6.810257, 6.032176
6.793180, 6.185920
6.764193, 6.291937
6.719425, 6.432183
6.661026, 6.575378
6.614583, 6.678217
6.566768, 6.794287
6.542419, 6.864500
6.534194, 6.926967
6.526097, 7.037082
6.531862, 7.102906
6.543264, 7.184616
6.564953, 7.248178
6.596456, 7.353606
6.625069, 7.442017
6.651137, 7.522564
6.679814, 7.611174
6.696920, 7.705017
6.723126, 7.778407
6.754445, 7.866117
6.789446, 7.970431
6.821765, 8.066750
6.845633, 8.157719
6.881114, 8.243223
6.919350, 8.346404
6.951712, 8.433735
6.984075, 8.521067
7.016437, 8.608398
7.056642, 8.707521
7.096243, 8.799534
7.124500, 8.880925
7.144729, 8.939138
7.173777, 9.000448
7.204363, 9.083665
7.239412, 9.179027
7.271542, 9.266445
7.337608, 9.385312
7.366510, 9.495017
7.390397, 9.602294
7.406635, 9.694577
7.430898, 9.783920
7.461798, 9.889629
7.486287, 9.988485
7.518953, 10.093951
7.541023, 10.193803
7.560622, 10.302079
7.583292, 10.391897
7.600140, 10.484426
7.618339, 10.584380
7.632996, 10.676623
7.653094, 10.776155
7.669513, 10.868089
7.685308, 10.968560
7.701087, 11.068933
7.709652, 11.171988
7.713696, 11.271675
7.715378, 11.365051
7.712771, 11.450625
7.710194, 11.535252
7.698920, 11.629027
7.696269, 11.721563
7.689384, 11.815013
7.678310, 11.908059
7.664172, 12.011272
7.653855, 12.102060
7.638162, 12.202694
7.625927, 12.294801
7.606228, 12.394908
7.584522, 12.494262
7.562837, 12.593520
7.544286, 12.664405
7.527682, 12.710118
51f57a5c-8827-45f4-8ef7-248e17f49c89
7.631980, 12.039537
7.595242, 12.041784
7.547200, 12.048777
2f1dd492-ad6c-4159-af55-fa864316f73b
7.750960, 11.423668
7.801789, 11.427781
7.841699, 11.439756
7.887974, 11.450636
1e318cb8-f33e-4064-a5c6-965afb73ff4d
7.700742, 10.742078
7.736040, 10.735825
7.787501, 10.730429
7.851036, 10.733743
7.922363, 10.735964
7.980632, 10.740774
f8988b72-2730-4658-a92e-9c2a0ed865c4
7.539504, 10.424584
7.494624, 10.409802
7.448133, 10.394489
7.401700, 10.380068
7.381192, 10.370563
654644c9-a2dd-4188-9919-05a0507880fc
7.498601, 10.193639
7.436743, 10.158914
7.398453, 10.148908
7.375697, 10.137624
7.356363, 10.139629
8d87cd8d-8e15-4d63-b8b3-3ec445cd21e9
7.467429, 9.739744
7.571125, 9.757432
7.670801, 9.778972
7.729876, 9.799263
7.796420, 9.817749
7.863326, 9.833230
7.937493, 9.838101
7.985521, 9.845755
8.046416, 9.861757
8.108049, 9.879502
8.163333, 9.898533
a5ed34a5-d976-4d34-9922-d2eddc44ca62
7.417612, 9.874818
7.356597, 9.919475
7.321942, 9.939814
7.264937, 9.963984
7.195812, 9.992083
7.131973, 10.020316
7.095000, 10.043471
7.029075, 10.094546
6.969375, 10.137013
6.909359, 10.177865
6.853899, 10.208111
1806f2f0-0e7c-46c7-b25e-0cd85c0b06a5
7.233324, 9.269049
7.156295, 9.342617
7.089773, 9.400724
7.044163, 9.448616
6.998111, 9.489636
6.948933, 9.535939
6.901577, 9.566136
6.861129, 9.604439
6.820029, 9.641877
6.775306, 9.689438
6.731845, 9.732954
6.677991, 9.782642
6.621642, 9.842779
6.543365, 9.920129
6.501245, 9.955438
6.456892, 9.998478
6.419043, 10.026863
d550de47-8ae3-4c02-b245-cbc4fd223d9a
7.316465, 9.297691
7.440939, 9.324456
7.500915, 9.338709
7.581871, 9.308123
7.669590, 9.266496
7.702104, 9.251057
7.723634, 9.244134
7.747903, 9.239465
7.782647, 9.238875
7.824916, 9.238159
7.862184, 9.240522
7.900732, 9.244465
7.926465, 9.248601
5278d7f1-6155-476f-9da7-865938efde75
7.349080, 9.301613
7.509524, 9.339278
7.599004, 9.356323
7.730660, 9.373253
7.823037, 9.385133
7.915330, 9.401242
8.007192, 9.415142
8.090570, 9.421465
8.175270, 9.429969
8.259306, 9.436321
8.344000, 9.444802
8.428663, 9.457448
8.500631, 9.471226
8.573727, 9.486742
8.656559, 9.502206
8.703339, 9.515507
8.754612, 9.533199
50e2553d-0636-4aa1-b0ca-7f3372ff17c1
7.208276, 8.945104
7.254245, 8.957280
7.317271, 8.969979
7.416994, 8.985518
7.488651, 8.999712
7.559620, 9.016860
7.640655, 9.030322
7.708677, 9.047729
7.779023, 9.056501
7.861102, 9.060702
7.910846, 9.066208
8.023976, 9.102164
8.130261, 9.131504
8.209240, 9.148648
8.265038, 9.165006
8.309686, 9.184108
ec497ba5-84d3-40ff-a09d-6a7434833938
7.090833, 8.674100
7.146365, 8.697309
7.185136, 8.713630
7.222211, 8.730793
7.264336, 8.753593
7.312401, 8.783013
7.358834, 8.814944
7.412168, 8.846172
7.476759, 8.878788
7.529181, 8.911966
7.610093, 8.949007
7.679380, 8.980726
84d0b018-0d43-4ca8-a71d-69cc9b456b22
7.099884, 8.964001
7.059031, 8.962915
7.010642, 8.961859
6.977726, 8.958147
6.952036, 8.953744
6.914448, 8.933836
6.864581, 8.887187
6.842534, 8.862464
6.818587, 8.831113
6.784841, 8.791862
6.759920, 8.767468
6.708260, 8.731715
6.644091, 8.708204
6.586317, 8.698318
70b54002-9f92-46ae-8c0f-9fe2bb71137e
6.768915, 7.761818
6.818979, 7.782606
6.849744, 7.801929
6.864512, 7.818392
6.884495, 7.849318
6.894139, 7.869762
6.919689, 7.876237
6.937070, 7.905069
6.968370, 7.948288
6.987779, 7.980192
0c8dcf52-8819-46eb-9352-724b7eaeeac0
6.609365, 7.215615
6.690599, 7.200932
6.785013, 7.175941
6.850287, 7.153280
6.916756, 7.140606
6.997888, 7.144893
7.058346, 7.151085
7.116001, 7.162221
7.151598, 7.165251
7.224773, 7.162467
7.274688, 7.168057
7.358640, 7.175373
7.418171, 7.182062
7.471968, 7.196158
1045c9b7-8a6f-42fe-912f-9e8fa12de30b
6.588630, 6.861801
6.609125, 6.889318
6.628587, 6.933197
6.683097, 7.032342
6.714850, 7.063001
6.772327, 7.104103
6.825574, 7.115941
be4dc70e-11da-45e1-92b3-5639f4a2b0fb
6.666269, 6.669222
6.693699, 6.743567
6.703906, 6.788806
6.708578, 6.835885
6.713003, 6.895627
d674235e-6688-4354-a7f0-10ca7e93bc17
6.840179, 6.281427
6.905167, 6.332386
6.957986, 6.395323
7.002281, 6.426971
7.032609, 6.464271
7.064675, 6.491814
7.092512, 6.519684
7.122376, 6.549598
7.148001, 6.579515
7.179713, 6.611951
7.205024, 6.642135
7.232177, 6.674530
7.255106, 6.706561
7.279703, 6.740938
7.300116, 6.774627
7.317901, 6.809775
7.336976, 6.847497
7.352023, 6.883902
7.362520, 6.909327
7.372213, 6.932805
40565b2b-89cb-49f4-82f1-b24298aece31
6.837012, 6.275647
6.929907, 6.356412
6.998486, 6.366396
7.029366, 6.377069
7.080414, 6.402000
a49df760-dc76-4642-b47b-b604214b7d04
6.732605, 5.492684
6.633448, 5.580086
6.582881, 5.678925
6.538061, 5.746949
6.504172, 5.790222
6.462922, 5.847751
6.418719, 5.901690
6.375159, 5.947762
6.328742, 6.001211
6.271839, 6.066735
6.232234, 6.100927
6.180808, 6.147301
6.130724, 6.188435
6.072667, 6.228370
6.009883, 6.271556
5.934540, 6.325933
5.881671, 6.362245
5.837599, 6.401639
5.810415, 6.431960
5.781320, 6.475624
5.760265, 6.515318
1f7b46f7-dd3f-4635-b9a2-7dc04ea8bbe2
6.739827, 5.485449
6.655157, 5.543965
6.629123, 5.587254
6.653620, 5.715714
6.656634, 5.748528
6.665259, 5.779063
6.688463, 5.839188
6.687208, 5.879177
6.679886, 5.921665
6.669387, 6.000212
6.662764, 6.063825
20b543de-1777-4065-b699-0248bd117b97
6.467445, 5.044985
6.359197, 5.176264
6.327086, 5.243172
6.271274, 5.339574
6.232549, 5.408747
6.153733, 5.496516
6.078954, 5.541086
6.035958, 5.557922
b573682c-4215-4fb6-89ae-9635f79df337
6.472709, 5.024838
6.294646, 5.053819
6.196501, 5.037563
6.148633, 5.046860
6.103796, 5.053232
6.060859, 5.083103
6.017385, 5.116654
5.987496, 5.159258
5.971289, 5.197669
5.954045, 5.230762
5.955580, 5.274243
5.954476, 5.310471
5.952991, 5.359128
5.958013, 5.390681
5.965763, 5.420339
5.984391, 5.479802
5.998351, 5.534380
6.015101, 5.587802
6.025865, 5.622136
6.040966, 5.650295
efc5ffd4-9335-455e-8582-6ef4bb89f107
6.804454, 5.221206
6.895120, 5.232489
6.975845, 5.268253
7.040584, 5.289569
9621aed2-e173-47b0-abf4-cc11f1673bcf
6.753196, 5.017437
6.819247, 4.983012
6.887254, 4.961200
6.959701, 4.953787
6.990298, 4.951768
7.014612, 4.951273
7.056711, 4.970631
7.089851, 4.981475
7.141179, 5.003496
7.174770, 5.016497
7.224498, 5.031022
7.252830, 5.042618
7.300344, 5.063277
7.345889, 5.087977
7.380904, 5.110372
7.415147, 5.141156
7.467633, 5.186328
7.514746, 5.230826
7.570142, 5.283147
7.617074, 5.335710
7.670655, 5.379927
7.736952, 5.431951
7.808292, 5.474751
7.881599, 5.516315
7.951981, 5.568140
8.039753, 5.619635
8.126383, 5.672915
8.210844, 5.729827
8.296536, 5.772265
8.489354, 5.829825
8.567940, 5.848098
8.727321, 5.893711
8.891105, 5.927641
9.081800, 5.967146
9.220553, 6.010782
9.373497, 6.068946
9.526957, 6.131718
9.677557, 6.180037
9.824515, 6.224198
9.947071, 6.265401
10.161061, 6.340449
09ef0718-fd24-471a-b30c-f60a12b4db90
6.851521, 5.397766
6.935686, 5.347958
6.979018, 5.306698
7.071215, 5.245049
7.123764, 5.226812
7.197059, 5.199678
7.262808, 5.212102
7.339510, 5.280126
7.407355, 5.346887
7.480590, 5.414085
7.594643, 5.504502
7.643914, 5.532825
7.728027, 5.571472
7.813985, 5.606338
7.902576, 5.633192
7.992473, 5.656046
8.080998, 5.691574
8.168560, 5.722182
8.260245, 5.736403
8.380950, 5.789656
8.463629, 5.835327
8.513189, 5.853091
8.601835, 5.880398
8.692414, 5.899495
8.783545, 5.918708
8.874270, 5.942133
8.965039, 5.961227
9.056178, 5.980398
9.147317, 5.999572
9.237243, 6.031389
9.327436, 6.052145
9.418681, 6.068829
9.465987, 6.086030
9.551527, 6.126088
9.639938, 6.153556
9.728878, 6.181188
9.815029, 6.223371
9.903662, 6.250378
10.033877, 6.294043
10.167148, 6.345290
10.261980, 6.381757
10.335042, 6.408247
10.408601, 6.433326
10.504152, 6.468138
10.562035, 6.494005
10.617987, 6.522287
10.668503, 6.554531
