main root
6.383523, 4.480766
6.340575, 4.758829
6.321718, 4.849989
6.239993, 4.963088
6.221219, 5.055980
6.194323, 5.135968
6.171537, 5.216743
6.148782, 5.286385
6.125115, 5.358814
6.092925, 5.464143
6.071141, 5.525183
6.050187, 5.592803
6.020538, 5.681373
6.000924, 5.749397
5.983180, 5.816336
5.963599, 5.898303
5.955617, 5.976804
5.944433, 6.012825
5.927309, 6.083130
5.914580, 6.154363
5.899036, 6.215827
5.885683, 6.286944
5.871989, 6.351764
5.851059, 6.407389
5.828082, 6.472708
5.814671, 6.524357
5.800864, 6.595387
5.786758, 6.660118
5.771193, 6.724513
5.758589, 6.795767
5.749218, 6.865931
5.733826, 6.924657
5.718700, 7.006902
5.706448, 7.073521
5.692995, 7.138396
5.672366, 7.237880
5.654572, 7.308948
5.631136, 7.371736
5.599440, 7.450728
5.573384, 7.511645
5.552663, 7.552476
5.523871, 7.599291
5.494436, 7.641505
5.571288, 7.808044
5.662848, 7.824204
5.721702, 7.868061
5.789752, 7.944253
5.813178, 7.998077
d7d18d49-8eae-4d61-81b0-5a3fba330546
6.387932, 4.718057
6.426884, 4.733913
6.493802, 4.765725
6.536389, 4.790629
6.566690, 4.822388
