main root
6.595736, 4.933493
6.532938, 5.183284
6.491929, 5.315383
6.465127, 5.429193
6.441986, 5.545863
6.428001, 5.648994
6.418737, 5.732750
6.413643, 5.816520
6.406213, 5.889411
6.398485, 5.965219
6.385225, 6.074444
6.377130, 6.158320
6.373207, 6.242145
6.366741, 6.335320
6.365075, 6.419230
6.363226, 6.512340
6.357163, 6.605839
6.359593, 6.698373
6.359942, 6.791768
6.360258, 6.876434
6.362708, 6.969323
6.367500, 7.070749
6.369444, 7.155848
6.384441, 7.256659
6.394052, 7.349861
6.405675, 7.442059
6.418382, 7.542859
6.436360, 7.651640
6.464792, 7.758785
6.490852, 7.856992
6.512768, 7.947782
6.530717, 8.030980
6.552449, 8.112036
6.568685, 8.205088
6.595979, 8.312273
6.616981, 8.403274
6.639828, 8.502267
6.656777, 8.594417
6.678781, 8.702346
6.701134, 8.801400
6.725546, 8.899969
6.745903, 8.999762
6.759563, 9.109075
6.766734, 9.200378
6.772623, 9.248512
6.851149, 9.488683
6.889561, 9.594424
6.919497, 9.721590
6.949002, 9.864114
6.985045, 10.038219
7.005426, 10.129252
7.013203, 10.182786
7.069474, 10.408984
7.079541, 10.501731
7.079262, 10.596632
7.089508, 10.688617
7.113475, 10.817626
7.143173, 10.966454
7.164943, 11.126064
7.182552, 11.239527
7.187996, 11.301658
7.189757, 11.350437
7.232756, 11.587255
7.235933, 11.655005
7.242635, 11.733977
7.255552, 11.815370
7.267496, 11.890634
7.276014, 11.963408
7.288194, 12.041722
7.299907, 12.117023
7.315038, 12.194821
7.333098, 12.271993
7.357655, 12.350657
7.370991, 12.418487
7.379955, 12.475047
157295d4-a1c3-4920-ab36-15164b924546
6.548400, 5.281006
6.579889, 5.301537
6.607515, 5.314073
6.731418, 5.411407
6.848280, 5.524824
6.862263, 5.542577
6.882680, 5.545427
6.901800, 5.557972
6.940634, 5.579871
6.974735, 5.600818
7.007981, 5.628268
7.053686, 5.666003
7.099390, 5.703738
7.149782, 5.739521
7.202922, 5.779091
7.253062, 5.820159
7.296807, 5.857925
7.348079, 5.902188
7.399273, 5.940453
7.448839, 5.975632
7.506163, 6.014482
7.536722, 6.040617
7.575935, 6.078090
7.609959, 6.114746
7.641820, 6.157869
7.679129, 6.205851
7.723609, 6.258175
7.766952, 6.302232
7.820803, 6.350566
7.862263, 6.390566
7.887903, 6.421543
7.920296, 6.460679
7.942411, 6.500864
8.002377, 6.569661
8.028645, 6.613467
8.053478, 6.623113
8.134674, 6.679756
8.213361, 6.724389
8.240181, 6.746485
8.283936, 6.778898
443ad228-7056-40e2-bed9-b455bf0528d6
6.559578, 5.153129
6.623998, 5.164803
6.669092, 5.169921
6.705750, 5.177085
6.741076, 5.183979
6.762505, 5.191201
6.859614, 5.241647
6.899982, 5.285648
6.932817, 5.317013
6.961893, 5.344792
7.022869, 5.366504
7.112788, 5.407035
7.190682, 5.437598
7.257736, 5.467124
7.310040, 5.490156
7.350578, 5.514547
7.518168, 5.528219
7.582281, 5.557752
7.655449, 5.588155
7.721882, 5.619001
7.798926, 5.648174
7.901854, 5.687148
7.969259, 5.715872
8.037397, 5.746537
8.129253, 5.790193
8.186442, 5.820688
8.234847, 5.848195
8.270651, 5.877147
8.345732, 5.910309
8.419623, 5.941391
8.539359, 6.003749
8.594745, 6.042719
8.661155, 6.085786
8.755897, 6.142183
8.819322, 6.181679
8.886067, 6.221481
8.975370, 6.269808
9.036296, 6.307884
9.101970, 6.351374
9.129277, 6.374842
c8dc1af0-b715-4684-8b6f-0290d9f61c26
6.515373, 5.340332
6.583949, 5.353513
6.610970, 5.358707
6.698655, 5.314771
6.723668, 5.304284
6.751346, 5.295926
6.811381, 5.281941
6.987906, 5.218216
7.012802, 5.220484
7.065562, 5.200158
7.167027, 5.163632
7.210352, 5.141673
7.246690, 5.126611
7.285799, 5.110400
7.323285, 5.098103
7.378641, 5.081518
7.413110, 5.071191
7.531599, 5.029677
7.562485, 5.017264
7.579071, 5.018761
7.610753, 5.023188
7.640906, 5.022931
7.675838, 5.021198
7.710669, 5.018036
7.745342, 5.013448
7.779797, 5.007442
7.813977, 5.000029
7.847824, 4.991220
7.880255, 4.982780
7.913803, 4.972436
7.937127, 4.966746
7.960751, 4.962458
7.982176, 4.963068
8a3e13ed-7679-4433-8e65-8fc9399d8719
6.455323, 5.596436
6.505959, 5.620389
6.547420, 5.645297
6.583570, 5.654793
6.674882, 5.638665
6.761929, 5.659370
6.820106, 5.663978
6.894435, 5.671365
6.979335, 5.686056
7.083872, 5.699956
7.272327, 5.752717
7.334731, 5.763983
7.362940, 5.749685
7.417713, 5.746360
7.456468, 5.750006
7.518535, 5.758851
7.577953, 5.773783
e95f709e-9cfa-4449-a5dc-175a829a7f35
6.431942, 5.803764
6.468963, 5.807729
6.526617, 5.811212
6.630280, 5.803543
6.732893, 5.826173
6.832490, 5.845974
6.895408, 5.861533
6.953915, 5.882170
7.025779, 5.907518
7.091651, 5.930753
7.125586, 5.942722
7.174958, 5.956732
7.236701, 5.976052
7.303825, 5.993919
7.360669, 6.015245
7.425729, 6.023928
7.494656, 6.047981
7.562021, 6.060507
7.625120, 6.075285
7.684886, 6.089283
7.736933, 6.104547
b8315528-1dfe-47a8-bc5d-59dc5a462c78
6.382920, 6.021336
6.423774, 6.033969
6.467042, 6.062558
6.543464, 6.092843
6.583196, 6.109908
6.639496, 6.145577
6.683552, 6.171396
6.724378, 6.196743
6.772790, 6.221194
6.811097, 6.245268
6.859375, 6.269983
6.885102, 6.291561
6.907888, 6.303781
6.986036, 6.350352
7.028736, 6.382769
7.078448, 6.416751
7.112314, 6.436276
7.158999, 6.456281
7.205607, 6.482768
7.235934, 6.478003
7.290735, 6.497569
7.348867, 6.524681
7.394836, 6.547772
7.437619, 6.570166
8a4df738-5253-47f9-86ca-bcd70e4580e6
6.682304, 8.556184
6.626695, 8.584565
6.588516, 8.605823
6.562157, 8.627354
6.479611, 8.680119
6.443069, 8.699927
6.418329, 8.720148
6.396175, 8.745986
6.357920, 8.795202
6.291316, 8.872795
6.230626, 8.933946
6.158502, 9.001228
cea88802-dc1f-499a-9bb4-f005c3004a0d
6.764849, 8.869712
6.688808, 8.918551
6.595952, 8.972295
6.566096, 8.991305
6.546506, 8.996682
6.516990, 9.000124
6.502061, 9.012301
6.444827, 9.033885
6.405853, 9.043783
6.356617, 9.056288
6.298095, 9.072695
6.250220, 9.084561
6.189150, 9.099971
23e0e2c3-edce-4af6-a7d9-2b90f64d4870
6.457785, 7.297790
6.507014, 7.299596
6.562841, 7.304639
6.623195, 7.308589
6.691393, 7.327691
6.728749, 7.350742
6.907901, 7.386845
6.959977, 7.388178
6.988648, 7.391906
7.030627, 7.397365
7.069252, 7.405405
7.114236, 7.411713
7.152779, 7.420139
7.194134, 7.429181
7.229288, 7.436866
7.250538, 7.444576
c14d7300-b33c-4cc5-81e3-89ddcfec33f4
6.413350, 6.982878
6.449415, 6.989608
6.505765, 7.001646
6.578816, 7.009598
6.620594, 7.046961
6.769555, 7.068337
6.826371, 7.082538
6.878271, 7.091174
6.965496, 7.095066
7.019465, 7.100472
7.075182, 7.112730
ad5c6768-b7cb-4e3e-a9d1-fe6bef5ea393
6.396998, 6.741578
6.439729, 6.794950
6.458553, 6.825645
6.480677, 6.861720
6.511659, 6.912241
6.548817, 6.964243
6.639381, 7.104380
6.666536, 7.168218
6.679146, 7.205535
6.695803, 7.245506
6.709632, 7.278715
6.725267, 7.304583
6.790194, 7.396493
6.806488, 7.422077
6.822541, 7.449988
6.837307, 7.472573
ab56834e-8007-424a-ab2b-4f31368db8e0
6.388100, 6.506633
6.436585, 6.510876
6.471873, 6.512445
6.500940, 6.512223
6.520872, 6.521500
6.551814, 6.529332
6.570055, 6.523850
6.595448, 6.524032
6.643765, 6.518391
6.702633, 6.511519
6.743367, 6.508271
6.783456, 6.505075
6.807403, 6.504666
6.904997, 6.506325
6.932177, 6.511277
6.983892, 6.519178
7.024579, 6.520853
7.057858, 6.520725
7.087730, 6.516121
7.119091, 6.503718
7.167169, 6.483094
7.199453, 6.470874
31e23ad7-d3d3-461e-af48-55349e4f59b1
6.405033, 6.151033
6.451552, 6.169899
6.533088, 6.193898
6.604636, 6.202724
6.680456, 6.210704
6.807936, 6.199666
6.826227, 6.188837
6.850453, 6.172681
6.870359, 6.164729
6.900679, 6.154159
6.933281, 6.141142
6.963603, 6.130580
6.996388, 6.114337
7.019853, 6.100970
7.041923, 6.088398
abd50f2f-fd27-472a-8668-10cf61fc0d11
6.377453, 6.084196
6.336698, 6.104533
6.308286, 6.109423
6.243192, 6.129020
6.175260, 6.141655
6.116049, 6.161802
6.040837, 6.185812
254ae0a0-03e5-46e7-8a59-5f0deeb1f60a
6.534182, 5.166837
6.649309, 5.197530
6.700887, 5.202991
6.877790, 5.190054
6.917614, 5.186439
6.998246, 5.162673
7.039864, 5.148845
7.089023, 5.130935
7.137651, 5.111625
7.185707, 5.090931
7.210197, 5.082015
7.234064, 5.073326
2f1e5ff4-9a8d-4745-be11-926b7a7f9d6d
6.848217, 8.972138
6.878006, 8.984653
6.931689, 9.012556
6.986958, 9.043466
7.026809, 9.067973
7.058131, 9.078970
7.124843, 9.098101
7.191250, 9.114030
7.245661, 9.134777
7.325118, 9.162854
7.361126, 9.177167
037cb906-0b42-4972-be68-65a0a3c50617
6.606036, 8.037897
6.671046, 8.041224
6.754413, 8.048258
4f30de73-2738-45b3-8052-1c3adf7a9581
6.540500, 8.089900
6.515473, 8.139301
6.505884, 8.140201
6.493367, 8.147513
6.472511, 8.156231
6.448730, 8.162927
6.420239, 8.167839
6.393988, 8.173883
6f24d196-149b-486f-b5e6-ef7d9bcc2f24
6.405306, 6.991333
6.688438, 7.042235
6.819586, 7.040674
6.857559, 7.041101
6.882899, 7.041443
6.901802, 7.031622
6.922427, 7.025967
7.006166, 7.014633
bc69ef0d-091e-428b-afc4-4c0896dc1de8
6.411182, 6.533893
6.485665, 6.560729
6.520164, 6.566073
6.585787, 6.576238
6.644729, 6.595733
