main root
6.569721, 4.716785
6.409857, 5.082066
6.337040, 5.234957
6.321120, 5.366421
6.288851, 5.493757
6.270431, 5.583538
6.258391, 5.713200
6.244151, 5.843934
6.231315, 5.961769
6.217562, 6.088024
6.209984, 6.215759
6.207157, 6.334670
6.208768, 6.444919
6.208260, 6.554951
6.209823, 6.673664
6.204818, 6.775577
6.206185, 6.877128
6.207552, 6.978720
6.208805, 7.071843
6.205857, 7.165502
6.202395, 7.275520
6.201046, 7.385650
6.197686, 7.487289
6.193770, 7.605760
6.195842, 7.733701
6.197762, 7.852219
6.203777, 7.962316
6.203434, 8.072394
6.205207, 8.182519
6.209227, 8.301171
6.215355, 8.419738
6.217242, 8.537994
6.221114, 8.648065
6.219976, 8.733669
6.219215, 8.790814
6.209056, 8.837340
6.198713, 9.022945
6.201061, 9.088429
6.196987, 9.141887
6.197999, 9.207405
6.192834, 9.260768
6.192507, 9.326290
6.186255, 9.379539
6.187217, 9.448362
6.181974, 9.501719
6.178868, 9.563972
6.178754, 9.626301
6.178648, 9.685566
6.175553, 9.741832
6.175124, 9.804160
6.174716, 9.863424
6.174309, 9.922688
6.170928, 9.978937
6.164567, 10.034927
6.165783, 10.103748
6.163785, 10.160063
6.164568, 10.222385
6.165314, 10.281646
6.163029, 10.337951
6.166365, 10.403390
6.145100, 10.445716
6.157108, 10.604241
6.158374, 10.660578
6.159706, 10.719828
6.161038, 10.779076
6.159310, 10.835401
6.160393, 10.897720
6.161423, 10.956974
6.162453, 11.016230
6.157394, 11.069602
6.162592, 11.141651
6.159998, 11.188891
6.159574, 11.251220
6.162145, 11.313498
6.161475, 11.369844
6.157812, 11.426076
6.159547, 11.491578
6.158043, 11.547909
6.159374, 11.610224
6.160639, 11.669474
6.161903, 11.728723
6.160109, 11.785044
6.158223, 11.844277
6.159233, 11.906598
6.157152, 11.962910
6.152082, 12.019032
6.152174, 12.084558
6.146263, 12.137844
6.145020, 12.203361
6.138065, 12.254401
6.135189, 12.319865
6.132587, 12.379070
6.119978, 12.427352
6.102861, 12.481038
6.095160, 12.515050
6.087603, 12.561983
6.087233, 12.743614
6.084128, 12.799870
6.078042, 12.855882
6.068990, 12.911490
6.061946, 12.973412
6.055252, 13.032288
6.045924, 13.087852
6.033660, 13.142842
6.023065, 13.190361
5.985972, 13.267626
5.970400, 13.300067
5.950745, 13.321960
4.877004, 13.457942
56f92c14-9186-4a2e-8007-367fd6d2ad73
6.533318, 4.942831
6.579790, 4.990164
6.597915, 5.011015
6.629131, 5.049207
6.661281, 5.088541
6.695730, 5.123593
6.738757, 5.167372
6.763129, 5.190034
6.780945, 5.373346
6.802650, 5.485888
6.803988, 5.553191
6.804787, 5.593302
6.802532, 5.630481
6.803796, 5.683828
6.905219, 5.863368
ebec6459-bb32-439a-8519-8dca15f035c4
6.462372, 5.139501
6.502947, 5.157718
6.537752, 5.171703
6.647016, 5.203796
6.707542, 5.218441
6.761479, 5.234560
6.818211, 5.251501
6.871223, 5.270442
6.923157, 5.292164
6.975810, 5.315808
7.033880, 5.336963
7.077844, 5.357758
7.157763, 5.373507
7.205845, 5.384507
7.260743, 5.392461
7.321175, 5.403588
7.378060, 5.435315
7.432607, 5.457169
7.481708, 5.475228
7.538991, 5.488322
7.572819, 5.500660
7.622462, 5.517174
7.676342, 5.530364
7.727494, 5.541346
7.756175, 5.545972
7.851163, 5.590194
7.885354, 5.614368
7.910654, 5.607213
8.003945, 5.610286
8.087256, 5.633563
8.153992, 5.650571
8.228381, 5.661720
8.296705, 5.670366
8.361864, 5.680037
8.433600, 5.686064
8.492554, 5.698526
8.560050, 5.711348
8.618377, 5.713285
8.669030, 5.721987
02a9afe2-6cc6-44ac-b885-b1e0b47c4725
6.580358, 4.834913
6.617596, 4.859058
6.634380, 4.872314
6.733733, 4.926604
6.794602, 4.948546
6.842466, 4.967393
6.887537, 4.972270
6.956411, 4.992150
7.133770, 5.047735
7.220221, 5.088056
7.309353, 5.113382
7.395861, 5.144522
7.466440, 5.167686
7.530042, 5.190611
7.926252, 5.299859
7.963179, 5.311595
8.026672, 5.314179
8.079983, 5.311857
8.154791, 5.301107
8.202095, 5.300358
c78531a4-43e9-4157-8264-e29980e56bd0
6.225939, 6.532509
6.273509, 6.548725
6.309883, 6.565869
6.353765, 6.589861
6.421232, 6.611708
6.472814, 6.618972
6.487328, 6.639248
6.513886, 6.655662
6.576877, 6.689034
6.627460, 6.722609
6.676200, 6.757040
6.730126, 6.782840
6.779717, 6.801849
6.847520, 6.823030
6.879992, 6.834742
6.968272, 6.904589
7.001181, 6.917283
7.058471, 6.944211
7.121665, 6.972277
7.185447, 6.998982
7.232304, 7.013749
7.298682, 7.033114
7.365461, 7.051052
7.432608, 7.067555
7.501922, 7.081509
7.561189, 7.099547
7.615233, 7.109737
2d37cc70-c5ea-4973-ab77-2dc2ac08ebf9
6.599757, 4.752770
6.835899, 4.942428
6.893922, 4.966956
7.147030, 4.995922
7.434121, 4.995449
7.579193, 5.015351
7.624507, 5.018546
7.682030, 5.024102
7.721114, 5.024869
7.782830, 5.021590
7.833558, 5.018894
7.894156, 5.014175
7.942050, 5.013449
7.999835, 5.014069
8.052146, 5.013134
8.079658, 5.012642
8.100644, 5.016757
20a3d481-94fd-41c3-8018-38ab9d24c3eb
6.386018, 5.359503
6.451847, 5.370254
6.517996, 5.369154
6.624898, 5.373133
6.807775, 5.394282
6.851276, 5.397807
6.878085, 5.404483
6.924845, 5.413044
6.963724, 5.417119
7.009117, 5.418867
7.052975, 5.419057
7.102269, 5.420768
7.151492, 5.423974
7.188990, 5.424916
7.709006, 5.491134
7.750999, 5.496481
7.795064, 5.494549
7.846602, 5.501814
4348d00f-7f7a-4693-bcb1-0de68b44fa07
6.384862, 5.207662
6.257567, 5.200685
6.190046, 5.213113
6.110484, 5.233882
6.044456, 5.240290
5.979503, 5.255617
5.902566, 5.271609
5.863191, 5.279794
5.780773, 5.303016
5.730840, 5.318640
5.699444, 5.323759
5.650539, 5.330217
5.601463, 5.335186
5.549581, 5.341945
5.503077, 5.343474
5.445069, 5.352869
5.402349, 5.350691
5.375352, 5.344820
5.352466, 5.359219
5.248862, 5.403227
5.156010, 5.415966
5.047572, 5.434858
4.966925, 5.455217
4.883911, 5.474036
4.801337, 5.492755
4.731538, 5.502439
4.652231, 5.517975
4.551554, 5.533388
4.494227, 5.540650
4.434137, 5.549771
4.382656, 5.551530
b33c6a85-9cb7-493c-bbf5-082f081b4c40
6.268364, 5.590090
6.231717, 5.591093
6.160664, 5.597530
6.113685, 5.604792
5.967430, 5.673643
5.922419, 5.688215
5.853797, 5.704139
5.764488, 5.729181
5.709461, 5.744610
5.661475, 5.752071
5.579054, 5.802664
5.542000, 5.828924
5.482493, 5.848483
5.440378, 5.865480
5.399475, 5.885218
5.362754, 5.899616
5.321658, 5.918946
5.290530, 5.930281
5.254527, 5.940207
5.211635, 5.955139
5.173509, 5.965245
5.132598, 5.976090
5.093814, 5.983276
5.047403, 5.997967
5.010955, 6.003227
4.963995, 6.016057
4.921070, 6.030888
4.882919, 6.040904
4.843843, 6.057356
961671e9-1dfb-49a0-a42a-ab4dda05c77c
6.285507, 7.287652
6.327141, 7.295239
6.374661, 7.311507
6.441518, 7.337557
6.548169, 7.367758
6.609645, 7.388278
6.672002, 7.410669
6.741727, 7.435707
6.771764, 7.449673
6.899993, 7.528854
6.933643, 7.553195
6.970890, 7.565407
7.050650, 7.585257
7.117134, 7.607972
7.209478, 7.632814
7.291499, 7.650584
7.373094, 7.662135
7.443470, 7.676632
7.542972, 7.697129
7.598947, 7.708660
7.642644, 7.726523
446015ee-71a7-43f9-be8a-11f1c2357b88
6.243425, 7.187161
6.155192, 7.195176
6.112430, 7.202066
6.055215, 7.218699
5.973406, 7.288877
5.954707, 7.297854
5.919438, 7.315480
5.885792, 7.329647
5.849699, 7.345522
5.816933, 7.354076
5.774667, 7.371944
5.741781, 7.380025
5.697067, 7.400904
5.676643, 7.404524
5.635507, 7.415489
5.595454, 7.429909
5.560375, 7.440021
5.527392, 7.453294
5.506801, 7.455799
0c35a801-764e-4c08-8245-c62854bd61ac
6.268735, 6.165500
6.218550, 6.179463
6.148353, 6.194336
6.084840, 6.212381
6.031928, 6.224304
5.978891, 6.258722
5.906000, 6.261212
5.878615, 6.279907
5.836321, 6.294550
5.765456, 6.315917
5.697700, 6.327106
5.668739, 6.349530
5.590255, 6.378790
5.516213, 6.411186
5.466514, 6.430668
5.441743, 6.438771
afea001a-dc02-428d-a8cf-c59ee02198c9
6.676374, 4.819776
7.076768, 5.008871
7.321477, 5.034865
7.367133, 5.040811
7.558329, 5.107876
7.628517, 5.132635
7.719907, 5.153935
7.766050, 5.160433
7.807970, 5.166337
7.846508, 5.174787
7.893207, 5.180429
7.938208, 5.188881
7.978068, 5.197891
8.057049, 5.216433
5fb01d09-cf2b-493f-8c0f-5fe094617d1a
6.698551, 4.869021
6.850478, 4.939345
6.996231, 4.986307
7.257347, 5.091628
7.462755, 5.163896
7.586409, 5.225995
7.726621, 5.253605
7.843862, 5.272436
8.077443, 5.293257
bbb62bf8-13d2-415e-af2b-115558dcd669
6.135663, 10.084125
6.069314, 10.117898
0c97c646-1d7b-4004-9012-239c7a18ece2
6.226172, 9.015834
6.259110, 9.018362
6.355021, 9.013223
28126826-2b74-4895-885e-4d0dcc92e195
6.252633, 8.547100
6.282068, 8.546822
6.304002, 8.533331
6.340016, 8.511181
6.410281, 8.481323
1f5bccff-4938-45f4-8c31-f5077c1afd19
6.244104, 8.172451
6.292850, 8.195733
6.323157, 8.199167
6.368364, 8.201240
6.407313, 8.206021
6.447189, 8.210955
6.475692, 8.211503
6.510239, 8.203185
6.532724, 8.200851
6.568723, 8.201629
6.606226, 8.200941
508d4fc8-ff07-453d-87f6-f782c0a046fd
6.150039, 8.162970
6.112530, 8.176282
6.084642, 8.177834
6.025234, 8.182637
5.986519, 8.184266
5.949203, 8.182840
5.910006, 8.178347
5.864633, 8.176157
5.792277, 8.177162
5.717884, 8.190022
f92effd7-9cbc-494e-a7fc-d027a6c10a87
6.179531, 7.138748
6.148917, 7.099300
6.129144, 7.078704
6.109516, 7.070859
6.089838, 7.058129
6.073333, 7.059230
6.048664, 7.057877
6.020114, 7.053313
5.992191, 7.045817
5.953140, 7.033784
5.924518, 7.021833
5.895224, 7.007979
5.870269, 6.997834
5.840889, 6.990736
5.812335, 6.985377
5.780383, 6.985472
