main root
7.179731, 4.767236
7.102468, 4.835396
7.026795, 4.900609
6.958923, 4.966347
6.882107, 5.077341
6.835582, 5.166826
6.806020, 5.273610
6.776697, 5.431746
6.764378, 5.590850
6.739940, 5.748724
6.730883, 5.967596
6.707161, 6.202376
6.678603, 6.376961
6.638259, 6.518738
6.581534, 6.673156
6.538705, 6.825401
6.503608, 6.980427
6.485641, 7.091936
6.478128, 7.176747
6.476729, 7.248959
6.485563, 7.319849
9efea849-02a7-4dd7-bb36-f067f0846c39
7.089107, 4.926709
7.141713, 4.996947
7.219992, 5.077927
7.284417, 5.137351
7.364880, 5.199449
7.449346, 5.269982
7.532430, 5.342118
7.613131, 5.403782
7.657620, 5.440385
7.693645, 5.479035
7a6caf71-a4ac-4f66-8c66-65ae037e724a
6.947912, 4.881442
6.872572, 4.845169
6.808433, 4.799893
6.749066, 4.737042
6.611322, 4.669065
6.533499, 4.630660
6.470100, 4.597282
bbe7bbc5-19d4-44a2-ba38-b4f5908cd6dd
6.875644, 5.249290
6.937636, 5.296476
7.020372, 5.348148
7.118184, 5.366262
7.178276, 5.380968
1addc4b1-0bcf-4470-be74-b9f335477a57
6.806094, 5.117236
6.711545, 5.129718
6.644298, 5.125613
6.566794, 5.122849
6.513922, 5.129430
6.449302, 5.139593
6.396584, 5.143340
437e4ba3-0872-4dec-9c09-10aef8bdffe9
6.749620, 5.238572
6.705487, 5.276834
6.691904, 5.290035
6.662150, 5.318952
6.632400, 5.347659
6.606510, 5.372434
6.588071, 5.394016
