main root
6.309983, 4.705928
6.168817, 4.948897
6.093814, 5.097817
6.015241, 5.388856
5.982322, 5.542492
5.965366, 5.713174
5.942975, 5.850249
5.930596, 6.016254
5.922582, 6.179098
5.918820, 6.338918
5.922109, 6.466843
5.939704, 6.588830
5.956242, 6.737354
5.976929, 6.866331
5.998383, 7.000086
6.020612, 7.125416
6.045528, 7.241730
6.061584, 7.366802
6.066104, 7.484869
6.066411, 7.603140
6.066696, 7.713202
6.064865, 7.823210
6.058679, 7.941310
6.050811, 8.051056
6.049892, 8.152621
6.051090, 8.254153
6.050174, 8.355844
6.051374, 8.457384
6.046231, 8.559281
6.045343, 8.660813
6.046635, 8.753722
6.045744, 8.838836
6.042802, 8.921783
6.076894, 9.105706
6.096088, 9.230605
6.111286, 9.329506
6.128003, 9.438288
6.140944, 9.563966
6.116310, 9.708941
6.050629, 9.823654
6.000379, 9.886571
5.898626, 9.969536
5.827960, 9.873689
5.708263, 9.865861
5.585210, 9.917274
5.488427, 9.971472
5.332982, 10.009941
5.244792, 10.041286
74fd26db-4615-43f7-8ae1-78c83bbda0cd
6.065339, 9.015425
5.962907, 9.078187
5.910407, 9.117380
5.869989, 9.119059
5.848347, 9.146311
5.798565, 9.177850
5.776416, 9.194530
097aa551-7300-4595-bc90-61684f50ac2a
6.087508, 9.107130
6.000763, 9.253681
5.977323, 9.294591
925f61c6-1ac7-4b9c-b7a4-7c2d0ce908b4
6.116611, 9.229964
6.157682, 9.232914
