main root
7.062056, 4.676909
6.993773, 4.859566
6.946244, 5.148571
6.923307, 5.300387
6.900191, 5.500540
6.891065, 5.689768
6.882948, 5.880190
6.848624, 6.019090
6.813046, 6.227100
6.789496, 6.398037
6.778975, 6.582250
6.775411, 6.734336
6.762661, 6.863841
6.753381, 7.020842
6.742225, 7.178664
6.744822, 7.258573
6.742663, 7.330386
6.739176, 7.396546
6.731364, 7.459465
6.720416, 7.523341
6.712849, 7.585212
6.706207, 7.664186
6.702551, 7.743356
6.697611, 7.817914
6.693132, 7.885499
6.683909, 7.956758
6.675215, 8.023932
6.669312, 8.104528
6.664364, 8.172078
6.661564, 8.251276
6.657429, 8.325878
6.655092, 8.395084
6.651362, 8.461233
6.646137, 8.527284
6.643544, 8.598026
6.642195, 8.675722
6.641019, 8.743445
6.642931, 8.805744
6.641665, 8.862081
6.641796, 8.922864
6.640442, 8.989109
6.639058, 9.056826
6.637501, 9.133013
6.638876, 9.212253
6.638675, 9.286973
6.637001, 9.353209
6.636747, 9.422453
6.635008, 9.488687
6.637601, 9.561004
6.638578, 9.646111
6.640675, 9.698384
6.642711, 9.749142
6.645086, 9.808360
6.648140, 9.884500
6.652071, 9.945154
6.656452, 10.012746
6.660285, 10.071890
6.662528, 10.129637
6.668264, 10.200195
6.672826, 10.274776
6.678546, 10.343786
6.680911, 10.408548
6.686174, 10.470653
6.691179, 10.529702
6.697801, 10.590116
6.703530, 10.656115
6.711007, 10.724947
6.723270, 10.796263
6.735648, 10.880478
6.739638, 10.928210
6.741342, 10.984531
6.743133, 11.043774
6.748008, 11.105907
6.749423, 11.162235
6.752447, 11.222945
6.755815, 11.290598
6.762744, 11.369553
6.762875, 11.422403
6.761500, 11.471711
6.756704, 11.536341
6.750936, 11.593843
6.744175, 11.661243
6.736919, 11.718579
6.724791, 11.778659
6.710216, 11.843289
6.694185, 11.907573
6.678884, 11.975114
6.665049, 12.042963
6.651513, 12.109338
6.636286, 12.184008
6.623393, 12.262209
6.608820, 12.313809
6.594777, 12.374541
6.581423, 12.432292
6.566951, 12.488237
6.553210, 12.559278
a2242a12-ec63-4379-8a6f-1f4d49e268c9
6.931206, 4.665748
6.879756, 4.589919
6.795726, 4.578025
6.742755, 4.577236
6.698677, 4.568224
6.660471, 4.565059
6.625391, 4.563719
6.596626, 4.558065
6.582266, 4.564465
6.520097, 4.571938
6.478270, 4.576934
6.435104, 4.583597
6.397194, 4.584906
6.354113, 4.589387
6.316989, 4.594755
6.288049, 4.603476
6.237405, 4.621865
6.205375, 4.630310
6.172711, 4.635827
6.132197, 4.641151
6.091515, 4.644989
6.038242, 4.653021
5.975868, 4.666967
5.910898, 4.679959
5.862258, 4.688160
5.812166, 4.696605
5.752497, 4.708183
5.709465, 4.721107
5.638576, 4.751772
5.570976, 4.776123
5.523183, 4.793339
5.467421, 4.813426
5.408956, 4.839259
5.337638, 4.882108
5.219413, 4.926598
5.168996, 4.956143
5.127066, 4.977246
5.072800, 5.007908
5.028147, 5.040014
4.964229, 5.097035
4.910090, 5.130176
4.828053, 5.175462
4.792165, 5.191853
4.753658, 5.209439
4.713671, 5.230991
4.673976, 5.259186
4.640523, 5.277440
4.595928, 5.301773
4.542712, 5.334219
4.479459, 5.372786
4.434777, 5.398277
23e911cb-cc73-4e76-8cc5-8817acf2838d
7.009055, 4.724468
6.822088, 4.709344
6.728435, 4.719001
6.591899, 4.724684
6.545588, 4.728885
6.520895, 4.728118
6.502457, 4.737596
6.471747, 4.750015
6.447891, 4.756435
6.419344, 4.761016
6.380876, 4.765673
6.335669, 4.765115
6.293339, 4.764593
6.247979, 4.767026
6.205706, 4.769293
6.157775, 4.777860
6.119733, 4.780098
6.080992, 4.780877
6.051199, 4.785967
6.022492, 4.795426
5.971388, 4.816993
5.898191, 4.820255
5.838984, 4.822894
5.776177, 4.831686
5.718755, 4.838213
5.668277, 4.843951
5.609391, 4.850645
5.554459, 4.852369
5.503685, 4.853963
5.437200, 4.863539
5.353394, 4.875608
5.275380, 4.897428
5.227235, 4.951674
5.191071, 4.970674
5.149920, 5.002462
5.111998, 5.019272
5.088058, 5.031426
5.066105, 5.040798
5.061444, 5.056178
5.044309, 5.069822
5.013324, 5.090666
4.992250, 5.104845
8a7c814d-1509-469f-a907-191d032531ce
6.909668, 5.004633
6.852578, 4.997319
6.792136, 4.996544
6.746668, 5.010904
6.706917, 5.023459
6.668504, 5.032452
6.628403, 5.040302
6.584498, 5.051948
6.525083, 5.070805
6.469568, 5.086854
6.420763, 5.100963
6.360765, 5.122981
6.325678, 5.131074
6.276177, 5.142492
6.234930, 5.152007
6.193682, 5.161520
6.150190, 5.174624
6.107657, 5.190565
6.045121, 5.194286
6.010618, 5.199338
5.968735, 5.205470
5.934792, 5.213465
5.889134, 5.230369
5.852089, 5.239296
5.811888, 5.250524
5.757770, 5.273408
5.713371, 5.287306
5.665875, 5.300607
5.615919, 5.316150
5.562438, 5.337493
5.509949, 5.364886
5.432116, 5.414998
5.392527, 5.435146
5.349219, 5.452148
5.301932, 5.470713
5.245071, 5.496252
5.191006, 5.520536
5.135441, 5.548775
5.065545, 5.589333
5.006418, 5.625372
4.948087, 5.662680
4.891028, 5.699173
4.840644, 5.733174
4.790306, 5.772563
4.722014, 5.823366
4.681870, 5.849499
4.633515, 5.875618
4.589424, 5.897735
4.555950, 5.917185
4.519359, 5.938447
4.480598, 5.967898
4.448618, 5.980917
4.426737, 5.986590
4.412116, 6.006921
4.362460, 6.042648
4.321574, 6.077597
4.271862, 6.118122
4.244185, 6.138751
4.204067, 6.164922
899f7ce9-a6b2-41a8-accd-7c8ec3034bf3
6.871407, 5.337749
6.832697, 5.381537
6.789087, 5.397573
6.752484, 5.404970
6.713331, 5.409829
6.673925, 5.411702
6.642858, 5.419172
6.599491, 5.432678
6.561043, 5.441517
6.532348, 5.445042
6.518382, 5.455030
6.485192, 5.476928
6.455156, 5.496744
6.396038, 5.512445
6.349064, 5.521823
6.308727, 5.528351
6.268178, 5.533396
6.215162, 5.543008
6.155645, 5.555321
6.103322, 5.572259
6.030826, 5.595726
5.976368, 5.610209
5.918033, 5.627271
5.853022, 5.646285
5.801220, 5.656758
5.752595, 5.665062
5.702517, 5.673613
5.644096, 5.683589
5.600782, 5.695540
5.533400, 5.717239
5.457969, 5.746247
5.402395, 5.764411
5.349891, 5.775272
5.307021, 5.788726
5.252613, 5.812075
5.189584, 5.840753
5.127185, 5.870788
5.066856, 5.898165
5.004431, 5.928137
4.944070, 5.955459
4.881618, 5.985370
4.820528, 6.014629
4.766375, 6.042224
4.706029, 6.072975
4.663307, 6.093066
4.607418, 6.115002
2387f602-9398-485b-996d-db40ff967740
7.111799, 4.919523
7.177549, 4.958973
7.264308, 4.982070
7.333207, 4.995676
7.408926, 5.023547
7.485009, 5.079709
7.563168, 5.145293
7.625001, 5.205300
7.699334, 5.274489
7.740957, 5.321732
7.777955, 5.379410
7.819120, 5.455109
7.889671, 5.548112
7.923288, 5.587473
7.968110, 5.633039
8.005603, 5.685859
8.022621, 5.717591
8.044606, 5.761752
8.063234, 5.805885
8.081148, 5.840630
8.095698, 5.868850
8.111371, 5.892715
8.129458, 5.914805
8.153785, 5.939790
8.183119, 5.965629
8.223335, 5.993074
8.248898, 6.014142
8.274558, 6.037231
8.291820, 6.058803
8.323560, 6.098471
8.356380, 6.144279
8.392987, 6.192802
8.423579, 6.233354
8.461369, 6.280962
8.490851, 6.320510
8.519117, 6.360931
8.538338, 6.396251
8.562620, 6.440876
8.588919, 6.492336
8.610023, 6.536922
8.631756, 6.582837
8.661098, 6.637829
8.693047, 6.691350
8.721375, 6.741726
8.748310, 6.786570
8.776520, 6.830629
8.801842, 6.872956
8.827924, 6.916554
8.858348, 6.967408
8.892878, 7.019294
8.925709, 7.068629
8.958545, 7.117971
8.991381, 7.167312
9.016277, 7.207425
9.028899, 7.233436
9.041379, 7.269442
9.061824, 7.319287
9.082360, 7.373301
9.098483, 7.419921
9.113185, 7.467013
9.128324, 7.515505
9.145933, 7.556842
9.180335, 7.622320
9.201838, 7.672902
9.225638, 7.721234
9.245141, 7.764228
9.260184, 7.808259
9.278507, 7.857262
9.296299, 7.904842
9.317054, 7.960351
9.340404, 8.019175
28e5c41c-d1fb-45a2-8c2b-b315020f5f4e
7.043849, 5.088362
7.104367, 5.157592
7.152991, 5.185127
7.194760, 5.209116
7.232092, 5.224818
7.282231, 5.255704
7.342392, 5.271002
7.381600, 5.282517
7.428485, 5.297845
7.471107, 5.316505
7.521587, 5.335337
7.573322, 5.359430
7.622461, 5.396583
7.657397, 5.409863
7.714726, 5.430055
7.760733, 5.447845
7.806177, 5.467023
7.833446, 5.483406
7.874938, 5.510078
7.916466, 5.533215
7.972313, 5.560902
8.006338, 5.579441
8.065648, 5.626596
8.103309, 5.658452
8.142094, 5.691256
8.187346, 5.729533
8.230491, 5.767985
8.270529, 5.801665
8.309401, 5.834365
8.363193, 5.871790
8.409761, 5.906013
8.440076, 5.930148
8.459500, 5.947526
2f8ab404-4aaa-4691-8317-5d91374fe900
7.009070, 5.245598
7.046680, 5.297554
7.092051, 5.329066
7.134084, 5.344432
7.163558, 5.356868
7.196311, 5.369131
7.231547, 5.379127
7.262015, 5.389261
7.286313, 5.398853
7.310102, 5.413005
7.341039, 5.429595
7.372683, 5.444795
7.400977, 5.459975
7.428565, 5.476404
7.442181, 5.491480
7.462440, 5.516237
7.481469, 5.541952
7.503407, 5.569189
7.522235, 5.595051
7.542925, 5.621035
7.564717, 5.646101
7.583406, 5.665411
7.607330, 5.683766
7.635928, 5.703899
7.661156, 5.723567
7.683383, 5.744690
7.703443, 5.767883
7.725528, 5.797996
7.744717, 5.826690
7.763198, 5.862403
7.788562, 5.908158
7.813192, 5.952590
7.848033, 6.006178
7.884955, 6.062968
7.921400, 6.113535
7.956055, 6.161615
7.992877, 6.202465
8.032557, 6.246486
8.072239, 6.290507
8.114033, 6.334638
8.142616, 6.371347
8.175927, 6.411693
8.208268, 6.450865
8.233115, 6.483310
8.268199, 6.524199
8.304683, 6.569019
8.336752, 6.608416
8.360035, 6.639390
8.372827, 6.663877
8.394327, 6.708272
8.412471, 6.752602
8.440775, 6.809905
8.472775, 6.871312
8.492215, 6.915091
8.514719, 6.951020
8.546180, 7.001247
8.577640, 7.051475
8.613226, 7.102649
8.644979, 7.150933
8.670817, 7.192951
8.699487, 7.236713
8.729395, 7.279635
8.768436, 7.345580
