main root
6.787655, 2.603521
6.531301, 3.471056
6.336847, 3.920448
6.335072, 4.673014
6.518742, 5.586465
6.671030, 6.335015
6.826163, 6.905683
6.942330, 7.141193
6.980402, 7.495308
7.317937, 7.933967
7.454121, 8.082894
7.683539, 8.237422
b8fd62bd-7429-4912-a9a8-c0ccfdcb8071
6.686541, 6.371607
6.456149, 6.501443
6.240207, 6.556368
6.006426, 6.721750
619e75ea-0b2a-4734-9eed-4a2d033ff844
6.688773, 6.483347
6.850396, 6.526108
6.961707, 6.510922
7.086828, 6.536843
6f5c677b-db5c-4def-8766-3a4f022adbc9
6.775442, 6.795239
6.658468, 6.909275
6.527128, 7.013423
ddaceb22-88e7-4a82-956c-3e5d0e359e87
6.765069, 6.762293
6.990132, 6.908328
7.124697, 6.922423
