main root
6.479317, 4.875261
6.338151, 5.118231
6.263148, 5.267151
6.184574, 5.558189
6.151656, 5.711825
6.134699, 5.882507
6.112308, 6.019582
6.099929, 6.185587
6.091916, 6.348432
6.088153, 6.508252
6.091443, 6.636176
6.109037, 6.758163
6.125575, 6.906687
6.146263, 7.035665
6.167716, 7.169419
6.189946, 7.294749
6.214861, 7.411063
6.230917, 7.536136
6.235438, 7.654202
6.235745, 7.772473
6.236029, 7.882535
6.234198, 7.992544
6.228012, 8.110642
6.220145, 8.220389
6.219226, 8.321955
6.220423, 8.423487
6.219507, 8.525177
6.220707, 8.626718
6.215565, 8.728615
6.214677, 8.830146
6.215968, 8.923056
6.215077, 9.008169
6.212135, 9.091116
6.246227, 9.275040
6.265421, 9.399939
6.280620, 9.498839
6.297336, 9.607621
6.310277, 9.733299
6.285644, 9.878273
6.219962, 9.992988
6.169712, 10.055903
6.067960, 10.138869
5.997293, 10.043022
5.877597, 10.035194
5.754544, 10.086607
5.657760, 10.140805
5.502315, 10.179275
5.414126, 10.210619
5.253965, 10.205587
5.194027, 10.182035
5.122825, 10.267798
5.034911, 10.337395
4.934954, 10.426113
4.868413, 10.517642
4.779792, 10.618126
4.684596, 10.719778
4.590248, 10.819201
4.573621, 10.875846
74fd26db-4615-43f7-8ae1-78c83bbda0cd
6.234673, 9.184758
6.132241, 9.247520
6.079740, 9.286714
6.039322, 9.288392
6.017680, 9.315644
5.967898, 9.347183
5.945750, 9.363862
5.856977, 9.424195
5.808773, 9.453335
5.781603, 9.469753
5.757838, 9.491104
5.713541, 9.534918
5.671422, 9.576571
5.629299, 9.618223
5.559913, 9.685885
5.513042, 9.723229
5.453441, 9.770718
5.393368, 9.822407
5.325875, 9.886032
5.282751, 9.926683
5.239627, 9.967336
5.200997, 10.007864
5.159444, 10.055099
097aa551-7300-4595-bc90-61684f50ac2a
6.256841, 9.276464
6.170095, 9.423015
6.146656, 9.463924
6.045298, 9.609311
6.060756, 9.676258
925f61c6-1ac7-4b9c-b7a4-7c2d0ce908b4
6.285944, 9.399298
6.364744, 9.456948
6.482741, 9.488122
6.563269, 9.511534
6.644560, 9.535169
6.711278, 9.551449
6.768301, 9.572797
4e9f0060-8a28-4519-a8bc-dbe10343c437
5.901087, 10.159332
5.822495, 10.180859
5.771621, 10.194286
fc5e1962-7383-4c73-a64a-1ec7cd67a138
6.345766, 9.859433
6.365552, 9.871978
6.427726, 9.898971
6.518086, 9.931299
6.614948, 9.954722
6.666458, 9.965045
bbb8be08-80da-44c6-97a9-4c3e466f1aaa
6.253635, 9.654147
6.198530, 9.664669
6.140681, 9.680360
6.073712, 9.765452
6.031646, 9.790896
bace5e93-f128-42b2-a907-72e056f5e614
6.196252, 9.516201
6.187276, 9.518187
6.115157, 9.531083
6.039810, 9.547597
5.977215, 9.568362
6b1f7d59-45bb-4c0b-869d-508b5db8c3d7
6.320366, 9.630834
6.380113, 9.638568
6.469213, 9.626214
6.511950, 9.633003
e6289596-41f1-4fd7-9e68-907fada4f515
6.237823, 9.078233
6.264161, 9.075744
6.303433, 9.072033
6.322625, 9.068735
6.369229, 9.054651
6.434884, 9.052029
6.456635, 9.057152
6.497836, 9.066855
6.539036, 9.076559
6.569420, 9.080641
6.589546, 9.087875
8ed7e74f-7a25-4972-bc7f-9a4d0b856bde
6.240498, 8.893473
6.255414, 8.895699
6.337632, 8.907968
6.539458, 8.940636
65529f2a-9444-4db0-9b80-eb0ee515d147
6.211635, 6.807416
6.255001, 6.811214
6.357871, 6.822331
6.450357, 6.834013
426c8607-990b-4ae0-bc31-5568b41c2291
6.184750, 6.576478
6.219852, 6.589408
6.306205, 6.625702
6.364754, 6.648686
6.447398, 6.666683
6.494966, 6.677042
6.534356, 6.696073
5de909cd-ba94-4117-873d-cff299421f18
6.227233, 5.575300
6.257801, 5.604263
6.296213, 5.640660
6.328278, 5.677227
