main root
5.887726, 5.673838
6.020868, 5.519109
6.180519, 5.395224
6.373824, 5.347088
6.562288, 5.371454
6.730426, 5.443706
6.891678, 5.573393
6.957695, 5.688490
6.979130, 5.751396
7.005053, 5.843514
7.016192, 5.922144
7.022111, 6.024233
7.027500, 6.117213
7.006271, 6.284069
6.983738, 6.360625
6.961610, 6.450699
6.940522, 6.525444
6.908967, 6.614048
6.872038, 6.686641
6.814687, 6.790077
6.757670, 6.884182
6.686894, 6.988843
6.617189, 7.084388
6.539270, 7.184071
6.435759, 7.258540
6.372522, 7.317117
6.301126, 7.407320
6.252669, 7.480829
6.205038, 7.551249
6.167838, 7.638232
6.132327, 7.762826
6.095336, 7.957089
6.080486, 8.123381
6.072227, 8.304377
6.059000, 8.481414
6.054291, 8.667289
6.068612, 8.847842
6.058176, 8.955188
6.041791, 9.123734
6.033447, 9.231437
6.027259, 9.284457
b4de4551-2196-43e1-b6b8-658a3b51a4ca
6.485477, 5.405438
6.540213, 5.477986
6.582833, 5.549900
6.626159, 5.675993
6.673576, 5.827241
6.699869, 5.889755
6.740023, 5.991089
6.759724, 6.218809
6.799312, 6.382127
6.955781, 6.716120
6.990489, 6.838316
7.005315, 6.875712
7.007043, 6.913764
7.015262, 6.941940
7.029152, 6.986986
7.043731, 7.031815
7.058994, 7.076416
7.074939, 7.120777
7.083901, 7.161280
7.091221, 7.204870
7.103186, 7.253689
7.111485, 7.297103
7.129862, 7.349252
7.131738, 7.417808
7.135342, 7.466413
7.134794, 7.509270
7.136445, 7.557980
7.137270, 7.603669
7.140420, 7.652305
7.142654, 7.697948
7.144167, 7.743620
7.144959, 7.789311
7.148075, 7.837948
7.153455, 7.886389
7.152857, 7.914664
7.154101, 7.963387
7.151478, 8.006166
7.150765, 8.054899
7.146426, 8.097538
7.143757, 8.146202
7.140535, 8.191786
7.136595, 8.237314
7.131937, 8.282773
7.126562, 8.328155
7.120473, 8.373444
7.118805, 8.425364
7.114056, 8.457497
7.107569, 8.496463
7.099706, 8.520859
df143fe5-d7dc-4842-a376-62b8214204f1
6.725666, 5.486111
6.686836, 5.511757
6.642457, 5.548571
6.617514, 5.572667
6.580336, 5.630528
6.557246, 5.658158
6.524102, 5.690816
6.495425, 5.723277
9f3bf334-3b03-4691-a5bc-2cedf04fe96c
6.874328, 5.619815
6.848295, 5.651819
6.816592, 5.687954
6.776835, 5.721398
6.724833, 5.751666
6.643755, 5.799981
6.552782, 5.848327
88c098b2-77ba-4f49-8151-1bbefcc06223
5.905719, 5.550081
5.874318, 5.426208
5.907546, 5.399724
6.035687, 5.447164
6.188287, 5.482471
6.252497, 5.520800
6.315729, 5.561007
6.463968, 5.625466
6.518099, 5.656318
6.582384, 5.728988
6.648267, 5.846617
6.696866, 5.900710
6.726706, 5.954695
8fe1ad00-a024-4a43-b685-9fde63bf9b22
6.982135, 6.180439
6.932393, 6.200158
6.906972, 6.224232
6.876481, 6.248429
6.851727, 6.268311
