main root
6.887379, 4.427418
6.870400, 4.750660
6.867902, 4.950631
6.864307, 5.070920
6.840407, 5.170900
6.817823, 5.301398
6.800212, 5.427780
6.789197, 5.537484
6.778202, 5.646997
6.761390, 5.772409
6.763051, 5.870635
6.776987, 5.958885
6.792967, 6.104098
6.784457, 6.196640
6.768951, 6.365256
6.732556, 6.525816
6.703808, 6.699949
6.674185, 6.925134
6.656703, 7.089704
6.645579, 7.231703
6.634173, 7.377307
6.634998, 7.589290
6.635229, 7.648553
6.633957, 7.706326
6.638340, 7.789836
6.642576, 7.841981
6.646689, 7.892612
6.653102, 7.953060
6.661670, 8.019641
6.665127, 8.058235
6.686901, 8.192390
6.689800, 8.238276
6.691380, 8.287025
6.687396, 8.348932
6.684987, 8.409665
6.680867, 8.475797
6.678055, 8.544985
6.673871, 8.611106
6.668193, 8.677117
6.662390, 8.744596
6.658587, 8.823758
6.656353, 8.901440
6.657312, 8.972224
6.661378, 9.051367
6.663717, 9.126056
6.667380, 9.195205
6.669389, 9.261423
6.671443, 9.329124
6.676837, 9.408190
6.680871, 9.467318
6.684905, 9.526440
6.688938, 9.585562
6.694566, 9.646074
6.700838, 9.713509
6.704955, 9.757767
6.728397, 9.936502
6.730538, 9.975843
6.732836, 10.018061
6.734481, 10.075833
6.734870, 10.142093
6.736774, 10.211317
6.741711, 10.281934
6.743831, 10.355179
6.742466, 10.411509
6.746871, 10.476886
6.747667, 10.533230
6.745379, 10.583191
6.736960, 10.636138
6.731715, 10.697718
6.730351, 10.762605
6.728972, 10.828207
39ae2e95-a096-4cdc-afd9-a4ccb4ffaff2
6.775674, 4.765573
6.632518, 4.797215
6.504777, 4.880601
6.449826, 4.916493
6.408469, 4.909242
6.177290, 5.007571
5.981836, 5.076427
5.941910, 5.090492
5.903813, 5.100740
5.847637, 5.114300
5.799362, 5.124413
5.750803, 5.133057
5.711744, 5.144570
5.662008, 5.160788
5.614764, 5.177769
5.574211, 5.197115
5.526245, 5.224973
5.488893, 5.243205
5.457244, 5.256988
5.206910, 5.374488
4.745007, 5.610568
3ec0cc3d-a668-49e7-8e94-aa067648265d
6.809995, 4.931710
6.596771, 4.973342
6.577771, 4.977325
6.520061, 4.986296
6.414967, 5.029876
6.350309, 5.064791
6.299747, 5.074809
6.126779, 5.126070
6.077118, 5.149493
6.035888, 5.168239
5.997370, 5.178477
5.947067, 5.200482
5.908405, 5.210168
5.855617, 5.235083
5.815820, 5.249855
5.771378, 5.268868
5.747987, 5.274929
5.701841, 5.289321
5.659823, 5.301762
5.633876, 5.311905
5.215883, 5.371008
5.140056, 5.404617
5.036325, 5.441336
4.950373, 5.476224
4.868121, 5.518690
4.791947, 5.567487
4.616630, 5.628268
