main root
6.875802, 4.945939
6.685667, 4.934745
6.567379, 5.063088
6.557100, 5.202271
6.613591, 5.351290
6.612000, 5.517059
6.609784, 5.671381
6.612933, 5.775206
6.617763, 5.882389
6.615161, 6.049694
6.610563, 6.280151
6.610364, 6.396010
6.601723, 6.513853
6.591567, 6.623410
6.574370, 6.740352
6.561250, 6.858575
6.549110, 6.967972
6.541163, 7.077951
6.533764, 7.173885
6.531616, 7.284287
6.518765, 7.496426
6.508570, 7.676122
6.502445, 7.788910
6.497551, 7.895701
6.494656, 8.014481
6.481140, 8.176906
6.453874, 8.345579
6.396362, 8.553469
6.355429, 8.705172
6.331020, 8.819954
6.306364, 8.935895
6.281412, 9.043057
6.260581, 9.160430
6.243964, 9.278215
6.228588, 9.387201
6.216970, 9.514636
6.199951, 9.631591
6.176691, 9.747471
6.163541, 9.866593
6.142221, 9.982803
6.118218, 10.090191
6.096486, 10.216291
6.073775, 10.340156
6.056025, 10.460329
6.043581, 10.587692
6.025804, 10.704541
6.012095, 10.822703
5.995403, 10.948359
5.979797, 11.065850
5.956935, 11.190120
5.935489, 11.306700
5.921787, 11.416264
5.917615, 11.517811
5.911680, 11.611018
5.906300, 11.695519
5.902495, 11.788360
5.904687, 11.889895
5.911470, 12.008650
5.908436, 12.103057
5.902787, 12.212933
5.886753, 12.319350
5.866412, 12.398332
5.836139, 12.465370
5.787986, 12.551601
5.756727, 12.644421
5.748620, 12.668492
f4a3c340-ca17-40f5-8dde-76f260bed2db
6.628552, 5.466321
6.680732, 5.481463
6.744618, 5.507794
6.814904, 5.532107
6.872315, 5.542574
6.905919, 5.547568
6.979623, 5.561635
7.052330, 5.584859
7.153806, 5.602767
7.211394, 5.622733
7.263582, 5.643995
7.325967, 5.645411
7.445797, 5.648130
7.707080, 5.675376
7.763712, 5.678698
7.793826, 5.681963
7.820444, 5.689366
7.871225, 5.701935
7.920540, 5.714141
7.960906, 5.719507
8.014208, 5.722063
8.066514, 5.723073
8.117300, 5.724054
8.159624, 5.724872
8.200423, 5.727157
8.241112, 5.730935
8.290064, 5.736984
8.338808, 5.744515
8.392427, 5.749770
8.420755, 5.755554
8.445642, 5.760635
a9851a60-00bd-40d5-b6ae-b085ffb80143
6.552171, 5.793139
6.456192, 5.851137
6.406539, 5.865331
6.364973, 5.887906
6.304587, 5.915981
6.259507, 5.930338
6.189817, 5.947820
6.132110, 5.966572
6.053872, 6.001439
5.984582, 6.027684
5.944753, 6.039569
5.900862, 6.052530
5.848247, 6.061793
5.785053, 6.078896
5.737952, 6.097815
5.683127, 6.119805
5.624963, 6.149554
5.569089, 6.186536
5.478227, 6.211268
5.425427, 6.219404
5.387385, 6.228265
5.348239, 6.237354
5.261722, 6.273505
5.206387, 6.298249
5.153372, 6.315396
5.113180, 6.331543
c9dd7fc5-c026-45df-ba41-1754451e694f
6.574062, 5.711731
6.507411, 5.826098
6.481750, 5.883322
6.462718, 5.956340
6.452605, 5.983686
6.444590, 6.009404
b0a53b21-867c-44c1-b7ef-31671fab8303
6.598170, 5.960359
6.534400, 5.938218
6.501606, 5.921748
6.396387, 5.909582
6.226931, 5.898864
6.168467, 5.881152
6.122436, 5.872306
6.091450, 5.862876
6.074538, 5.863777
aeab94fc-0fdc-4a65-bb2d-8a5300c1fb10
5.888443, 11.540069
5.838662, 11.547307
e8ea705d-e168-45da-b108-cd0fcd7b7524
5.999318, 10.504903
5.954660, 10.510248
5.886892, 10.521374
5.843502, 10.533048
3e67dd53-5dc5-408a-8fab-a44e983a83c0
6.091766, 10.011833
6.069053, 10.012842
6.045106, 10.012406
dd9beb89-d8c3-4082-8b2f-8466bf65da53
6.236753, 9.772931
6.270968, 9.803912
6.305008, 9.830696
6.329868, 9.857875
6.351239, 9.876804
6.391377, 9.904360
6.420032, 9.929480
6.462457, 9.962690
6.483256, 9.982773
6.501528, 10.000416
509e7885-0b70-45c2-b69d-2ef1b3e2847b
6.220769, 9.828008
6.253267, 9.838163
6.277945, 9.850582
6.289005, 9.844920
6.379456, 9.850619
33d74449-8753-45d6-bdc3-729739fd55e5
6.177502, 9.412527
6.148373, 9.423626
6.090690, 9.438426
6.019136, 9.454061
5.939849, 9.475693
5.885647, 9.495135
5.841310, 9.503300
b2e1b29e-d5e4-4239-bb6c-47a285460bff
6.309163, 8.683022
6.243936, 8.695794
6.172430, 8.710789
6.107680, 8.720768
6.037386, 8.725543
5.944459, 8.731855
5.872613, 8.732236
5.791087, 8.740152
5.690519, 8.754169
5.630551, 8.764036
5.593812, 8.771599
f024e5d3-622a-48a9-a20e-68e6bff312af
6.504632, 8.383793
6.545792, 8.410713
6.599750, 8.447617
6.656990, 8.479513
6.704690, 8.509521
6.742473, 8.543900
6.774579, 8.546070
6.843657, 8.571993
6.923275, 8.630072
6.999569, 8.683123
7.055181, 8.721792
7.110793, 8.760462
7.185244, 8.817355
7.234437, 8.853064
7.271743, 8.881994
7.307332, 8.912646
e5fab2d0-58a2-4eb1-b924-deca41f0928a
6.465054, 7.298199
6.418554, 7.287894
6.359928, 7.272753
6.320252, 7.261409
6.289436, 7.249257
6.253940, 7.232039
6.215849, 7.213564
6.183282, 7.201095
6.114402, 7.185941
6.070990, 7.176389
5.958082, 7.182502
5.868271, 7.194454
5.810866, 7.222536
5.774225, 7.237125
5.738254, 7.245002
5.696912, 7.254054
5.619104, 7.267518
5.586087, 7.270193
5.545266, 7.271999
5.510689, 7.276525
5.455640, 7.286750
5.396174, 7.299318
5.330820, 7.314660
5.295789, 7.322883
f1f11a5f-9734-4187-af86-3edcd8c0fe29
6.478715, 7.037702
6.410605, 7.042172
6.357895, 7.061207
6.303418, 7.077939
6.271057, 7.090895
6.211940, 7.122624
6.162225, 7.142528
5.977539, 7.208173
5.842567, 7.245894
5.781396, 7.269220
5.727813, 7.286464
5.669526, 7.308381
5.612366, 7.333087
5.561934, 7.346734
5.509023, 7.354834
5.475145, 7.363036
5.415421, 7.380560
5.374811, 7.395583
5.341071, 7.408049
5.313497, 7.421413
5.257463, 7.455211
5.205761, 7.489891
5.115062, 7.515181
5.059086, 7.529236
4.974217, 7.544131
4.908722, 7.554104
4.870219, 7.558452
4.769849, 7.601458
4.704447, 7.635993
4.647052, 7.659531
4.598092, 7.679609
4.551584, 7.693829
507e0dca-fba7-4672-9b96-0e14ac9ece34
6.582833, 7.412567
6.638468, 7.469979
6.669222, 7.497040
6.725796, 7.534581
6.770332, 7.567476
6.817345, 7.601941
6.851360, 7.634561
6.882094, 7.651885
6.912091, 7.662161
6.962151, 7.679310
7.046748, 7.685605
7.124017, 7.717229
7.176848, 7.740468
7.225214, 7.765014
7.272153, 7.792192
462caf64-9884-45b9-a7e9-5cc8dde8ed6f
6.549028, 7.812615
6.594525, 7.813644
6.644970, 7.792810
6.729123, 7.747062
6.765033, 7.735726
6.790848, 7.732563
6.829019, 7.725560
6.864491, 7.719523
6.894430, 7.708357
6.934090, 7.693566
7.136292, 7.683621
7.160512, 7.680718
7.194259, 7.674914
7.211979, 7.679263
7.245698, 7.679833
7.287848, 7.680545
7.325349, 7.679683
7.351396, 7.680580
7.376781, 7.681455
297d9601-72cc-4fec-ad3e-cce56bc53b58
6.666882, 6.096008
6.741234, 6.121977
6.799920, 6.145482
6.853898, 6.170114
6.924460, 6.195066
6.962890, 6.218180
7.020561, 6.242387
7.142411, 6.280604
7.246454, 6.326530
7.298662, 6.352849
7.337427, 6.358981
7.414407, 6.369645
7.466770, 6.384454
7.548089, 6.409606
7.605312, 6.433572
7.690029, 6.473614
7.754936, 6.507603
7.814360, 6.545479
7.963850, 6.591631
8.061509, 6.645063
8.128361, 6.681640
8.171768, 6.698564
8.254394, 6.721142
8.324224, 6.743326
8.413403, 6.769449
8.494474, 6.795359
8.560878, 6.815009
8.622110, 6.836251
8.708566, 6.864017
8.753035, 6.879870
097ae8f0-bfbf-4da0-96cc-b2c7ba264d27
6.626398, 6.665778
6.652802, 6.720401
6.668900, 6.764491
6.684090, 6.804417
6.702696, 6.845801
6.730089, 6.899428
6.763092, 6.954169
6.790677, 7.005719
6.807682, 7.034327
6.820660, 7.056160
279be038-c602-4049-a52b-fb994f02dfc4
6.810754, 4.959358
6.964721, 5.154006
7.040089, 5.395965
7.060525, 5.467658
7.061243, 5.612940
7.064435, 5.695469
7.072529, 5.749867
7.076358, 5.803946
7.085936, 5.875669
7.097144, 5.959587
7.099385, 5.998975
7.098631, 6.038421
7.098105, 6.065932
7.100555, 6.094378
7.106882, 6.132954
7.117171, 6.177198
7.126759, 6.218431
7.132752, 6.244201
7.174927, 6.361230
7.193096, 6.402759
7.202159, 6.438360
7.208907, 6.477092
7.216705, 6.504533
7.231017, 6.533075
7.250409, 6.558439
7.297370, 6.612670
7.314592, 6.639417
7.337958, 6.681233
7.366866, 6.732969
7.397810, 6.785281
7.432293, 6.843576
7.446617, 6.876611
7.466826, 6.923220
7.489846, 6.972547
7.509240, 7.003488
7.549341, 7.061830
7.575858, 7.121547
7.640386, 7.194438
7.695683, 7.250535
7.742771, 7.289316
7.787584, 7.315476
7.868874, 7.360494
7.926090, 7.393892
7.980491, 7.429112
8.022840, 7.458313
7d86fcfb-9a84-450c-a629-b88302b4072d
6.666780, 5.350872
6.733284, 5.364900
6.779478, 5.379195
6.828525, 5.400653
6.918394, 5.407877
6.997946, 5.431904
7.078089, 5.451791
7.155672, 5.467957
7.192106, 5.481665
7.261493, 5.509369
7.338994, 5.547012
7.403921, 5.575219
7.466044, 5.602208
7.549600, 5.645389
7.604132, 5.673570
7.689093, 5.757080
7.743188, 5.801354
7.793498, 5.844463
7.830367, 5.870143
7.933742, 5.931748
8.004380, 5.981087
8.057824, 6.020241
8.112461, 6.060270
8.188641, 6.113474
8.237915, 6.153365
8.286278, 6.182891
8.346143, 6.217685
8.402653, 6.252261
8.454253, 6.289097
8.511205, 6.320559
8.576591, 6.351550
8.633806, 6.381981
8.716026, 6.425712
8.779258, 6.462733
8.842970, 6.501772
8.930644, 6.553012
8.997314, 6.585041
9.056369, 6.615074
9.121280, 6.652737
9.154019, 6.673463
37d33070-e8b9-428e-8a1e-d4f04df07061
6.672402, 4.972213
6.848985, 5.009552
7.052040, 5.073925
7.103065, 5.087959
7.158219, 5.109020
7.201549, 5.122339
7.231924, 5.131654
7.252494, 5.141071
7.286938, 5.160109
7.327982, 5.179350
7.382159, 5.191501
7.413719, 5.201626
7.453943, 5.214508
7.494147, 5.227383
7.541083, 5.250385
7.639119, 5.276592
7.690245, 5.290255
7.721349, 5.301661
7.773136, 5.323837
7.835463, 5.344008
7.891830, 5.362251
7.957621, 5.375679
8.040577, 5.392610
8.095115, 5.406796
8.146997, 5.424930
8.210937, 5.447278
8.277145, 5.475176
8.355993, 5.503899
8.415515, 5.522396
8.497645, 5.540082
8.580399, 5.560024
8.648083, 5.582734
8.727579, 5.615970
8.795944, 5.639687
8.865652, 5.659116
8.947217, 5.681850
9.002465, 5.698803
9.057256, 5.717181
9.137540, 5.744110
9.189942, 5.764844
9.233398, 5.791696
9.272430, 5.791296
9.362233, 5.822211
9.456450, 5.861356
9.535453, 5.889689
9.623609, 5.919071
9.704698, 5.939538
9.786888, 5.958145
9.869333, 5.983188
9.967624, 6.008622
10.056633, 6.025137
10.139685, 6.030000
10.225117, 6.041233
10.309057, 6.052272
10.381245, 6.064783
10.464971, 6.071700
10.511248, 6.081531
10.595518, 6.105883
10.655027, 6.127753
10.718601, 6.151118
10.806530, 6.181193
10.848792, 6.198811
7fc5b4ee-22ba-46a0-a6c3-0555b88dbed3
6.859564, 4.880601
6.821798, 4.848159
6.768872, 4.813391
6.740027, 4.793894
6.664064, 4.732091
6.610332, 4.649634
6.541712, 4.619257
6.466813, 4.592593
6.444714, 4.581548
6.410862, 4.561283
6.372489, 4.540055
6.341367, 4.519416
6.320900, 4.516121
6.301900, 4.509593
777c5dd6-3e11-4eaa-9739-c4c7343894c3
6.496165, 4.971726
6.404149, 4.982990
6.329441, 4.998228
6.252654, 5.016944
6.174403, 5.042219
6.100142, 5.069392
5.982822, 5.087517
5.890225, 5.099695
5.820489, 5.111885
5.751331, 5.127013
5.661703, 5.150925
5.582773, 5.179728
5.513866, 5.200094
5.431992, 5.228705
5.360050, 5.253846
5.284433, 5.286616
5.172657, 5.332581
5.108915, 5.351969
5.046108, 5.367944
4.975059, 5.393739
4.910498, 5.418771
4.846493, 5.445194
4.788761, 5.459312
4.726265, 5.469970
4.640614, 5.496833
4.575006, 5.518977
4.508014, 5.546326
4.447768, 5.566072
4.382449, 5.589056
4.317643, 5.613448
4.253379, 5.639234
4.188025, 5.670297
4.131107, 5.687407
4.067246, 5.705041
4.000914, 5.724910
3.935027, 5.746208
3.867688, 5.772694
3.804658, 5.797485
3.740782, 5.824218
3.698390, 5.828979
3.652898, 5.835594
3.570616, 5.858981
3.500313, 5.886743
3.439843, 5.905796
3.366174, 5.931180
3.328151, 5.944282
5775f191-69d8-4b13-a68b-bf61e0a2d3e3
6.556668, 5.852537
6.484878, 5.776413
6.413500, 5.764389
6.320591, 5.745924
6.169632, 5.738649
6.109631, 5.724697
6.046784, 5.713227
6.010387, 5.710281
5.956527, 5.708924
5.900350, 5.704514
5.858143, 5.701200
5.815935, 5.697888
5.770510, 5.697326
5.722116, 5.702713
5.658824, 5.692180
5.612160, 5.681379
5.567328, 5.674074
5.512267, 5.662070
5.472973, 5.653504
5.438963, 5.652217
5.396657, 5.650617
5.357459, 5.646139
5.323365, 5.640737
5.296565, 5.638006
184891e7-5b7e-4319-8944-dd7dafdfbe7c
6.546650, 5.664890
6.436424, 5.694665
6.373981, 5.703329
6.347518, 5.728227
6.280858, 5.760786
6.168559, 5.790016
6.119623, 5.809273
6.054062, 5.839898
5.988253, 5.866061
5.921639, 5.884491
5.842987, 5.914014
5.746242, 5.945811
5.673853, 5.969602
5.635648, 5.982156
5.557529, 6.017277
5.488032, 6.048522
5.439665, 6.062062
5.359094, 6.086771
5.297317, 6.101019
5.234139, 6.120197
5.168332, 6.141738
5.106833, 6.157145
5.064559, 6.172363
4.999932, 6.197219
4.932420, 6.231203
4.837783, 6.277116
4.795026, 6.286215
4.734231, 6.307633
4.648231, 6.342392
4.575926, 6.374845
4.505075, 6.397367
4.433426, 6.418573
4.363389, 6.434620
4.264362, 6.457310
4.192333, 6.470742
4.117422, 6.484712
4.010559, 6.513250
3.936937, 6.532911
3.862255, 6.554405
3.772041, 6.584771
3.727784, 6.596509
3.676636, 6.610075
2afa2c9d-ad12-45af-900c-12336d389f59
6.574338, 5.576710
6.482964, 5.680208
6.443130, 5.792327
6.407857, 5.870019
6.372582, 5.947711
6.347633, 5.992307
6.322683, 6.036902
970c58c6-cfe9-45dc-ba55-10e9fbd4a1eb
6.698864, 4.870389
6.658606, 4.768459
6.569431, 4.597627
6.536197, 4.572414
6.459573, 4.516443
6.409983, 4.479465
6.377495, 4.456334
6.334225, 4.429444
6.258952, 4.393599
6.176309, 4.361045
6.121318, 4.342187
6.078027, 4.328444
6.018197, 4.305348
5.959748, 4.280536
5.867437, 4.244441
5.821943, 4.226893
5.753808, 4.206790
5.685229, 4.195327
5.652302, 4.189824
5.610549, 4.182845
5.579963, 4.180767
5.548286, 4.178615
5.516565, 4.182460
5.471930, 4.190887
5.438957, 4.194065
5.401618, 4.194656
5.362237, 4.192286
5.321566, 4.188340
5.274272, 4.180742
5.234191, 4.172788
5.190909, 4.165724
5.140776, 4.157543
5.095559, 4.153196
5.051787, 4.150492
4.998438, 4.151695
4.951230, 4.151263
4.924321, 4.152514
4.879539, 4.147302
