main root
6.736571, 4.396561
6.759805, 4.644157
6.775833, 4.815684
6.774725, 4.982647
6.776556, 5.136077
6.782303, 5.266439
6.787150, 5.376396
6.796231, 5.486286
6.803182, 5.596102
6.814902, 5.714470
6.825748, 5.824005
6.832370, 5.933835
6.842146, 6.026070
6.851638, 6.135694
6.853589, 6.264324
6.861535, 6.369541
6.873393, 6.470379
6.874801, 6.572909
6.882765, 6.691855
6.883392, 6.826163
6.888185, 6.953686
6.901389, 7.081349
6.916196, 7.224521
6.943133, 7.355512
6.950083, 7.462074
6.946454, 7.619532
6.930725, 7.764020
6.911121, 7.905807
6.882710, 8.059455
6.848321, 8.212039
6.834372, 8.302718
6.830738, 8.367261
6.821647, 8.422233
43a0306e-239b-471f-bba7-980d83ee822f
6.817247, 4.698573
6.846128, 4.734539
6.897477, 4.793387
6.942007, 4.844421
6.983084, 4.889220
7.025936, 4.931527
7.074243, 4.972111
94515b02-f138-473e-8b16-62db74ac9c3c
6.735405, 4.547911
6.624752, 4.664910
6.585815, 4.690930
6.526746, 4.722922
6.460242, 4.756581
6.401748, 4.787800
