main root
6.771200, 5.068093
6.845817, 5.448514
6.876139, 5.613647
6.866464, 5.714416
6.873627, 5.877764
6.870765, 6.058297
6.888907, 6.236612
6.895600, 6.414871
6.888126, 6.555162
6.874558, 6.692504
6.853121, 6.804872
6.811121, 6.937185
6.780378, 7.061794
6.756337, 7.132897
6.739999, 7.174742
6.697269, 7.304496
6.685500, 7.386642
6.660433, 7.502103
6.635482, 7.626923
6.612247, 7.743158
6.587790, 7.843924
6.564911, 7.902509
6.538270, 7.953280
6.482043, 8.013231
6.419722, 8.045869
6.212352, 8.189378
6.176620, 8.233329
6.146681, 8.358424
6.128453, 8.434590
6.124375, 8.527495
4e578b0e-39ff-4571-b286-a6eb86878637
6.826845, 5.331269
6.922218, 5.365395
6.968782, 5.401729
7.017510, 5.490634
7.035840, 5.545877
7.055730, 5.601069
7.072242, 5.633642
7.108532, 5.675438
7.172292, 5.747879
7.198036, 5.797513
7.269771, 5.829540
7.328011, 5.892610
7.356206, 5.934176
7.396316, 5.996999
7.417957, 6.030896
7.478653, 6.097035
7.525860, 6.152926
7.562955, 6.187594
7.625520, 6.237891
7.684812, 6.285579
7.790544, 6.369538
7.872658, 6.442847
7.937945, 6.495575
8.036187, 6.566273
719b6ac9-cf1a-4ace-a02e-0e8091690578
6.802282, 5.454763
6.744162, 5.475621
6.706134, 5.486088
6.668405, 5.494920
6.623424, 5.497968
6.573325, 5.512850
6.545771, 5.530233
6.510758, 5.556108
6.466721, 5.596705
6.425386, 5.618653
6.373661, 5.659753
6.330200, 5.667475
39c8289a-5b97-4f6e-83f5-d19576288815
6.712073, 5.199801
6.643084, 5.204201
6.577789, 5.213835
6.493274, 5.243454
6.433940, 5.256319
6.411968, 5.278061
6.318685, 5.328415
6.285113, 5.341433
6.201358, 5.404961
6.141793, 5.442627
6.088529, 5.475712
6.073005, 5.514112
6.014779, 5.559247
5.938418, 5.610455
5.863579, 5.653151
5.793273, 5.695650
5.755740, 5.716590
1c50cf45-0e6f-4e4f-9fd7-902413995885
6.889735, 5.236397
6.964977, 5.233138
7.063221, 5.248678
7.135502, 5.223861
7.230156, 5.204782
7.299058, 5.177736
eae52174-cb72-43b3-94dd-86432fe3c7a2
6.811810, 5.670516
6.765831, 5.679745
6.684807, 5.705321
6.618820, 5.716734
6.570972, 5.724855
6.498655, 5.753901
6.398517, 5.812445
6.333828, 5.846802
6.288331, 5.867581
6.241525, 5.877440
6.169301, 5.889591
6.111226, 5.896323
6.016102, 5.934913
5.915500, 5.941903
5.862443, 5.932569
