main root
6.934214, 5.505718
6.783945, 5.896444
6.757485, 5.994704
6.704154, 6.096203
6.618266, 6.379819
6.552054, 6.547638
6.491113, 6.726871
6.439693, 6.974297
6.390184, 7.204714
6.353807, 7.449645
6.317046, 7.624887
6.367947, 7.821551
6.380411, 7.939095
6.382341, 8.057101
6.385552, 8.126485
6.382976, 8.188890
6.372253, 8.489007
6.370921, 8.526260
6.356644, 8.714606
6.390897, 9.078720
6.417301, 9.265467
6.442009, 9.343980
6.459103, 9.453476
6.467843, 9.519148
6.475097, 9.585000
6.490772, 9.658944
6.503045, 9.724050
6.510348, 9.787026
6.516489, 9.852991
6.527655, 9.924483
6.543237, 9.995148
6.542177, 10.042704
8dcc0938-5bf0-4bdf-a3bf-72db5aef424f
6.923952, 5.703847
7.052762, 5.760267
7.086569, 5.791544
7.112495, 5.832004
7.154063, 5.831373
7.205500, 5.856413
7.253509, 5.910733
7.284642, 5.954601
7.317161, 5.998786
7.350439, 6.042403
7.392855, 6.086567
7.399502, 6.122954
7.422572, 6.148178
7.463157, 6.196988
7.501395, 6.247657
7.559035, 6.320543
7.607356, 6.374406
7.654698, 6.424937
7.707354, 6.474573
7.758757, 6.520969
7.815379, 6.566027
7.859966, 6.609158
7.909243, 6.654745
7.954431, 6.690434
8.009685, 6.732166
8.061577, 6.765733
8.095929, 6.784390
8.243615, 6.845377
8.306695, 6.904038
8.373337, 7.001378
8.416752, 7.075807
8.446788, 7.133238
8.473273, 7.183880
8.486443, 7.229647
a35f501b-5dd5-48e7-8e7b-3a6f8b49e99b
6.845189, 5.941352
6.900080, 5.985084
6.961861, 6.055729
6.998230, 6.104694
7.042297, 6.147734
7.095097, 6.193541
7.150509, 6.236154
7.202555, 6.276179
7.250402, 6.316752
7.319079, 6.380503
7.379153, 6.432183
7.430583, 6.482349
7.504736, 6.551727
7.536056, 6.585129
7.627966, 6.715757
7.665021, 6.763223
7.720317, 6.824322
7.777792, 6.881138
7.821401, 6.934771
7.888683, 7.010810
7.941289, 7.068006
7.992872, 7.124089
8.068980, 7.203711
8.128693, 7.263178
8.188681, 7.322921
8.242669, 7.376688
8.296657, 7.430455
8.362549, 7.505036
8.416060, 7.571869
8.451303, 7.625464
8.489021, 7.688273
8.535290, 7.769405
8.566806, 7.827689
8.598017, 7.885407
8.623182, 7.930137
8.750926, 8.152390
8.769189, 8.199178
8.796416, 8.280342
8.822546, 8.353530
8.846253, 8.424388
8.878494, 8.520749
8.898886, 8.591130
8.927509, 8.668411
8.932426, 8.711848
8.940280, 8.781256
8.948115, 8.823856
8.965425, 8.884871
8.989922, 8.960249
9.019134, 9.035607
9.034293, 9.099554
9.057608, 9.207080
9.075549, 9.289827
9.093476, 9.365441
9.107451, 9.437363
9.123195, 9.529413
9.129427, 9.592497
9.144265, 9.666604
9.161085, 9.735357
9.173559, 9.798944
9.182541, 9.855663
9.180713, 9.905653
2fabbf48-6530-487c-a881-5c86d26a2127
6.841698, 5.700713
6.616498, 5.823270
6.542335, 5.863631
6.474207, 5.904115
6.408701, 5.943041
6.313044, 5.997422
6.225836, 6.049433
6.148843, 6.088107
6.069256, 6.121122
5.987497, 6.148303
5.907158, 6.175012
5.836746, 6.195266
5.767614, 6.208923
5.720414, 6.212145
5.697222, 6.240144
5.604402, 6.280464
5.521092, 6.321238
5.450589, 6.360744
5.385261, 6.393919
5.324144, 6.427315
5.276452, 6.442409
5.167373, 6.458298
5.127591, 6.464077
5.102762, 6.487341
4.971919, 6.551974
4.899901, 6.594487
4.828408, 6.639099
4.759497, 6.686990
4.698418, 6.722147
4.634574, 6.751989
4.578965, 6.777982
4.518078, 6.809747
4.445434, 6.861150
4.383941, 6.900998
4.320872, 6.938303
4.254229, 6.981201
4.189254, 7.026585
4.128259, 7.061885
4.031983, 7.115160
3.959281, 7.157761
3.889061, 7.203715
3.826163, 7.241300
3.778671, 7.276654
3.715704, 7.334722
3.660112, 7.375809
3.556281, 7.452549
3.447490, 7.565037
3.385688, 7.622986
3.316137, 7.685317
3.253089, 7.741820
3.196576, 7.788445
3.161482, 7.825160
3.108927, 7.884474
3.058140, 7.937279
3.005237, 7.987965
2.950037, 8.049144
2.899427, 8.114172
2.851580, 8.165902
2.775329, 8.245226
2.714867, 8.305132
2.656481, 8.365900
2.599613, 8.428082
2.540657, 8.489474
2.490962, 8.556193
2.434639, 8.621395
2.382985, 8.687537
2.336082, 8.747596
2.289179, 8.807655
2.226342, 8.898432
2.186658, 8.947868
2.151572, 8.998746
2.114270, 9.060743
2.080375, 9.122884
2.053244, 9.163246
2.020140, 9.204444
2564f52f-d830-49f2-837f-4ae16aa75d36
6.666419, 5.974500
6.569231, 5.986615
6.493051, 5.994392
6.186595, 6.014312
6.132448, 6.013497
5.912527, 6.020324
5.885024, 6.021178
5.856737, 6.025050
5.809676, 6.037536
5.765942, 6.038573
5.737122, 6.036263
5.700257, 6.030304
5.660183, 6.022311
5.620428, 6.012855
5.575895, 6.006879
5.525547, 6.000122
5.461754, 5.996091
5.397327, 5.989020
5.348189, 5.988145
5.277421, 5.989879
5.218168, 5.991330
5.158917, 5.992782
5.124404, 5.992130
4.986866, 6.002867
4.950992, 6.005667
4.922918, 6.010861
4.895543, 6.018970
4.850912, 6.038434
4.811335, 6.057325
4.787914, 6.065188
4.750609, 6.072975
4.700880, 6.083356
4.645181, 6.091925
4.587853, 6.099230
4.536167, 6.107325
4.484733, 6.116895
4.434789, 6.126187
4.374132, 6.140518
4.298867, 6.159837
4.250742, 6.170644
4.200043, 6.183564
4.150818, 6.196107
4.092303, 6.212562
4.044434, 6.224470
3.996099, 6.238035
3.960417, 6.249604
8648194c-4c15-43d5-b925-2d4b33a8c1ce
6.678130, 6.409249
6.763937, 6.478564
6.801064, 6.515498
6.838686, 6.557189
6.864116, 6.576478
6.900718, 6.591090
6.999200, 6.639802
7.060232, 6.663278
7.097889, 6.680938
7.137461, 6.711070
7.171958, 6.741136
7.199510, 6.757247
7.256993, 6.783962
7.320526, 6.805236
7.355098, 6.823127
7.416722, 6.860072
7.462810, 6.885284
7.497265, 6.915512
07972de9-107a-461f-b014-ee5a579655dd
6.876084, 5.802417
6.969159, 5.836385
7.036819, 5.880620
7.081084, 5.920289
7.124754, 5.949375
7.207337, 6.023625
7.319939, 6.134175
7.417035, 6.219679
7.519177, 6.301465
91412a3d-0a55-4460-9b1b-5f2e2ac8717e
6.475509, 6.851026
6.548405, 6.874923
6.636238, 6.907617
6.692397, 6.933561
6.746082, 6.953676
6.805188, 6.974474
6.862387, 6.981908
6.924102, 6.992949
6.980784, 7.007181
