main root
6.893140, 4.175504
6.891764, 4.366842
6.875792, 4.513575
6.858114, 4.642808
6.889630, 4.773368
6.903856, 4.954384
6.931224, 5.134249
6.942921, 5.198937
6.949947, 5.289882
6.949575, 5.390985
6.944317, 5.460842
6.933295, 5.582724
6.916225, 5.714216
6.907927, 5.817334
6.915430, 5.902110
6.903833, 6.002974
6.905043, 6.103589
6.910601, 6.213705
6.916148, 6.323628
6.915348, 6.433714
6.912493, 6.535380
6.902853, 6.653173
6.886918, 6.770289
6.873219, 6.870967
6.865840, 6.972268
6.846768, 7.088881
6.821474, 7.204335
6.797288, 7.352389
6.777674, 7.510579
6.750870, 7.641976
6.718386, 7.764068
6.694892, 7.893135
6.676600, 8.028583
6.680573, 8.132078
6.683843, 8.208816
6.673560, 8.300404
6.675987, 8.395758
6.653597, 8.475087
6.650181, 8.518069
6.641403, 8.590782
6.629665, 8.663078
6.617463, 8.738270
6.602006, 8.796176
6.580245, 8.866109
6.561297, 8.916938
6.505249, 9.012667
6.434265, 9.105756
6.389776, 9.178920
6.351206, 9.248120
6.319913, 9.335026
6.299517, 9.418188
6.292350, 9.510274
6.284184, 9.576702
6.275123, 9.625892
6.275277, 9.739460
6.253974, 9.891749
6.233281, 10.039677
6.211602, 10.164346
6.186622, 10.331008
6.161320, 10.429912
6.118077, 10.556850
6.089565, 10.673260
6.063376, 10.789055
6.035207, 10.904045
5.993446, 11.012448
5.956925, 11.107250
5.913449, 11.208334
5.868037, 11.308563
5.831986, 11.403508
5.815721, 11.494018
5.787201, 11.617104
5.768425, 11.716880
5.754276, 11.826389
5.749441, 11.946137
5.753063, 12.065592
5.763233, 12.193143
5.755618, 12.307687
5.733377, 12.407080
ff7f5ad1-7be2-4c3b-ba32-77340ee32cde
6.820136, 4.832779
6.797633, 4.841872
6.766282, 4.846867
6.738714, 4.854286
6.710033, 4.865103
6.668693, 4.883890
6.606471, 4.917970
6.528380, 4.917875
6.489582, 4.935204
6.452452, 4.948506
6.410803, 4.966606
6.371990, 4.983471
6.334727, 4.996395
6.294745, 5.010261
6.254761, 5.024125
6.212928, 5.041795
6.172349, 5.062189
6.145309, 5.072429
6.105731, 5.087422
6.076038, 5.098671
6.036651, 5.108499
5.997646, 5.118209
5.970960, 5.124831
5.941951, 5.138173
5.902143, 5.159756
5.865040, 5.179848
5.826721, 5.203978
5.791007, 5.226442
5.756221, 5.244762
5.718879, 5.264405
5.680255, 5.288128
5.632214, 5.292590
5.615148, 5.307370
5.547499, 5.331219
5.497006, 5.353817
5.453076, 5.368558
5.406000, 5.385898
5.371367, 5.400213
5.341881, 5.420500
5.290683, 5.456504
5.262702, 5.468863
5.208491, 5.492806
5.140319, 5.519644
5.086019, 5.539411
5.021477, 5.564501
4.958345, 5.589041
4.887322, 5.616649
4.817151, 5.642320
4.755323, 5.661751
4.682629, 5.684597
4.611893, 5.703691
4.538325, 5.723548
4.465812, 5.741570
4.403352, 5.752466
4.336626, 5.764107
4.266598, 5.777843
4.232468, 5.783012
71c1f844-2984-44a6-a57f-5e78489198f3
6.735692, 8.113642
6.776798, 8.120033
6.813120, 8.128711
6.865921, 8.160502
6.942782, 8.190128
6.990150, 8.214833
7.029807, 8.232174
7.090014, 8.251999
7.146110, 8.270502
7.202196, 8.289034
7.258274, 8.307593
7.312293, 8.322319
7.346767, 8.347730
6051f47d-0977-486e-b6fe-88790f71efc7
6.706179, 8.427783
6.768900, 8.439239
6.843859, 8.452929
6.917077, 8.467821
7.004887, 8.494317
7.061788, 8.513050
7.115507, 8.539920
7.162832, 8.565859
7.231497, 8.601787
7.281556, 8.634737
7.353595, 8.697263
7.415258, 8.739576
7.473919, 8.783462
7.533345, 8.813370
7.577545, 8.825563
7.654676, 8.843737
7.728836, 8.861214
7.787540, 8.868899
7.866445, 8.876213
7.996561, 8.878571
8.058082, 8.899531
600a86d8-fbbd-46f8-a427-a6baaf4262a6
6.627304, 8.157919
6.582955, 8.165690
6.520279, 8.174705
6.487959, 8.180419
6.426580, 8.200680
6.407098, 8.225944
6.350793, 8.247376
6.282811, 8.299808
6.246259, 8.337451
6.197651, 8.365684
6.150998, 8.396570
6.080558, 8.439975
6.028111, 8.483643
5.966225, 8.537026
5.901848, 8.589002
5.835813, 8.638853
5.771452, 8.689226
5.711284, 8.743355
5.651485, 8.799068
5.598928, 8.855614
5.555951, 8.923027
5.499845, 8.988050
5.450064, 9.045742
5.424877, 9.090967
111324cf-a1ce-463b-a4dd-99f25c4b5fbd
6.621386, 8.296430
6.566591, 8.315722
6.507045, 8.343038
6.450643, 8.342314
6.425480, 8.361174
6.394800, 8.374818
6.349541, 8.388276
6.309903, 8.416683
6.270306, 8.445195
6.193654, 8.474873
6.140612, 8.492316
6.090695, 8.499165
6.045779, 8.532269
5.960048, 8.567124
5.894455, 8.616054
5.759995, 8.716423
5.675929, 8.791248
5.608224, 8.864280
5.540500, 8.937272
7827620e-8808-43d5-bfca-9a989a966e0a
6.671015, 8.748310
6.725508, 8.758070
6.774122, 8.769817
6.830411, 8.787595
6.899467, 8.839952
6.945209, 8.880497
6.974526, 8.896725
7.042816, 8.926181
7.141810, 8.970336
7.188214, 8.997945
7.240275, 9.034143
7.284422, 9.070310
7.329121, 9.114948
ff7250da-97b8-4bdd-b246-1d32f38b95e4
6.596508, 8.958359
6.640042, 8.999042
6.697836, 9.051005
6.754006, 9.097482
6.785988, 9.134538
6.830634, 9.203225
6.865898, 9.252016
6.922753, 9.305130
6.972022, 9.357302
7.043260, 9.429657
7.101482, 9.491748
7.161844, 9.550058
7.193446, 9.595209
7.243447, 9.663032
7.293689, 9.731179
7.338902, 9.792507
7.374073, 9.847779
7.403737, 9.896514
efecdc38-9a64-4b3d-9666-3843d6b756db
6.257734, 9.328536
6.200372, 9.342019
6.146964, 9.349603
6.069924, 9.362557
5.998471, 9.369836
5.897379, 9.380135
5.826914, 9.381294
5.753933, 9.399524
5.687843, 9.425289
5.636839, 9.448386
2dc449c6-b190-496a-873e-5edd03e971c3
6.228209, 9.539578
6.160176, 9.559410
6.089720, 9.575554
6.016550, 9.590611
5.936701, 9.611361
5.897969, 9.615239
75761b59-77b7-4fab-b734-b79bd5edcacc
6.328833, 9.622367
6.384217, 9.610402
6.466493, 9.604374
6.517153, 9.600661
6.569898, 9.603771
