main root
5.453403, 3.809154
5.523136, 4.241077
5.339971, 4.631222
5.173148, 4.926390
5.025161, 5.302368
4.982682, 5.496495
4.971131, 5.668836
5.003962, 6.243886
5.023986, 6.532347
5.102297, 6.846500
5.372252, 7.240801
5.550486, 7.562036
5.577787, 7.886555
5.596471, 8.179054
5.564656, 8.418835
5.540767, 8.729369
5.537281, 9.001673
5.568260, 9.198298
5.510213, 9.659228
5.448273, 9.994092
5.438182, 10.211277
5.358497, 10.587099
5.302286, 11.069694
5.214546, 11.488795
5.186696, 11.665023
5.140570, 11.957046
5.087067, 12.074093
5.003375, 12.142400
d4e204ca-3b04-43ce-bf61-4c7435f096b1
4.976627, 5.703605
5.101805, 5.728870
5.253117, 5.802041
5.300141, 5.846822
5.396874, 5.962991
5.492572, 6.043241
5.578919, 6.108332
5.661479, 6.229513
87ea1588-7a4d-4b57-bfa0-7980c166ab27
5.448300, 4.296833
5.411089, 4.243735
5.332385, 4.203404
5.062392, 4.197864
4.692945, 4.188005
4.535406, 4.177178
4.422170, 4.188064
4.299114, 4.207593
4.080064, 4.261782
3.943450, 4.278219
3.687646, 4.337841
3.586593, 4.382364
3.427934, 4.436844
3.358772, 4.448544
ac52347a-4da4-4df6-aff4-219a3bd23283
5.541433, 4.271433
5.732667, 4.372812
5.877562, 4.461438
d527ce68-4372-472a-875f-3c0e4b2b8174
5.571408, 4.281242
5.609052, 4.394535
5.747794, 4.669495
5.995331, 4.952627
6.065910, 5.056811
6.160958, 5.231973
6.509861, 5.606743
6.575609, 5.686087
6.614220, 5.760847
6.788666, 6.051760
ef413e2a-751d-40b6-be3a-39baab2819c9
5.470242, 4.465428
5.578574, 4.509385
5.819217, 4.674471
5.940053, 4.767250
6.036157, 4.819611
6.316122, 4.942577
6.471837, 4.994641
6.576352, 5.061757
6.804729, 5.202037
6.946230, 5.266344
7.244370, 5.356928
7.355800, 5.385849
7.505073, 5.454977
7.730740, 5.549790
7dc01c9d-e20b-4111-a036-746999b76d09
5.334047, 4.653066
5.495931, 4.740634
5.569871, 4.796281
5.728326, 5.001938
5.844628, 5.154920
5.917323, 5.282631
5.938989, 5.373810
5.923228, 5.549020
5.867400, 5.852054
5.846763, 6.040966
5.845175, 6.290733
5.880100, 6.699250
5.891832, 7.230133
ec2bf2e0-6aaa-49b2-bf5f-d2fbee51dc74
5.156196, 4.999743
5.355713, 5.112196
5.437232, 5.151831
5.555480, 5.265003
5.703105, 5.381237
5.774036, 5.535576
5.825977, 5.694743
5.842705, 5.850467
5.818011, 6.040261
5.816600, 6.292321
5.847679, 6.681565
5.867400, 7.020983
1ba94ceb-b5e8-42dc-8c06-7404b915c922
5.030872, 5.287209
5.204841, 5.376526
5.342125, 5.444385
5.422783, 5.497738
5.520481, 5.555779
5.750278, 5.784144
5.788104, 5.858357
5.785555, 6.292145
5.815012, 6.683375
4246807a-a646-4ac7-b6b0-e3d30cbe9012
5.459118, 4.158799
5.336762, 4.177039
5.122156, 4.194631
5.040039, 4.140310
4.937784, 3.913745
4.876171, 3.755853
4.819838, 3.684504
4.741147, 3.646615
4.393644, 3.582793
4.230250, 3.565774
4.142800, 3.574113
4.060861, 3.593178
3.982208, 3.626077
6cd4db39-3edf-4053-a32a-fad65e77b2b7
5.566557, 4.064438
5.920678, 4.097744
87ca4a52-d5ae-4719-b788-22bcf8c218a9
5.129389, 6.861528
5.196042, 6.857085
5.426025, 6.858595
5.477009, 6.873639
5.553000, 6.921541
5.627093, 7.020430
5.728426, 7.159745
5.951008, 7.251700
6.181725, 7.347479
ee04ab88-be47-49ea-a0c0-b65f808b70b6
5.304427, 7.121322
5.452219, 7.165477
5.759567, 7.244194
5.921071, 7.251720
6.225045, 7.388289
1ef6b1d0-dd97-4650-8b2e-89764e57cea0
5.266329, 7.053599
5.365908, 7.014935
5.424379, 7.017769
5.472173, 7.045499
5.532926, 7.160430
5.540307, 7.240315
5.521165, 7.420176
5.601758, 7.628467
5.595408, 7.797800
36434ea0-8ebc-4a42-abcd-9b526658b8f1
5.253560, 7.065786
5.104049, 7.184494
4.811579, 7.335047
4.718755, 7.394221
4.585052, 7.522915
4.383074, 7.698307
7a57c43f-694a-4088-852b-77f42b210f45
5.086577, 6.891773
4.882474, 7.069861
4.803106, 7.147483
4.668025, 7.240212
4.579495, 7.293837
4.332300, 7.458137
3.931120, 7.814649
3.648149, 8.033042
