main root
6.588930, 4.815051
6.641117, 5.043539
6.520919, 5.400494
6.468196, 5.529860
6.445317, 5.635315
6.449904, 5.790290
6.465739, 5.899434
6.455604, 6.022772
6.495611, 6.163362
6.538816, 6.314462
6.553560, 6.400044
6.558938, 6.535850
6.574848, 6.682638
6.598353, 6.843988
6.605450, 6.944810
6.620195, 7.051994
6.619316, 7.161231
6.618485, 7.235343
6.619437, 7.310657
6.617028, 7.366184
6.614990, 7.410471
6.619319, 7.444091
6.627793, 7.534173
6.629246, 7.597560
6.629267, 7.663812
6.627792, 7.730053
6.626284, 7.797770
6.621661, 7.870889
6.618253, 7.948524
6.610567, 8.055363
6.608331, 8.204270
6.605968, 8.261992
6.606416, 8.324308
6.596291, 8.373153
6.581939, 8.427624
6.573338, 8.503183
6.575494, 8.537145
6.580836, 8.597672
6.573673, 8.692760
6.567841, 8.750257
6.559667, 8.816007
6.552612, 8.884892
6.545712, 8.952266
6.535665, 9.006295
6.527576, 9.057982
6.518476, 9.106456
6.512687, 9.161619
6.506951, 9.230624
6.504110, 9.282867
6.499939, 9.332015
6.499268, 9.375324
6.498480, 9.426118
7f3bb791-353e-469f-b4c3-df50d41d5cd1
6.700027, 5.077520
6.775702, 5.095151
6.812623, 5.116432
6.863112, 5.161037
6.913882, 5.211881
6.972542, 5.273562
7.028935, 5.326841
7.077637, 5.405072
7.137852, 5.432765
7.180280, 5.448983
7.215955, 5.465825
7.257987, 5.487322
7.280601, 5.498888
7.325651, 5.527214
7.361260, 5.549647
7.388618, 5.563388
7.434298, 5.579632
7.470115, 5.595586
7.501173, 5.602908
7.549373, 5.608119
7.594592, 5.609961
7.615861, 5.616818
7.649847, 5.624631
1ebb5246-d5cf-4835-8b38-c5d9f2b93dab
6.606106, 5.248331
6.675584, 5.349115
6.710765, 5.418609
6.743372, 5.479701
6.760133, 5.561543
6.792592, 5.617254
6.822092, 5.655991
6.842261, 5.687418
6.860990, 5.722142
6.881086, 5.759401
6.897128, 5.795448
6.921601, 5.845605
6.946926, 5.949270
7.017178, 6.061539
7.084433, 6.154328
7.101224, 6.180403
7.120692, 6.208260
7.141200, 6.235360
7.158625, 6.255904
e611ef6b-ed5a-4946-a170-7e53fcc5f21d
6.629848, 5.075141
6.491634, 5.106653
6.421625, 5.113540
6.377402, 5.109580
6.322227, 5.095232
6.217282, 5.121867
e9da470a-444f-439c-a56f-c4e706856aca
6.590059, 5.275620
6.448876, 5.246223
6.418620, 5.220340
6.383408, 5.209023
6.336188, 5.193159
6.260135, 5.212065
6.221294, 5.218627
6.193804, 5.226297
6.151008, 5.241336
6.109294, 5.259158
6.068838, 5.279697
6.031796, 5.296824
5.992180, 5.313493
5.967170, 5.327263
5.944331, 5.341546
5.909791, 5.360286
5.873197, 5.380010
5.835332, 5.403690
5.779459, 5.438526
5.712452, 5.461093
5.681174, 5.466889
5.632425, 5.474400
5.591426, 5.482232
5.559051, 5.489939
5.531014, 5.501229
5.484723, 5.518256
5.436368, 5.540825
5.402315, 5.560022
5d275226-d73b-4912-9a49-d32445177a71
6.443808, 5.461616
6.365738, 5.457065
6.349196, 5.451710
6.279430, 5.462062
6.234594, 5.471051
6.195252, 5.478821
6.168068, 5.487125
6.126212, 5.503041
6.082821, 5.508614
6.036319, 5.510059
5.997454, 5.514262
5.937128, 5.527618
5.874929, 5.549264
5.835872, 5.561271
5.795411, 5.573710
5.752967, 5.589889
5.710817, 5.610763
5.647083, 5.614854
5.621736, 5.616481
5.601999, 5.630451
5.539157, 5.654095
5.508100, 5.660984
5.438072, 5.678547
58b1312f-9d10-4673-aefc-c078c09438fd
6.386710, 5.565769
6.334664, 5.585942
6.300227, 5.598558
6.268203, 5.612035
6.247113, 5.616192
6.215738, 5.620994
6.186930, 5.620718
6.174367, 5.629301
6.122567, 5.642195
6.095743, 5.651948
6.028543, 5.686517
5.992205, 5.701840
5.948425, 5.730048
5.923526, 5.738968
5.881863, 5.757075
5.829837, 5.774789
5.778947, 5.796862
5.730808, 5.800854
5.698657, 5.811029
2129e26d-0843-4780-8954-81ee4b750956
6.558285, 5.468821
6.637233, 5.564917
6.655681, 5.596802
6.668402, 5.618787
6.685689, 5.624964
6.700545, 5.637493
6.723685, 5.659110
6.744203, 5.676382
6.774661, 5.696301
6.800250, 5.714955
6.819177, 5.752267
6.892231, 5.892706
6.911096, 5.931910
6.925570, 5.961990
7.022299, 6.111323
7.044364, 6.149074
7.048500, 6.182078
8051b8d4-7bb5-40c6-912c-07406596443d
6.424689, 5.843314
6.529764, 5.893304
