main root
6.286810, 5.216475
6.212673, 5.450095
6.158486, 5.836157
6.116495, 5.964595
6.071771, 6.103805
6.055749, 6.182023
6.063326, 6.370736
6.069688, 6.426674
6.065618, 6.478065
6.081261, 6.579936
6.094328, 6.600711
6.082518, 6.627934
6.084134, 6.643017
6.082123, 6.666391
6.078497, 6.708527
6.028202, 6.920954
6.012163, 7.012480
6.007906, 7.073327
6.000933, 7.108652
bac2a8a8-02b4-45b8-b682-2892273780bb
6.371849, 5.230852
6.423501, 5.281327
6.452379, 5.303077
6.488132, 5.322570
0e51b36e-65ef-4065-a51b-0f6ec01cc6fc
6.238593, 5.418432
6.338243, 5.475837
6.402999, 5.503049
6.468484, 5.529975
4231d78a-114e-432a-afb4-e56549531f75
6.218767, 5.676900
6.261079, 5.734392
6.292257, 5.770896
6.320621, 5.817486
