main root
6.278301, 4.993590
6.252872, 5.468158
6.247907, 5.732466
6.240683, 5.947558
6.236990, 6.057530
6.235974, 6.150438
6.234863, 6.252034
6.235774, 6.362169
6.240844, 6.463569
6.243406, 6.556932
6.248305, 6.658355
6.253207, 6.759838
6.261879, 6.852186
6.264370, 6.946204
6.266612, 7.030845
6.269079, 7.123947
6.275738, 7.216466
6.273069, 7.326734
6.281193, 7.428160
6.280895, 7.530420
6.286936, 7.622864
6.292548, 7.741105
6.302716, 7.824110
6.298962, 7.912856
6.303135, 8.014406
6.303422, 8.124445
6.305825, 8.234559
6.304186, 8.352819
6.300545, 8.462791
6.306090, 8.545987
6.303557, 8.632705
6.305057, 8.725447
6.304462, 8.818837
6.298251, 9.309471
6.439047, 10.626223
6.534986, 11.982917
6.595728, 12.364550
6.857960, 12.970732
d19fe5a4-ddcb-4fa2-9dea-4a4e38924938
6.339996, 9.115030
6.419627, 9.348833
6.431338, 9.385372
6.453695, 9.403549
6.513355, 9.496568
6.547849, 9.553123
6.589283, 9.612438
6.636402, 9.669439
6.658991, 9.706162
6.694796, 9.770081
6.736110, 9.837710
6.761638, 9.882370
6.783872, 9.930317
399a5ce0-dcdf-4119-b062-9f58dd876787
6.342401, 9.108403
6.477165, 9.129992
6.616540, 9.151990
6.684399, 9.178287
6.729835, 9.197498
6.772699, 9.218874
6.825736, 9.245323
6.872865, 9.272170
6.909446, 9.294732
6.953133, 9.335045
07cdbb6d-4327-447c-9419-9f2c701bb6c6
6.217353, 5.203530
6.137253, 5.276058
6.046053, 5.322033
5.911792, 5.338672
5.827096, 5.347078
5.742849, 5.355441
5.669702, 5.359694
5.593628, 5.364119
5.506296, 5.381191
5.392338, 5.379695
5.308862, 5.384821
5.207247, 5.388943
5.123668, 5.396483
5.050491, 5.400080
4.968699, 5.410095
4.893065, 5.419356
4.822646, 5.421948
4.746498, 5.424752
4.678996, 5.418251
4.606415, 5.408254
4.573996, 5.421183
4.438226, 5.434945
4.355250, 5.447524
4.282420, 5.455538
4.205352, 5.465525
4.161957, 5.473239
84396af6-33d7-4aaf-99cc-97ee6b05dae7
6.336165, 5.340164
6.455648, 5.431961
6.531781, 5.478063
6.587759, 5.515397
6.638997, 5.554745
6.676606, 5.581509
6.720063, 5.603025
6.791716, 5.630151
6.835616, 5.657974
6.909606, 5.694850
6.975797, 5.729511
7.043300, 5.764859
7.096371, 5.798326
1827fad0-0f52-408b-9f16-579f04ec1832
6.253160, 5.892756
6.328157, 5.950018
6.381673, 6.005737
0120b1e7-90eb-4477-b2f5-72446fb83d35
6.278287, 5.165316
6.379961, 5.140461
6.468702, 5.109093
6.536492, 5.111611
6.579013, 5.112951
6.624405, 5.111544
6.682199, 5.111249
6.732995, 5.110990
6.789281, 5.113697
6.846911, 5.117968
6.895970, 5.123104
6.943208, 5.131061
7.001650, 5.140904
7.060092, 5.150747
7.114997, 5.153924
7.174163, 5.157347
7.230170, 5.163585
7.289073, 5.170146
7.344669, 5.179350
7.397976, 5.192728
7.463675, 5.209215
7.519340, 5.224728
7.582739, 5.243949
7.629487, 5.259686
7.675737, 5.276835
7.723369, 5.294497
7.757351, 5.313482
7.813161, 5.341233
7.864222, 5.368294
7.926095, 5.399391
7.971839, 5.417357
8.038765, 5.440426
8.094793, 5.459739
8.154631, 5.477197
8.205958, 5.496850
8.273075, 5.519344
8.323586, 5.541009
8.370273, 5.561033
8.420810, 5.585966
8.473961, 5.612187
8.513824, 5.631854
8.562672, 5.656108
3794b518-b27a-43d6-8083-6d870145a5a9
6.332838, 5.046781
6.387345, 5.023686
6.421775, 4.976363
6.451082, 4.957283
6.488987, 4.949484
6.554401, 4.944584
6.650172, 4.949207
6.717789, 4.976427
6.754176, 4.996854
6.788150, 5.035550
6.814326, 4.990783
6.836304, 4.914239
6.864860, 4.895244
6.893691, 4.892010
6.917648, 4.890789
6.935199, 4.900525
6.978507, 4.917701
7.015875, 4.934132
7.066323, 4.953044
7.127596, 4.971219
7.176297, 4.985665
7.229397, 5.004538
7.285243, 5.024386
7.337264, 5.046051
7.384162, 5.063962
