main root
6.332083, 4.815760
6.383764, 5.071976
6.399992, 5.194345
6.408849, 5.292656
6.372660, 5.506949
6.336865, 5.644253
6.325762, 5.719698
6.334505, 5.915746
6.372935, 6.033221
6.403175, 6.181160
6.414265, 6.343080
6.408506, 6.493759
6.414434, 6.652667
6.386550, 6.762920
6.342820, 6.798333
6.308729, 6.859420
6.257521, 6.987881
6.209929, 7.078710
6.175380, 7.158317
6.154313, 7.206859
6.152447, 7.337553
6.120709, 7.483542
6.109181, 7.556366
6.065533, 7.630405
6.034794, 7.674260
5.938011, 7.760055
5.895245, 7.797966
5.854981, 7.845637
7c290d56-e29e-4cf2-9a24-fd3aa6608c76
6.328812, 4.899024
6.244550, 4.831831
6.183913, 4.809666
6.063026, 4.814146
5.904097, 4.768753
5.824003, 4.754686
5.761333, 4.738831
5.698067, 4.728633
5.614747, 4.721506
5.560150, 4.691958
5.481247, 4.672624
542b2c9d-acbb-4345-b683-4591a6975d9e
6.372680, 5.195842
6.515100, 5.211233
6.546271, 5.210181
6.595524, 5.210028
6.631369, 5.199439
6.678596, 5.198502
6.774441, 5.219581
6.805451, 5.226400
6.837393, 5.227294
6.881252, 5.227021
6.929078, 5.229719
6.985094, 5.235877
7.044005, 5.242353
7.102919, 5.248829
7.158530, 5.257954
7.214926, 5.267207
7.265426, 5.277008
caa2ea41-b8ee-44ea-abee-920f864d8a0a
6.488952, 6.440989
6.531756, 6.451653
6.582481, 6.483808
