main root
6.856560, 4.494463
6.813749, 4.656234
6.758966, 4.913695
6.743677, 5.115931
6.739086, 5.216428
6.807159, 5.426686
6.871951, 5.595045
6.934993, 5.735320
6.987910, 5.868295
7.082715, 6.110767
7.152979, 6.240674
7.186269, 6.328536
7.217271, 6.434248
7.238683, 6.552019
7.254854, 6.721329
7.275840, 6.853018
7.296746, 7.004952
7.319692, 7.125357
7.350157, 7.254650
7.381225, 7.386502
7.395456, 7.492673
7.399650, 7.586780
7.392589, 7.664143
7.372810, 7.743091
7.330117, 7.861664
7.305387, 7.955139
7.293212, 8.050790
7.279316, 8.159977
7.263326, 8.268848
7.235264, 8.372803
7.198253, 8.493797
7.163132, 8.586913
7.117476, 8.671995
7.065432, 8.768982
7.023360, 8.851833
6.991146, 8.929013
6.969580, 8.986069
6.954553, 9.037592
788e311a-ed53-497b-9058-f61a157a95f0
6.742950, 4.810527
6.474781, 4.912721
6.436821, 4.934537
6.400771, 4.953529
6.364047, 4.971184
6.318962, 4.991198
6.273294, 5.009834
6.225441, 5.030978
6.170875, 5.059998
6.108597, 5.099900
6.043987, 5.143074
5.988499, 5.176552
5.938766, 5.203062
5.885851, 5.232964
5.830711, 5.269282
5.763265, 5.316188
5.721186, 5.347276
5.698740, 5.365719
ec9cb7c9-025e-455b-b145-b9d96fe643a5
6.797697, 4.682766
6.649793, 4.815974
6.542793, 4.920323
6.507703, 4.959445
6.402586, 5.058987
6.289106, 5.129893
6.248297, 5.153628
