main root
7.403395, 5.019260
7.438478, 5.207490
7.394603, 5.489900
7.373528, 5.607458
7.332156, 5.825312
7.210261, 6.095635
7.163845, 6.308157
7.144169, 6.474694
7.130369, 6.692312
7.123828, 6.859662
7.111743, 7.044259
7.094657, 7.210444
7.075028, 7.366528
7.051500, 7.545323
7.028129, 7.691280
7.007440, 7.832943
6.988418, 7.993871
6.968100, 8.130291
6.953467, 8.257048
6.951233, 8.386261
6.934934, 8.546831
6.927597, 8.653708
6.915351, 8.770442
6.904161, 8.897240
6.891654, 9.014968
6.879131, 9.132839
6.865714, 9.259127
6.858283, 9.369135
6.859436, 9.477631
6.871188, 9.587854
6.879522, 9.705828
6.899966, 9.815052
6.913946, 9.924246
6.931025, 10.024334
6.949541, 10.132836
6.961772, 10.242246
6.970966, 10.343536
6.980150, 10.444717
6.988569, 10.537463
7.001135, 10.629366
7.013752, 10.721642
7.032871, 10.830230
7.051957, 10.938632
7.066855, 11.047651
7.085965, 11.156239
7.098047, 11.249162
7.114343, 11.358090
7.123136, 11.459751
7.131891, 11.560965
7.143488, 11.670498
7.154186, 11.771529
7.176325, 11.880149
7.194558, 11.980198
7.206574, 12.081522
7.216447, 12.182735
7.222116, 12.284428
7.227771, 12.385876
7.236013, 12.495712
7.249927, 12.596312
7.259677, 12.697695
7.261768, 12.807851
7.259625, 12.917866
8f4382d3-4eb5-4f04-9cdd-52f60973f548
7.467874, 4.947640
7.515472, 4.919875
7.625951, 4.923271
7.663370, 4.924127
7.690044, 4.920959
7.725502, 4.913732
7.759181, 4.905195
7.782821, 4.900602
7.804314, 4.900856
7.839038, 4.899629
7.869461, 4.899909
7.901161, 4.901558
7.928299, 4.907324
7.957095, 4.916503
7.994420, 4.923540
8.025332, 4.930747
8.063100, 4.934796
8.094176, 4.939775
8.108176, 4.936023
8.157704, 4.934036
8.244466, 4.936418
8.330202, 4.939041
2f02f102-9eb4-4b9d-ac77-ae6ebf4e7185
7.513759, 4.987479
7.626670, 4.982203
7.662884, 4.973947
7.698163, 4.966883
7.739349, 4.958637
7.784738, 4.952603
7.819121, 4.949542
7.877755, 4.958117
7.953199, 4.959363
8.005233, 4.976283
8.035585, 4.972797
8.081590, 4.962994
8.118620, 4.958164
8.155434, 4.959400
8.197742, 4.960820
8.240051, 4.962240
8.280815, 4.965105
8.330977, 4.967132
8.397241, 4.987277
8.431353, 4.994519
8.461523, 4.996334
8.516978, 4.995171
8.566301, 4.995635
8.605005, 4.997496
8.677127, 5.015191
8.718238, 5.025278
8.755728, 5.037558
8.801619, 5.047865
8.847330, 5.059665
8.874426, 5.069751
8.908322, 5.087161
8.948128, 5.104240
8.990984, 5.117740
9.043194, 5.131050
9.104268, 5.143529
9.154346, 5.155291
9.183979, 5.166862
9.233241, 5.184492
9.277237, 5.203417
9.312259, 5.216852
9.335973, 5.225950
f830221f-e72f-4828-a056-9b8e7d4b9975
7.472522, 5.137790
7.587185, 5.077751
7.668397, 5.084342
7.726419, 5.092175
7.838102, 5.098070
7.964538, 5.106975
8.066029, 5.109883
8.131970, 5.115982
8.186455, 5.131601
8.236614, 5.154620
8.318605, 5.201505
8.380667, 5.240441
8.441086, 5.281880
8.533092, 5.342418
8.606180, 5.383061
8.664040, 5.427101
8.710127, 5.469999
8.746426, 5.515344
8.800138, 5.592545
8.841040, 5.636802
8.888517, 5.692593
8.949150, 5.738662
9.030789, 5.781895
9.090030, 5.820042
9.168922, 5.873358
9.216539, 5.915551
9.281371, 5.984241
9.333671, 6.039649
9.373275, 6.094691
9.441055, 6.181646
9.496304, 6.242782
9.539878, 6.314944
9.580499, 6.362392
9.625827, 6.419946
9.681379, 6.480805
9.769648, 6.573865
9.813811, 6.635711
9.864461, 6.703070
9.918153, 6.767572
9.966905, 6.826139
10.017763, 6.884899
10.081161, 6.964608
10.128596, 7.024251
10.176032, 7.083893
10.241169, 7.172591
10.279999, 7.233051
10.312908, 7.295370
10.341664, 7.343411
10.393121, 7.411890
10.440993, 7.473110
10.479532, 7.532111
10.530466, 7.610092
10.563849, 7.672151
10.586998, 7.702548
10.639458, 7.764021
10.682593, 7.821484
10.737005, 7.908063
10.777551, 7.972578
10.813970, 8.036151
10.872737, 8.117455
10.922334, 8.186071
10.966971, 8.247828
11.003251, 8.308239
11.038708, 8.355654
11.094816, 8.418189
11.128069, 8.466456
11.180615, 8.553917
11.224222, 8.626497
11.257306, 8.690283
11.294412, 8.758568
11.339285, 8.850011
11.372851, 8.918410
11.408420, 8.987494
11.440487, 9.054400
11.456039, 9.086848
4daf23b5-0db0-4bb2-821c-01f05b7cd0a8
7.299596, 5.086287
7.201363, 5.140745
7.169076, 5.152967
7.141341, 5.165730
7.066087, 5.207875
6.982916, 5.253995
6.889314, 5.295171
6.840192, 5.323675
6.774003, 5.374070
6.728713, 5.403339
6.602813, 5.442541
6.524010, 5.471423
6.464867, 5.504686
6.430722, 5.528303
6.366534, 5.579978
6.307633, 5.623553
6.265719, 5.650838
6.187571, 5.734244
6.135472, 5.789849
6.083097, 5.836991
6.026238, 5.892196
5.976061, 5.945086
5.939753, 5.987708
5.917093, 6.023539
5.882952, 6.083126
5.848397, 6.161499
5.817655, 6.231222
5.785647, 6.285269
5.738298, 6.348613
5.677058, 6.420003
5.625630, 6.486323
5.577871, 6.538144
5.542356, 6.585518
5.505839, 6.702619
5.477254, 6.764121
5.453611, 6.835071
5.427627, 6.903576
5.405062, 6.972116
5.404749, 7.011359
5.405627, 7.089066
5.412542, 7.171181
5.422170, 7.249844
5.413515, 7.349019
5.407074, 7.422822
5.409022, 7.469371
5.418175, 7.544891
5.437339, 7.628374
5.445421, 7.697022
5.459391, 7.797605
5.471039, 7.881469
5.477698, 7.975282
5.495416, 8.075494
5.515175, 8.175102
5.541123, 8.273300
5.558981, 8.374000
5.575651, 8.515470
5.596222, 8.656403
5.616495, 8.787746
5.637091, 8.942884
5.667957, 9.080461
5.699465, 9.220898
5.730915, 9.379792
5.756742, 9.520959
5.781124, 9.654220
5.814260, 9.783792
5.846558, 9.910089
5.871927, 10.056973
5.893875, 10.146971
5.912018, 10.230124
5.930068, 10.312851
5.944530, 10.386150
5.959279, 10.460904
5.980583, 10.568889
5.997091, 10.644826
6.006220, 10.712788
115fea97-72f9-4001-8de9-462d6d62c72d
7.440738, 5.348518
7.533512, 5.394971
7.618752, 5.434126
7.713924, 5.463889
7.816236, 5.504751
7.904410, 5.533173
7.982282, 5.564808
8.049365, 5.601016
8.129737, 5.649175
8.183495, 5.686621
8.222055, 5.720777
8.266302, 5.771210
8.310216, 5.828073
8.356873, 5.864035
8.384371, 5.909102
8.408266, 5.970838
8.465700, 6.044553
8.484758, 6.080951
8.507168, 6.136990
8.528121, 6.197603
8.536054, 6.276122
8.565983, 6.376216
8.587201, 6.441527
8.613728, 6.508242
8.632823, 6.568088
8.655236, 6.632999
8.679176, 6.697364
8.696436, 6.756295
8.713572, 6.819694
8.729380, 6.883437
8.743851, 6.947498
8.756981, 7.011848
8.768763, 7.076456
8.782672, 7.143704
8.794628, 7.208282
8.805232, 7.273094
8.814478, 7.338114
8.822362, 7.403313
8.817084, 7.459413
8.807569, 7.511285
8.809714, 7.574660
8.819587, 7.648762
8.826617, 7.713815
8.832034, 7.779023
8.832603, 7.841610
8.837619, 7.912967
8.840589, 7.978332
8.845064, 8.046604
8.850910, 8.114774
8.851645, 8.177359
8.847766, 8.239828
8.844894, 8.308188
8.840531, 8.373474
8.837340, 8.441820
8.829821, 8.503956
8.820354, 8.568702
8.809285, 8.633191
8.801514, 8.704303
8.792794, 8.769151
8.779026, 8.853794
8.761974, 8.911162
8.751437, 8.951410
8.737936, 9.008364
8.748330, 9.050648
8.745044, 9.081946
8.732673, 9.183334
8.719276, 9.275768
8.709246, 9.359442
8.694950, 9.443850
8.677324, 9.512076
8.667295, 9.562858
8.658578, 9.622438
8.650076, 9.701229
8.644555, 9.780285
8.642025, 9.859492
8.642489, 9.938739
8.642937, 10.014936
8.640371, 10.088159
8.640591, 10.167406
8.640801, 10.243604
8.641012, 10.319802
8.647209, 10.395621
8.656644, 10.474306
8.662385, 10.547346
8.668356, 10.623309
8.677547, 10.702022
8.686382, 10.777705
8.695216, 10.853388
8.707369, 10.931697
8.715638, 11.004494
8.724236, 11.080204
8.732833, 11.155914
8.738116, 11.228988
8.743611, 11.304986
8.749103, 11.380983
8.757795, 11.459751
8.762847, 11.532841
8.771293, 11.611638
8.779414, 11.687404
8.787534, 11.763166
8.795655, 11.838931
8.803775, 11.914694
8.815191, 11.993115
8.822775, 12.065988
8.830661, 12.141774
8.838545, 12.217561
8.856288, 12.301353
8.860114, 12.362763
8.865904, 12.455698
8.873816, 12.534553
8.884701, 12.613053
8.880207, 12.667832
8.873836, 12.708907
7bc17ae3-1f25-4faa-becc-37393bba14e4
7.395191, 5.664941
7.444969, 5.668060
7.480590, 5.676404
7.512826, 5.687292
7.544427, 5.692823
7.574635, 5.699845
7.608003, 5.706282
7.641591, 5.711452
7.673885, 5.716423
7.697522, 5.721362
7.717320, 5.729871
7.745650, 5.743447
7.781387, 5.755359
7.814544, 5.764610
7.851807, 5.770127
7.886068, 5.773473
7.906672, 5.779785
7.940046, 5.788222
7.970161, 5.797162
8.007330, 5.803291
8.041532, 5.807200
8.072570, 5.812041
8.096199, 5.817028
8.115981, 5.825576
8.144283, 5.839207
8.168008, 5.855383
8.188371, 5.871333
8.203959, 5.872070
8.259233, 5.897033
8.336814, 5.909487
8.408830, 5.940240
8.517789, 5.996482
8.555583, 6.019897
8.617526, 6.051308
8.634518, 6.059881
8.663759, 6.072742
8.717632, 6.097517
8.746937, 6.111508
8.782197, 6.131822
8.811283, 6.148851
8.845941, 6.172174
8.867719, 6.185041
8.913274, 6.209966
587194da-0576-4803-9e03-f18a9d03fb95
7.323260, 6.035816
7.420880, 6.093621
7.484067, 6.165275
7.532140, 6.239101
7.614886, 6.323180
7.675540, 6.405736
7.710086, 6.448485
7.765262, 6.503374
7.819283, 6.557115
7.877537, 6.610844
7.942446, 6.694342
7.999610, 6.767875
8.026892, 6.802968
8.122876, 6.873458
8.163982, 6.911074
8.228955, 6.979084
8.273630, 7.028014
8.306457, 7.063966
8.357501, 7.128426
8.425074, 7.199420
8.477584, 7.254598
8.513768, 7.283940
8.611392, 7.360432
8.680259, 7.425082
8.740049, 7.477105
8.878795, 7.592228
8.945607, 7.642281
8.985060, 7.677449
9.039267, 7.736880
9.090618, 7.793182
9.137741, 7.849290
9.178677, 7.894762
9.207531, 7.937295
99494a6b-dae2-4842-94e8-52a8bd832948
7.370233, 5.439833
7.277279, 5.524928
7.220854, 5.574626
7.175742, 5.629918
7.143043, 5.687924
7.125367, 5.724920
7.111347, 5.767659
7.098220, 5.798072
7.079880, 5.833008
7.059574, 5.868471
7.033778, 5.910510
7.008689, 5.959981
6.985056, 6.003272
6.960119, 6.045828
6.937110, 6.099895
6.894443, 6.152645
6.862720, 6.194247
6.832201, 6.236740
6.802226, 6.275911
6.772192, 6.322549
6.746782, 6.353715
6.714468, 6.390981
6.675356, 6.427855
6.646459, 6.457497
6.613068, 6.503583
6.572497, 6.564707
6.517283, 6.640592
bcfc2cdb-d2da-4c6e-b5e7-6cd39af22c8c
7.362904, 5.247942
7.198402, 5.376199
7.141407, 5.423821
7.089337, 5.460683
7.027862, 5.500534
6.947214, 5.580056
6.893077, 5.616620
6.834388, 5.659871
6.830229, 5.684205
6.787392, 5.734703
6.735454, 5.777582
6.690926, 5.804031
6.676016, 5.860660
6.598778, 5.934409
6.511792, 5.999358
6.452973, 6.059117
6.365200, 6.151288
6.291961, 6.222062
6.215845, 6.289733
6.120931, 6.374116
6.029600, 6.463740
5.949164, 6.557326
5.855298, 6.671513
5.778903, 6.777651
5.705078, 6.897069
5.617677, 6.983719
5.578322, 7.034054
5.530354, 7.085686
5.474778, 7.166640
5.433195, 7.237791
5.394743, 7.303584
5.335636, 7.349118
5.278943, 7.421126
5.236727, 7.477959
5.191598, 7.541224
5.148744, 7.611610
5.112283, 7.640420
5.089349, 7.666563
5.009786, 7.750386
4.949704, 7.810674
4.888172, 7.869478
4.828700, 7.929183
4.765409, 7.986845
4.708682, 8.046622
4.631548, 8.081346
4.573649, 8.122052
4.509854, 8.174225
4.449597, 8.235104
4.395946, 8.280799
4.313481, 8.353814
4.250089, 8.409943
4.193037, 8.460457
4.135729, 8.515197
4.056136, 8.591224
3.964449, 8.673898
0506fc7c-1028-484b-a3c2-92a106d92258
7.380198, 5.357126
7.193521, 5.481196
7.125184, 5.535397
7.017419, 5.580020
6.935367, 5.622819
6.814980, 5.703534
6.685785, 5.852330
6.618207, 5.917517
6.517951, 5.993806
6.456948, 6.056173
6.387472, 6.130229
6.314764, 6.201546
6.220262, 6.285418
6.118939, 6.375342
6.027532, 6.464888
5.949009, 6.559122
5.853344, 6.670829
5.771589, 6.789988
5.705633, 6.904631
5.680467, 7.092658
5.665996, 7.184918
5.659219, 7.268269
5.646054, 7.353415
5.637346, 7.436890
5.623447, 7.529561
5.609633, 7.621666
5.599589, 7.698722
5.589741, 7.774280
5.577705, 7.866632
5.576574, 7.921617
5.549677, 7.990408
5.542563, 8.042780
5.532306, 8.118291
5.534547, 8.210295
5.549462, 8.317522
5.585687, 8.596134
5.605084, 8.735506
5.655362, 9.016223
5.697200, 9.205005
5.722410, 9.329454
5.745584, 9.452873
5.774004, 9.607141
5.800559, 9.733667
5.835894, 9.864969
5.861429, 10.000612
8d422716-e508-4ad6-87ff-19da8853730e
7.393105, 5.732209
7.506124, 5.776347
7.573564, 5.800415
7.603003, 5.830272
