main root
6.534162, 4.888883
6.616569, 5.079110
6.669117, 5.281680
6.696779, 5.440395
6.704014, 5.574138
6.699571, 5.712514
6.679009, 5.827249
6.635936, 5.979393
6.567624, 6.144091
6.533864, 6.360643
6.526911, 6.469167
6.528878, 6.570792
6.537357, 6.680880
6.532742, 6.767361
6.538155, 6.863886
6.537212, 6.927284
6.539154, 6.998046
6.544086, 7.068664
6.550992, 7.146067
6.555388, 7.212175
6.559881, 7.279757
6.566530, 7.357184
6.578259, 7.423795
6.594941, 7.501272
6.609201, 7.574611
6.623884, 7.642283
6.640027, 7.709621
6.652208, 7.773275
6.663348, 7.831484
6.674488, 7.889696
6.685629, 7.947907
6.693267, 8.003741
6.701299, 8.062462
6.707646, 8.119900
6.715084, 8.187222
6.723245, 8.247451
6.727286, 8.310723
6.728935, 8.360021
6.732178, 8.412236
6.740087, 8.467140
6.749025, 8.518687
6.752512, 8.565083
6.756813, 8.602345
6.766886, 8.650447
6.779069, 8.701325
6.790899, 8.750728
6.794852, 8.786518
6.800636, 8.852514
6.811415, 8.924075
6.816395, 8.987288
6.820106, 9.053445
6.821373, 9.102756
6.824648, 9.171930
6.827851, 9.239586
6.839283, 9.322820
6.850717, 9.384954
6.852000, 9.416740
6.853706, 9.458986
6.852985, 9.515334
6.850750, 9.573080
6.849567, 9.642313
6.846940, 9.708511
6.845691, 9.777743
6.844469, 9.845466
6.844869, 9.906243
6.840754, 9.963166
6.834484, 10.029122
6.825378, 10.093294
6.818487, 10.173806
6.809164, 10.258416
6.802277, 10.307261
6.792638, 10.354183
6.779548, 10.410465
6.763084, 10.474646
6.747333, 10.542072
6.730808, 10.606230
6.712838, 10.669994
6.693431, 10.733339
6.679418, 10.773970
6.659638, 10.817570
ae1ae171-08b7-4490-8726-cbb62b1e5f20
6.514741, 5.077852
6.475318, 5.096970
6.422907, 5.119673
6.385622, 5.132561
6.359765, 5.144666
6.321428, 5.162613
6.283092, 5.180561
6.246196, 5.194528
6.214764, 5.209627
6.173805, 5.235945
6.117814, 5.271793
6.051957, 5.293232
5.995600, 5.311579
5.937326, 5.333698
5.879314, 5.360519
5.806231, 5.401163
5.762415, 5.423818
5.716005, 5.451183
5.651425, 5.485788
5.600409, 5.509728
5.548193, 5.530925
5.494924, 5.549319
5.438905, 5.568663
5.381957, 5.589911
5.316738, 5.617439
5.282815, 5.649032
5.254388, 5.660145
5.202547, 5.683666
5.160724, 5.704717
5.122909, 5.723750
5.069973, 5.750394
5.017037, 5.777039
4.973551, 5.798926
4.940081, 5.819123
4.885782, 5.864125
4.810825, 5.903934
4.737396, 5.945280
4.692562, 5.972241
4.650564, 5.992260
4.588716, 6.023396
4.528780, 6.056921
4.463667, 6.101127
68693e84-9dfd-4756-b1be-a6e06fd88a86
6.609602, 7.535106
6.649749, 7.536177
6.672068, 7.539766
6.697146, 7.543799
d64cecdf-824e-4e88-bd54-2d969ab2cdce
6.540500, 7.378700
6.516304, 7.386180
6.493761, 7.390657
