main root
6.760317, 4.521936
6.727846, 4.652151
6.678186, 4.787445
6.646161, 4.888993
6.606491, 5.031142
6.578261, 5.173053
6.554981, 5.268427
6.534714, 5.338839
6.523298, 5.389328
6.514821, 5.440392
6.506155, 5.492596
6.501649, 5.519741
6.528647, 5.688682
6.546339, 5.790456
6.568086, 5.909052
6.617579, 6.100590
6.650889, 6.245218
6.693046, 6.441230
6.730880, 6.611570
6.773805, 6.776600
6.838372, 6.943123
6.870327, 7.066201
6.913252, 7.220618
7.031855, 7.876454
7.053439, 8.019614
7.079186, 8.193326
7.106376, 8.412361
7.151053, 8.583073
7.160545, 8.670237
7.163334, 8.870976
7.151444, 9.016246
7.148357, 9.105308
7.148795, 9.223193
7.145025, 9.343017
7.137876, 9.436439
7.128093, 9.540161
7.125696, 9.632774
7.125590, 9.717047
7.123408, 9.802136
7.110710, 9.894924
7.112752, 9.971522
7.102656, 10.066378
7.094465, 10.146570
7.090703, 10.245804
7.089584, 10.330065
7.086380, 10.415124
7.081105, 10.500070
7.072705, 10.562915
7.087777, 10.619617
7.077862, 10.659473
7.076259, 10.719627
7.079192, 10.781450
7.083034, 10.882928
7.093359, 10.957809
7.092682, 10.996729
7.079741, 11.052272
7.082068, 11.164050
7.081951, 11.230300
7.081831, 11.298030
7.086193, 11.370255
7.082354, 11.430844
7.071074, 11.490494
7.071136, 11.530434
7.069740, 11.596666
7.066848, 11.662850
7.062460, 11.728954
7.056579, 11.794941
7.054639, 11.867271
7.057191, 11.939584
7.054934, 12.002943
7.053965, 12.072176
7.060600, 12.132673
7.074588, 12.205296
7.085246, 12.268543
7.080560, 12.303784
7.074312, 12.362115
7.062265, 12.444525
7.075054, 12.549788
7.086556, 12.619635
7.074489, 12.738465
7.068129, 12.815913
7.060523, 12.890241
7.043843, 12.990906
7.030002, 13.074438
7.013959, 13.116313
a9652570-c6cf-47da-ab3d-8d12f580cfee
6.924013, 7.083447
7.066041, 7.124402
7.170150, 7.112317
7.278343, 7.104396
7.370165, 7.151728
7.439991, 7.172138
7.513083, 7.200963
7.590544, 7.197743
7.694056, 7.204788
7.757491, 7.204428
7.846242, 7.222174
7.937924, 7.236215
8.023452, 7.255697
8.129021, 7.289740
8.223806, 7.306965
8.315295, 7.325728
8.398241, 7.332155
8.482917, 7.340796
8.583585, 7.357448
8.652132, 7.367269
8.705317, 7.377913
8.759572, 7.395546
9fa6be81-2a79-4ba0-8416-4d3653ac4f29
6.523713, 5.897229
6.476289, 5.927546
6.432612, 5.959656
6.364706, 6.008246
6.319108, 6.042476
6.221870, 6.106693
6.157739, 6.139061
6.076485, 6.180070
6.038126, 6.196077
e59d5bc4-2d6e-490c-9272-1b7ba63a8f03
6.558349, 5.647180
6.660376, 5.672342
6.738194, 5.689716
6.797713, 5.712835
6.875706, 5.737754
6.913174, 5.743372
6.960006, 5.746773
7.023939, 5.750531
7.083873, 5.762888
7.144755, 5.780754
7.217759, 5.802195
7.294515, 5.821599
7.361046, 5.844575
7.432981, 5.869418
7.514431, 5.889630
7.593685, 5.913656
7.661014, 5.938759
7.720572, 5.962562
7.771695, 5.984605
cae816af-7224-423f-86c8-08b0b7300c7a
6.829319, 4.652493
6.935046, 4.690914
7.021414, 4.767174
7.068890, 4.807225
7.099726, 4.839157
7.133215, 4.845745
7.180503, 4.862675
7.259638, 4.884582
7.350896, 4.933597
7.409514, 4.971949
7.522479, 5.003786
7.595394, 5.024402
7.671988, 5.043014
7.756607, 5.054267
7.795710, 5.056384
7.878503, 5.092845
7.935986, 5.128045
8.006191, 5.142891
8.057664, 5.173645
8.135282, 5.210285
8.221552, 5.244033
8.299677, 5.279048
8.371237, 5.307840
8.439932, 5.332253
8.517385, 5.353425
8.596401, 5.370369
8.663797, 5.390945
8.742276, 5.410209
8.802381, 5.428046
c1cc6837-7526-473d-a3b9-db13feb21f8d
6.571548, 5.409380
6.643608, 5.425408
6.689969, 5.444067
6.742471, 5.465093
6.794951, 5.473546
6.853982, 5.482207
6.915364, 5.499704
7.003685, 5.533806
7.070807, 5.562931
7.123157, 5.588928
7.282903, 5.617598
7.334395, 5.631137
7.384398, 5.650475
7.427792, 5.665652
9fb6f259-a270-4bd4-9889-40e9c22cb7ac
6.749569, 4.824806
6.824253, 4.856210
6.900517, 4.917075
6.940419, 4.946531
7.020742, 4.998656
7.070670, 5.032226
7.123632, 5.067048
7.162250, 5.093990
7.208504, 5.129429
7.268395, 5.168163
7.322352, 5.203167
7.361901, 5.232863
7.385563, 5.258647
7.453582, 5.276654
7.578831, 5.320637
7.765627, 5.400865
7.876295, 5.451869
8.046911, 5.530089
8.137943, 5.585080
8.239349, 5.653095
8.301379, 5.694948
8.338587, 5.716691
8.395839, 5.743450
8.471498, 5.772434
8.547368, 5.796689
8.594279, 5.817971
8.677789, 5.860479
8.754605, 5.902217
8.813779, 5.943413
8.867607, 5.980908
8.947376, 6.011344
9.016549, 6.039340
9.110740, 6.077460
9.175525, 6.108523
9.238241, 6.143574
9.319619, 6.184209
9.399842, 6.214230
9.478920, 6.237429
9.585840, 6.264386
9.663359, 6.280843
9.741446, 6.294359
9.814445, 6.306994
9.851326, 6.319451
9.914030, 6.348530
9.993093, 6.376946
10.088062, 6.413327
10.149385, 6.438422
10.210099, 6.460034
10.258204, 6.481924
90c08804-d96c-40ae-b83a-f6368bf74fd8
6.655202, 5.046629
6.742013, 5.091896
6.821763, 5.119916
6.890239, 5.148428
6.962108, 5.180055
7.016883, 5.210054
7.079858, 5.235233
7.125547, 5.250269
7.162868, 5.261024
7.225142, 5.277198
7.294386, 5.292609
7.359894, 5.303337
7.428724, 5.293736
7.533728, 5.302246
7.655344, 5.359053
7.751708, 5.418635
7.893164, 5.477048
8.016965, 5.517787
8.207004, 5.637610
8.317879, 5.705851
8.458151, 5.752485
8.700203, 5.857483
8.796249, 5.868065
8.894620, 5.900086
8.965919, 5.914775
9.018231, 5.934722
9.072767, 5.954574
9.119358, 5.964227
9.179764, 5.978900
9.243252, 5.993418
9.309462, 6.005487
9.367438, 6.020619
9.449367, 6.042003
9.541527, 6.066058
13e1fd69-c3ea-4276-a647-d46e8813a702
7.056005, 10.837443
7.022324, 10.859669
6.985648, 10.882076
474bc636-c592-4be6-9afe-aec2b650ce21
7.097251, 7.832882
7.189581, 7.847021
7.266863, 7.866752
7.326846, 7.881636
7.366171, 7.901552
7.468614, 7.948591
7.525466, 7.972378
7.680422, 7.994700
7.732601, 8.008593
7.772867, 8.014667
eaa4c747-7f71-4350-9abf-d528f8061817
7.134791, 8.336663
7.201361, 8.334433
7.240001, 8.339130
7.318983, 8.345715
7.360048, 8.352141
7.431915, 8.366417
7.499619, 8.385971
7.538848, 8.384837
7.611447, 8.384236
7.651662, 8.383904
7.677062, 8.383693
e58c4354-3245-4c74-9ebc-8812641d3c07
6.828622, 7.114132
6.790637, 7.145864
6.736560, 7.183654
6.680787, 7.221511
6.643292, 7.234301
6.577931, 7.249734
6.537948, 7.277551
6.473904, 7.345496
6.393248, 7.381563
6.323387, 7.434540
6.275292, 7.440217
6.220631, 7.467050
6.182781, 7.480629
6.123141, 7.499686
91611c04-7884-462c-a8c0-56746a911515
6.551772, 5.444772
6.589547, 5.475943
6.626301, 5.523492
6.655261, 5.567702
