main root
8.325323, 6.188027
8.307449, 5.954888
8.326606, 5.746887
8.418117, 5.436913
8.447019, 5.381192
8.492019, 5.324848
8.563871, 5.255193
8.631436, 5.183810
8.694653, 5.138402
8.781909, 5.083482
8.848664, 5.053795
8.927754, 5.034608
9.033249, 5.017604
9.115159, 5.017162
9.220170, 5.031102
9.337263, 5.055067
9.441864, 5.092185
9.560747, 5.127674
9.628240, 5.141328
9.675006, 5.168909
9.696547, 5.268876
9.717964, 5.338745
9.713207, 5.392634
9.698786, 5.438110
9.662666, 5.517703
9.629738, 5.595273
9.594275, 5.667322
9.554839, 5.742751
9.510488, 5.814150
9.445959, 5.878729
9.413889, 5.920088
9.434976, 5.965401
9.423668, 6.124056
9.419304, 6.185284
9.457764, 6.271046
9.462107, 6.379568
9.454323, 6.448935
9.434870, 6.565528
9.446491, 6.706493
9.452230, 6.776107
9.447296, 6.830103
7fda6961-1d0d-42be-b23d-dae2dc97ef7a
8.329345, 6.230712
8.393259, 6.275541
8.400355, 6.373980
8.413567, 6.423661
8.439114, 6.502028
8.453878, 6.572523
8.467604, 6.627796
8.470364, 6.674922
2022d560-60b8-4dae-83a0-5c64ecdfe52f
8.343419, 5.937305
8.389869, 5.947975
8.434265, 5.978788
8.456235, 5.997635
8.484037, 6.025379
8.518140, 6.055128
8.541434, 6.083394
8.572384, 6.116300
8.605474, 6.147112
8.628561, 6.174746
8.661133, 6.213732
8.697022, 6.259023
8.724370, 6.298354
8.752705, 6.333863
8.770945, 6.361516
8.789640, 6.372376
6112fd79-ffc5-4f95-a922-895cc7ed8f7e
8.377767, 6.184900
8.387301, 6.166688
8.410258, 6.144226
8.433364, 6.146895
8.455302, 6.152421
8.469774, 6.172945
