main root
6.881112, 4.977233
6.779556, 5.147906
6.709558, 5.305074
6.673687, 5.429276
6.628344, 5.592000
6.594350, 5.736517
6.580525, 5.856895
6.569363, 6.007064
6.546928, 6.172146
6.534741, 6.321674
6.534779, 6.450445
6.538072, 6.594536
6.538537, 6.707421
6.555909, 6.827247
6.557199, 6.953213
6.579327, 7.063632
6.605221, 7.224136
6.620097, 7.349854
6.630096, 7.470231
6.637096, 7.580040
6.650232, 7.653122
6.672796, 7.742980
6.695324, 7.824186
6.721728, 7.903842
6.749485, 7.978067
6.765402, 8.046690
6.783500, 8.107580
6.818302, 8.223699
6.847633, 8.300705
6.850593, 8.346319
6.854840, 8.411798
6.863532, 8.453293
6.886082, 8.572019
6.891326, 8.667266
6.900621, 8.759550
6.903534, 8.851447
6.899972, 8.935424
6.892205, 9.020684
6.889537, 9.082955
6.889863, 9.145284
6.891767, 9.222974
6.888826, 9.286306
6.887110, 9.355540
6.885431, 9.423261
6.890376, 9.465365
6.893966, 9.521598
6.899332, 9.582148
6.906933, 9.650977
6.908716, 9.708019
6.910303, 9.758794
6.907527, 9.813682
6.906943, 9.884467
6.904971, 9.942228
6.905549, 10.013017
6.903015, 10.069307
6.900350, 10.128522
6.897684, 10.187732
6.895019, 10.246942
6.890925, 10.304588
6.887515, 10.373754
6.885600, 10.442972
6.883728, 10.510671
6.884998, 10.572985
6.888079, 10.650628
6.892319, 10.719752
6.899638, 10.790162
6.909159, 10.867291
6.912192, 10.928507
6.914706, 10.979250
6.916070, 11.037017
6.919200, 11.106185
6.921496, 11.156931
6.925738, 11.217564
6.928868, 11.283741
6.932834, 11.335909
6.936684, 11.386561
6.942781, 11.447031
6.954495, 11.518435
6.963740, 11.584041
6.974210, 11.636888
6.985728, 11.695025
7.000580, 11.739184
7.017578, 11.794415
7.036261, 11.844948
7.052234, 11.896783
7.060334, 11.933237
d4a6d7d1-decc-434f-a064-dc7323756fb3
6.710503, 5.075740
6.631874, 5.078421
6.560898, 5.086496
6.502025, 5.093197
6.445787, 5.096589
6.381027, 5.106495
6.326217, 5.110337
6.261557, 5.120872
6.208021, 5.123532
6.146003, 5.129612
6.087035, 5.135391
6.042797, 5.139728
5.991116, 5.148824
