main root
6.400927, 4.158165
6.461949, 4.322372
6.531880, 4.462430
6.578469, 4.597648
6.633477, 4.757300
6.716417, 4.952538
6.771956, 5.115734
6.809181, 5.273552
6.835859, 5.440624
6.863163, 5.598623
6.883349, 5.715430
6.903273, 5.806017
6.920680, 5.914713
6.931753, 5.996970
6.937683, 6.041023
6.965287, 6.225347
6.990190, 6.310779
6.999427, 6.417169
7.002777, 6.490363
7.003132, 6.563631
7.006510, 6.642811
7.019111, 6.727532
7.017313, 6.776500
7.026043, 6.865055
6.999164, 6.962959
6.997819, 7.026515
7.003993, 7.159597
6.996103, 7.263458
6.984815, 7.333012
6.981287, 7.392112
6.981953, 7.431198
6.996387, 7.649130
7.007793, 7.730740
7.005226, 7.855285
6.994863, 7.922303
6.993222, 8.011269
6.986527, 8.049616
6.973424, 8.124677
6.965190, 8.206665
6.953697, 8.261187
6.937983, 8.335747
6.922268, 8.410306
6.911177, 8.491959
6.903484, 8.570833
6.901467, 8.653212
6.893918, 8.716908
6.884951, 8.792578
6.875985, 8.868246
6.859157, 8.933939
6.840249, 9.007754
6.833534, 9.058099
6.828602, 9.140352
6.824041, 9.216413
6.822670, 9.289306
6.829335, 9.332905
1d08b059-1bb4-449d-929b-6d917029e2c6
6.380092, 4.255068
6.337295, 4.322006
6.335591, 4.360922
6.273405, 4.555965
bf69d292-4b6b-4aec-bd25-a3def8dd4d6f
6.443363, 4.402951
6.372923, 4.509059
6.339857, 4.551279
6.308438, 4.585877
6.249275, 4.720305
6.236657, 4.741544
6.215032, 4.777941
6.192402, 4.804310
6.165796, 4.849099
6.147492, 4.868191
6.118458, 4.911446
6.103486, 4.928381
8901598c-4764-4d92-bf2b-43bca39ecdf9
6.543301, 4.319906
6.631822, 4.351160
6.665458, 4.364009
6.705939, 4.377871
6.753997, 4.394328
6.806164, 4.413773
6.833989, 4.425742
6.871982, 4.450016
6.960656, 4.498498
6.988342, 4.515341
7.033796, 4.541242
7.084056, 4.564712
7.128093, 4.586928
7.171437, 4.610469
7.209987, 4.636516
7.254157, 4.664552
7.290847, 4.693159
7.333009, 4.724131
7.362554, 4.751408
7.397328, 4.781475
7.432569, 4.816022
8002df1e-1dc8-4554-88ce-198bbd850a15
6.645701, 4.545027
6.697372, 4.548831
6.734384, 4.541820
6.767846, 4.533744
6.797762, 4.527848
6.821669, 4.524445
6.922909, 4.529757
6.966373, 4.537712
7.097317, 4.583334
7.314056, 4.713941
