main root
6.826266, 4.626241
6.783938, 4.930318
6.750035, 5.122495
6.713094, 5.269140
6.683732, 5.418180
6.646964, 5.550999
6.606327, 5.669291
6.561950, 5.795790
6.504537, 5.941114
6.437976, 6.082171
6.377962, 6.213429
6.326755, 6.315259
6.296830, 6.402864
6.244714, 6.503370
6.201845, 6.586047
6.147118, 6.664173
6.120474, 6.709540
6.080391, 6.786094
6.052975, 6.874730
6.021295, 6.962908
5.993922, 7.051530
5.980995, 7.143277
5.963770, 7.235376
5.946650, 7.326919
5.938835, 7.437768
5.924774, 7.546948
5.915845, 7.665828
5.929154, 7.820926
5.924168, 7.977796
5.925447, 8.131804
5.928776, 8.284684
5.923984, 8.397403
5.912850, 8.509938
5.900735, 8.610912
5.882212, 8.695665
5.860222, 8.786429
5.851993, 8.838010
5.838686, 8.883411
2177f6d7-bd82-4523-b1e1-0efb8dfd4ab3
6.900833, 4.817645
7.018843, 4.930559
7.052710, 4.996626
7.098708, 5.077138
7.146616, 5.156753
7.182456, 5.232633
7.231088, 5.339098
7.258399, 5.403880
7.279260, 5.460051
