main root
8.434401, 6.202566
8.311471, 6.324389
8.192927, 6.411594
8.107519, 6.490256
8.047272, 6.565745
7.985150, 6.649331
7.952107, 6.707867
7.928332, 6.771339
7.914481, 6.862589
7.886616, 6.961598
7.876008, 7.053641
7.856660, 7.147607
7.835772, 7.238630
7.804730, 7.336070
7.767320, 7.439555
7.731540, 7.526157
7.700006, 7.590722
7.659679, 7.663839
7.627094, 7.707422
7.572566, 7.773429
7.524580, 7.822115
7.459977, 7.875676
7.401514, 7.922202
7.341414, 7.973857
7.259275, 8.047245
7.208880, 8.090263
7.157860, 8.127913
7.077421, 8.189897
6.999649, 8.255168
6.916661, 8.327578
6.699046, 8.575119
6.585882, 8.865551
6.478856, 9.163680
6.439599, 9.360621
6.387918, 9.555000
6.342847, 9.770403
6.314513, 9.901507
6.304501, 10.018136
6.307346, 10.127353
6.316972, 10.254960
6.320408, 10.356750
6.321724, 10.458444
6.321147, 10.576817
6.322767, 10.678341
6.324166, 10.791595
6.325415, 10.892701
6.326565, 10.985828
6.325808, 11.095861
6.323149, 11.180932
6.328441, 11.282432
6.334172, 11.392350
6.337787, 11.502318
6.345636, 11.612292
6.355586, 11.721987
6.355711, 11.840145
6.349507, 11.958180
6.356068, 12.087746
6.357831, 12.206004
6.363705, 12.316101
6.375915, 12.425832
6.391340, 12.526185
6.401403, 12.619350
6.411405, 12.711950
6.423225, 12.821383
6.426606, 12.931504
6.427369, 13.024897
6.423970, 13.126687
6.425082, 13.219441
5a27170e-141c-4e33-9798-e6267c94cb40
8.331196, 6.379809
8.354326, 6.426311
8.375158, 6.467215
8.391882, 6.523023
8.410604, 6.589140
8.409038, 6.624212
8.397015, 6.659551
8.373820, 6.694113
8.352691, 6.720289
8.326972, 6.748523
8.289435, 6.797065
8.234445, 6.954645
8.205355, 7.010257
8.149269, 7.042529
8.123856, 7.066767
8.103712, 7.088457
8.062824, 7.124150
8.027497, 7.176892
7.994462, 7.218146
7.962710, 7.257797
7.942631, 7.280476
7.907681, 7.311076
2b6fbc2d-f715-4b62-9dc6-4164d744840c
8.386315, 6.350111
8.372283, 6.450136
8.303793, 6.635173
8.265306, 6.715386
8.257458, 6.790109
8.258221, 6.872836
8.162065, 7.080551
8.119736, 7.130528
8.094390, 7.164040
6a1077a4-6f7e-42a8-9b93-a69eaaced43c
8.389564, 6.308218
8.382677, 6.408980
8.391080, 6.522319
8.368714, 6.574949
8.318291, 6.617178
8.282609, 6.668601
8.260404, 6.737157
8.267368, 6.832662
8.229175, 6.967773
8.191497, 7.045259
8.146436, 7.097993
8.099971, 7.155985
8.078790, 7.196297
8.077158, 7.242474
8.074533, 7.278708
3a616a5a-fff3-4f0b-b26d-eec5451ebc2e
7.973174, 6.654922
7.773509, 6.753947
7.742826, 6.778273
7.707823, 6.811333
7.673513, 6.850861
7.621758, 6.870936
7.597615, 6.881168
7.573800, 6.892139
7.564838, 6.920718
ad7b9180-ba88-45fe-b111-00623598a354
8.225330, 6.386031
8.198431, 6.481884
8.153479, 6.510492
8.134229, 6.515736
8.096964, 6.580862
8.075788, 6.636456
8.005180, 6.731538
7.965839, 6.797819
7.912852, 6.838418
