main root
6.629154, 5.389864
6.563650, 5.639358
6.531417, 5.839001
6.520465, 6.022682
6.501922, 6.186588
6.479974, 6.342540
6.430082, 6.527122
6.413121, 6.662021
6.405501, 6.872412
6.392434, 7.072806
6.382175, 7.230130
6.368545, 7.363546
6.370376, 7.485975
6.444183, 7.755093
6.466513, 7.954905
6.476799, 8.078988
6.467231, 8.236437
6.463827, 8.400168
6.479477, 8.537831
6.494764, 8.690130
6.521265, 8.801350
6.550034, 8.933945
6.572034, 9.045307
6.581980, 9.160971
6.590745, 9.287415
6.601058, 9.405690
6.607121, 9.523796
6.622074, 9.651277
6.630518, 9.777340
6.627859, 9.895471
6.637824, 10.015275
6.650468, 10.141939
6.664358, 10.259847
6.676112, 10.377653
6.689996, 10.495554
6.708090, 10.613127
6.716826, 10.738911
6.727155, 10.857175
6.735353, 10.975281
6.743560, 11.093532
6.759640, 11.202961
6.773539, 11.312105
6.794856, 11.429387
6.811839, 11.546426
6.827646, 11.655356
6.841350, 11.764529
6.864571, 11.881762
6.889248, 12.006342
6.918148, 12.130633
6.944806, 12.254549
6.971832, 12.370150
6.996722, 12.485880
7.023744, 12.601486
7.048628, 12.717218
7.063054, 12.834490
7.077525, 12.952127
7.090915, 13.078170
7.099205, 13.196150
7.107513, 13.314392
ef25a209-fbfb-4cda-90ce-546988cdad45
6.461334, 5.388017
6.375274, 5.410293
6.325139, 5.425829
6.255969, 5.436130
6.171806, 5.453565
6.092355, 5.479688
6.007287, 5.508946
5.904513, 5.551070
5.741270, 5.586790
5.650288, 5.606699
5.579958, 5.628548
5.512270, 5.656092
5.439717, 5.696810
5.380647, 5.720447
5.323587, 5.734219
5.231604, 5.752091
5.172613, 5.767839
5.050776, 5.840694
4.992381, 5.865947
4.924061, 5.886325
4.833153, 5.909051
4.759494, 5.939095
4.697631, 5.959167
4.618774, 5.986929
4.544360, 6.024122
4.464704, 6.056979
4.382889, 6.083996
4.299335, 6.105036
4.198006, 6.168725
4.127312, 6.205810
4.048318, 6.240224
3.973131, 6.277502
3.906217, 6.307337
3.867971, 6.327668
3.829984, 6.354641
3.782678, 6.391899
3.740109, 6.433048
3.685071, 6.500820
3.637714, 6.552012
3.580982, 6.600880
3.523721, 6.644277
3.464148, 6.681914
3.412024, 6.734526
3.325956, 6.823554
3.278463, 6.854778
3.214793, 6.896640
3.163502, 6.930364
3.092070, 7.005729
3.039539, 7.056802
2.988294, 7.115425
2.958897, 7.146779
313d4f46-e2f7-4636-969a-94443ae4053b
6.468757, 5.587214
6.407351, 5.561830
6.347914, 5.551918
6.279857, 5.571572
6.205771, 5.600417
6.101543, 5.633681
5.992570, 5.686446
5.855107, 5.714680
5.754574, 5.731011
5.709374, 5.749008
5.634198, 5.785634
5.571467, 5.823118
5.520851, 5.863028
5.460515, 5.914411
5.401827, 5.972254
5.362522, 5.965223
5.337602, 6.001056
5.243305, 6.047363
5.193223, 6.083740
5.113631, 6.146779
5.039300, 6.200285
4.978945, 6.230774
4.899437, 6.263967
4.818924, 6.293085
4.764951, 6.321550
4.723539, 6.369759
4.655232, 6.437602
4.613982, 6.488478
4.575681, 6.545553
4.543034, 6.601646
4.507932, 6.673860
4.484331, 6.729260
4.470072, 6.778009
4.448680, 6.851141
4.432980, 6.894153
4.430727, 7.013067
4.438093, 7.098400
4.444646, 7.174315
4.455311, 7.228269
4.473606, 7.305376
4.491196, 7.379516
4.515993, 7.458099
4.542678, 7.532718
4.556855, 7.599034
4.572784, 7.673546
4.581605, 7.743456
4.646886, 7.876081
4.663760, 7.942346
4.686742, 8.032600
4.707743, 8.123596
4.726781, 8.206089
4.755712, 8.294027
4.784817, 8.382497
4.808148, 8.473604
4.832958, 8.553772
4.860491, 8.642738
4.889966, 8.730866
4.920213, 8.827969
4.946434, 8.926372
4.974359, 9.014827
4.998527, 9.105359
5.026490, 9.193796
5.054567, 9.282593
5.082643, 9.371388
5.105615, 9.444037
5.136099, 9.520589
5.148734, 9.584685
5.159954, 9.657084
5.170825, 9.707692
5.179716, 9.777595
5.196307, 9.813160
5.220563, 9.879318
5.254475, 9.954416
5.242667, 10.002223
5.263015, 10.034684
5.292093, 10.164477
5.306742, 10.248833
5.312857, 10.319036
5.334024, 10.389581
5.348469, 10.458551
5.365550, 10.550371
5.376193, 10.615769
5.387770, 10.677593
dc265f76-8d6d-4ed8-8d51-747a20eea9d7
6.439324, 5.851988
6.377936, 5.904697
6.335837, 5.930507
6.246629, 5.966137
6.154206, 6.005330
6.043083, 6.045578
5.937534, 6.099514
5.843964, 6.140205
5.794302, 6.168722
5.735655, 6.211960
5.665013, 6.271885
5.581822, 6.331362
5.504644, 6.383952
5.456699, 6.429422
5.389028, 6.505260
5.348746, 6.562464
5.319269, 6.593928
5.267480, 6.640449
5.187173, 6.712587
5.149401, 6.755000
5.107451, 6.814574
5.059403, 6.893771
5.017478, 6.966874
4.979374, 7.041651
4.943034, 7.126864
4.901524, 7.203053
4.856968, 7.284834
4.810451, 7.365818
4.772299, 7.440566
4.729958, 7.523521
4.698430, 7.603801
4.664383, 7.690491
4.636526, 7.761421
4.623789, 7.812386
4.547566, 7.975856
4.508921, 8.053033
4.477280, 8.139704
4.431660, 8.221741
4.386053, 8.312460
4.342235, 8.394938
4.292662, 8.483740
4.248792, 8.575343
4.210733, 8.669504
4.164423, 8.778451
4.120723, 8.870443
4.077269, 8.971780
4.035813, 9.073826
3.993092, 9.184593
3.943186, 9.284673
3.895918, 9.374723
3.842968, 9.461946
3.793942, 9.550856
3.740796, 9.647239
3.695975, 9.746051
3.659517, 9.831520
3.640406, 9.897463
3.618654, 9.987631
3.602992, 10.065317
3.589521, 10.164258
3.576539, 10.226316
3.572646, 10.266850
3.579039, 10.309885
4667157a-0ba5-4ff9-92f5-bd36de733e3a
6.414085, 6.297401
6.333493, 6.293093
6.256328, 6.302848
6.180186, 6.310907
6.138926, 6.314747
6.015800, 6.327728
5.912361, 6.321619
5.867989, 6.318998
5.760748, 6.332959
5.674865, 6.356214
5.593945, 6.388979
5.521668, 6.421473
5.372435, 6.467932
5.329811, 6.490303
5.288564, 6.517023
d0567dfd-4f59-4ecb-be48-c9152d9a11a1
6.646761, 5.598852
6.743135, 5.646506
6.827246, 5.695103
6.957104, 5.728629
7.062859, 5.740316
7.256357, 5.846331
7.353105, 5.898911
7.418024, 5.935896
7.492398, 5.971375
7.569151, 6.001357
7.644003, 6.027382
7.721190, 6.098558
7.768551, 6.134088
7.825230, 6.172865
7.870236, 6.196404
7.928957, 6.220361
8.007313, 6.245863
8.091088, 6.263687
8.124184, 6.288955
8.177322, 6.318939
8.235526, 6.358657
8.295212, 6.388514
8.371391, 6.419927
8.449651, 6.445723
8.522019, 6.469576
8.605729, 6.487711
8.699712, 6.531859
8.764698, 6.565693
8.844395, 6.597063
8.923062, 6.621594
8.999554, 6.642310
9.043289, 6.660356
9.101999, 6.694296
9.167968, 6.732431
9.258828, 6.794732
9.336629, 6.845528
9.405967, 6.895752
9.484514, 6.944855
9.558528, 6.983786
9.634640, 7.019134
9.717763, 7.062378
9.797346, 7.113265
9.864432, 7.143677
9.941077, 7.180698
10.019394, 7.209315
10.087131, 7.237254
10.161489, 7.264684
10.222401, 7.321934
10.324583, 7.374199
10.365396, 7.403479
10.434178, 7.452825
10.500267, 7.496554
10.561088, 7.539319
10.590523, 7.560016
aeb12de0-d243-42c2-bb62-dbdc99d70d5d
6.726636, 5.576668
6.811877, 5.595980
6.880011, 5.602301
7.026626, 5.674115
7.168990, 5.822247
7.234132, 5.893114
7.242269, 5.904809
7.298209, 5.977849
7.360941, 6.045919
7.426831, 6.111207
7.498239, 6.170118
7.550697, 6.219218
7.595753, 6.271640
7.657322, 6.353011
7.713711, 6.438053
7.776739, 6.517797
7.874496, 6.616074
7.919092, 6.663885
8.017166, 6.722930
8.050836, 6.755477
8.111709, 6.814319
8.166499, 6.867281
8.212825, 6.920388
8.302985, 6.988957
8.365040, 7.072405
8.396250, 7.126916
8.430026, 7.191934
8.479646, 7.273680
8.527139, 7.339932
8.578523, 7.397374
8.620875, 7.453698
8.675057, 7.515789
8.758503, 7.611078
8.800797, 7.672221
8.847398, 7.754378
8.895054, 7.834134
8.941609, 7.903963
8.996226, 7.970715
9.061117, 8.036737
9.129076, 8.099879
9.194790, 8.166677
9.265792, 8.250919
9.325811, 8.322130
9.376652, 8.369395
9.442147, 8.418798
9.519741, 8.469420
9.591429, 8.513715
9.663454, 8.558217
9.737264, 8.613713
9.808480, 8.675154
9.870519, 8.734157
9.919388, 8.786831
9.971215, 8.842694
10.028857, 8.907918
10.058292, 8.941226
00007b1f-cb86-405b-bdfb-80caddfe8acb
6.637412, 5.835407
6.715398, 5.866753
6.767069, 5.893488
6.845771, 5.927567
6.890997, 5.947597
6.943885, 5.971344
7.026882, 6.015526
7.128090, 6.076575
7.217144, 6.125351
7.260342, 6.158604
7.331949, 6.219036
7.381748, 6.268897
7.437942, 6.302871
7.510048, 6.335971
7.579303, 6.367761
7.771445, 6.511918
7.819841, 6.570366
7.916704, 6.698514
7.938696, 6.759961
7.959156, 6.820631
7.984179, 6.901315
8.005548, 6.984214
8.017276, 7.053699
8.026506, 7.126381
8.042801, 7.207159
8.054340, 7.279510
8.069770, 7.357242
8.081085, 7.429629
8.089432, 7.502418
8.101427, 7.580753
8.121491, 7.662339
8.130634, 7.730854
8.135728, 7.832990
8.144546, 7.925323
8.153399, 8.018031
8.160183, 8.111176
8.167499, 8.225779
8.167653, 8.327812
8.165691, 8.429488
8.155267, 8.531221
8.150005, 8.623834
8.140496, 8.717053
8.128927, 8.809731
8.124776, 8.911293
8.116751, 9.004651
8.100310, 9.097657
8.086212, 9.189499
8.077104, 9.290655
8.077925, 9.374040
8.074640, 9.467685
8.079233, 9.578195
8.087284, 9.670607
8.089144, 9.764647
8.101718, 9.865633
8.114273, 9.966457
8.129897, 10.057885
8.151685, 10.147923
8.179653, 10.245518
8.201395, 10.336655
8.223007, 10.427248
8.246475, 10.534739
8.272244, 10.632939
8.295884, 10.723022
8.315573, 10.814627
8.335144, 10.905684
8.358728, 10.995391
8.380433, 11.086225
8.400111, 11.168575
8.425736, 11.257715
8.451468, 11.347221
8.477779, 11.454061
8.496078, 11.545959
8.510232, 11.638581
8.518169, 11.732290
8.527345, 11.816055
8.536564, 11.900217
8.539908, 11.971990
8.544638, 12.073485
8.546150, 12.186919
ed31c1a2-6087-4bb3-8907-749db2e3a839
6.351593, 7.585508
6.257708, 7.671168
6.207948, 7.712755
6.137745, 7.764415
6.092618, 7.788299
6.024919, 7.812230
5.946179, 7.842262
5.882898, 7.866398
5.840501, 7.884171
5.764294, 7.941180
5.705397, 7.974026
5.636869, 8.019096
5.507662, 8.065640
5.444149, 8.092929
5.397100, 8.109883
5.344373, 8.145389
5.293321, 8.196007
5.261774, 8.223070
aec47e9d-9d31-4096-9486-309e174cd56b
6.573754, 6.204433
6.658820, 6.265463
6.743078, 6.343803
6.793876, 6.387275
6.834254, 6.429773
6.869381, 6.471096
6.938210, 6.514992
7.002428, 6.555955
7.099681, 6.638328
7.182254, 6.711041
7.246844, 6.765155
7.314768, 6.813946
7.358587, 6.853082
7.400107, 6.901288
7.455133, 6.978068
7.510955, 7.052350
7.556204, 7.126368
7.595947, 7.191382
7.621037, 7.226687
7.652683, 7.260881
7.708672, 7.316969
7.786434, 7.408870
7.826074, 7.478640
7.872680, 7.548075
7.915409, 7.622896
7.958987, 7.695023
8.001212, 7.768920
8.047988, 7.838242
8.090898, 7.912959
8.121955, 7.996179
8.157922, 8.087144
8.202774, 8.198992
8.223148, 8.227945
8.256402, 8.275855
8.276365, 8.309870
8.293315, 8.332842
8.312579, 8.353911
8.345363, 8.385335
8.380148, 8.414532
8.403493, 8.438033
8.427601, 8.466552
8.445127, 8.496557
8.475018, 8.547730
8.500813, 8.597827
8.527943, 8.650515
8.559106, 8.704498
8.592826, 8.756922
8.624888, 8.806768
8.659017, 8.857060
8.697048, 8.913102
8.732409, 8.962544
8.771813, 9.017637
8.806295, 9.065849
8.834512, 9.113021
8.860593, 9.156622
8.888962, 9.206964
8.915939, 9.251786
8.935971, 9.293775
8.959840, 9.340329
8.974240, 9.371699
