main root
6.506551, 4.485417
6.494205, 4.739944
6.484264, 4.815905
6.471219, 4.931869
6.452312, 5.076227
6.434520, 5.195844
6.406773, 5.310691
6.392025, 5.454362
6.362232, 5.580606
6.337026, 5.705691
6.306510, 5.847152
6.274375, 5.996124
6.246744, 6.147551
6.217866, 6.284332
6.180406, 6.441925
6.154995, 6.566983
6.131712, 6.692114
6.116158, 6.810312
6.092257, 6.933734
6.078847, 7.036380
6.067792, 7.137316
6.050729, 7.254352
6.030680, 7.362541
6.010624, 7.470770
5.999986, 7.562797
5.986210, 7.663557
5.966129, 7.763592
5.948221, 7.863543
5.925270, 7.979681
5.906365, 8.097110
5.893032, 8.206555
5.875534, 8.315190
5.851791, 8.422680
5.829878, 8.521891
5.804085, 8.628852
5.776299, 8.744082
5.754583, 8.852185
5.730843, 8.959629
5.706840, 9.058453
5.684935, 9.157605
5.671803, 9.256266
5.663747, 9.348671
5.653543, 9.441503
5.646401, 9.525461
5.640121, 9.599277
5.642434, 9.754637
5.613435, 9.968598
5.594478, 10.076954
5.579658, 10.186219
5.566954, 10.295634
5.557434, 10.414203
5.548625, 10.523914
5.548235, 10.634532
5.549963, 10.744666
5.545484, 10.862768
5.539519, 10.964296
5.533559, 11.065722
5.527102, 11.175598
5.526972, 11.286019
5.526852, 11.387611
5.533053, 11.480048
5.538721, 11.564526
5.537448, 11.634980
5.539508, 11.686703
5.551489, 11.724250
c962be66-5091-43fb-8844-74227af8d2b0
6.543599, 4.793242
6.553753, 4.834895
6.595738, 4.891698
6.638431, 4.930541
6.681213, 4.972744
6.708850, 4.995007
6.764567, 5.026000
6.844494, 5.048725
f92284a6-a325-489e-abf0-68a55fc1ee97
6.502781, 4.630124
6.581048, 4.738958
6.669877, 4.848264
db208f70-52cb-44d0-9070-b5ebf3b5fd48
6.421967, 4.847167
6.403895, 4.855866
6.347714, 4.889562
6.302316, 4.889058
6.276060, 4.909569
6.226878, 4.928279
6.135346, 4.980519
6.100805, 4.999036
6.058476, 5.008163
5.970537, 5.007448
5.918099, 5.001428
6593f7ce-15b8-4fc6-8681-e7c3442e26ef
6.457234, 4.518289
6.319199, 4.599108
6.265787, 4.619974
6.201917, 4.646547
6.141871, 4.666681
6.076778, 4.690104
6.015929, 4.710424
5.980843, 4.723734
5.882794, 4.772788
5.832346, 4.796370
5.772294, 4.798844
5.745270, 4.818098
5.698341, 4.839439
ebc66ab3-4511-438a-8768-f9b33fa94d22
6.404013, 5.278904
6.365137, 5.297652
