main root
7.363386, 4.972804
7.384556, 5.173978
7.335974, 5.380581
7.297751, 5.580051
7.254795, 5.770576
7.225603, 5.929372
7.212015, 6.061212
7.203710, 6.162415
7.194017, 6.280545
7.184285, 6.373425
7.169475, 6.474183
7.155931, 6.566320
7.144502, 6.658532
7.134089, 6.742552
7.128923, 6.853047
7.130116, 6.963462
7.129100, 7.065155
7.130200, 7.166698
7.137645, 7.267987
7.147196, 7.369087
7.156229, 7.487121
7.180090, 7.605364
7.188422, 7.699985
7.192469, 7.818104
7.200756, 7.936766
7.208425, 8.046560
7.218208, 8.156265
7.228736, 8.274326
7.234934, 8.367517
7.235360, 8.469541
7.237899, 8.571052
7.242079, 8.655214
7.252969, 8.723624
9eb86d42-a283-415a-b61b-72889364e203
7.402168, 5.054769
7.511362, 5.124105
7.586249, 5.181622
7.638287, 5.221591
7.675219, 5.242410
7.721787, 5.266625
