main root
6.285859, 4.647199
6.210141, 4.827507
6.097026, 5.032415
6.035812, 5.166419
5.988888, 5.279568
5.954814, 5.384801
5.924898, 5.490930
5.895034, 5.596871
5.869214, 5.704070
5.856795, 5.809422
5.843910, 5.918734
5.841475, 6.011276
5.838578, 6.121306
5.844137, 6.231784
5.845436, 6.341819
5.858863, 6.410099
5.872796, 6.502751
5.888689, 6.594297
5.909082, 6.675396
5.925913, 6.759336
5.944224, 6.850654
5.970597, 6.939388
6.010918, 7.022510
5.989328, 7.096383
6.014960, 7.133482
6.039449, 7.239273
6.041473, 7.323082
6.050481, 7.433137
6.048808, 7.516415
6.034311, 7.603458
6.018595, 7.697818
5.994839, 7.789237
5.978268, 7.869734
5.990273, 7.926854
6.000420, 8.036850
6.010529, 8.146450
6.012424, 8.226231
6.001126, 8.281036
5.986615, 8.335288
5.960290, 8.393011
5.898558, 8.477392
5.842000, 8.597370
5.783529, 8.662716
5.701499, 8.757543
5.643221, 8.834481
5.608291, 8.897877
5.564625, 9.001608
5.505485, 9.104033
5.455525, 9.189918
5.432609, 9.308953
5.413721, 9.482113
5.386818, 9.613298
5.371445, 9.698792
5.384797, 9.798552
5.407757, 9.859309
5.457793, 9.967845
5.503872, 10.067798
5.542175, 10.171102
5.588781, 10.260278
5.645465, 10.355035
5.697618, 10.442217
5.750434, 10.538751
5.795138, 10.620457
5.839842, 10.702165
5.874387, 10.768421
5.919519, 10.859560
5.963161, 10.961183
5.974420, 11.025937
2ac666f4-3164-444f-9872-8f242f34df36
6.323361, 4.724685
6.308693, 4.783178
6.309088, 4.856397
6.354851, 5.076015
6.374762, 5.147213
6.388317, 5.189128
6.403071, 5.230412
6.422081, 5.279153
6.442477, 5.327329
6.464243, 5.374902
6.479429, 5.418886
6.497909, 5.467825
6.513927, 5.514479
6.528520, 5.561594
6.541679, 5.609135
6.555230, 5.658091
6.574723, 5.717294
6.595147, 5.774540
6.615997, 5.837434
6.637656, 5.888500
6.664103, 5.950856
6.693133, 6.007802
6.717859, 6.066189
6.739631, 6.113764
6.756804, 6.158483
6.778052, 6.213813
6.797367, 6.268282
6.812718, 6.307096
6.843455, 6.372605
6.866252, 6.431765
6.884521, 6.479170
6.903898, 6.533613
6.919019, 6.580563
6.940244, 6.631817
6.953004, 6.674365
6.967596, 6.723024
6.982757, 6.778788
6.994248, 6.826757
7.004277, 6.875049
7.016378, 6.925952
7.024523, 6.973158
7.033451, 7.016094
7.038528, 7.055217
7.043976, 7.097201
7.052760, 7.182055
a59b2e35-0ef8-46a3-af04-9738544c1471
6.245220, 4.879197
6.301759, 4.933599
6.379881, 5.018846
6.429101, 5.092693
6.479930, 5.155799
6.551944, 5.207002
6.577819, 5.225400
6.606868, 5.238709
6.664718, 5.261921
6.725543, 5.279876
6.773767, 5.340547
6.808541, 5.386703
6.829453, 5.424406
6.856236, 5.488128
6.887293, 5.567371
6.930619, 5.638135
6.942996, 5.686154
6.966033, 5.767218
6.965185, 5.866050
6.954080, 5.932602
6.939072, 5.983985
6.908361, 6.043862
6.865860, 6.126730
6.819396, 6.208103
6.761551, 6.283956
6.718129, 6.333955
6.662498, 6.450086
6.612266, 6.530604
6.554814, 6.614702
6.494442, 6.706825
6.436288, 6.787844
6.392060, 6.841762
6.350198, 6.882985
6.309526, 6.916733
6.275515, 6.943010
