main root
6.737591, 4.326971
6.806945, 4.533521
6.888647, 4.682421
6.941553, 4.817202
6.965586, 4.912906
6.990768, 5.030424
6.998854, 5.108558
6.997672, 5.199904
6.990089, 5.295299
6.975425, 5.373012
6.951675, 5.453498
6.915494, 5.538950
6.875878, 5.632513
6.831450, 5.715861
6.786671, 5.795399
6.754359, 5.858868
6.762339, 5.901396
6.772880, 5.973806
6.797435, 6.059254
6.811067, 6.128311
6.839893, 6.212416
6.830617, 6.297200
6.845963, 6.377352
6.863758, 6.454464
6.873672, 6.524120
6.891146, 6.604537
6.923810, 6.727242
6.931814, 6.806642
6.945376, 6.881497
6.958412, 6.941574
6.982999, 7.172185
6.986738, 7.221362
6.985772, 7.267869
6.986182, 7.320186
6.991106, 7.375439
6.990556, 7.419856
6.988449, 7.469137
6.990573, 7.524569
6.984755, 7.568140
6.987029, 7.630264
6.980903, 7.667479
6.983757, 7.733086
6.980823, 7.768974
6.975312, 7.817991
6.976237, 7.876744
6.978556, 7.929011
6.979246, 7.978332
6.981474, 8.030603
6.985197, 8.082789
6.987213, 8.132074
6.990845, 8.184265
6.992775, 8.233554
6.996316, 8.285752
7.004538, 8.340611
7.006961, 8.387074
7.014324, 8.442055
7.022749, 8.493691
7.029212, 8.542592
7.040909, 8.596818
7.046284, 8.643034
7.057130, 8.697435
7.064958, 8.779145
7.064905, 8.825673
7.078303, 8.889960
7.083356, 8.936213
7.090523, 8.988038
7.092128, 9.032431
7.097925, 9.068485
02b64e7a-f07d-47f0-8aef-69ada118269b
6.754683, 4.570210
6.690809, 4.653963
6.659874, 4.682184
6.609737, 4.729953
6.560645, 4.778792
6.512608, 4.832916
6.467771, 4.885693
6.424085, 4.939424
6.380703, 4.985665
6.319434, 5.041697
6.269732, 5.081066
6.217367, 5.116815
6.163175, 5.153812
6.136953, 5.171714
a93b7a46-adbb-447e-92af-135cb39f4488
6.913780, 4.887997
6.893014, 4.901458
6.883498, 4.917398
6.861330, 4.945773
6.831100, 4.982035
6.788346, 5.023270
9128915d-33a7-44f0-b2f7-e40dd516e930
6.966761, 5.106802
6.931871, 5.133321
6.885260, 5.164988
6.848493, 5.189966
6.825895, 5.212557
