main root
7.551699, 4.894213
7.390592, 5.377014
7.387046, 5.449415
7.344720, 5.581630
7.321807, 5.792441
7.289968, 5.940414
7.282790, 6.091954
7.263663, 6.233042
7.250346, 6.406807
7.243466, 6.592413
7.250664, 6.721934
7.275021, 6.896365
7.286348, 7.024666
7.281929, 7.093590
7.276646, 7.175971
7.258239, 7.232675
a67476fe-b02d-4887-bc17-518b84128346
7.422172, 5.071797
7.282448, 5.021063
7.256584, 4.964783
7.224231, 4.902777
d0591f30-f2af-446f-82da-507cb69424cf
7.366247, 5.214732
7.304013, 5.220666
7.252012, 5.228453
7.178190, 5.249991
7.096907, 5.273707
7.025789, 5.294456
6.960232, 5.314176
ec445e74-8c69-44f2-b0af-82f248cce348
7.516314, 5.162983
7.660815, 5.208725
9246586b-313a-46ff-804e-fd6bab30ed21
7.293044, 5.452144
7.258038, 5.464871
7.197267, 5.488432
7.124509, 5.519851
7.072042, 5.542508
fae94cb3-4d84-467d-8a75-9e657f51c59f
7.425806, 5.521199
7.454372, 5.545741
7.482244, 5.573638
7.500192, 5.591607
7.522372, 5.609580
7.550526, 5.624689
