main root
7.002355, 5.407808
7.057833, 5.782829
7.087247, 5.877358
7.057191, 6.026666
7.058660, 6.128756
7.055985, 6.237135
7.072775, 6.328868
7.095455, 6.463371
7.125512, 6.607376
7.153154, 6.759576
7.179979, 6.918740
7.225891, 7.078853
7.259666, 7.239500
7.290091, 7.402967
7.320513, 7.545300
7.358909, 7.689791
7.383213, 7.823801
7.403253, 7.960467
7.423064, 8.081061
7.438749, 8.214911
7.442897, 8.268130
7.448716, 8.316082
7.445178, 8.376166
cb3d8b80-5bbf-4997-af85-a9aa0d3c23f7
7.059112, 5.661130
7.186899, 5.697516
da3a4e96-ca63-4b26-9f42-18828f50cba1
7.063355, 5.852850
7.170859, 5.874553
