main root
6.687828, 4.496324
6.663239, 4.727291
6.685310, 4.829661
6.708647, 4.986349
6.744787, 5.202040
6.763002, 5.380394
6.771813, 5.547929
6.778482, 5.674752
6.784263, 5.784665
6.789155, 5.877667
6.791583, 5.952351
6.789426, 6.024174
6.790609, 6.125697
6.789984, 6.200414
6.787861, 6.275104
6.785456, 6.359739
6.779412, 6.414368
6.767993, 6.498718
6.757622, 6.564157
6.754486, 6.641331
6.749710, 6.707044
6.745566, 6.764044
6.712092, 6.922153
6.701016, 6.960018
6.692945, 6.998267
6.686516, 7.043233
6.675457, 7.109539
6.662016, 7.162831
6.650209, 7.221880
6.643359, 7.279054
6.635393, 7.362949
6.631941, 7.415151
6.629983, 7.467431
6.627449, 7.535116
6.622352, 7.591237
6.615637, 7.648633
6.611949, 7.718787
6.611226, 7.789576
6.608965, 7.864266
6.606916, 7.931970
6.602222, 7.988127
6.600019, 8.050421
6.601653, 8.131219
6.599970, 8.196006
6.596973, 8.253720
6.598055, 8.313906
6.606569, 8.397966
6.610833, 8.440073
6.610178, 8.478165
6.610775, 8.530479
6.614383, 8.584235
6.613571, 8.639193
6.611346, 8.688466
6.614001, 8.762382
6.615186, 8.837086
6.620822, 8.909227
6.627707, 8.978140
6.637883, 9.034816
6.656801, 9.106310
6.678121, 9.181033
6.694856, 9.245144
6.711965, 9.310678
6.726934, 9.368022
6.736425, 9.422155
6.745197, 9.472192
6.753699, 9.529352
6.759472, 9.578341
6.763756, 9.627478
6.766547, 9.676728
6.772579, 9.730272
6.777797, 9.789949
6.786568, 9.924993
6.783854, 9.952486
6.774835, 9.998136
6.767345, 10.051496
6.757830, 10.108501
6.746126, 10.151351
6.731690, 10.198522
6.715831, 10.245227
6.696690, 10.287631
6.675788, 10.333937
6.649163, 10.382008
6.625138, 10.428475
6.606667, 10.464199
6.584495, 10.509977
6.510555, 10.614705
6.421967, 10.756900
6.399743, 10.786910
6.399543, 10.807323
6.371055, 10.869885
6.350920, 10.917713
6.325439, 10.982096
6.309922, 11.025370
6.295022, 11.075541
eb828a0e-6221-452d-bbfb-660ca8f2fd40
6.718781, 7.025161
6.745773, 7.037679
6.775168, 7.052558
6.820093, 7.076743
6.842446, 7.090350
6.864047, 7.105120
6.889557, 7.124242
6.914211, 7.144455
6.933752, 7.166136
6.962502, 7.191163
6.989839, 7.212828
7.009736, 7.234184
7.038895, 7.258733
7.066587, 7.279943
7.091031, 7.300411
7.118779, 7.321548
7.137043, 7.337201
7.150155, 7.354206
7.159367, 7.373507
447653dc-a294-449a-a9e9-923ce9e0e0e7
6.616401, 7.433723
6.548012, 7.437170
6.516686, 7.442789
6.478660, 7.445049
6.453307, 7.446553
6.422334, 7.454387
6.379140, 7.468396
6.314746, 7.486964
eb079a2b-0869-4cd4-8b74-50e88a480e5c
6.743714, 6.539795
6.805818, 6.593158
6.873004, 6.642088
6.909999, 6.668252
6.943488, 6.697434
6.978278, 6.729735
6.999289, 6.757413
7.041415, 6.805477
7.069956, 6.844855
7.095587, 6.885319
7.129368, 6.935852
7.165835, 6.990402
7.183480, 7.016797
a495e4ff-0e7f-487c-aace-32270c1bc6d4
6.573918, 7.977700
6.531645, 7.984946
376dda75-5d80-4843-83e4-e0da3c6ad950
6.596387, 7.915900
6.639983, 7.920567
2715cd4c-2537-432f-8415-8f7b011c93c0
6.642188, 7.349068
6.710163, 7.353081
6.749245, 7.358388
6.791180, 7.364081
6.860239, 7.378849
d17a4497-d950-4ab9-a912-440a53580af1
6.615917, 7.182000
6.584145, 7.181369
6.555463, 7.177795
6.533466, 7.185009
6.512198, 7.187257
a9d9139a-7b59-4fc3-b693-7297f9542c5d
6.702872, 6.560978
6.660653, 6.574451
6.605087, 6.587469
47776b3e-8193-4715-92e7-d6de91c82ce8
6.691853, 6.462145
6.646218, 6.481683
6.577179, 6.508942
6.519094, 6.552304
6.465733, 6.586537
6.409174, 6.621043
6.358395, 6.659036
6.305554, 6.700441
6.261079, 6.731488
