main root
7.244323, 4.692414
7.104340, 4.936335
7.032013, 5.049788
6.882698, 5.211852
6.821328, 5.307086
6.725369, 5.441895
6.637536, 5.563698
6.572475, 5.679004
6.490366, 5.780048
6.440313, 5.878560
6.347093, 6.013341
6.320494, 6.077529
6.303020, 6.147488
6.289897, 6.243480
6.288198, 6.347200
6.287305, 6.483865
6.301109, 6.616066
6.311531, 6.758567
6.307487, 6.881633
6.308231, 6.987886
6.306782, 7.081265
6.303388, 7.166313
6.300602, 7.236108
6.290975, 7.289667
6.284765, 7.374868
6.286760, 7.450432
6.283939, 7.513775
6.279497, 7.579883
6.279135, 7.652248
6.271350, 7.712463
6.271711, 7.791373
6.264471, 7.845306
6.261881, 7.920853
6.255224, 7.983909
6.246781, 8.049624
6.244619, 8.125185
6.232931, 8.167308
6.228363, 8.256530
6.223481, 8.322606
6.217107, 8.388556
6.214628, 8.460878
6.210862, 8.527028
6.211239, 8.599393
6.213097, 8.668617
6.195956, 8.844893
6.166542, 8.884531
6.186591, 8.917450
6.176473, 9.104305
6.159931, 9.307375
6.151330, 9.490843
6.144886, 9.628280
6.133596, 10.014216
6.105015, 10.122808
6.106146, 10.261795
6.111266, 10.371906
6.126958, 10.481610
6.101491, 10.633531
6.094500, 10.693341
aecbc459-95ee-4633-9392-33fd7b26e95b
7.193502, 4.992243
7.262130, 5.040500
7.313726, 5.085929
7.370632, 5.136033
7.453238, 5.208767
7.504094, 5.259527
7.552610, 5.332439
7.623435, 5.389614
7.671844, 5.446538
7.702077, 5.485290
7.804963, 5.587856
7.858929, 5.641653
7.917128, 5.695444
7.968856, 5.747330
8.022656, 5.801294
8.076454, 5.855257
8.138720, 5.909234
8.181519, 5.960199
8.230522, 6.018553
8.281155, 6.069537
8.347549, 6.123647
8.383429, 6.160611
8.442918, 6.233981
8.490909, 6.293170
8.532585, 6.351698
8.560824, 6.391355
8.691000, 6.595789
8.723498, 6.658042
8.758614, 6.725389
8.797734, 6.794024
8.839447, 6.861162
8.871305, 6.923783
8.926946, 7.019148
8.971196, 7.090878
9.014101, 7.164378
9.058361, 7.236085
9.105913, 7.305230
9.147015, 7.367635
9.193077, 7.432131
9.240365, 7.505582
9.266718, 7.546515
9.360291, 7.735837
9.402702, 7.807613
9.445773, 7.880503
9.494843, 7.959414
9.539554, 8.031312
9.588737, 8.110402
9.637914, 8.189484
9.683775, 8.271197
9.731071, 8.351171
9.774172, 8.424051
9.818202, 8.506766
9.861965, 8.588982
9.905724, 8.671185
9.952976, 8.750999
9.998728, 8.832410
10.043410, 8.903451
10.081920, 8.967490
10.136056, 9.053409
10.182482, 9.113056
10.194728, 9.161092
d4603ce3-a0c9-4001-83e7-be49dc84fefb
7.595246, 5.330690
7.739998, 5.324757
afc87767-532b-43b4-9274-e57bea715b52
7.653004, 5.462671
7.641509, 5.512644
7.631022, 5.538203
cd70cbd6-4358-4978-916f-fb403af90525
7.561680, 5.374797
7.557398, 5.461773
7.554970, 5.504810
a3ef8cf7-a9b2-43df-9f35-ef1a7f8573cb
7.021800, 5.164002
7.071635, 5.215307
7.114282, 5.261361
7.149472, 5.308174
7.202354, 5.385524
7.245360, 5.448426
7.301424, 5.509213
7.330561, 5.553518
7.429363, 5.692916
7.450894, 5.728469
7.511571, 5.765839
7.581086, 5.842195
7.640282, 5.901061
7.673223, 5.944375
7.717252, 6.004738
7.773802, 6.089447
7.814032, 6.152403
7.855058, 6.216608
7.890389, 6.271900
7.973586, 6.394829
8.013370, 6.454373
8.058229, 6.525234
8.100468, 6.599711
8.146412, 6.680720
8.184006, 6.747004
8.212008, 6.784240
8.260725, 6.844042
8.317276, 6.903981
8.396036, 6.997127
8.438054, 7.059852
8.478388, 7.122752
8.515386, 7.185994
8.545940, 7.234057
8.562191, 7.277930
8.701075, 7.503371
8.717731, 7.530405
8.807299, 7.757091
8.829069, 7.812195
8.846953, 7.865617
8.865760, 7.921802
8.888352, 7.979876
8.909833, 8.035095
8.931314, 8.090316
8.948917, 8.143830
8.971208, 8.202023
8.992397, 8.257352
9.013584, 8.312682
9.034770, 8.368015
9.055956, 8.423349
9.077139, 8.478683
9.098320, 8.534018
9.115634, 8.587628
9.137609, 8.645939
9.154641, 8.699637
9.172554, 8.756116
9.194223, 8.814542
9.212620, 8.864155
9.234857, 8.915535
fda2b3b1-1ca8-4a39-be76-2370a92a9ab8
6.330516, 5.997530
6.262471, 6.016093
6.212935, 6.033402
6.107030, 6.041144
6.025714, 6.053092
5.951801, 6.062440
5.851687, 6.079365
5.792019, 6.090970
5.738287, 6.098372
5.682848, 6.112054
5.494866, 6.151033
5.455991, 6.152978
5.380079, 6.205939
5.278188, 6.253463
5.212053, 6.277699
5.162370, 6.295901
5.063398, 6.365738
5.001161, 6.409655
4.942932, 6.443218
401d03f3-49af-4494-98af-3d0518331cfc
6.274666, 6.005833
6.215270, 5.978343
6.184877, 5.958590
6.145176, 5.931003
6.103458, 5.902015
6.066265, 5.879817
6.031262, 5.862412
5.998820, 5.849623
5.947648, 5.831060
5.850467, 5.812367
5.825523, 5.807569
5.793571, 5.807519
5.761822, 5.807470
5.733425, 5.810419
5.656239, 5.847238
5.621353, 5.860563
5.585512, 5.871048
5.545899, 5.881078
5.508113, 5.886013
5.456451, 5.894270
5.405895, 5.905381
5.372604, 5.915763
5.325764, 5.925673
727848b3-6957-4bda-ad9a-7e65b7aa1a51
6.876008, 5.362048
6.987338, 5.474071
7.046369, 5.510077
7.077089, 5.528815
7.267325, 5.783393
7.291332, 5.823062
7.306504, 5.845290
7.328892, 5.852837
7.392099, 5.910362
7.435332, 5.955315
7.456042, 5.981168
7.564545, 6.127327
7.611084, 6.182387
7.652567, 6.233694
7.697131, 6.286339
7.742872, 6.337966
7.785539, 6.388293
7.831317, 6.439886
7.865488, 6.489672
7.907792, 6.546018
7.930288, 6.580968
b82bd40d-15d9-4502-8fb3-8ccb91266aa3
6.232103, 6.510575
6.194105, 6.547941
6.171537, 6.561737
6.146481, 6.582635
5.829697, 6.704738
5.776285, 6.722086
5.734028, 6.735779
5.672037, 6.769794
5.636791, 6.789100
5.610358, 6.815523
07539f50-075e-4d6d-a7a3-cbe8b2e7c3ca
7.223854, 4.864812
7.256899, 4.938986
7.277217, 4.977238
7.286078, 5.000299
7.303959, 5.013273
7.329692, 5.039340
7.351945, 5.061934
7.373950, 5.080063
7.407828, 5.096340
7.430772, 5.107321
7.469121, 5.141240
7.610681, 5.247582
7.640272, 5.273528
7.672041, 5.301358
7.703795, 5.329174
7.803819, 5.415176
7.831288, 5.436673
7.851014, 5.453868
7.874113, 5.475841
7.896234, 5.498795
7.905394, 5.516929
90196b9f-a9a0-487a-a708-b7cd653f1bb0
6.258616, 6.568027
6.005804, 6.627471
5.888678, 6.644418
5.860671, 6.649395
5.837344, 6.651431
5.802223, 6.652410
5.781425, 6.646084
5.764302, 6.657900
5.722652, 6.667871
5.701271, 6.668372
d67d6d84-3d68-4e46-8b84-a9c2401fb9ec
6.231379, 7.566902
6.178198, 7.587828
6.113618, 7.592731
6.035496, 7.585881
5.978082, 7.579344
5.931368, 7.572519
5.905838, 7.567277
5.880957, 7.562167
18a06984-f359-4fac-a0e9-60a31760b467
6.163697, 8.215421
6.098287, 8.205347
6.060457, 8.186040
25272157-daee-4ceb-b7ab-0c60e55e1f09
6.218894, 7.880770
6.341533, 7.903633
