main root
6.982039, 5.900880
6.956334, 6.172392
6.968837, 6.318197
6.879804, 6.509244
6.817528, 6.647648
6.768508, 6.763047
6.723017, 6.875527
6.676681, 6.984469
6.636916, 7.077963
6.604520, 7.164878
6.565831, 7.250609
6.522076, 7.342423
6.480311, 7.434978
6.434600, 7.525994
6.388830, 7.607754
6.341389, 7.688194
6.298380, 7.761118
6.245272, 7.838744
6.201371, 7.910258
6.158550, 7.962848
6.110003, 8.017726
6.059772, 8.079028
6.020867, 8.126508
5.986393, 8.182143
5.956419, 8.294529
5.913462, 8.378436
5.890533, 8.431563
5.811696, 8.596664
5.763571, 8.677905
5.766094, 8.722243
5.715164, 8.906340
5.682684, 9.070413
5.654007, 9.193655
5.623238, 9.316621
5.594465, 9.431608
5.573954, 9.522241
5.548919, 9.604683
5.540742, 9.660154
5.534877, 9.699941
74f16d28-40f9-4f90-85df-f366683861a1
7.076137, 6.249826
7.122389, 6.279077
7.168209, 6.311595
7.224710, 6.344390
7.284049, 6.371874
7.349608, 6.417283
7.406316, 6.451101
7.450604, 6.482369
9783aca2-7ded-406d-b45d-8439c1fc0c20
7.080229, 6.113652
7.209038, 6.286593
7.283885, 6.429715
7.296471, 6.460320
7.312897, 6.470591
7.360723, 6.530489
7.393494, 6.576330
7.418971, 6.609393
