main root
6.769621, 4.416186
6.674730, 4.751118
6.638621, 4.855937
6.642804, 5.085968
6.644301, 5.252192
6.633688, 5.381186
6.613816, 5.478496
6.588546, 5.596884
6.582955, 5.702237
6.583164, 5.765491
6.612044, 5.945363
6.615288, 5.993888
6.614718, 6.052667
6.611097, 6.117374
6.612482, 6.199766
6.612240, 6.274483
6.618077, 6.320706
6.626380, 6.374503
6.641697, 6.424688
6.657731, 6.487479
6.672643, 6.539831
6.687453, 6.593597
6.724985, 6.761578
6.730635, 6.800606
6.736698, 6.842486
6.783709, 6.966926
6.802525, 7.008256
6.816099, 7.045287
6.826821, 7.083238
6.837754, 7.121938
6.851226, 7.158632
6.869650, 7.200132
6.894721, 7.241851
6.907095, 7.271158
6.918815, 7.306615
872bad0a-76d6-473d-b044-1cf8699994d7
6.756708, 4.532131
6.858479, 4.557399
6.917622, 4.648222
6.952241, 4.700294
7.002428, 4.764997
7.081679, 4.853736
7.121265, 4.910187
