main root
6.807215, 4.551467
6.754308, 4.815608
6.726931, 4.983412
6.711061, 5.132019
6.695533, 5.286646
6.695083, 5.412609
6.700484, 5.554240
6.715575, 5.673127
6.738959, 5.790334
6.753741, 5.907566
6.759087, 6.017613
6.760196, 6.127648
6.750722, 6.237539
6.748890, 6.357039
6.747463, 6.450164
6.741822, 6.543694
6.729873, 6.636987
6.712750, 6.737380
6.699204, 6.829313
6.684749, 6.913197
6.670369, 6.996638
6.654985, 7.068272
6.640105, 7.177880
6.624726, 7.246652
6.609230, 7.322806
6.586188, 7.388264
6.570472, 7.556487
6.555462, 7.649309
6.535601, 7.733157
6.513272, 7.799893
6.483641, 7.855120
6.436908, 7.928799
6.385819, 7.989601
6.318789, 8.066087
6.255108, 8.145169
6.200269, 8.219978
6.152551, 8.299306
6.104544, 8.379113
6.062311, 8.461563
6.032723, 8.532972
6.008627, 8.612800
5.986606, 8.685754
5.960583, 8.751246
5.947410, 8.792511
5.945738, 8.856111
5.968337, 9.273038
5.978768, 9.354755
5.975020, 9.419953
5.968188, 9.486522
5.974329, 9.548549
5.990609, 9.621895
6.014256, 9.700804
6.023775, 9.758639
6.033571, 9.843697
6.040631, 9.918078
6.043336, 10.013737
6.037486, 10.100297
6.027975, 10.178622
6.009993, 10.239462
5.983884, 10.320478
5.955811, 10.400831
5.923692, 10.480189
5.894278, 10.548873
5.864280, 10.618917
5.849925, 10.667638
5.834465, 10.751883
5.819509, 10.825088
5.803347, 10.925335
5.789979, 10.998844
5.773935, 11.070330
5.751885, 11.178250
5.738327, 11.234243
5.668029, 11.412837
5.638456, 11.479752
5.625429, 11.516591
5.613251, 11.577921
5.603135, 11.659609
5.587782, 11.710512
5.562972, 11.800055
5.540364, 11.881649
5.520017, 11.955086
5.495497, 12.021153
5.470747, 12.096445
5.448860, 12.172617
5.427815, 12.245856
5.406767, 12.319095
5.383671, 12.388631
5.361547, 12.464735
5.342313, 12.541618
5.323818, 12.615543
5.305322, 12.689467
5.289002, 12.767023
5.270997, 12.838047
5.249415, 12.886639
5.221259, 12.942655
5.155123, 13.021643
5.087967, 13.065122
4.981735, 13.070847
4.801613, 13.177326
566ca6ba-0c23-41a0-ab97-70a804f91517
6.660472, 7.246978
6.710885, 7.260232
6.724666, 7.269342
6.749694, 7.284094
6.771576, 7.296991
