main root
6.802769, 4.694112
6.785941, 4.839626
6.758620, 5.014429
6.751741, 5.179809
6.752734, 5.351245
6.751340, 5.496918
6.766437, 5.647671
6.767381, 5.785975
6.780066, 5.937303
6.790847, 6.116013
6.784582, 6.328526
6.781678, 6.497425
6.788873, 6.632142
6.802510, 6.770254
6.804763, 6.856391
6.801873, 6.917613
6.817676, 6.998584
6.841186, 7.072154
6.852345, 7.126744
6.864073, 7.199061
6.878982, 7.290997
6.883318, 7.345784
6.884773, 7.402117
6.886304, 7.461362
6.890904, 7.523522
6.892072, 7.579863
6.892599, 7.605257
6.936470, 7.699280
6.971517, 7.800736
7.010745, 7.952729
7.029122, 8.096464
7.030648, 8.291292
7.053122, 8.475033
7.062225, 8.671179
7.061868, 8.842395
7.076004, 8.942426
7.109771, 9.080575
7.153169, 9.224182
7.203319, 9.375966
7.248446, 9.532143
7.287697, 9.669289
7.285613, 9.788645
7.283732, 9.860343
7.269236, 9.986419
7.263020, 10.126675
7.268698, 10.257016
7.265961, 10.384651
7.249299, 10.485020
7.217113, 10.615195
7.184756, 10.762849
7.146653, 10.912271
7.108663, 11.035811
7.081688, 11.152245
7.056992, 11.277437
7.044460, 11.406059
7.030082, 11.531983
7.014714, 11.666570
7.008515, 11.776814
7.003958, 11.895450
7.009916, 12.015157
7.020040, 12.133672
7.039308, 12.260566
7.056995, 12.363059
7.118475, 12.482554
7.204903, 12.579790
dcc2a912-b615-476c-af61-92c1eebb6442
6.924982, 4.701463
7.050340, 4.770344
7.133070, 4.802733
7.238815, 4.835044
7.364804, 4.860286
7.468711, 4.892770
7.589957, 4.989362
7.660198, 5.052926
7.770105, 5.141949
7.903224, 5.238991
8.017985, 5.303490
8.144850, 5.372413
8.261273, 5.440412
8.348032, 5.503243
8.405026, 5.554678
8.503348, 5.732160
8.564895, 5.843255
8.639905, 5.952248
8.702003, 6.038743
8.747596, 6.113133
8.787202, 6.189657
8.814068, 6.250590
8.828320, 6.286624
8.846344, 6.345036
8.886102, 6.439171
8.936791, 6.537440
8.985339, 6.636169
9.021894, 6.748766
9.069016, 6.853111
9.120172, 6.950966
9.177037, 7.055191
9.231881, 7.160114
9.282897, 7.266824
9.338107, 7.362683
9.394909, 7.457064
9.443757, 7.546435
9.483229, 7.631808
9.510837, 7.696465
9.528292, 7.737344
1cb57e70-c670-43a5-990e-b20aa3f216eb
6.881530, 7.702961
6.830794, 7.726403
6.795705, 7.743836
6.743139, 7.760261
6.703386, 7.769310
6.664378, 7.775116
6.620001, 7.784745
6.578645, 7.793716
6.537290, 7.802684
6.493643, 7.815210
6.448862, 7.834289
6.422023, 7.840843
6.373772, 7.851086
6.340880, 7.855008
6.301463, 7.856693
6.259169, 7.858502
6.203438, 7.863882
6.163406, 7.867747
6.132741, 7.876723
6.071795, 7.900801
6.019197, 7.916753
5.976660, 7.929653
5.930857, 7.937396
29e90e8c-ae11-4cc0-9b4a-87592a0a74b6
6.888052, 7.750429
6.840738, 7.780576
6.800212, 7.809337
6.764148, 7.842555
6.733099, 7.871998
6.696895, 7.908392
6.661744, 7.937360
6.622541, 7.969668
6.577009, 8.005252
6.539424, 8.028928
6.497380, 8.051874
6.445354, 8.080269
6.394522, 8.104601
6.340358, 8.132188
6.280655, 8.160916
6.236275, 8.178951
6.179726, 8.205160
6.132444, 8.225426
6.085379, 8.242341
0e80495f-cdbb-4f7c-a927-83819e365321
6.931124, 4.677030
7.035015, 4.744853
7.225931, 4.897532
7.280695, 4.927781
7.366824, 4.977770
7.410975, 5.001666
cb1527db-6114-4dd2-97c7-9642c7433ce6
6.891863, 4.728809
6.935598, 4.802181
6.975684, 4.878208
6.996344, 4.918985
7.009436, 4.954760
7.024971, 5.001572
7.039313, 5.030535
7.063861, 5.076733
7.085444, 5.147196
7.098461, 5.189697
2cb08350-d736-4ac6-8f6b-41b225863f55
7.066251, 8.045397
7.121368, 8.084115
7.159736, 8.133624
7.182270, 8.165147
7.221011, 8.226871
b9731a3d-ccac-4638-8dcb-5c0c1b49c5a9
7.039585, 7.833767
7.083417, 7.832460
7.104040, 7.833533
7.139026, 7.841912
7.170934, 7.843406
7.214741, 7.843959
7.253995, 7.847448
7.314650, 7.851338
7.365349, 7.854589
7.408118, 7.858831
7.463191, 7.876916
7.513892, 7.911745
7.544960, 7.934902
7.594905, 7.989856
7.609183, 8.010017
7.623360, 8.035214
7.637853, 8.057922
