main root
7.021430, 4.920324
6.944646, 5.097341
6.864621, 5.238512
6.796891, 5.374718
6.725775, 5.554658
6.653878, 5.710818
6.636986, 5.828635
6.590588, 6.004893
6.572922, 6.160540
6.535233, 6.361319
6.487522, 6.563782
6.472764, 6.738085
6.474381, 6.926629
6.462231, 7.118174
6.434475, 7.347397
6.408542, 7.521621
6.382107, 7.694988
6.365641, 7.880224
6.342863, 8.022065
6.336681, 8.086560
6.312076, 8.124961
62d27d54-f421-4a70-acb4-22f8fd7bc68a
6.904823, 5.021020
6.768920, 5.035766
6.697637, 5.045123
6.646381, 5.049078
6.604391, 5.052069
6.478213, 5.095076
6.409940, 5.109769
6.366262, 5.122231
6.329601, 5.135805
6.302543, 5.131198
6.235293, 5.143688
6.161384, 5.159415
6.121247, 5.166426
6.079664, 5.173689
6.029970, 5.179330
5.995786, 5.186224
2a55bb27-d896-4e71-ba5c-4cb2d5657fb9
6.943059, 5.218779
7.009495, 5.285633
7.097480, 5.355423
7.175644, 5.419603
bca90a50-0c60-4eab-aec2-6f3dde3b93c3
6.943931, 5.220577
6.992467, 5.275778
7.078650, 5.341806
7.183479, 5.386309
7.283677, 5.431186
7.320780, 5.450459
7.362351, 5.468669
7.401081, 5.485635
7.493201, 5.530540
7.644268, 5.596900
7.705642, 5.637149
7.751750, 5.674192
7.780541, 5.701162
7.803308, 5.718390
7.841258, 5.743352
7.876623, 5.766615
7.920281, 5.788168
7.962248, 5.805548
7.987670, 5.816076
8.073069, 5.877313
8.114054, 5.899380
8.147038, 5.920581
8.171270, 5.931659
8.194510, 5.940980
8.205174, 5.946825
8.249648, 5.969872
8.300942, 5.989711
8.342476, 6.008984
8.377104, 6.023403
3d59365a-f9b0-4cc5-ab8e-9752a9bca204
7.091671, 5.018583
7.151246, 5.079423
7.179059, 5.125943
7.201703, 5.168397
7.264362, 5.227744
7.427254, 5.420952
b566e099-506a-4116-bfda-6e0d92d209de
7.046228, 5.112329
7.096654, 5.173539
7.184405, 5.247665
7.261152, 5.312496
7.349819, 5.362470
7.441357, 5.423775
7.547489, 5.464296
7.600726, 5.507271
7.691859, 5.569961
7.775314, 5.617096
7.877680, 5.660333
7.977319, 5.707015
8.076841, 5.765383
8.150246, 5.814903
8.192307, 5.828181
8.270742, 5.855130
