main root
7.163542, 5.066290
7.367584, 5.170823
7.578052, 5.233198
7.723118, 5.357304
7.674724, 5.508388
7.628060, 5.652928
7.587709, 5.798170
7.544625, 5.918986
7.508127, 6.017822
7.473625, 6.117360
7.438327, 6.212739
7.402947, 6.326574
7.378922, 6.425258
7.346450, 6.489502
7.310951, 6.578439
7.272091, 6.681501
7.240262, 6.777911
7.197788, 6.879563
7.165010, 6.985453
7.135762, 7.065911
7.103945, 7.153438
7.076730, 7.229310
7.043227, 7.316482
7.008778, 7.412010
6.976330, 7.508227
6.951980, 7.606904
6.927651, 7.714323
6.907291, 7.813799
6.887589, 7.931099
6.875589, 8.040864
6.864788, 8.159086
6.864430, 8.278939
6.866187, 8.397652
6.863717, 8.515902
6.863532, 8.626039
6.861225, 8.744402
6.852909, 8.856173
6.851716, 8.957723
6.839943, 9.059580
6.828278, 9.160503
6.817806, 9.287676
6.807384, 9.414238
6.795760, 9.580185
6.791040, 9.707664
6.780076, 9.833532
6.773193, 9.960945
6.768424, 10.088149
6.757676, 10.205857
6.755241, 10.325343
6.748467, 10.451695
6.739584, 10.578136
6.729186, 10.696057
6.722948, 10.814835
6.707958, 10.940141
6.694577, 11.082022
6.683123, 11.217866
6.677767, 11.331696
6.661893, 11.444208
6.649464, 11.562500
6.635864, 11.671693
6.629504, 11.791038
6.624829, 11.918242
6.618372, 12.036454
6.611908, 12.154814
6.607063, 12.281998
6.608858, 12.401198
6.610745, 12.513064
6.612352, 12.608301
7209ebb1-4ce6-4771-8703-2d8284f121fd
6.571608, 12.198140
6.527677, 12.205892
6.465843, 12.213259
6.440621, 12.216257
40be6db0-1242-48df-912c-13c95ddcd8b6
6.667037, 12.147498
6.693409, 12.157267
6.725911, 12.165684
6.752132, 12.170471
6.772271, 12.161976
6.837272, 12.152438
6.859878, 12.152145
6.891426, 12.156226
6.925436, 12.162135
aeb8ea5b-0074-4ec9-ab7c-91feb584cbb3
6.642355, 12.422732
6.699449, 12.441404
6.738226, 12.453725
6.772391, 12.460709
6.830459, 12.472580
6.895657, 12.488159
6.922420, 12.494555
9595f523-b79d-43d8-bde2-ab6d4f87fbb0
6.565601, 12.437523
6.514257, 12.470083
6.479092, 12.462058
6.450409, 12.477950
6.393479, 12.504341
ee9debb1-5242-4155-90d3-b0fc1629190a
6.591918, 11.700923
6.526535, 11.726513
6.448880, 11.756906
6.380467, 11.778859
6.306945, 11.804024
6.211570, 11.838903
6.155704, 11.856147
6.096736, 11.869711
1ca9f2a3-e4d7-40a5-9efc-704cb3283dd6
6.623215, 11.354277
6.584714, 11.362624
6.555839, 11.364943
6.517121, 11.366523
6.466252, 11.358822
6.429508, 11.348718
6.365138, 11.344900
6.299344, 11.355338
6.238694, 11.368523
af2fd168-3619-4791-bebf-f1d83a42fbce
6.709983, 11.338988
6.775789, 11.351700
6.811250, 11.352647
6.867793, 11.345746
6.898004, 11.343566
6.970058, 11.353802
7.014873, 11.363192
7.052463, 11.372598
7.077104, 11.378764
f962ccf0-ba9d-4714-ab3d-b5ea5c2d65f2
6.743700, 11.070167
6.823802, 11.082727
6.902957, 11.091707
6.978625, 11.100470
7.068739, 11.113035
7.121089, 11.127892
7.167547, 11.137963
4de0d27b-be14-436d-9f19-b5208c297d61
6.658813, 10.979148
6.626063, 10.995685
6.566679, 11.013027
6.529230, 11.013453
6.508270, 11.009201
6.468561, 10.999618
6.429970, 10.993383
6.393477, 10.992036
6.325797, 10.989537
6.281799, 10.983420
6.233178, 10.975150
6.184825, 10.965407
6.131812, 10.959306
6.081790, 10.955056
6.028913, 10.951800
f1b836dd-ee00-40bc-8690-e1f809c5ddec
6.701744, 10.521915
6.672144, 10.526557
6.649947, 10.523978
6.628036, 10.518419
6.609886, 10.528240
6.569755, 10.530137
6.531738, 10.527440
6.481061, 10.523845
6.407131, 10.532769
6.306105, 10.564978
6.273764, 10.572146
6.249175, 10.574532
6.214704, 10.576372
6.187244, 10.573341
6.133440, 10.570413
6.074798, 10.568721
6.035751, 10.570590
5.965761, 10.583871
25e941ff-6832-4235-a510-b446c60aa585
6.718300, 10.164233
6.640699, 10.172195
6.571891, 10.170076
6.508035, 10.200477
6.418737, 10.186134
6.380073, 10.182064
6.339368, 10.176551
6.261294, 10.172799
dabf589f-dc50-467e-baa5-21d39b133a3f
6.717545, 10.024601
6.676185, 10.078957
6.640688, 10.114841
6.484470, 10.218297
6.438247, 10.241893
6.384393, 10.272801
6.315607, 10.278812
6.284906, 10.287453
6.238014, 10.306815
6.183530, 10.329257
6.127373, 10.355626
6.090012, 10.366554
6.037193, 10.378887
8f681c83-6bdc-4048-a0e5-3f084a0c78ca
6.787103, 10.375166
6.824959, 10.418155
6.871605, 10.458579
6.914769, 10.502320
6.976400, 10.544026
7.030205, 10.571761
7.090532, 10.601509
7.161798, 10.626638
7.206180, 10.643560
7.236123, 10.664586
7.291939, 10.692806
7.342940, 10.718594
7.383366, 10.745500
81031f2a-fc6e-49ba-95a3-3f246f667e6b
6.811163, 10.085202
6.891002, 10.159462
6.978295, 10.208015
7.081186, 10.236025
7.179706, 10.260654
7.234428, 10.269706
7.270346, 10.293970
9967a72d-9350-4102-8daf-b27fc4f67e66
6.810261, 10.149464
6.922432, 10.171479
7.038806, 10.189862
7.088724, 10.196342
7.121512, 10.196792
7.153141, 10.196760
7.196968, 10.195218
7.242159, 10.190634
7.292512, 10.199653
7.311820, 10.194650
7.329864, 10.189829
7.364011, 10.190553
7.394206, 10.186491
c18b6f4d-3f7b-447b-b611-f0a8d04c5bae
6.769100, 10.621433
6.800145, 10.651067
6.818516, 10.668605
6.841654, 10.671420
6.879769, 10.671423
6.911619, 10.672808
6.946501, 10.672715
6.975370, 10.677016
7.013473, 10.678040
7.048347, 10.677370
7.086087, 10.672043
7.117820, 10.668963
7.150900, 10.665752
7.203597, 10.647614
7.280292, 10.680594
18345a4a-d555-44d6-ad9b-fe0478a5f7ab
6.819715, 9.844620
6.879367, 9.868076
6.898550, 9.879320
6.921117, 9.879520
6.956936, 9.885825
7.003364, 9.889439
7.054007, 9.893379
7.117925, 9.893849
7.168729, 9.894224
7.227995, 9.894660
7.288768, 9.893610
7.336620, 9.895778
7.394266, 9.899886
7.448135, 9.900725
7.508914, 9.900177
7.564163, 9.895188
7.629622, 9.898744
7.678774, 9.902912
7.727775, 9.908569
7.760974, 9.910894
67fdfd85-f0eb-4911-8887-c6dfdbcf8ba3
6.860313, 9.414473
6.929046, 9.442187
6.992682, 9.465615
7.050250, 9.483226
7.100211, 9.492267
7.183794, 9.499788
7.227407, 9.508220
7.322953, 9.536478
39e81d4b-2590-4167-83cf-aef6c8f10e2a
6.886613, 9.038105
6.933491, 9.073815
6.993459, 9.111169
7.051477, 9.152357
7.165071, 9.190783
7.244839, 9.211444
7.301065, 9.232191
7.364863, 9.262114
7.441811, 9.291592
7.516834, 9.317124
7.585171, 9.343541
7.660115, 9.369303
7.732172, 9.394073
7.796622, 9.422557
7.870264, 9.451830
7.952736, 9.474947
8.022414, 9.497586
8.098655, 9.519210
8.175656, 9.537937
8.253310, 9.553743
8.335037, 9.564268
8.406820, 9.567473
8.444185, 9.601812
8.592869, 9.638235
8.716993, 9.666481
8.834464, 9.686720
8.934027, 9.708168
9.041640, 9.731350
9.132051, 9.757281
9.213261, 9.782732
9.287278, 9.798085
9.337865, 9.834075
9.375259, 9.845984
7f7bcd41-c3f8-434c-bec3-818c2ea03375
6.887633, 8.834967
6.925915, 8.844455
6.946882, 8.854533
6.964798, 8.849492
6.986131, 8.852890
7.026070, 8.859252
7.066010, 8.865615
7.131399, 8.869968
7.187355, 8.876693
7.246194, 8.883764
7.301706, 8.893451
7.365283, 8.899988
7.415813, 8.905184
7.473131, 8.912582
7.525194, 8.917793
7.572700, 8.919540
7.636576, 8.917396
7.685904, 8.917237
7.741180, 8.912572
7.790428, 8.909918
7.841158, 8.907185
7.900342, 8.903995
7.959526, 8.900805
8.020124, 8.896041
8.090403, 8.887513
8.151847, 8.877043
8.213944, 8.861905
8.281952, 8.842247
8.338890, 8.825788
8.391747, 8.813624
8.447264, 8.803921
8.494003, 8.797271
8.542553, 8.796193
3fdefc22-619f-4c13-af8c-b05fef8250d6
6.896435, 8.339653
6.966711, 8.376900
7.028734, 8.406384
7.088325, 8.428084
7.167601, 8.450580
7.244605, 8.469318
7.304248, 8.483832
7.420856, 8.495729
7.496663, 8.503463
7.569188, 8.513872
7.648004, 8.522160
7.720497, 8.532793
7.795892, 8.543852
7.871286, 8.554911
7.953472, 8.560914
8.026269, 8.569232
8.095348, 8.583152
8.173574, 8.595861
8.252223, 8.605607
8.321169, 8.620182
8.392177, 8.638250
8.438431, 8.643843
8.520742, 8.647762
8.596858, 8.651387
8.679237, 8.649317
8.752497, 8.650471
8.831727, 8.648726
8.910836, 8.643991
8.986902, 8.639438
9.064372, 8.633300
9.134839, 8.633722
9.204911, 8.636247
9.239320, 8.638983
73b738eb-12f6-4d45-9d23-cd8024e77e45
6.931035, 8.074794
6.989655, 8.074058
7.031972, 8.073526
7.069631, 8.067067
7.120057, 8.055379
7.163716, 8.039114
7.215943, 8.014866
7.278830, 7.982369
7.330244, 7.954116
7.358069, 7.938826
7.383875, 7.914398
7.392715, 7.888189
7.403255, 7.852153
7.436304, 7.800206
7.462885, 7.761149
7.483517, 7.733434
7.500248, 7.713409
7.533258, 7.680851
7.569243, 7.651664
7.604425, 7.617348
7.652992, 7.563703
7.699584, 7.520785
7.769154, 7.480462
1ccdc5fe-5e8a-4741-8015-119691a292be
6.811804, 8.263462
6.770125, 8.269383
6.686665, 8.291863
6.623734, 8.293012
6.566609, 8.294039
6.450924, 8.312054
6.370746, 8.330582
6.296608, 8.347697
6.216845, 8.373791
6.154090, 8.381721
6.045310, 8.399733
5.953434, 8.414946
5.861552, 8.430159
5.769093, 8.443336
5.669263, 8.461837
5.577068, 8.476784
5.477610, 8.497194
5.395632, 8.507537
5.312361, 8.509514
5.217823, 8.501239
5.116501, 8.494494
5.014996, 8.491976
4.922265, 8.493883
4.844614, 8.496979
4.770589, 8.499929
4.713563, 8.497707
5c4cad83-f082-4bba-bfba-38c6b1c3e0fc
6.816699, 8.656453
6.767341, 8.628233
6.731804, 8.606925
6.693395, 8.586905
6.653694, 8.569587
6.610920, 8.555827
6.542681, 8.537020
6.483707, 8.522318
6.410726, 8.510294
6.351142, 8.495927
6.303565, 8.482916
6.252728, 8.470564
6.201560, 8.459672
6.161038, 8.455637
6.090368, 8.451608
6.035937, 8.444008
5.985623, 8.436981
5.883387, 8.416619
5.733595, 8.345191
5.664866, 8.328739
5.615207, 8.315313
97b1434d-7892-40fb-a9fe-39aebac7a6ff
6.837282, 7.973500
6.783724, 7.978505
6.739279, 7.985107
6.701246, 7.986454
6.660434, 7.986402
6.612631, 7.983349
6.570386, 7.980652
6.524962, 7.980751
6.477772, 7.979358
6.449116, 7.975517
6.410525, 7.967324
6.369112, 7.958533
6.329474, 7.948587
6.282021, 7.935138
6.239632, 7.926236
6.196729, 7.920284
8477521b-6e74-4419-a068-ebe9def7a71b
6.803134, 8.955610
6.773119, 8.944523
6.747749, 8.931771
6.723335, 8.934838
6.668505, 8.924281
6.620250, 8.922609
6.552565, 8.920266
6.491787, 8.919658
6.458828, 8.916335
6.418352, 8.910751
6.368033, 8.903809
6.304265, 8.899544
6.236686, 8.895022
6.175955, 8.892460
6.131990, 8.886109
6.081708, 8.878847
6.024741, 8.869106
5.972938, 8.861766
5.934734, 8.862398
5.856246, 8.868190
5.787312, 8.874776
5.738084, 8.877975
5.687388, 8.881270
5.631038, 8.881933
5.588706, 8.882430
5.549335, 8.879899
5.503912, 8.879979
5.461580, 8.880053
5.400827, 8.881655
5.330213, 8.886514
5.269692, 8.892179
5.217767, 8.898542
5.172344, 8.905617
b35cc62f-3988-4077-b4bb-06bbf0dd3425
6.769548, 9.378965
6.733221, 9.384075
6.695944, 9.386294
6.652978, 9.387353
6.626928, 9.386497
6.573078, 9.371525
6.526785, 9.347491
6.489771, 9.321529
6.458227, 9.301231
6.398011, 9.281486
6.357784, 9.268295
6.310004, 9.258928
6.288592, 9.251680
6.256083, 9.234355
6.224014, 9.220656
6.188924, 9.210551
6.130301, 9.196783
6.084680, 9.180141
3afff176-f399-4a59-97dd-561bc20bfb72
6.762518, 9.510532
6.689046, 9.558838
6.670398, 9.578430
6.629488, 9.619241
6.598027, 9.644283
6.558759, 9.671715
6.516744, 9.702890
6.488778, 9.718053
6.443515, 9.744295
6.401744, 9.761594
6.369309, 9.773409
6.341867, 9.789777
742f97d6-7975-4aeb-8af3-b74917c48267
6.726767, 9.842500
6.695676, 9.850170
6.674012, 9.845901
6.618988, 9.839269
6.570281, 9.831892
6.516644, 9.826796
6.460701, 9.824487
6.415847, 9.827128
6.344014, 9.835857
6.294887, 9.840319
6.245643, 9.843288
6.204081, 9.842796
6.164786, 9.839337
6.124235, 9.834265
6.075503, 9.826661
6.037477, 9.819212
d700c976-a9db-4811-a496-7f8db8dfbeaf
6.927186, 7.568892
6.808223, 7.604946
6.758697, 7.610074
6.682940, 7.614908
6.588893, 7.614587
6.503811, 7.612222
6.419905, 7.614039
6.337862, 7.621806
6.300188, 7.613344
6.207954, 7.607967
6.138539, 7.596476
6.041774, 7.581385
5.987016, 7.571331
5.936006, 7.562541
08c843aa-a65a-4520-b314-32567cfaac25
7.022924, 7.268631
6.996196, 7.293920
6.960515, 7.333166
6.936400, 7.359868
6.926669, 7.387285
6.914351, 7.430966
6.904950, 7.475365
6.898506, 7.520289
6.883978, 7.548533
6.836879, 7.651922
84a781c1-cf8e-4322-9a12-b546d8f8b96a
7.142011, 6.889716
7.089271, 6.906759
7.039441, 6.918840
6.993950, 6.926193
6.962740, 6.938750
6.916837, 6.955531
6.866852, 6.978512
6.820312, 7.001556
6.776487, 7.019916
6.721827, 7.042814
6.654876, 7.087196
6.577244, 7.158502
6.520774, 7.224731
6.476824, 7.276277
6.432706, 7.325713
6.384567, 7.376478
6.353757, 7.400269
6.306579, 7.438589
6.254660, 7.474976
6.211961, 7.510384
6.159176, 7.532276
6.142256, 7.549274
6.080980, 7.587831
6.031833, 7.625248
6.006914, 7.638262
5.982603, 7.655741
5.955970, 7.676425
5.930119, 7.698078
5.905997, 7.716004
5.885250, 7.733598
99b3a035-e2ca-4efa-87f3-92ed4393a5aa
7.393171, 6.467744
7.395072, 6.522430
7.390039, 6.577523
7.401966, 6.613250
87ec44f7-38b4-40a0-a15b-f92683bc4816
7.377503, 6.269523
7.342752, 6.314044
7.318265, 6.347846
f1ea2a06-49c4-4269-86a7-4d8031b6e56d
7.542160, 6.035171
7.566246, 6.104091
7.589790, 6.162191
7.595503, 6.192242
9eb94750-db43-4109-8aa4-58b716a23634
7.712268, 5.623418
7.738054, 5.684768
7.767882, 5.745565
7.783822, 5.774183
7.818766, 5.823549
7.849414, 5.866753
f62a8bdf-44c4-4f13-99c1-2e86cd7433e2
7.627821, 5.656353
7.529643, 5.710857
7.459899, 5.751811
f095f399-6cef-4c0a-a488-53b00a3c0183
7.810500, 5.380567
7.854150, 5.411169
7.885962, 5.431974
7.929292, 5.461382
7.986419, 5.486185
8.031199, 5.495867
8.065756, 5.500307
8.100564, 5.501790
8.157632, 5.504252
8.191332, 5.499743
8.257619, 5.481812
8.312722, 5.470007
8.366075, 5.464700
8.438463, 5.442455
8.482983, 5.441095
8.521491, 5.450401
8.560583, 5.459848
8.592498, 5.461400
5fb66566-fde0-4616-a64a-d9a133738a27
7.665128, 5.244977
7.784826, 5.126612
7.887596, 5.065223
7.934224, 5.036011
7.989904, 5.006496
8.052540, 4.964889
8.108684, 4.927595
8.170155, 4.869647
8.241106, 4.814197
8.327802, 4.746442
8.398217, 4.686076
8.439361, 4.659035
8.525302, 4.617656
8.637064, 4.554523
8.766255, 4.495826
8.890891, 4.442214
8.997462, 4.403276
9.093686, 4.370370
9.189817, 4.337497
9.295858, 4.307944
9.394368, 4.282685
9.494591, 4.263539
9.609878, 4.230775
9.723069, 4.194220
9.843927, 4.155188
9.909952, 4.147206
10.001925, 4.133968
10.085724, 4.121908
10.176845, 4.104543
10.259301, 4.097444
10.369212, 4.092231
10.441054, 4.093318
10.517246, 4.094472
10.570360, 4.097379
10.614387, 4.107085
43b42b16-ccfb-4222-a455-9941ff3e3768
7.027648, 5.125202
6.970428, 5.136352
6.890107, 5.157464
6.809119, 5.184140
6.692927, 5.194751
6.638722, 5.196696
6.605896, 5.215674
6.553848, 5.242308
6.505102, 5.263195
cd1b36a8-af95-4caf-a5cb-2327bda63a0b
7.020880, 5.125230
6.982700, 5.134051
6.906586, 5.152595
6.833424, 5.194776
6.779751, 5.219336
6.732634, 5.242286
6.699239, 5.251892
6.680302, 5.278963
6.636354, 5.323072
