main root
6.117104, 4.828118
6.330315, 4.973639
6.448460, 5.213504
6.610421, 5.562095
6.952313, 6.143128
7.024910, 6.376339
7.098088, 6.847835
7.114031, 7.256496
7.094843, 7.547002
7.076194, 7.844319
7.075290, 8.092154
7.100413, 8.328309
7.141175, 8.613486
7.212708, 8.966432
7.275300, 9.410364
7.283228, 9.700942
7.268655, 10.094107
7.272320, 10.044155
7.267584, 10.136785
7.259853, 10.246544
7.254829, 10.347968
7.244365, 10.433488
7.236192, 10.517355
7.225874, 10.601844
7.215611, 10.685882
7.204322, 10.778332
7.186682, 10.870722
7.168687, 10.953917
7.147209, 11.053216
7.123306, 11.143822
7.101644, 11.234182
7.077958, 11.332986
7.060445, 11.424081
7.040752, 11.515380
7.023499, 11.615435
7.000643, 11.723070
6.985511, 11.814585
6.974546, 11.906687
6.967769, 11.999197
6.967309, 12.091839
6.968921, 12.193370
6.970534, 12.294960
6.968048, 12.404976
6.965944, 12.498091
6.970708, 12.568233
6.998397, 12.688628
7.041971, 12.755363
a5487fc7-4fb4-47c1-9210-274509466fa8
7.048500, 8.013700
6.996060, 8.023641
6.955378, 8.022211
6.889802, 8.019908
6.851880, 8.024567
6.778349, 8.033599
6.727424, 8.042870
6.642487, 8.078423
6.571397, 8.109804
6.495165, 8.145721
6.436523, 8.171696
6.377078, 8.213947
6.343239, 8.243506
6.293393, 8.293009
6.246828, 8.341360
6.225002, 8.374812
ab5784c3-111a-47ed-8940-f6d73fc08287
7.156204, 8.746492
7.057153, 8.772120
7.004084, 8.779667
6.945245, 8.803715
6.918457, 8.821128
6.867898, 8.857558
6.832514, 8.879364
6.807958, 8.905044
6.767100, 8.952099
6.728548, 9.001060
6.691891, 9.047615
6.656234, 9.102576
6.625749, 9.160569
6.584989, 9.186536
6.577725, 9.213779
6.527883, 9.273563
6.472003, 9.337355
6.427789, 9.394641
6.373037, 9.472505
6.328731, 9.536429
5ef25668-4f2c-41bd-a5e5-19e7744e2d1f
7.234494, 8.934467
7.276516, 8.947023
7.310768, 8.954045
7.328890, 8.969201
7.348372, 8.985496
7.368978, 8.986567
7.422381, 9.013866
7.446624, 9.029621
7.474133, 9.052854
7.510836, 9.085812
7.548632, 9.119751
7.590615, 9.159461
7.647061, 9.217776
a01e32f2-bb50-4a94-a641-df1e214851e5
7.253206, 9.338045
7.168662, 9.355133
7.123288, 9.361245
7.092984, 9.371366
7.055074, 9.390333
6.999413, 9.424876
6.954680, 9.443955
47d1467b-86ff-4a06-84a9-cbb5037d16f8
7.288592, 9.559828
7.365080, 9.572611
7.422897, 9.596950
10a7fabf-1b19-45a3-894a-6510830ac9fb
7.150698, 7.277121
7.206814, 7.283774
7.266086, 7.303087
b13dd40b-c282-490a-8b58-a71a1f6add88
7.116189, 6.661149
7.185772, 6.662748
7.242547, 6.668543
7.291197, 6.681031
7.372994, 6.706310
7.436438, 6.733749
7.532764, 6.766192
7.654283, 6.809873
7.705498, 6.837272
7.768631, 6.874442
7.822428, 6.899167
7.927114, 6.935638
7.979639, 6.963447
8.041520, 6.994515
8.108076, 7.022908
8.178230, 7.046326
8.224865, 7.068204
8.266949, 7.089600
4cc69bde-ce64-4485-9a29-718db9fd9da5
7.003850, 6.172890
7.055212, 6.166682
7.088322, 6.165695
7.136590, 6.171635
7.191915, 6.193166
7.255288, 6.198785
7.339561, 6.183058
7.391141, 6.185949
7.444049, 6.208763
7.463439, 6.220384
7.490198, 6.239911
7.520213, 6.265520
7.550309, 6.293165
7.585604, 6.327619
7.617726, 6.363157
7.646110, 6.394561
7.676612, 6.426075
7.707526, 6.458014
7.727307, 6.476300
09fc8fac-90e0-4446-afed-e39516c08b12
6.820153, 5.951345
6.752223, 5.987982
6.687603, 6.016030
6.616949, 6.048330
6.529303, 6.100027
6.452119, 6.138329
6.376279, 6.175964
6.317502, 6.205131
6.241400, 6.252916
6.176773, 6.300564
6.113862, 6.356245
6.042001, 6.406001
6.000618, 6.432832
5.957700, 6.467882
2831eef5-d7b7-4651-bd9e-e9457fa76989
6.763761, 5.803036
6.861578, 5.748500
6.928230, 5.721447
6.988720, 5.677098
7.058789, 5.625872
7.156041, 5.591508
7.205266, 5.562966
7.252448, 5.530718
7.310927, 5.472914
7.369233, 5.454985
09b0ddba-c187-48d9-820e-cc27d323adfe
6.584320, 5.619139
6.547185, 5.645799
6.490620, 5.708991
6.445283, 5.757456
6.393744, 5.795421
6.342449, 5.833602
6.299880, 5.870315
6.248661, 5.906173
6.193022, 5.932248
6.099081, 5.971600
6.029604, 5.999083
5.986648, 6.020535
5.955796, 6.032596
5.928743, 6.049600
918c2032-c6c0-4318-91fa-6568dff9b741
6.530304, 5.375964
6.629293, 5.409489
6.700084, 5.407262
6.790900, 5.422483
6.858714, 5.424741
6.928525, 5.427067
6.961397, 5.431157
f4844326-54dd-4a2d-9e89-0a3325647a21
6.534864, 5.378837
6.650416, 5.406208
6.770450, 5.529203
6.876988, 5.570459
6.955937, 5.601031
6.989868, 5.630221
7.030822, 5.649660
c7e42ed7-b11f-4bf5-8ef9-7abda4f35d9e
6.409328, 5.097799
6.503951, 5.059597
6.658723, 5.076025
6.737788, 5.081408
6.817000, 5.083801
6.903953, 5.075946
6.955447, 5.077306
7.016809, 5.078926
7.067306, 5.088553
d0b81e38-62ff-4999-abe5-78a02dcc145a
6.256805, 4.862446
6.376555, 4.833809
6.471801, 4.827653
6.574734, 4.806158
6.657069, 4.795447
6.743775, 4.792531
6.814143, 4.796157
6.861677, 4.795609
6.949703, 4.782620
7.071597, 4.787040
7.136186, 4.792376
7.214361, 4.803058
7.268437, 4.816488
7.335133, 4.839222
7.416821, 4.869289
7.493022, 4.908959
7.523953, 4.938024
