main root
6.999829, 4.719550
6.912465, 5.003324
6.853183, 5.153591
6.833406, 5.229550
6.827037, 5.323422
6.783258, 5.584185
6.742655, 5.800471
6.669793, 6.037687
6.622223, 6.198848
6.591891, 6.379456
6.560196, 6.543680
6.524246, 6.752294
6.504392, 6.950363
6.470039, 7.079043
6.451615, 7.195277
6.438159, 7.320403
6.442121, 7.441407
6.442062, 7.567932
6.444104, 7.695195
6.446005, 7.813712
6.449887, 7.923784
6.455579, 8.025173
6.463382, 8.126423
6.465817, 8.212008
6.461832, 8.282370
6.476387, 8.352904
6.482792, 8.595721
6.478660, 8.666073
6.482426, 8.704097
6.493210, 8.782614
6.503581, 8.858110
6.517327, 8.936165
6.534011, 9.013642
6.550055, 9.088138
6.555428, 9.155745
6.564689, 9.234456
6.580238, 9.315386
6.598121, 9.392594
6.615317, 9.466834
6.636106, 9.543314
6.652423, 9.614747
6.669392, 9.689037
6.697116, 9.770083
6.691642, 9.877720
6.691155, 10.020190
6.690837, 10.113314
6.690519, 10.206449
6.692341, 10.288770
6.692216, 10.351628
f43cdab0-8b09-4bd7-970d-4d489f597475
6.804636, 5.239676
6.700601, 5.299546
6.650118, 5.323235
fa6e3528-d4ba-4d11-816d-34010b0dac51
6.878600, 4.900006
6.800922, 4.886517
6.740559, 4.898611
6.716140, 4.923969
6.691400, 4.987648
