main root
7.006884, 4.534565
6.775031, 4.687271
6.627449, 4.947412
6.598717, 5.109685
6.600897, 5.217860
6.605556, 5.352336
6.621493, 5.481816
6.641240, 5.607881
6.657444, 5.744452
6.661824, 5.870467
6.662359, 6.017035
6.650248, 6.144620
6.640311, 6.271510
6.631058, 6.389676
6.624083, 6.477694
6.609919, 6.603273
6.595486, 6.712350
6.575799, 6.828975
6.557754, 6.932846
6.522641, 7.063055
6.487113, 7.178394
6.487655, 7.292914
6.471378, 7.413360
6.460505, 7.540855
6.434651, 7.672116
6.403598, 7.786112
6.387567, 7.910211
6.363127, 8.050872
6.339939, 8.184331
6.311363, 8.324586
6.281125, 8.493167
6.249321, 8.589138
6.193954, 8.749615
6.139926, 8.955599
6.134179, 9.100997
6.107705, 9.257994
6.091679, 9.327720
6.062462, 9.477278
6.033972, 9.613069
6.008487, 9.762800
5.961789, 9.932796
5.942491, 10.066387
5.932736, 10.201746
5.923459, 10.364139
5.909017, 10.512486
5.910578, 10.669358
5.911814, 10.793608
5.904385, 10.926902
5.904654, 11.059480
5.898612, 11.185675
5.899338, 11.333235
5.896199, 11.470556
5.894584, 11.630887
5.889174, 11.749037
5.890473, 11.859437
5.890205, 12.011357
5.877596, 12.160754
5.855349, 12.301153
5.801415, 12.467909
d1a8034e-3344-456a-bf1a-5ea23ac6f819
6.663267, 4.578350
6.605620, 4.555234
6.552899, 4.531773
6.509828, 4.510374
6.479908, 4.497874
6.455774, 4.487338
6.390744, 4.468240
6.332483, 4.446879
6.294767, 4.431457
6.251646, 4.410590
6.202014, 4.388236
6.169008, 4.379936
6.097875, 4.366678
6.034783, 4.351874
5.977084, 4.338336
5.922981, 4.322567
5.867934, 4.304964
5.804146, 4.288267
5.763194, 4.277547
5.732479, 4.269507
5.704253, 4.265212
5.657676, 4.264181
5.612295, 4.266171
5.575721, 4.261781
5.518187, 4.259398
5.478005, 4.257734
b613dcb1-0f70-47d6-b56e-28171eba1236
6.611956, 4.834470
6.454408, 4.861519
6.393202, 4.899353
6.367195, 4.911811
6.358195, 4.928070
6.341063, 4.949745
6.318751, 4.977976
6.302509, 4.993698
6.280150, 5.018617
6.254088, 5.051291
6.234946, 5.083513
6.168992, 5.137153
6.080609, 5.182058
6.032828, 5.206969
dc855d88-e11b-4ae4-ad97-35e80ef4d2b3
6.946684, 4.716951
7.021933, 4.682420
7.086738, 4.669769
7.127106, 4.663413
7.178534, 4.653802
7.212708, 4.648937
7.264752, 4.652391
7.301696, 4.657842
7.340179, 4.666545
7.393033, 4.673897
7.436243, 4.676884
7.476930, 4.675195
7.529123, 4.671531
7.582577, 4.664778
7.629579, 4.660349
7.664054, 4.658604
7.739264, 4.667844
7.791359, 4.672737
7.843566, 4.676137
7.894259, 4.679439
7.958176, 4.679102
8.008978, 4.678834
8.049819, 4.680116
8.123939, 4.669890
8.163217, 4.672550
8.205240, 4.675397
8.250454, 4.675460
8.308224, 4.677036
8.360547, 4.676967
8.409854, 4.678396
8.460637, 4.679867
8.516798, 4.684488
8.575863, 4.689349
8.633314, 4.695579
8.685467, 4.699728
8.736109, 4.703757
8.793582, 4.709831
8.845751, 4.713839
8.893192, 4.720487
8.951890, 4.728711
9.008893, 4.738209
9.060724, 4.745328
9.111055, 4.752241
9.171452, 4.759025
9.225241, 4.762055
9.285998, 4.763979
9.359880, 4.760328
9.416238, 4.760541
9.477005, 4.759272
9.527793, 4.758213
9.585577, 4.758503
9.651799, 4.760333
9.704119, 4.760282
9.742841, 4.761741
9.791944, 4.766676
83db11cc-733e-43e9-b2d8-187b421fd064
6.901617, 4.742032
6.991546, 4.752546
7.072226, 4.742130
7.121245, 4.744328
7.191733, 4.758017
7.289839, 4.787843
7.362880, 4.801206
7.455079, 4.809520
7.547974, 4.824235
7.617116, 4.825231
7.696327, 4.823374
7.753465, 4.822030
7.801840, 4.829866
7.877043, 4.842044
7.948812, 4.856696
8.030519, 4.867261
8.096009, 4.884786
8.151214, 4.899560
8.261190, 4.902900
8.340413, 4.902315
8.421046, 4.897230
8.486586, 4.902095
8.596145, 4.912350
8.680447, 4.920241
8.773094, 4.924688
8.866396, 4.933377
8.959204, 4.946246
9.051406, 4.961153
9.134721, 4.968322
9.218586, 4.971375
9.311654, 4.974763
9.384707, 4.980418
9.457468, 4.989052
9.566760, 5.002022
9.659261, 5.010881
9.743768, 5.021058
9.844114, 5.039534
9.959043, 5.067130
10.041366, 5.086896
10.131920, 5.108640
10.209450, 5.138136
10.318420, 5.184108
10.404228, 5.220309
10.491837, 5.250421
10.572180, 5.275842
10.653119, 5.299277
10.734784, 5.318605
10.809467, 5.349249
10.896215, 5.382571
10.975598, 5.410843
11.055363, 5.439250
11.129055, 5.463906
11.203210, 5.487139
11.301283, 5.513432
11.358531, 5.528780
11.410065, 5.545695
11.463988, 5.564794
1bcc99bf-00b3-4f47-8943-d15d1c134f18
7.242987, 4.806859
7.244185, 4.873799
7.242077, 4.913413
7.248715, 4.933819
7.250915, 4.955092
edbe94aa-0118-4d30-a8f1-563f317fc832
6.720350, 4.909904
6.807039, 5.000569
6.852784, 5.037646
6.876787, 5.053571
6.899230, 5.066033
6.913943, 5.072401
6.931259, 5.083084
6.952545, 5.098344
6.979468, 5.115984
7.000199, 5.132934
7.026807, 5.158291
7.049087, 5.183718
7.066492, 5.202766
7.081709, 5.218597
7.096924, 5.232918
7.110941, 5.246158
7.145006, 5.270299
7.163903, 5.289103
7.195661, 5.322104
7.219577, 5.344426
7.252420, 5.369546
7.279290, 5.402191
7.310368, 5.435250
7.335090, 5.465931
7.352344, 5.487357
7.372472, 5.507591
7.406517, 5.537585
7.442463, 5.565273
7.471757, 5.591626
7.503186, 5.619910
7.538837, 5.647976
7.572053, 5.674136
7.605265, 5.700303
7.642675, 5.725976
7.673371, 5.750681
7.706315, 5.777196
7.826737, 5.859332
7.861684, 5.883159
7.896635, 5.906980
7.927433, 5.931582
7.964691, 5.957504
8.003583, 5.980907
8.039829, 6.002708
8.080186, 6.023480
8.100632, 6.037361
8.131472, 6.061907
8.164571, 6.088241
8.201880, 6.114091
8.232489, 6.138928
8.265339, 6.165575
8.298195, 6.192213
8.339473, 6.217965
8.370013, 6.237009
8.387453, 6.251402
8.415868, 6.278721
8.454830, 6.307864
8.484517, 6.333795
8.524822, 6.361046
8.559866, 6.384729
8.599069, 6.407604
8.631512, 6.429991
8.670491, 6.453244
8.694133, 6.467338
8.758183, 6.487817
8.841229, 6.540840
8.904523, 6.581432
8.950001, 6.603666
9.031701, 6.631947
9.095284, 6.660293
9.193068, 6.710834
9.286036, 6.751745
9.378257, 6.794637
9.455025, 6.830343
9.538796, 6.871625
9.613668, 6.913145
9.676232, 6.951263
9.749528, 6.988909
9.792570, 7.014380
9.841740, 7.057390
9.878380, 7.089443
9.983083, 7.143746
10.055924, 7.190868
10.107753, 7.222614
10.148757, 7.251244
20f1450c-af96-4734-823b-1c2b6cddda94
6.700783, 5.720774
6.784785, 5.746805
6.829030, 5.753216
6.890024, 5.764850
6.949719, 5.781076
7.015708, 5.784938
7.063516, 5.780474
7.128072, 5.776184
7.194331, 5.771781
7.245956, 5.769615
7.341614, 5.770825
7.400674, 5.778822
7.471795, 5.783684
7.543081, 5.783822
7.614220, 5.779235
7.720514, 5.783596
7.828322, 5.804314
7.891353, 5.806206
7.946815, 5.810305
8.030316, 5.814400
8.113917, 5.812271
8.215355, 5.807571
8.274527, 5.815468
8.360307, 5.829017
8.454279, 5.831227
22051cde-6bf1-4ff0-bd1a-0f0ada80da83
6.678994, 6.399082
6.744427, 6.411886
6.797039, 6.424538
6.912617, 6.421243
6.976900, 6.426897
7.061005, 6.432213
7.151375, 6.447682
7.217656, 6.460545
7.318048, 6.475719
7.410298, 6.485407
7.502883, 6.488785
7.588190, 6.496048
7.665733, 6.501147
7.709801, 6.501967
7.756576, 6.483476
7.803263, 6.469846
7.861403, 6.465893
7.914263, 6.462456
8.023745, 6.456275
8.096087, 6.455010
8.168213, 6.449256
8.223810, 6.446320
8.259727, 6.448918
8.320870, 6.459345
8.363970, 6.463657
a8406218-19d1-4c53-b2bb-c10f9355cd22
6.678690, 6.522268
6.736415, 6.542455
6.775879, 6.560514
6.825886, 6.584766
6.890286, 6.610999
6.948634, 6.635715
7.006634, 6.661239
7.069379, 6.685582
7.112756, 6.700804
7.150100, 6.709833
7.220547, 6.729947
7.327022, 6.758146
7.438088, 6.798475
7.499676, 6.807336
7.591660, 6.826945
7.674483, 6.842482
7.757633, 6.853859
7.812983, 6.864453
7.855987, 6.869636
7.889965, 6.867700
a9fdb000-d4a7-4dd6-b162-7ebf227a2fbb
6.437415, 7.192807
6.375879, 7.197195
6.291204, 7.203259
6.251154, 7.210624
6.173801, 7.238110
6.108950, 7.256683
6.040800, 7.274049
5.905992, 7.267634
5.814670, 7.256971
5.760450, 7.252147
5.713224, 7.240541
1c7086a9-efc0-4fd6-9542-d5e7fa98e1f7
6.489586, 7.611028
6.580192, 7.659318
6.630626, 7.686196
6.666746, 7.698661
6.750199, 7.717959
6.828034, 7.732884
6.895865, 7.751989
6.956831, 7.762564
7.025338, 7.763924
7.110754, 7.769781
7.177249, 7.777340
7.215552, 7.783201
7.264120, 7.778959
7.392382, 7.795508
7.464601, 7.807845
7.528562, 7.815734
7.576015, 7.818570
7.622493, 7.815352
7.704068, 7.803701
7.787120, 7.782770
7.833743, 7.782927
7.928550, 7.796866
7.985552, 7.800972
8.018241, 7.806327
6d48435e-21df-47c3-922d-ebb1f2cea0af
6.703064, 6.060248
6.731956, 6.084150
6.788738, 6.117242
6.854114, 6.148256
6.921291, 6.175155
6.964534, 6.217632
7.034510, 6.251529
7.066567, 6.284223
49496ce9-f91d-40ab-9d37-ae0ec85ca1f2
6.671013, 5.334101
6.698743, 5.345443
6.742856, 5.364057
6.785527, 5.376421
6.828685, 5.395478
6.913512, 5.400074
df219cf8-5c6e-4804-bb3e-c2d02f5ea442
6.736708, 4.845648
6.760357, 4.903613
6.772849, 4.934228
6.775971, 4.941883
6.824023, 5.019558
6.840534, 5.059673
6.865596, 5.126712
83f4ea78-ad40-4bc7-915f-f83bcbb3e2b4
6.870532, 4.794687
6.931229, 4.870327
6.956374, 4.908277
d1b9ace5-32f6-4155-bb27-7e89b0f5bc71
6.627567, 4.611977
6.548750, 4.633988
6.527196, 4.648639
6.485385, 4.672103
6.406777, 4.701162
6.356471, 4.724545
6.304506, 4.734083
6.254538, 4.743254
6.198650, 4.750468
6.141164, 4.756380
6.088728, 4.766286
6.041472, 4.779783
5.966981, 4.811841
5.922670, 4.826023
5.874284, 4.841508
5.820744, 4.853928
5.772376, 4.863612
5.721388, 4.875346
5.671881, 4.886739
5.614124, 4.900031
5.553000, 4.918705
5.467057, 4.952786
5.419524, 4.981401
4d188d05-5436-4be5-84db-4dd0d3e858ba
6.540562, 5.433482
6.432740, 5.403885
6.324918, 5.374288
1416c5e1-7136-4be0-86c3-ae9b784eff46
6.253114, 8.329028
6.206907, 8.333405
6.120360, 8.333274
6.026997, 8.331031
5.943478, 8.335246
5.903342, 8.332776
5.857395, 8.325450
2d40d820-7b46-4d3c-892a-80547c55c91e
6.339482, 8.475332
6.407354, 8.499412
6.514318, 8.548860
6.569835, 8.579474
6.672889, 8.604458
6.707051, 8.620441
6.747458, 8.636042
e081bb34-baa8-4623-b1eb-9b76e9f0d0b3
6.090206, 8.926669
6.057981, 8.954808
6.032672, 8.975724
6.014630, 8.990337
5.948194, 9.018728
5.915058, 9.041025
5.873855, 9.072359
5.847441, 9.099967
5.807933, 9.141262
5.748588, 9.179704
5.715277, 9.199499
5.692144, 9.211506
3e48b4c4-c47d-4bb5-ad47-42231425c173
6.202903, 8.929175
6.272018, 8.959231
6.315755, 8.988857
6.371746, 9.032829
6.425462, 9.079467
6.465279, 9.102164
6.547728, 9.135384
6.614424, 9.165482
6.697365, 9.209837
6.761145, 9.240550
6.818266, 9.269718
6.865137, 9.297014
