main root
6.835786, 5.385359
6.841795, 5.856615
6.840841, 6.068211
6.842057, 6.267391
6.834201, 6.446855
6.839467, 6.609577
6.832013, 6.702513
6.814627, 6.787327
6.794642, 6.898333
6.788889, 6.955627
6.780077, 7.013426
6.773594, 7.165670
6.768209, 7.221768
6.759852, 7.277500
6.753260, 7.321458
6.752020, 7.390286
6.753892, 7.452594
6.752591, 7.508935
6.754146, 7.571251
6.755627, 7.630504
6.760175, 7.692672
6.758092, 7.746250
6.750042, 7.799261
6.743368, 7.843208
6.736980, 7.905216
6.730906, 7.964174
6.727503, 8.026417
6.727094, 8.088751
6.720759, 8.141993
6.713756, 8.200849
6.712243, 8.264250
6.710828, 8.323503
6.709415, 8.382756
6.705081, 8.438946
6.697769, 8.494825
6.690079, 8.553595
6.685412, 8.589275
6.688567, 8.622851
6.674486, 8.876047
6.676840, 8.941538
6.646492, 9.209539
6.639823, 9.268433
6.638429, 9.333949
6.609107, 9.487944
6.603859, 9.705082
6.603717, 9.798010
6.599331, 9.899765
6.600926, 10.010172
6.600279, 10.111866
6.599633, 10.213461
6.603250, 10.306146
6.604790, 10.399521
6.606185, 10.484179
6.608962, 10.561841
6.610136, 10.636550
6.611731, 10.738140
6.614448, 10.815808
6.615563, 10.890523
6.616417, 10.947666
6.631792, 11.064464
6.638022, 11.180865
6.640492, 11.265774
6.647669, 11.367052
6.651220, 11.477031
6.659006, 11.587015
6.662549, 11.696998
6.671832, 11.789172
6.673624, 11.891417
6.679456, 11.983994
6.681142, 12.077683
6.687016, 12.170249
6.687640, 12.280329
6.686101, 12.382012
6.680332, 12.483700
6.679284, 12.576449
6.676126, 12.669796
6.671175, 12.754773
6.666251, 12.839295
6.661819, 12.915366
6.658794, 12.993019
6.654922, 13.092426
6.651590, 13.139518
6.501277, 13.368158
6.394497, 13.438560
6.316638, 13.497494
6.249080, 13.521687
5.491746, 13.613588
205c2091-0158-4e40-87c1-8b67a2204eaa
6.807824, 5.638943
6.695722, 5.657145
6.591307, 5.721942
6.547176, 5.764944
6.511163, 5.802125
6.476310, 5.844705
6.443869, 5.877405
6.408473, 5.910957
6.371834, 5.952009
6.338936, 5.979877
6.293538, 6.020297
6.248782, 6.068160
6.209463, 6.101440
6.163873, 6.143950
6.120673, 6.180139
6.076169, 6.207657
6.027701, 6.230588
6.001889, 6.249424
5.954416, 6.291477
5.909794, 6.335004
5.877896, 6.372391
5.722587, 6.456486
5.668053, 6.492822
5.617898, 6.529838
5.571472, 6.556661
5.519058, 6.590398
5.471015, 6.614203
5.413847, 6.652549
5.364625, 6.685564
5.312130, 6.735190
5.269059, 6.775906
5.098693, 6.961966
5.030141, 7.006952
5.011968, 7.027838
4.924525, 7.159566
4.881242, 7.216651
4.818122, 7.296397
4.767464, 7.363742
4.722307, 7.434123
4.680534, 7.506909
4.644816, 7.581171
4.607106, 7.631954
4.561057, 7.688946
4.534015, 7.731940
4.493445, 7.796447
4.429823, 7.904558
4.388534, 7.958362
4.341867, 8.016717
4.298057, 8.081660
4.260984, 8.141969
4.232038, 8.194773
4.201683, 8.233172
4.091279, 8.406404
4.050337, 8.470635
4.020533, 8.522956
3.983946, 8.593223
3.948765, 8.660781
3.914852, 8.732374
3.880817, 8.797226
3.856775, 8.855906
3.829529, 8.930293
3.801546, 8.997972
3.774061, 9.072273
3.749399, 9.147558
3.728556, 9.225614
3.703083, 9.286197
3.664960, 9.371443
3.628329, 9.448272
3.593944, 9.525208
3.555266, 9.601586
3.520180, 9.667559
3.484398, 9.734839
3.442637, 9.817841
3.414186, 9.884378
3.387554, 9.946660
3.348910, 10.031686
3.327014, 10.079861
db4bb180-88f1-428e-887f-803322460978
6.072845, 6.253359
6.079322, 6.275848
6.092714, 6.299413
6.108453, 6.330135
ef4e45d0-fad0-4787-99bb-809b00d27fe7
5.921202, 6.279755
5.885557, 6.276692
f87428d5-8e72-4ce9-8ad1-9039279f2654
6.805169, 5.550479
6.706986, 5.529643
6.662910, 5.524053
6.641076, 5.526203
6.485131, 5.568967
6.455680, 5.575312
6.437615, 5.591656
6.411354, 5.607341
6.377081, 5.620839
6.351759, 5.634028
6.327960, 5.649801
6.291832, 5.677334
6.258163, 5.702994
6.224494, 5.728655
6.193074, 5.748837
6.163699, 5.764149
6.090142, 5.786726
6.026381, 5.804731
5.961199, 5.823137
5.904133, 5.842362
5.850224, 5.866841
5.785136, 5.899684
5.743465, 5.925739
5.708416, 5.951187
5.677638, 5.982780
5.625379, 6.045342
5.592813, 6.084326
5.555198, 6.134026
5.519723, 6.183378
5.480187, 6.238379
5.438656, 6.308979
5.408882, 6.357242
5.349639, 6.455713
5.320894, 6.488975
5.312937, 6.546792
5.271107, 6.675182
5.239847, 6.732427
5.204558, 6.803258
5.169269, 6.867338
5.130790, 6.927902
5.091828, 7.000425
5.053106, 7.053526
5.009195, 7.121365
4.968234, 7.187401
4.929184, 7.250356
4.908285, 7.272691
4.891422, 7.306045
4.830247, 7.465017
4.803987, 7.519516
4.785185, 7.560967
4.772594, 7.591277
4.762598, 7.625888
4.750682, 7.681739
4.740185, 7.750334
4.735331, 7.821635
4.725333, 7.880332
4.703355, 7.971787
4.669239, 8.068489
4.650554, 8.159495
4.625501, 8.250150
4.607460, 8.315433
4.588375, 8.378874
4.572477, 8.447301
4.560987, 8.516604
4.560720, 8.554812
4.499311, 8.755317
4.482577, 8.809963
4.479240, 8.851538
4.481376, 8.937165
4.474076, 9.004588
4.476743, 9.112288
4.468528, 9.202716
4.467180, 9.286332
4.461654, 9.371773
4.461985, 9.464417
4.466432, 9.548223
4.467323, 9.621481
4.462189, 9.691757
4.462595, 9.802380
4.462937, 9.895515
4.465382, 9.988399
4.467610, 10.073030
4.470060, 10.166133
4.473601, 10.243763
4.475509, 10.318459
4.478103, 10.420023
4.478081, 10.477812
4.476563, 10.535583
4.474338, 10.620210
4.472393, 10.694267
7d1330ae-5acb-4758-9d1e-27d23dfd7aa5
6.785266, 5.450273
6.719471, 5.434777
6.685539, 5.408898
6.655876, 5.394476
6.628900, 5.388905
6.495103, 5.385974
6.417190, 5.405145
6.345830, 5.433971
6.276027, 5.460555
6.208303, 5.479940
6.102483, 5.510230
6.029227, 5.531199
5.953916, 5.555870
5.876074, 5.583597
5.840912, 5.591356
5.731297, 5.618405
5.659608, 5.632995
5.607767, 5.643529
5.527641, 5.673315
5.452788, 5.707510
5.350277, 5.738091
5.296170, 5.743195
5.194466, 5.748541
5.101111, 5.751341
5.033406, 5.753372
4.986195, 5.753291
4.925448, 5.765562
4.737877, 5.829253
4.671344, 5.842362
4.642966, 5.868103
4.552122, 5.899137
4.463365, 5.925020
4.373140, 5.949140
4.313529, 5.973661
4.243060, 6.002651
4.178622, 6.038257
4.141475, 6.053653
4.092590, 6.073913
3.832212, 6.189162
3.791976, 6.210244
3.762627, 6.218863
3.713896, 6.245653
3.677980, 6.261982
3.636471, 6.287431
3.600381, 6.309558
3.563304, 6.335801
3.528751, 6.360259
3.494199, 6.384717
3.459646, 6.409176
3.425808, 6.429462
3.387443, 6.459443
3.354604, 6.481307
3.320200, 6.500618
3.279849, 6.533567
3.249123, 6.554792
3.214293, 6.578852
3.178702, 6.607077
3.146018, 6.629175
3.110949, 6.652885
3.075880, 6.676595
3.040008, 6.704461
3.007104, 6.726230
2.970110, 6.757884
2.938274, 6.781185
2.902818, 6.814556
2.873661, 6.837887
2.852176, 6.855080
0fe159e5-f392-4ff8-a6e0-f6348caac125
6.752839, 5.901411
6.729611, 5.948381
6.707580, 5.983803
6.685852, 6.015858
6.672792, 6.043085
6.653833, 6.092937
6.638427, 6.146081
6.626366, 6.176932
6.602239, 6.226314
6.579939, 6.271956
6.559944, 6.319702
6.534138, 6.396389
6.518757, 6.432705
6.500659, 6.467766
6.479952, 6.501355
6.392072, 6.574393
5bb9d0a9-ea27-4e9c-89bc-238c5add49d5
6.832946, 5.915772
6.751926, 6.279667
6.738055, 6.368344
6.721122, 6.602589
6.773596, 7.092134
6.807652, 7.146141
6bd9d45a-64ce-4ff2-b41f-e92716a4b354
6.767935, 5.880481
6.736614, 5.874694
6.710093, 5.861701
6.640406, 5.807969
6.620405, 5.795403
6.584561, 5.772883
6.542254, 5.753370
6.325294, 5.605897
6.182965, 5.557852
6.050217, 5.439856
6.026828, 5.424866
5.995961, 5.408639
5.969584, 5.396463
5.840891, 5.348094
5.813793, 5.334712
5.786339, 5.319325
5.766410, 5.306280
5.748700, 5.306103
5.689022, 5.287045
5.650577, 5.273198
5.612665, 5.257951
5.565532, 5.238996
5.526272, 5.224820
5.490661, 5.216736
5.439328, 5.206618
5.380861, 5.193569
5d8e5a83-1952-4bf7-8591-ab642cebcedf
6.719809, 7.505565
6.623344, 7.525883
6.560374, 7.536087
6.487090, 7.557061
6.436216, 7.571621
6.218161, 7.631433
6.156094, 7.646661
6.102163, 7.660438
5.948058, 7.729162
5.849179, 7.745625
5.786912, 7.751622
5.720502, 7.758018
5.675072, 7.763716
5.639829, 7.772481
5.599453, 7.790232
e3c8cefc-6208-438b-9bb4-9a6a084d3a6f
6.743276, 5.589740
6.557890, 5.612498
6.519277, 5.615729
6.475487, 5.611884
6.452887, 5.615746
6.411202, 5.622869
6.371919, 5.626545
6.324365, 5.637007
6.305639, 5.619290
6.219236, 5.615474
6.173345, 5.606725
6.125169, 5.598867
5.730231, 5.585858
5.695129, 5.586263
5.663037, 5.585198
5.627936, 5.585593
5.595846, 5.584520
5.562502, 5.584967
5.538518, 5.583854
cdd92d54-b62a-4728-b07e-867f07c0087d
6.755374, 5.623317
6.561769, 5.692321
6.480262, 5.706786
6.400507, 5.675543
6.311900, 5.617633
6.140201, 5.560838
6.023138, 5.535569
5.827273, 5.516542
5.803154, 5.511191
5.769248, 5.499070
5.727473, 5.485725
5.680958, 5.469295
5.647201, 5.460546
5.608720, 5.453665
1d1cbb16-8eff-43d4-96d4-fedd0fbd9de4
6.768387, 7.973222
6.870700, 8.026400
d215e6a6-bcfc-4a4d-952f-384b587216f7
6.683749, 8.214897
6.656930, 8.204237
6.606752, 8.169630
6.553580, 8.136008
c31120f7-7b2f-43f6-aab6-2ec96fc44ef0
6.718637, 8.355733
6.758276, 8.376681
6.822892, 8.405337
6.873000, 8.435745
6.918731, 8.459996
