main root
6.915141, 4.872760
6.908203, 5.014329
6.911971, 5.136570
6.889236, 5.305080
6.861013, 5.507465
6.823504, 5.641023
6.791843, 5.826668
6.752278, 5.996775
6.702114, 6.195612
6.642117, 6.398813
6.585477, 6.568489
6.557370, 6.666049
6.534381, 6.802741
6.508422, 6.932469
6.479948, 7.016934
6.455708, 7.082244
6.423396, 7.185054
a2752529-4c14-47d4-afdb-9de3c749ff0a
6.937416, 5.223896
7.020524, 5.232044
7.076453, 5.238725
7.131690, 5.266539
7.187975, 5.311254
7.232724, 5.346803
7.261243, 5.389405
