main root
7.063073, 4.244205
7.100578, 4.458261
7.100652, 4.545587
7.096365, 4.692678
7.089946, 4.842148
7.087670, 5.005435
7.080843, 5.193106
7.070954, 5.352613
7.045596, 5.498507
7.010436, 5.700785
6.959424, 5.808205
6.903863, 5.953631
6.864354, 6.123252
6.829764, 6.283219
6.818579, 6.365774
6.809859, 6.461330
6.805828, 6.521981
6.802309, 6.606173
6.798755, 6.655368
6.796479, 6.707634
6.795700, 6.759944
6.796417, 6.812254
6.795596, 6.861569
6.796221, 6.913881
6.798343, 6.966154
6.798847, 7.015474
6.801052, 7.084689
6.801664, 7.150941
6.802290, 7.218669
6.799818, 7.274969
6.795788, 7.332620
6.792452, 7.401785
6.790614, 7.471007
6.793185, 7.543324
6.775406, 7.588783
6.779044, 7.622322
6.776326, 7.652790
6.769704, 7.710194
6.760628, 7.775819
6.750071, 7.841227
6.741757, 7.911528
6.732807, 7.987205
6.726479, 8.066203
6.724491, 8.128504
6.719705, 8.184654
6.716035, 8.245324
6.713349, 8.314522
6.710722, 8.382204
6.708423, 8.441429
6.710437, 8.505316
6.714114, 8.574468
6.717711, 8.642102
6.724006, 8.704116
6.730061, 8.778584
6.737164, 8.847466
6.742469, 8.913506
6.744925, 8.962769
6.745886, 9.012084
6.751453, 9.067276
6.761470, 9.121835
6.762742, 9.153621
6.764772, 9.204380
6.767139, 9.263594
6.764842, 9.318501
6.762718, 9.369251
6.761674, 9.430025
6.761981, 9.499271
6.760778, 9.565516
6.759856, 9.616302
6.758779, 9.675552
6.756234, 9.733278
6.756108, 9.804061
6.754479, 9.878760
6.755931, 9.949527
6.760547, 10.028647
6.757674, 10.082181
6.757326, 10.144516
6.759877, 10.223718
6.758697, 10.280052
6.761895, 10.341773
6.768215, 10.405909
6.779535, 10.459727
6.798766, 10.536619
6.813625, 10.608364
6.825643, 10.666397
6.834125, 10.722110
6.846456, 10.783213
6.863289, 10.859069
6.877963, 10.925193
6.884023, 10.966313
6.889264, 11.022422
6.891518, 11.078725
6.895443, 11.139375
6.901272, 11.206251
6.904613, 11.261824
0a3c47e8-6b2d-418d-8530-e50f563eb3a0
7.107664, 4.304237
7.183503, 4.314445
7.222440, 4.327995
7.270872, 4.351601
7.304675, 4.373382
7.345305, 4.401343
7.385074, 4.430527
7.428123, 4.460262
7.465756, 4.489894
7.506986, 4.516642
7.546935, 4.537207
7.600031, 4.559490
7.666409, 4.584101
7.696301, 4.598376
7.745790, 4.625329
7.797836, 4.653673
7.849888, 4.682021
7.886894, 4.703879
7.929812, 4.731186
1e01443d-afb0-427b-b9c6-0f252a99aa38
7.013066, 4.860168
6.975113, 4.866264
6.937723, 4.874352
6.863513, 4.891249
6.804599, 4.906198
6.766473, 4.920505
6.736747, 4.931660
d9dacf02-2e2c-4b83-8727-2f1378977b79
7.049254, 4.597333
7.003929, 4.641827
6.978308, 4.664074
6.959426, 4.676504
6.927116, 4.692399
6.881537, 4.714821
6.829719, 4.736977
6.776008, 4.758314
6.727962, 4.779012
6.680527, 4.801075
6.644997, 4.824204
6.586480, 4.869441
6.531486, 4.910062
6.500081, 4.927678
6.455773, 4.952530
6.404656, 4.979486
6.360347, 5.001159
6.314712, 5.023481
6.260785, 5.051526
6.200052, 5.084797
6.139460, 5.121404
6.088735, 5.152049
6.037503, 5.184750
5.994685, 5.212081
5.944275, 5.246033
5.901738, 5.276487
5.853887, 5.318109
5.796098, 5.372341
5.752883, 5.412897
5.709800, 5.449223
5.677435, 5.476511
5.645070, 5.503800
5.599577, 5.544117
5.548625, 5.593269
5.505973, 5.634416
5.463203, 5.681916
5.417878, 5.732254
5.378329, 5.778413
5.336288, 5.836683
5.291702, 5.898481
5.257362, 5.948634
5.219484, 6.006604
5.183738, 6.069521
5.150839, 6.130456
5.118660, 6.190057
5.090297, 6.236289
5.057827, 6.280629
5.027812, 6.321616
4.997796, 6.362604
4.962780, 6.410420
4.928087, 6.460329
4.889426, 6.515945
4.855220, 6.562529
4.816412, 6.625497
4.777053, 6.686504
4.746954, 6.735148
c7b84c2d-4b10-4b24-b3d8-6e1c6a45fd26
7.031577, 4.329417
6.925333, 4.440874
6.876118, 4.480463
6.800308, 4.556291
6.702300, 4.616162
6.654752, 4.655843
6.593325, 4.697545
6.532882, 4.738949
6.495822, 4.766150
17cc9e38-367c-4d48-8f8e-291072ab1176
7.047841, 4.456221
6.922146, 4.507761
6.884440, 4.521036
6.770339, 4.567036
6.672173, 4.631761
6.595183, 4.651259
6.560597, 4.672342
6.524402, 4.695372
6.482550, 4.735709
6.450444, 4.756392
6.415763, 4.775173
6.379138, 4.793305
6.332935, 4.817847
6.287453, 4.843702
6.251930, 4.865617
6.227047, 4.886243
6.187347, 4.924984
6.151092, 4.951996
6.117148, 4.977287
6.083204, 5.002577
6.057131, 5.025734
6.025482, 5.053844
5.993582, 5.086179
5.963854, 5.116313
5.934154, 5.150682
5.907091, 5.170556
5.874676, 5.194358
5.851855, 5.214828
5.820115, 5.247318
5.790509, 5.275481
5.759893, 5.302540
5.721961, 5.334067
5.682896, 5.366537
5.637126, 5.406525
5.585837, 5.455310
5.530522, 5.512055
5.489183, 5.556608
5.454553, 5.591730
5.418888, 5.627902
5.377261, 5.667989
5.340589, 5.707460
5.306011, 5.744677
5.265751, 5.790210
5.220757, 5.838836
5.174752, 5.888555
5.134664, 5.936288
5.096180, 5.977456
5.055852, 6.024980
5.017162, 6.065948
4.976466, 6.109039
4.935589, 6.145782
4.899270, 6.180440
4.860987, 6.216972
4eed5789-d3bb-48f8-a435-2cbc466d9187
7.030989, 4.403304
6.892029, 4.518301
6.701968, 4.575501
6.671668, 4.586449
6.633382, 4.598599
6.596912, 4.612497
6.557698, 4.627378
6.518395, 4.645431
6.478785, 4.666854
6.441865, 4.686757
6.416453, 4.703789
6.389275, 4.725538
6.356022, 4.755906
6.325008, 4.784230
6.306445, 4.797130
6.272053, 4.819205
6.229756, 4.844576
6.185677, 4.872761
6.142880, 4.900126
6.093400, 4.929987
6.048889, 4.960347
5.999924, 4.993745
5.949779, 5.033381
5.883363, 5.085881
5.850646, 5.107927
5.815541, 5.131581
5.780435, 5.155235
5.753294, 5.177131
5.728134, 5.201275
5.697503, 5.234818
5.668958, 5.266076
5.640604, 5.301562
5.614414, 5.336737
5.592005, 5.359315
5.556209, 5.393256
5.519345, 5.428210
5.476395, 5.466871
5.426166, 5.510072
5.387648, 5.543199
5.342555, 5.583956
5.304866, 5.618020
5.260895, 5.657762
5.216817, 5.699618
5.167699, 5.746262
5.124560, 5.793419
5.078844, 5.843393
5.038840, 5.887123
4.998931, 5.932968
4.961991, 5.984519
4.922539, 6.039577
4.888015, 6.087757
4.853492, 6.135936
4.818968, 6.184115
4.784100, 6.230207
4.753449, 6.270723
4.717402, 6.315889
4.685479, 6.353489
4.652427, 6.390106
4.607257, 6.444615
4.560777, 6.510088
4.516668, 6.572220
4.498289, 6.598110
3b11372f-5d61-417f-adb1-206302a1ebed
6.765708, 6.326300
6.737431, 6.348853
6.697010, 6.373416
6.682076, 6.397881
6.649241, 6.440182
6.613431, 6.491197
6.589595, 6.519944
6.562182, 6.548316
6.532769, 6.578759
6.503319, 6.607085
6.466828, 6.635954
6.426744, 6.669573
6.387821, 6.702220
6.342594, 6.738200
6.302837, 6.769828
6.256700, 6.804620
6.220035, 6.839768
6.184757, 6.879807
6.147850, 6.927969
6.128537, 6.953170
6.112532, 6.969134
