main root
6.798737, 4.846991
6.898448, 5.094864
6.900806, 5.220024
6.899760, 5.382003
6.880704, 5.550232
6.852897, 5.711280
6.817828, 5.889740
6.766624, 6.063531
6.732668, 6.186211
6.709930, 6.306132
6.700094, 6.425950
6.687808, 6.549975
6.620626, 6.729080
6.567225, 6.822616
6.497486, 6.940630
6.449295, 6.999682
6.443901, 7.050815
a5a688ec-47c8-446c-bf74-2e740ea0c831
6.768357, 4.926564
6.733246, 4.954201
6.678452, 5.028889
6.632414, 5.084052
6.584159, 5.148878
6.528722, 5.233979
6.473826, 5.301924
