main root
6.451596, 3.323343
6.429760, 3.651953
6.385278, 4.076700
6.307562, 4.540049
6.188340, 4.987600
6.054291, 5.342848
5.915369, 5.642528
5.778648, 5.923939
5.630632, 6.209549
5.502616, 6.432335
5.405977, 6.590676
5.233139, 6.808278
5.029174, 7.098484
4.887440, 7.312268
4.806233, 7.500884
4.726633, 7.747992
4.678434, 7.990725
4.652433, 8.233833
4.644363, 8.505707
4.642934, 8.850780
4.653966, 9.109444
4.668201, 9.564664
4.646020, 9.780070
4.649293, 9.932237
4.586825, 10.096314
4.444808, 10.313204
56cd6da2-3b0f-46e2-8e61-f4d06c1bbb2f
6.331167, 4.296506
6.247963, 4.334104
18cc183f-8cde-43af-87af-a4db1980e176
6.350244, 4.105626
6.091315, 4.152069
6.143395, 4.164111
6.157299, 4.210057
54952b3a-2f78-4ceb-b7eb-2749e63f83d1
6.382561, 3.853735
6.297789, 3.828344
6.216892, 3.829347
6.181929, 3.839118
6.163899, 3.830364
6.169189, 3.810354
6.188623, 3.806334
