main root
6.328221, 4.990051
6.258335, 5.146867
6.221763, 5.297015
6.199504, 5.401308
6.170721, 5.571852
6.152031, 5.724728
6.121216, 5.804813
6.082227, 5.939048
6.043948, 6.078266
6.016499, 6.194013
5.982916, 6.298946
5.957357, 6.406573
5.927835, 6.512577
5.897662, 6.636567
5.869610, 6.760719
5.851568, 6.878862
5.837507, 6.970932
5.853239, 7.057034
5.920206, 7.124129
5.982237, 7.260984
6.008492, 7.367668
6.033226, 7.436605
5.967543, 7.616586
5.986046, 7.814179
5.989798, 7.944063
6.011362, 8.077028
6.018588, 8.144090
5.977578, 8.312532
5.982994, 8.462194
5.981939, 8.604975
5.972630, 8.722766
5.961854, 8.832263
5.945022, 8.917126
5.917814, 8.999921
5.884061, 9.095860
5.855962, 9.175729
5.830674, 9.247615
5.819159, 9.289371
5.807055, 9.399212
5.801354, 9.478260
5.789539, 9.517213
5.773407, 9.601335
5.761430, 9.679678
5.754928, 9.761831
5.748916, 9.837797
5.737577, 9.905211
5.727390, 9.983807
5.720181, 10.062734
5.713249, 10.138622
5.703403, 10.180598
5.688230, 10.258384
5.676003, 10.336686
5.666741, 10.415395
5.655213, 10.487754
5.648192, 10.569862
5.641702, 10.645789
5.637937, 10.724951
5.634317, 10.801068
5.623880, 10.863008
5.608376, 10.929264
3f853173-8e61-40a7-ae93-8d8a22a00a4e
5.996142, 7.112811
6.046057, 7.108857
6.120550, 7.104458
6.186053, 7.100590
6.241380, 7.087896
6.309207, 7.072887
6.426591, 7.053950
6.540625, 7.064502
6.610412, 7.066711
6.671764, 7.068652
6.779606, 7.050296
6.829823, 7.049339
ddc737cd-fc92-4121-b3ad-86345e5386d9
5.853624, 7.156537
5.798399, 7.286530
5.781681, 7.341282
5.764855, 7.424822
5.749731, 7.491498
5.735961, 7.545442
5.730112, 7.621870
5.681768, 7.733512
5.648382, 7.795536
5.622110, 7.898801
5.590387, 7.993447
5.579159, 8.053416
5.562020, 8.144954
5.548277, 8.185819
5.530468, 8.234080
484584aa-7103-4738-aeed-014d286b110a
5.831931, 7.149367
5.776204, 7.184095
5.720785, 7.233869
5.661459, 7.273697
5.596973, 7.322399
5.543466, 7.353254
5.504051, 7.368943
5.460552, 7.382924
5.366146, 7.433994
5.316019, 7.471201
5.254068, 7.524639
5.198064, 7.557136
5.090139, 7.650257
5.033756, 7.687949
4.933303, 7.749318
ce05d8b8-9eb1-47f9-bef6-f6ee2bdb016c
6.440719, 5.027519
6.465784, 5.099294
6.499423, 5.139504
6.580095, 5.219829
6.650173, 5.284642
6.704255, 5.323132
6.781158, 5.375283
6.845865, 5.403719
7.011954, 5.461474
7.065559, 5.537750
7.109428, 5.591339
7.180800, 5.675185
7.247182, 5.762963
7.299651, 5.828904
7.343923, 5.882142
7.386189, 5.923603
115d263a-847c-4f6d-b31f-1eb028036153
6.262375, 5.429328
6.318820, 5.446351
6.388789, 5.454330
6.472692, 5.465983
6.538373, 5.462815
6.598980, 5.452318
6.669589, 5.450457
6.762744, 5.443870
6.928577, 5.420526
7.090204, 5.473487
7.165475, 5.472364
7.259130, 5.475175
7.344540, 5.468753
7.412242, 5.472670
7.496215, 5.470033
7.567202, 5.487514
19620984-c420-440a-9aeb-ed50f0888534
6.290110, 5.308457
6.323392, 5.353169
6.341268, 5.378303
6.364764, 5.414898
6.407558, 5.462730
6.477983, 5.538816
6.506431, 5.569636
6.529242, 5.590023
6.585394, 5.634330
6.616863, 5.666786
6.662353, 5.709404
6.701372, 5.750062
6.746640, 5.792908
6.789304, 5.829167
6.812562, 5.886617
6.848470, 5.936332
6.879911, 5.978127
6.934056, 6.028349
6.985013, 6.103427
7.023508, 6.155742
7.066784, 6.209157
7.097180, 6.242918
7.151724, 6.303501
7.205611, 6.382214
7.266230, 6.452141
7.331239, 6.530361
7.385353, 6.595471
7.429844, 6.653687
7.468743, 6.699655
aaa2a3b5-c404-44c0-9a0e-e30bb38ebca3
6.212611, 5.702443
6.251606, 5.744376
6.273795, 5.761662
6.315281, 5.798665
6.347530, 5.819158
6.385604, 5.839808
6.427045, 5.857174
6.493434, 5.881751
6.541320, 5.905862
6.600281, 5.930522
6.658856, 5.958265
6.718398, 5.981497
6.763751, 5.999193
6.821919, 6.039391
6.857805, 6.067830
6.921623, 6.110811
801a4a8b-658f-4768-b8b1-3f9bbb793c03
6.101324, 7.454830
6.128520, 7.467323
6.169645, 7.493835
