main root
7.004936, 5.272222
6.780562, 5.239609
6.626367, 5.255301
6.552898, 5.267404
6.490726, 5.289784
6.408251, 5.328466
6.330275, 5.374330
6.252543, 5.424931
6.191331, 5.461205
6.140068, 5.498545
6.069730, 5.589230
6.030045, 5.645279
6.009965, 5.678819
5.993544, 5.717905
5.966489, 5.782302
5.958954, 5.831152
5.947339, 5.906461
5.925714, 5.968110
5.933086, 6.018614
5.926157, 6.113952
5.912975, 6.230107
5.914432, 6.309366
5.927127, 6.425377
5.939491, 6.550698
5.951370, 6.671115
5.956337, 6.835233
5.955839, 6.957901
5.949041, 7.100510
5.943398, 7.218911
5.941521, 7.346507
5.954351, 7.473476
5.971351, 7.599951
5.964667, 7.705354
5.966680, 7.838953
5.974997, 7.975365
5.980095, 8.093640
5.991544, 8.212295
5.990556, 8.266830
5.986391, 8.331502
5.979379, 8.393803
745c6807-381a-4403-8f32-75338ab7ef00
7.006807, 5.326535
6.989828, 5.423275
6.980939, 5.538286
6.977672, 5.580428
6.975536, 5.607852
6.976306, 5.636383
6.978528, 5.663229
6f24b564-6e54-4fee-ae49-708742bc0a2b
6.052227, 5.716053
6.101668, 5.740854
6.158349, 5.767299
6.216856, 5.814435
ff8b4764-0c5d-4258-9df0-3adf2b58b358
5.938297, 6.070007
5.988656, 6.150920
6.022401, 6.258081
6.030031, 6.282309
