main root
6.771172, 4.543334
6.733671, 4.808594
6.732484, 4.964560
6.731920, 5.063991
6.672271, 5.278004
6.655349, 5.415387
6.626212, 5.603217
6.618373, 5.708976
6.610238, 5.818739
6.597891, 5.928083
6.583207, 6.020626
6.577070, 6.112995
6.575125, 6.205737
6.574932, 6.315885
6.576868, 6.417413
6.578806, 6.518997
6.580906, 6.629041
6.585122, 6.739106
6.596587, 6.821701
6.617598, 6.911863
6.634285, 7.020765
6.648391, 7.112820
6.662497, 7.204875
6.676603, 7.296930
6.688666, 7.389536
6.701603, 7.472802
6.716586, 7.555727
6.731640, 7.639043
6.750229, 7.730089
6.768497, 7.830142
6.785668, 7.912641
6.804866, 7.994693
6.828000, 8.075367
6.841600, 8.144513
6.849276, 8.214564
6.862105, 8.276674
6.886363, 8.357116
6.899039, 8.425069
6.910296, 8.485412
6.916752, 8.539142
6.946264, 8.692101
6.957640, 8.743169
6.956531, 8.772615
6.964690, 8.834243
6.973038, 8.885893
6.973629, 8.917699
6.979145, 8.972898
6.982558, 9.022107
6.990861, 9.076957
6.993352, 9.123419
6.997645, 9.175562
7.000199, 9.224824
7.001257, 9.274139
6.997760, 9.320537
7.003603, 9.382431
7.001330, 9.452798
7.001137, 9.505116
6.999459, 9.554416
6.999174, 9.606735
6.994443, 9.650904
6.990361, 9.703065
6.990522, 9.758537
6.989168, 9.807846
6.983409, 9.854016
6.981021, 9.909440
6.980264, 9.961755
6.975104, 10.007997
6.973433, 10.063447
6.967550, 10.109603
6.966351, 10.154518
e090abd2-e885-4e2e-98f6-88495bcaa889
6.695097, 4.966903
6.613811, 4.945533
6.520998, 4.934935
bd494a3b-7f99-4106-af27-bed9dbdc4834
6.822228, 4.945605
6.913543, 5.047001
6.944463, 5.102707
6.950685, 5.123169
6.962997, 5.163659
6.982105, 5.221357
6.992402, 5.266728
6.997637, 5.296564
7.007225, 5.325227
7.024911, 5.342496
7.045521, 5.364704
7.062196, 5.389262
7.074951, 5.416053
7.089486, 5.424952
7.139351, 5.472494
7.165370, 5.501535
7.189027, 5.532530
7.214372, 5.565853
7.243855, 5.599787
7.267037, 5.631140
7.286226, 5.652177
1e358dc3-5d3c-4db6-bb24-8d7e8c4f12dc
6.803563, 4.918934
6.879730, 5.381507
6.909662, 5.619417
6.919918, 5.675316
6.927498, 5.716629
6.938631, 5.760393
6.939180, 5.786837
6.936901, 5.824057
6.947325, 5.841463
6.948666, 5.882016
