main root
6.646957, 4.061979
6.652875, 4.384920
6.601262, 4.580272
6.584236, 4.673010
6.580706, 4.765425
6.609224, 4.882329
6.615012, 4.978492
6.611471, 5.125294
6.606401, 5.248254
6.588912, 5.365143
6.579618, 5.484289
6.578031, 5.612627
6.570173, 5.738733
6.556516, 5.856132
6.548995, 5.957388
6.546114, 6.036591
6.565728, 6.120540
6.575654, 6.204046
6.613089, 6.493594
6.633559, 6.668332
6.651138, 6.759206
6.662303, 6.806108
6.665543, 6.852038
6.641657, 7.031761
6.639167, 7.107305
6.629703, 7.167274
6.617900, 7.232465
6.638505, 7.331824
6.622003, 7.468626
6.603836, 7.578477
6.592224, 7.626528
6.596379, 7.691917
6.568303, 7.891450
6.568893, 7.977649
6.563885, 8.029470
6.560142, 8.105760
6.565702, 8.188413
6.571242, 8.261509
6.567769, 8.326280
6.575779, 8.412107
6.568961, 8.530791
6.556927, 8.594529
6.541842, 8.638807
6.553360, 8.745617
9e58d7d7-b666-4008-aff6-2ea0b8d5e4a6
6.675233, 4.443236
6.769209, 4.494912
6.834654, 4.543830
6.864149, 4.569662
6.895782, 4.597416
6.919045, 4.613896
6.961762, 4.636820
6.985362, 4.656279
7.035301, 4.693576
7.082784, 4.729040
7.108222, 4.748038
7.198078, 4.835878
7.220782, 4.858072
7.257993, 4.875611
7.325242, 4.928755
7.375944, 4.965007
7.419976, 5.000171
7.468389, 5.036918
7.527242, 5.088318
7.578788, 5.145040
7.622875, 5.189102
7.658549, 5.220523
7e05787c-fad2-4ab7-abb5-7c0ff2a8336d
6.708681, 4.428994
6.782891, 4.444791
6.857254, 4.486113
6.906840, 4.517091
6.955041, 4.548969
6.993267, 4.577838
7.044754, 4.612972
7.118187, 4.663081
7.196919, 4.729349
7.234467, 4.772691
7.275234, 4.773083
7.329464, 4.799995
7.436599, 4.850807
7.544621, 4.899704
7.615500, 4.934064
7.657877, 4.946291
7.741830, 4.996033
7.786696, 5.014587
7.819521, 5.037707
7.861948, 5.062270
7.912424, 5.091639
8.065035, 5.195698
8.123206, 5.225180
8.160573, 5.256403
4940dd28-c9a8-4478-98d3-7f5c290653a5
6.682491, 4.240810
6.749906, 4.291928
6.790536, 4.315519
6.822838, 4.339468
6.856451, 4.366252
6.902113, 4.412584
6.928633, 4.435228
6.965441, 4.454847
7.011385, 4.491680
7.081561, 4.525533
7.106161, 4.540723
7.138059, 4.563938
7.172287, 4.588848
7.213933, 4.624710
7.258759, 4.657385
7.326757, 4.692190
21f08271-bf70-40c4-aa7f-93e5ad78dbc6
6.644922, 4.590344
6.706527, 4.655879
6.749754, 4.711213
6.770896, 4.733414
6.863658, 4.834685
6.892239, 4.865891
6.915050, 4.886368
6.952882, 4.914296
6.978958, 4.939127
7.013633, 4.974213
7.049344, 5.010347
7.088888, 5.052489
7.112957, 5.084702
7.143364, 5.125397
7.187221, 5.174089
7.215554, 5.227692
7.298011, 5.342850
7.352217, 5.418552
7.409567, 5.491421
7.444517, 5.542630
7.467801, 5.582056
598a2b9e-769c-4f8c-9245-d4be43a73911
6.690387, 6.453082
6.751939, 6.467637
6.862274, 6.514378
6.899304, 6.530065
ada20632-7d2f-4062-a664-97b9bfd4f67f
6.554462, 6.098415
6.483069, 6.122405
6.358839, 6.165736
6.301904, 6.178947
6.252643, 6.188415
