main root
7.006543, 4.787611
6.975743, 5.170816
7.005609, 5.472653
7.013560, 5.631789
7.029353, 5.785026
7.036500, 5.954686
7.054657, 6.087306
7.074000, 6.213116
7.089902, 6.330429
7.114594, 6.472856
7.128952, 6.592676
7.143054, 6.710364
7.158257, 6.819456
7.174619, 6.936861
7.194017, 7.045397
7.217566, 7.153106
7.233842, 7.227546
7.237645, 7.293987
7.251931, 7.358500
7.257103, 7.402620
7.261099, 7.525346
7.269207, 7.590369
7.267926, 7.640580
7.263498, 7.696757
7.267088, 7.765498
7.270180, 7.824683
7.258792, 7.914283
7.251319, 7.973082
7.241713, 8.048676
7.234697, 8.127617
7.226594, 8.201897
7.219248, 8.269233
7.212820, 8.328151
7.205066, 8.385419
7.197103, 8.440616
7.185224, 8.602034
7.179349, 8.641031
7.178078, 8.669553
7.179521, 8.704392
7.181269, 8.746674
7.183014, 8.788953
7.184757, 8.831235
7.189614, 8.876387
7.194143, 8.918464
7.198675, 8.960543
7.209804, 9.007932
7.201009, 9.036084
7.203144, 9.067804
7.199568, 9.104267
7.199747, 9.132782
7.202887, 9.161125
7.212958, 9.197944
7.224045, 9.238585
7.231424, 9.277132
7.239316, 9.318512
7.247176, 9.359898
7.255006, 9.401291
7.266303, 9.445073
7.276798, 9.485871
7.287261, 9.526675
7.297697, 9.567489
7.304459, 9.606150
7.312263, 9.633576
7.327458, 9.676164
7.341587, 9.715848
7.353615, 9.749729
7.362072, 9.773647
7.440896, 9.935876
7.459355, 9.973788
7.471154, 10.004775
7.486193, 10.044170
7.497401, 10.081822
7.513188, 10.124242
7.527928, 10.163749
7.538850, 10.201486
7.554316, 10.244024
7.568758, 10.283641
7.583232, 10.323246
7.601579, 10.364622
7.618704, 10.403156
7.639812, 10.443196
7.659510, 10.480480
7.679238, 10.517748
7.707091, 10.557489
7.723624, 10.586231
7.741612, 10.617435
7e6c8031-1ddc-4703-b747-679cd6d2d98b
6.972388, 4.956098
6.883524, 4.973649
6.840002, 4.977841
6.705438, 4.996262
6.635769, 5.008821
6.595646, 5.011491
6.546355, 5.013272
6.508953, 5.016120
6.410604, 5.006341
6.384870, 4.988740
6.363909, 4.974400
6.350193, 4.993227
6.289086, 5.003125
6.217279, 4.998441
6.169765, 4.992342
6.124850, 4.991103
6.071572, 4.994126
6.003281, 5.003086
5.845364, 5.027367
5.786923, 5.036382
5.732264, 5.040270
5.661927, 5.048274
5.604890, 5.050246
5.541535, 5.047944
5.494434, 5.044735
5.465872, 5.046592
b9c5a65c-c9b0-40d7-a6ef-bb0d965f03cf
6.966747, 5.096189
6.875153, 5.160259
6.836692, 5.180070
6.811455, 5.200001
6.762932, 5.247859
6.696829, 5.294894
6.654381, 5.330607
6.615508, 5.363313
6.591213, 5.383754
6.481724, 5.464263
6.440589, 5.496367
6.400911, 5.525437
6.360898, 5.549185
6.318257, 5.571013
6.256596, 5.610982
6.204504, 5.649694
6.137174, 5.703610
6.069717, 5.758406
6.037307, 5.780874
6.003283, 5.800815
5.981370, 5.813654
5.925618, 5.870002
5.837745, 5.928921
5.802683, 5.952430
5.767615, 5.975968
5.735034, 5.994256
5.700512, 6.006768
5.674655, 6.016117
5.648983, 6.028559
5.624748, 6.043609
5.602688, 6.059071
d9db3766-33ef-453a-8c6e-2abb790edb6c
7.218955, 7.193720
7.293673, 7.228328
7.393949, 7.247943
7.428797, 7.253200
7.448842, 7.260731
7.482338, 7.271682
7.504635, 7.280510
7.522467, 7.292364
