main root
6.434347, 4.614381
6.630060, 4.845001
6.712615, 5.031795
6.823276, 5.288304
6.861405, 5.392041
6.850872, 5.630414
6.821986, 5.810374
6.824861, 6.005564
6.804535, 6.202300
6.795975, 6.387498
6.784477, 6.590470
6.770829, 6.758031
6.765526, 6.848384
6.735168, 6.936881
6.690220, 7.050910
6.661263, 7.130033
6.625892, 7.208587
6.597333, 7.287172
6.570514, 7.367045
6.540634, 7.436502
6.498889, 7.512546
6.477340, 7.560543
6.454457, 7.622478
6.400442, 7.900593
6.391085, 7.972337
6.378457, 8.034457
6.366137, 8.102587
6.355296, 8.170967
6.345937, 8.239566
6.335504, 8.304980
6.326083, 8.373571
6.315591, 8.438978
6.302150, 8.494446
6.285101, 8.558455
6.270856, 8.629391
6.263281, 8.674737
6.239333, 8.702701
bb67879c-b108-464b-b6fa-ef7c3b330895
6.543059, 4.756735
6.700492, 4.618274
6.734439, 4.580016
6.851481, 4.590867
6.974698, 4.587380
7.083533, 4.588535
7.162487, 4.595684
7.199949, 4.597574
7.307755, 4.636968
7.448976, 4.640550
7.556464, 4.651743
7.617517, 4.658101
7.674343, 4.661903
f6277f55-db85-4a72-91e2-26b4095249a1
6.502241, 4.840622
6.395266, 4.916018
6.295947, 4.994318
6.242801, 5.033576
6.197068, 5.057050
6.127295, 5.110937
6.078778, 5.159755
5.992539, 5.223419
5.907661, 5.271857
5.873847, 5.287709
5.821631, 5.308883
5.767021, 5.334261
5.736999, 5.346123
e6d31866-a7ff-43e6-b0fa-5d9582b95c7c
6.427792, 4.753862
6.384800, 5.013032
6.387320, 5.051115
6.396986, 5.114617
6.409267, 5.191841
6.458636, 5.425205
6.486171, 5.546886
6.503078, 5.628427
6.525368, 5.719862
6.533673, 5.779213
6.537698, 5.840372
6.536995, 5.924421
6.543801, 6.011048
1eb843d5-3eb7-4988-ba3e-7d2e9d9454d7
6.693383, 4.897571
6.815143, 4.807083
6.835162, 4.791449
6.900313, 4.769721
6.999794, 4.793858
7.079259, 4.797750
7.124634, 4.796966
7.147555, 4.805552
7.175181, 4.812715
7.207056, 4.814804
7.252420, 4.814787
7.294691, 4.814782
7.342958, 4.808795
7.370564, 4.809895
7.450630, 4.812087
2cc09d34-498e-4aa6-b38f-4ae357fc7586
6.688163, 5.077747
6.640052, 5.141325
6.554377, 5.208723
6.494137, 5.260044
6.456560, 5.294420
6.397526, 5.325384
6.353289, 5.350616
6.312203, 5.369228
6.270200, 5.400088
a30a58e9-5b05-4553-adae-a7affb857472
6.818237, 5.110721
6.923462, 5.097087
7.054906, 5.094917
7.092173, 5.097296
7.198348, 5.116554
7.261830, 5.102507
7.327096, 5.079067
7.379116, 5.064786
7.430233, 5.059350
d62e55b3-8abf-4c15-895d-a0219b782737
6.925623, 5.444670
6.965968, 5.450573
7.022045, 5.467301
7.073897, 5.488265
7.152826, 5.540108
7.258180, 5.564659
7.350582, 5.584029
7.402340, 5.601235
7.448443, 5.623953
907611e9-0a9e-440c-968d-61a6994c8ed8
6.751911, 5.721335
6.686862, 5.742596
6.631661, 5.758426
6.582984, 5.762655
