main root
7.276177, 4.356564
6.996843, 4.364583
6.794682, 4.577109
6.711315, 4.907492
6.675173, 5.136742
6.637449, 5.524213
6.641836, 5.784419
6.636524, 6.049373
6.650063, 6.259137
6.660781, 6.418299
6.671262, 6.573943
6.684145, 6.734865
6.709240, 6.928375
6.704410, 7.053727
6.704869, 7.207944
6.717705, 7.368997
6.740885, 7.531314
6.772796, 7.696094
6.808701, 7.870917
6.828785, 8.019837
6.852193, 8.150593
6.885434, 8.291606
6.901595, 8.397068
6.912599, 8.458996
2b75a4af-7751-4219-a8e4-86cc8306afd9
6.673765, 5.165507
6.779592, 5.243315
6.790101, 5.250445
6.829294, 5.273418
6.863769, 5.295363
6.908693, 5.322183
6.961522, 5.371374
6.984609, 5.399006
7.019290, 5.438180
7.057187, 5.476471
7.105229, 5.518629
7.141301, 5.552274
7.176336, 5.586999
7.210299, 5.622769
7.243162, 5.659554
7.274891, 5.697316
7.303352, 5.735843
7.340660, 5.783824
7.381543, 5.826651
7.448572, 5.890774
7.491394, 5.931740
7.536336, 5.972663
7.588532, 6.018167
7.626823, 6.051548
7.667275, 6.090785
7.709818, 6.132051
7.746010, 6.173411
7.779461, 6.211640
7.824827, 6.256666
7.852142, 6.287995
7.873008, 6.311926
7.887588, 6.330926
fd005312-209e-492a-9f91-18373f396b37
6.627774, 5.014902
6.426200, 5.088467
6.313242, 5.141123
6.221273, 5.184305
6.147018, 5.222856
6.053826, 5.263422
5.979036, 5.300497
5.900173, 5.348981
5.806405, 5.406630
5.721852, 5.448736
5.641937, 5.495583
5.550877, 5.541607
5.469646, 5.582663
5.360986, 5.666824
5.319684, 5.695028
7095a2ce-5722-4926-bbe2-60f76b543ab2
6.797377, 4.881279
6.877295, 4.996631
6.914015, 5.054522
6.955635, 5.111263
6.996378, 5.164781
7.027547, 5.203745
7.054835, 5.226356
7.103171, 5.268734
7.150307, 5.312446
7.196204, 5.357454
7.232359, 5.403809
7.261381, 5.439066
7.306649, 5.478045
7.354173, 5.521332
7.404699, 5.565731
7.456009, 5.609222
7.495430, 5.652833
7.531218, 5.695102
7.564365, 5.732398
7.648675, 5.795766
7.703154, 5.835214
7.763338, 5.872882
7.794047, 5.903048
7.831004, 5.949427
7.878895, 6.001844
7.919218, 6.050418
7.951825, 6.085010
51eb04b6-1aaa-4197-918d-15aee4837877
6.733523, 4.638031
6.645033, 4.642283
6.622496, 4.640515
6.604499, 4.651658
6.569474, 4.669824
6.530613, 4.693351
6.480422, 4.721989
6.435743, 4.749205
6.396782, 4.776442
6.362715, 4.805740
6.318908, 4.849335
6.272387, 4.899854
6.236803, 4.945125
6.207162, 4.992900
6.178931, 5.029889
6.163803, 5.052179
6.163922, 5.077585
6.047464, 5.370037
6.029312, 5.403485
6.007937, 5.436575
5.995044, 5.462037
5.982014, 5.494371
5.967864, 5.537471
5.956579, 5.581407
5.947138, 5.624181
5.935747, 5.661899
5.921507, 5.698694
5.908520, 5.732252
5.897243, 5.769681
5.889036, 5.817675
5.879455, 5.855948
5.869174, 5.897014
5.858894, 5.938080
5.852332, 5.976617
5.847674, 6.021803
5.846004, 6.067198
5.840514, 6.094274
5.830419, 6.144063
5.817473, 6.200383
5.803846, 6.246304
5.787994, 6.304982
5.772439, 6.374037
5.757956, 6.451952
5.747126, 6.510221
5.734287, 6.562919
5.722065, 6.600435
5.709911, 6.642573
5.696419, 6.689349
5.685855, 6.742159
76cd0c9b-6959-43e1-8f99-81321c0767fd
6.827149, 4.468874
6.647572, 4.530108
6.542133, 4.579961
6.395124, 4.675539
6.256437, 4.780703
6.131810, 4.832486
6.063465, 4.882461
5.979263, 4.937296
5.803211, 5.083197
5.717217, 5.180428
5.634144, 5.259323
5.591011, 5.306490
5.552014, 5.349195
855f2070-7e8a-4897-bfa8-72c359b54b77
6.815461, 4.479638
6.659409, 4.526153
6.556658, 4.573281
6.407224, 4.641801
6.307632, 4.696074
6.231885, 4.745871
6.146083, 4.823931
6.030602, 4.902428
5.913772, 4.992977
5.741438, 5.134256
5.592203, 5.196258
5.548631, 5.225724
5.481524, 5.276112
5.418798, 5.334439
5.363608, 5.369408
5.301955, 5.404930
5.250238, 5.441640
5.172861, 5.507566
5.114180, 5.565427
5.059918, 5.618931
5.019194, 5.663291
4.983769, 5.710731
4.938784, 5.775981
4.895530, 5.838720
4.854189, 5.911869
4.813296, 5.965974
4.765934, 6.039167
4.735870, 6.100894
4.699746, 6.161396
4.678813, 6.228045
4.663759, 6.305943
4.649301, 6.380756
4.635245, 6.453494
4.629602, 6.490577
a65ec22c-4cc8-4edc-b9ae-2366376b23e3
6.903852, 4.377901
6.736728, 4.329979
6.651409, 4.331278
6.425983, 4.346122
6.330714, 4.342419
6.271281, 4.348273
6.200828, 4.349947
6.133793, 4.356585
6.057758, 4.376146
5.988264, 4.387844
5.948606, 4.394519
5.919847, 4.419469
5.871450, 4.447741
5.795522, 4.487292
5.731118, 4.512403
5.667741, 4.533900
5.615756, 4.554697
5.598453, 4.586543
5.525540, 4.636128
5.449901, 4.690112
5.395115, 4.727375
5.357964, 4.754454
5.322372, 4.778547
5.281016, 4.826803
5.250150, 4.874321
5.213692, 4.933198
5.179484, 4.996968
5.147411, 5.040927
5.084017, 5.120639
5.048923, 5.169575
5.014528, 5.227812
4.995132, 5.266540
4.967300, 5.348847
4.939138, 5.413443
4.921230, 5.462009
b3007356-484c-4b26-9d41-abaa5d750eaf
7.342733, 4.414574
7.714544, 4.590344
7.869801, 4.839437
8.039973, 5.027067
8.101792, 5.086678
8.149938, 5.153359
8.200703, 5.223668
8.263391, 5.314106
8.316185, 5.401410
8.363454, 5.491839
8.416415, 5.597714
8.479255, 5.699757
8.492105, 5.732042
8.514025, 5.787109
8.532054, 5.840499
8.551017, 5.896650
8.566184, 5.950921
8.583981, 6.009036
8.601944, 6.072809
8.622155, 6.139043
8.643794, 6.204826
8.664959, 6.269172
8.681589, 6.324519
8.702944, 6.390390
8.720061, 6.452894
8.732037, 6.507956
8.744631, 6.565864
8.753666, 6.621491
8.763168, 6.679993
8.769236, 6.736015
8.778913, 6.797586
8.784693, 6.853635
8.787487, 6.909922
8.790426, 6.969115
8.793366, 7.028304
8.793167, 7.084651
8.792959, 7.143912
8.791259, 7.201676
8.789764, 7.252454
8.786569, 7.310159
8.784235, 7.379372
8.781952, 7.447069
8.781399, 7.507850
8.782266, 7.577092
8.780084, 7.641865
8.780980, 7.704188
8.781832, 7.763447
8.782683, 7.822714
8.783535, 7.881980
8.784387, 7.941246
8.782202, 7.997562
8.782780, 8.059897
8.783485, 8.136098
8.784035, 8.195362
8.786093, 8.256110
8.789933, 8.325250
8.792113, 8.391471
8.790694, 8.439344
8.791842, 8.501666
8.789884, 8.557983
8.792157, 8.621854
8.793015, 8.688100
8.793674, 8.738893
8.794442, 8.798165
8.793694, 8.855960
8.791558, 8.905249
8.792220, 8.959130
8.789839, 9.009087
8.786701, 9.043463
8ff07b95-f307-4438-b6bd-4b899005dd96
7.366009, 4.372668
7.588772, 4.243062
7.713353, 4.283866
7.871589, 4.381491
8.003158, 4.493826
8.039534, 4.520948
8.073430, 4.546222
8.127224, 4.580730
8.188368, 4.616397
8.233418, 4.647874
8.288939, 4.686668
8.331269, 4.721723
8.370395, 4.754124
8.416041, 4.791925
8.459580, 4.829925
8.497853, 4.863329
8.546727, 4.902011
8.591094, 4.939036
8.630095, 4.971583
8.675599, 5.009558
8.715261, 5.046556
8.743533, 5.077023
8.764544, 5.106266
8.792095, 5.147176
8.818393, 5.188905
8.845476, 5.231881
8.881208, 5.282964
8.915184, 5.331536
8.953318, 5.380831
9.002847, 5.439963
9.058240, 5.494443
9.102296, 5.541972
9.146817, 5.585599
9.184912, 5.627121
9.218637, 5.670521
9.249806, 5.710632
9.286171, 5.757428
9.318336, 5.803698
9.352163, 5.852360
9.383904, 5.900644
9.411807, 5.943088
9.444360, 5.992607
9.476912, 6.042127
9.515684, 6.092931
9.554673, 6.146490
9.584576, 6.187565
9.619455, 6.235478
9.652244, 6.283062
9.678986, 6.324508
9.704455, 6.366744
9.728635, 6.409738
9.753537, 6.454016
9.782587, 6.505670
9.811638, 6.557325
9.844765, 6.610120
9.876262, 6.660319
9.909828, 6.710999
9.953457, 6.768739
9.990097, 6.822197
10.023607, 6.871086
10.057111, 6.919966
10.090615, 6.968845
10.117877, 7.016560
10.145119, 7.061220
10.169518, 7.104095
10.194647, 7.148249
10.221921, 7.199201
10.243870, 7.243377
10.262458, 7.287518
10.285462, 7.342146
10.308460, 7.396761
10.331459, 7.451378
10.343780, 7.480639
