main root
7.244028, 5.118447
7.263179, 5.313719
7.279625, 5.481405
7.308538, 5.651511
7.358750, 5.865987
7.395116, 6.012280
7.421953, 6.169399
7.440227, 6.313797
7.462730, 6.475218
7.481865, 6.627074
7.498999, 6.779169
7.516277, 6.913899
7.527302, 7.076903
7.539167, 7.222860
7.545924, 7.357510
7.550180, 7.484190
7.550534, 7.619006
7.554846, 7.761377
7.552370, 7.887707
7.556728, 7.989179
7.552649, 8.091365
7.550829, 8.218142
7.530777, 8.456324
7.520847, 8.549190
7.506444, 8.683891
7.478175, 8.848759
7.396072, 8.994363
7.366947, 9.063243
7.349891, 9.130585
7.335824, 9.220589
7.329236, 9.331239
7.313143, 9.388003
7.286007, 9.483714
7.286207, 9.582874
7.322890, 9.721085
7.327488, 9.771209
7.324417, 9.829831
7.311083, 9.883303
7.276142, 9.979709
7.259276, 10.050591
7.247308, 10.119059
7.242917, 10.189377
7.170873, 10.423527
7.149923, 10.470325
7.135705, 10.568644
7.132968, 10.627487
7.134942, 10.708035
7.136491, 10.782400
7.137768, 10.856770
7.138772, 10.931146
7.142537, 11.008475
7.145441, 11.073755
7.153189, 11.119388
7.163057, 11.161262
7.191777, 11.232151
7.231147, 11.306144
7.268448, 11.362920
7.254950, 11.472221
7.241935, 11.742826
7.239374, 11.911498
7.207744, 12.067203
7.203686, 12.150953
7.200470, 12.261054
7.204162, 12.351982
7.217891, 12.429413
7.241836, 12.528109
7.259882, 12.611292
7.272022, 12.696592
7.271991, 12.784681
7.274061, 12.877577
7.278297, 12.972678
7.281404, 13.042459
7.201517, 13.210027
7.170105, 13.249947
7.127730, 13.285012
7.082070, 13.322798
7.041700, 13.352320
7.034423, 13.350653
6.904314, 13.434093
6.570818, 13.445070
5.960366, 13.411742
5.864745, 13.407619
bc2351de-81ad-48b0-94c0-0090919abd25
7.273350, 5.410031
7.332967, 5.406433
7.389363, 5.419979
7.443222, 5.447127
7.530271, 5.497603
7.573282, 5.529476
7.602046, 5.543356
7.630808, 5.553926
7.672252, 5.562790
7.733675, 5.572880
7.795512, 5.580017
7.837122, 5.583312
8.047536, 5.670558
8.110049, 5.689981
8.156558, 5.704416
8.183450, 5.719016
8.239541, 5.746046
8.292877, 5.771731
8.346219, 5.797403
8.399569, 5.823061
8.456920, 5.847306
8.497857, 5.867845
8.542740, 5.897046
8.591256, 5.925023
8.649853, 5.946489
8.778674, 6.008544
8.862613, 6.046645
8.915136, 6.091393
8.980742, 6.136199
9.081818, 6.189976
9.183158, 6.234306
9.285799, 6.274587
9.370852, 6.314742
9.461889, 6.360064
9.537142, 6.399843
9.590815, 6.430561
9.638449, 6.470552
9.887214, 6.653013
9.908413, 6.669439
9.941042, 6.714876
9.967079, 6.752344
9.996699, 6.790961
10.023906, 6.827590
10.058918, 6.865871
10.093416, 6.900201
10.124923, 6.931555
10.231078, 7.075676
10.265939, 7.114099
10.290580, 7.146764
10.317490, 7.183610
10.343825, 7.220868
10.369583, 7.258531
10.394754, 7.296587
10.427632, 7.336718
10.460211, 7.372875
10.490224, 7.407241
10.515478, 7.441782
10.550199, 7.480325
10.563389, 7.500496
10.577471, 7.523321
2b9c5110-5c89-406c-b3a6-f27153e61c60
7.273060, 5.454474
7.193675, 5.470606
7.118833, 5.492808
7.027140, 5.516287
6.987261, 5.524954
6.954388, 5.529035
6.914978, 5.530911
6.858628, 5.530595
6.802371, 5.527287
6.744784, 5.522402
6.701476, 5.521733
6.659418, 5.527070
6.616929, 5.535480
6.363820, 5.625038
6.325859, 5.635273
6.283002, 5.649905
6.243051, 5.663546
6.205899, 5.671486
6.157370, 5.680327
6.103781, 5.694655
6.069167, 5.697713
6.007413, 5.706174
5.949976, 5.712533
5.883673, 5.725896
5.806631, 5.744478
5.746807, 5.761986
5.687896, 5.782346
5.645884, 5.796864
5.525361, 5.872797
5.490527, 5.891194
5.466198, 5.904032
5.435622, 5.926927
5.401475, 5.954363
5.327905, 5.968778
5.279422, 5.960627
5.226593, 5.935900
5.197694, 5.934249
5.170291, 5.948927
5.154917, 5.979527
5.148963, 6.005864
5.141962, 6.036832
5.138621, 6.065185
5.140893, 6.097057
5.092704, 6.337300
5.072746, 6.358578
5.042096, 6.383511
5.021427, 6.408932
5.005470, 6.443885
4.978496, 6.499364
4.955602, 6.529338
4.914771, 6.585264
4.875484, 6.644149
4.827559, 6.723564
4.802405, 6.765245
c111341c-767b-424a-9ef0-09240372261b
7.310625, 5.803668
7.253568, 5.828893
7.203216, 5.855776
7.159909, 5.866097
6.928916, 6.001839
6.888209, 6.029826
6.825207, 6.074955
6.763433, 6.119205
6.718998, 6.148447
6.619937, 6.267015
6.522279, 6.328809
6.462716, 6.375353
6.387243, 6.413553
6.340867, 6.425282
6.276281, 6.440075
6.235955, 6.450849
6.202101, 6.464542
6.172461, 6.484603
5.973659, 6.564916
5.878591, 6.656547
5.816346, 6.713664
5.737022, 6.777841
5.652471, 6.835365
5.572715, 6.884537
5.497358, 6.938410
5.430038, 6.989088
5.362398, 7.040005
5.302915, 7.086656
5.250105, 7.122591
4eadf3ac-ec05-42d5-9996-9d319b69b8de
7.505700, 8.919633
7.522546, 8.924904
7.584192, 8.968582
7.614922, 9.002592
7.758954, 9.042444
7.862412, 9.100613
7.938147, 9.136056
8.012848, 9.180175
8.086653, 9.216810
8.137403, 9.248686
8.177710, 9.276487
9b18d1ae-377b-4485-b140-dab8c0d0c9dd
7.294026, 9.605784
7.263534, 9.617282
7.099486, 9.631160
7.041020, 9.657189
6.995026, 9.680947
da474777-4198-4b1a-9691-67ea4db96d12
7.577455, 8.092887
7.478392, 8.157547
7.432276, 8.180499
7.371762, 8.205602
7.316681, 8.225209
7.143617, 8.257995
7.113791, 8.271051
7.040105, 8.313112
6.973516, 8.354569
6.888682, 8.414862
6.844491, 8.451777
fcdbecb6-cf2a-438d-abc4-367f7f78b071
7.326821, 9.806423
7.370194, 9.823065
7.429654, 9.855497
7.496452, 9.891950
7.581541, 9.923039
7.631656, 9.950909
7.712016, 9.993192
7.751353, 10.013889
456d4ae3-baf0-456a-9715-904415e22587
7.208878, 10.065469
7.159265, 10.079006
7.109466, 10.086138
7.063645, 10.084023
40bc2c05-daa1-424b-bc70-b8c8b0ed17b2
7.209745, 10.192134
7.267002, 10.211914
7.353020, 10.267473
7.387457, 10.295278
7.417744, 10.310112
a29a713b-d26c-41cd-803d-a21c7c81baf1
7.108521, 11.048932
7.084051, 11.062975
7.034484, 11.091422
6.980008, 11.119145
