main root
6.849660, 4.413575
6.705983, 4.830364
6.656267, 4.977600
6.623882, 5.124089
6.589158, 5.281160
6.555338, 5.415263
6.538182, 5.586037
6.524541, 5.727822
6.516929, 5.862678
6.506307, 5.975843
6.496502, 6.102757
6.477856, 6.235769
6.452058, 6.359306
6.429560, 6.467044
6.410523, 6.558207
6.401900, 6.643424
6.391550, 6.715958
6.385867, 6.798168
6.377830, 6.870995
6.378835, 6.911814
6.378438, 6.960488
6.379428, 7.010580
6.381565, 7.047926
6.384613, 7.076714
6.396076, 7.114856
6.414266, 7.164978
6.426816, 7.217106
6.442492, 7.275828
6.458131, 7.340213
6.470504, 7.403836
6.483573, 7.463196
6.501704, 7.531624
6.515054, 7.587855
6.528591, 7.638392
6.541735, 7.687461
6.558903, 7.745770
6.568403, 7.783336
6.576448, 7.809045
6.598064, 7.944266
6.606452, 7.987258
6.611036, 8.026391
6.622914, 8.089194
6.637250, 8.156936
6.651272, 8.223198
6.665317, 8.282333
6.684571, 8.350452
6.700690, 8.407480
6.714964, 8.463482
6.729332, 8.513791
6.745132, 8.563669
6.765590, 8.628246
6.774655, 8.671733
6.785021, 8.721458
6.793575, 8.777158
6.796588, 8.816496
6.801428, 8.860084
6.802076, 8.906610
6.807336, 8.961830
6.812154, 9.012399
6.816143, 9.070055
6.816456, 9.117960
6.816803, 9.170876
6.812631, 9.218570
6.805875, 9.310190
6.799986, 9.349065
6.798677, 9.377562
6.799571, 9.422837
6.803458, 9.467977
6.802221, 9.505948
6.802014, 9.558261
6.801813, 9.609056
6.801578, 9.668327
6.801343, 9.727598
6.802600, 9.788372
6.803999, 9.856096
6.808279, 9.918282
6.815106, 9.995693
6.827548, 10.068612
6.834826, 10.137969
6.838483, 10.187158
6.842250, 10.237816
6.845042, 10.295541
6.845928, 10.344861
6.845318, 10.394183
6.846168, 10.446497
6.840945, 10.493518
6.835723, 10.554077
6.833993, 10.626416
6.830913, 10.692594
6.824913, 10.757126
6.818075, 10.814511
6.812064, 10.864951
6.806359, 10.925468
6.802982, 10.961292
bf1c06af-f250-4e67-a10d-53e4affe7f1f
6.833430, 4.567366
6.930116, 4.665779
6.972300, 4.732867
6.990706, 4.767762
7.016521, 4.807080
7.037682, 4.842036
7.064675, 4.877956
7.095191, 4.918565
7.130797, 4.965948
7.154134, 4.999496
7.170181, 5.025186
7.215733, 5.092708
7.226966, 5.114711
7.244202, 5.151765
7.269602, 5.199275
7.299569, 5.252152
7.337042, 5.312203
7.356629, 5.352072
7.381032, 5.398353
7.398660, 5.441409
7.417907, 5.488422
7.438409, 5.542448
7.456431, 5.589940
7.472630, 5.628409
7.490385, 5.674429
7.527014, 5.778106
7.536386, 5.809127
7.554808, 5.859752
7.575073, 5.915445
7.599176, 5.972929
7.624052, 6.028387
7.644843, 6.074738
7.667121, 6.128062
7.686706, 6.174937
7.705638, 6.228015
7.723637, 6.282931
7.739458, 6.331205
7.750094, 6.368465
7.766978, 6.447844
7.775333, 6.487173
7.789021, 6.522834
7.804171, 6.562306
7.813520, 6.599196
7.826000, 6.648440
7.838740, 6.704806
7.849940, 6.754355
7.866586, 6.814422
7.882414, 6.871534
7.901925, 6.930730
7.927667, 7.004049
7.950106, 7.067960
7.971647, 7.124795
7.991791, 7.186392
8.012101, 7.243684
8.036644, 7.308433
8.057971, 7.368921
8.077595, 7.424307
0edf74f8-0bb7-43a6-aa7a-c5bb337da96f
6.747954, 4.617444
6.564465, 4.608975
6.498197, 4.595370
6.453196, 4.589187
6.414631, 4.580866
6.395991, 4.585164
6.348794, 4.583233
6.287081, 4.575456
6.259779, 4.572017
6.231233, 4.571438
6.185849, 4.573513
6.143554, 4.575449
6.104754, 4.580222
6.060126, 4.588728
6.020917, 4.593154
5.976207, 4.601215
5.907607, 4.615230
5.783451, 4.646648
5.758827, 4.652878
5.743816, 4.670642
5.689967, 4.709135
5.651057, 4.733270
5.614731, 4.750517
5.568841, 4.772305
5.517435, 4.791741
5.467309, 4.815495
5.422829, 4.833261
5.368626, 4.853298
5.328250, 4.873011
5.271024, 4.905948
5.181620, 4.969013
5.146317, 4.997581
5.119232, 5.011797
5.080501, 5.035507
5.032749, 5.061228
4.982391, 5.083253
4.935075, 5.105582
4.889131, 5.127263
4.833383, 5.158536
4.760921, 5.201562
4.718284, 5.223397
4.663585, 5.256455
4.617789, 5.285880
4.570160, 5.314705
be8ec575-1298-453c-8510-517a46856bc2
6.649640, 5.232297
6.689169, 5.242958
6.703396, 5.248569
6.748855, 5.276898
6.786940, 5.290222
6.820467, 5.300274
6.843039, 5.308515
6.861251, 5.319853
6.880870, 5.333730
6.918847, 5.371741
6.935971, 5.395354
6.949860, 5.399622
6.990058, 5.429257
7.014590, 5.443712
7.054723, 5.463965
7.096183, 5.481535
7.113683, 5.493827
7.136873, 5.515604
7.169275, 5.546031
7.212946, 5.581036
3727d05c-f39c-40c2-ab79-612e5da894f1
6.639887, 5.027096
6.516589, 5.103525
6.459574, 5.137106
6.408094, 5.158144
6.359150, 5.197199
6.333453, 5.202511
6.284046, 5.214253
6.248250, 5.218145
6.204060, 5.222950
b7def3e0-0b45-42a9-ac9f-778e03d8d58b
6.552663, 5.426551
6.469485, 5.441354
6.448134, 5.440565
6.368255, 5.484110
6.280603, 5.552432
6.260918, 5.557738
6.229664, 5.564547
6.197546, 5.573010
6.169917, 5.581773
6.144773, 5.591251
6.114228, 5.604298
6.081080, 5.623270
6.053687, 5.633700
6.027389, 5.648451
6.005236, 5.660878
e453b1f7-71ed-40ba-b373-6d5eb0afab62
6.689604, 8.165505
6.635359, 8.162758
494a05b2-58ee-4261-a1d9-abcf959a626b
6.633633, 8.318500
6.663263, 8.293276
dd3f5e9b-c5c2-446f-b86c-960b6777f597
6.909165, 4.504251
7.046462, 4.600040
7.071400, 4.623825
7.108547, 4.636633
7.174864, 4.673279
7.222017, 4.699335
7.271858, 4.728587
7.334372, 4.761805
7.382662, 4.790855
7.425953, 4.818643
7.448023, 4.831217
7.468051, 4.844350
