main root
6.485530, 4.763768
6.478037, 5.077694
6.524287, 5.195064
6.524500, 5.333926
6.533874, 5.519358
6.544369, 5.643662
6.543901, 5.738111
6.551857, 5.830341
6.553635, 5.924375
6.549039, 6.010416
6.548710, 6.094341
6.544136, 6.187927
6.537478, 6.281079
6.531441, 6.365533
6.520463, 6.435143
6.511413, 6.511746
6.507718, 6.594072
6.504300, 6.670198
6.509451, 6.755700
6.506807, 6.811356
6.496050, 6.904790
6.484356, 6.967104
6.475448, 7.038914
6.468411, 7.107800
6.462863, 7.176823
6.456066, 7.242725
6.445110, 7.305172
6.434622, 7.373618
6.431007, 7.426858
6.433377, 7.502407
6.430872, 7.565759
6.423888, 7.628774
6.417750, 7.697747
6.415821, 7.770083
6.415471, 7.839326
6.416618, 7.908562
6.416218, 7.974812
6.411346, 8.038026
6.404764, 8.103950
6.402055, 8.176261
6.398079, 8.242394
6.396816, 8.288346
6.444220, 8.431478
6.466373, 8.640762
6.473736, 8.750522
6.479545, 8.895944
6.469799, 9.046596
6.485078, 9.201224
6.466203, 9.312704
6.456331, 9.353080
6.441906, 9.533146
6.444056, 9.618769
6.442902, 9.692027
6.435811, 9.762137
6.428144, 9.837951
6.417799, 9.910483
6.409581, 9.989305
6.401680, 10.065093
6.391111, 10.137593
6.380120, 10.212996
6.369130, 10.288400
6.360672, 10.367198
6.341501, 10.452000
bf725318-5012-4f8d-8c80-22b52bf1952d
6.442077, 5.061558
6.263904, 5.144408
6.174044, 5.174595
6.096969, 5.207051
6.034547, 5.233336
5.983473, 5.251594
5.936362, 5.263667
5.824677, 5.288837
5.734759, 5.304951
5.656354, 5.327392
5.586556, 5.336366
5.486135, 5.351408
5.403852, 5.367928
5.313827, 5.390294
5.238782, 5.410480
5.164139, 5.432107
5.101115, 5.450369
5.065532, 5.462237
307cf110-3ac4-4f63-89a3-7ab53d11ddfd
6.430126, 4.853513
6.283905, 4.896412
6.206626, 4.927729
6.153036, 4.942986
6.079749, 4.963851
6.037092, 4.963547
5.996876, 4.963260
5.904982, 4.990760
5.804620, 5.001231
5.722959, 5.018092
5.669166, 5.022755
5.609825, 5.019572
5.527023, 5.008812
5.470808, 5.007781
5.405973, 5.010741
5.353112, 5.013154
5.318490, 5.022226
abcaf56d-4e34-48b7-b02f-411406b97520
6.433107, 5.083843
6.315050, 5.197337
6.279576, 5.229362
6.243353, 5.255651
6.231716, 5.273698
6.198405, 5.317073
6.156878, 5.368690
6.114420, 5.421461
6.076587, 5.461323
6.030016, 5.512566
5.999918, 5.541232
5.961755, 5.571379
5.924217, 5.623999
5.870796, 5.660679
5.835908, 5.684637
5.800248, 5.712758
5.766519, 5.743170
5.734870, 5.775741
5.705317, 5.801862
5.673087, 5.838342
5.645806, 5.857918
5.613482, 5.870057
5.606756, 5.893536
5.578863, 5.913689
5.545932, 5.930085
5.523195, 5.941405
5.479922, 6.000364
5.453617, 6.026088
5.411245, 6.067523
5.368779, 6.117424
5.329692, 6.154115
5.326415, 6.190031
6b02b70d-3247-470b-bb9b-c7b74ec1bc39
6.419823, 8.260555
6.340771, 8.318224
6.317886, 8.338624
58f97ae4-d0f0-4630-9510-868d0bc822fc
6.446320, 7.893012
6.500592, 7.907910
6.542020, 7.923939
6.586344, 7.949978
cac13ab9-8824-4382-a656-216c4840682d
6.423977, 7.769660
6.380724, 7.802792
6.351602, 7.828871
6.317673, 7.873320
6.275391, 7.913641
9779e0cb-1ddb-4eed-98d9-b1ddb099d80d
6.430609, 7.454902
6.401021, 7.483082
6.362298, 7.510047
b20b6c29-be02-471e-a96b-d8411a058af7
6.514282, 6.347936
6.473690, 6.357851
6.418310, 6.368296
6.376402, 6.379246
6.318969, 6.397347
6.260485, 6.418920
6.203105, 6.443277
6.167603, 6.463225
896be3b8-fa1e-4af7-a084-26edd19fb04f
6.488257, 6.652849
6.439604, 6.655455
6.386766, 6.658282
6.330385, 6.667284
6.300337, 6.678141
6.254038, 6.702827
2d13431d-1d1d-4ad2-a5f9-629ac8f616dc
6.541254, 5.833466
6.481233, 5.863167
6.437600, 5.884757
6.411581, 5.900970
6.359845, 5.938500
6.307011, 5.965732
6.278145, 5.982294
6.231869, 6.015747
6.209265, 6.043165
6.189880, 6.076091
6.160874, 6.131260
6.142244, 6.157045
6.111820, 6.194043
6.080898, 6.231646
936e2437-ec0e-4e5a-802d-2e86fb5e7a75
6.519330, 5.740902
6.470198, 5.755900
6.396414, 5.779987
6.313840, 5.802581
6.236146, 5.830046
6.186255, 5.847683
6.140013, 5.857679
ccbfa783-d7dc-4ddb-b5d2-3852c33d501b
6.599616, 6.043078
6.637495, 6.062125
6.675126, 6.084796
8a013e37-d677-4041-bddc-f30c2d4af52c
6.598762, 5.232441
6.625046, 5.157557
6.659337, 5.102123
6.683654, 5.075056
6.705844, 5.047988
6.726787, 5.019946
6.742273, 5.001571
6.763954, 4.978033
6.786479, 4.951244
6.803362, 4.938009
6.823112, 4.924318
