main root
6.388605, 4.750617
6.348301, 4.899893
6.318496, 5.043605
6.301636, 5.165742
6.295097, 5.294351
6.285312, 5.447099
6.286778, 5.581810
6.297944, 5.682172
6.317196, 5.764087
6.361118, 5.871711
6.421168, 6.002847
6.497476, 6.097129
6.653442, 6.140648
6.766487, 6.203710
6.819942, 6.309907
6.867890, 6.363347
6.978571, 6.398149
7.105432, 6.552222
7.170800, 6.663650
7.237061, 6.821379
7.295049, 6.968736
7.363854, 7.104090
7.393160, 7.218970
7.428291, 7.398704
7.442336, 7.580538
7.467607, 7.685807
7.502278, 7.857002
7.531395, 8.034121
7.533131, 8.156688
7.528859, 8.291571
7.509824, 8.388411
7.483785, 8.541974
7.470328, 8.633919
7.453511, 8.734217
7.434612, 8.834144
7.403483, 8.965041
7.376059, 9.080365
7.350593, 9.187452
7.329047, 9.278056
7.313997, 9.347813
7.294319, 9.403076
f31dee63-2d41-4e4c-bba1-88dd52897a6a
6.483534, 4.773515
6.548093, 4.798897
6.606891, 4.812129
6.687088, 4.830698
6.732449, 4.822663
6.794784, 4.823033
6.855560, 4.821896
6.890068, 4.822747
6.971448, 4.836239
7.021560, 4.844547
7.076584, 4.856703
7.134454, 4.869488
7.180862, 4.873609
7.238276, 4.880209
7.287087, 4.887328
7.335655, 4.895923
7.383943, 4.905989
7.423916, 4.917379
7.458522, 4.927240
7.481100, 4.935230
aeb7671e-c26d-497e-8d6a-d3bec0220997
6.381239, 4.967919
6.406389, 5.051181
6.421536, 5.095338
6.430778, 5.131517
6.444344, 5.160445
6.468283, 5.200920
6.476286, 5.269191
6.471244, 5.303347
6.486990, 5.317277
31ee282b-ce5b-438d-bcca-d277f55f5f1c
6.383285, 4.975975
6.370939, 5.065254
6.363829, 5.123394
6.367207, 5.173956
6.374896, 5.231874
6.376772, 5.288797
6dd33d2a-b8c8-4507-800f-f9bf5b820411
6.346039, 5.357265
6.433945, 5.373606
6.499038, 5.384558
6.549769, 5.397872
6.616048, 5.421473
6.669536, 5.434183
6.728720, 5.445188
6.813989, 5.451927
6.889854, 5.457923
6.956040, 5.472179
7.007169, 5.480148
7.096036, 5.481878
7.169090, 5.486277
7.230380, 5.489951
7.336198, 5.514966
7.421085, 5.525788
7.466902, 5.537645
7.540596, 5.556701
7.610648, 5.577889
7.669745, 5.598872
7.707499, 5.609083
fed83050-71a5-4191-bde9-eb2d2015d2bb
6.337877, 5.703034
6.513617, 5.660737
6.559737, 5.639437
6.591898, 5.627890
6.630416, 5.615380
6.672276, 5.599583
6.732562, 5.597359
6.779007, 5.600138
6.826543, 5.599985
6.860028, 5.593891
6.919539, 5.581538
6.957756, 5.575133
7.033525, 5.575646
7.084324, 5.575990
7.143588, 5.576391
7.208881, 5.570846
7.246224, 5.570679
7.298903, 5.574933
7.349538, 5.579021
7.408614, 5.583791
7.466078, 5.589933
7.518239, 5.594003
7.567278, 5.599330
7.616134, 5.606143
7.664760, 5.614435
7.698504, 5.621707
7.725112, 5.625910
aa4137a0-bd6f-4bbd-99ba-d95d15cd6e02
6.526763, 5.949684
6.568170, 5.870426
6.593550, 5.827939
6.606531, 5.806953
6.620666, 5.789288
6.647972, 5.764713
6.679795, 5.727986
6.696728, 5.712984
6.752169, 5.691038
6.790579, 5.677443
6.838468, 5.660493
6.893424, 5.642629
6.945575, 5.619381
6.993075, 5.606202
7.053386, 5.600593
7.099917, 5.600774
7.158677, 5.600914
578c57b7-8adc-4ef5-986e-d02be26b69b6
6.450758, 6.145100
6.415809, 6.170273
6.384546, 6.188244
6.334266, 6.213693
6.281385, 6.240458
6.227190, 6.271244
6.176221, 6.298475
6.131414, 6.322415
6.086631, 6.351432
6.028902, 6.392405
5.980929, 6.424619
5.939166, 6.450861
5.896153, 6.477887
5.845967, 6.509420
5.796252, 6.538890
5.753073, 6.562745
5.708019, 6.589346
5.665335, 6.611072
5.626299, 6.634300
5.575887, 6.662556
5.532845, 6.688396
5.509767, 6.700506
713c867d-f8bd-4866-8159-fc42dc26f39a
6.872843, 6.438319
6.826861, 6.493616
6.797066, 6.521185
6.765914, 6.554845
6.737044, 6.585748
6.708325, 6.620887
6.681356, 6.651519
6.653283, 6.681142
6.618341, 6.718012
6.593419, 6.737782
6.553864, 6.767249
6.513433, 6.795503
6.471422, 6.826685
6.442219, 6.850226
