main root
7.306737, 3.856391
7.255811, 4.035562
7.201701, 4.175199
7.153065, 4.301334
7.106541, 4.428263
7.053954, 4.564737
7.016182, 4.742337
6.997400, 4.850988
6.977310, 4.942506
6.963292, 5.045843
6.950771, 5.138136
6.938252, 5.230426
6.925445, 5.302568
6.916935, 5.350503
6.913070, 5.389402
6.913203, 5.448610
6.916375, 5.527798
6.927201, 5.611116
6.926958, 5.678935
6.932910, 5.789194
6.937474, 5.873734
6.935281, 5.944170
6.930999, 5.985513
6.947948, 6.095954
6.952682, 6.166264
6.960989, 6.245079
6.975557, 6.326186
6.994241, 6.404813
7.004648, 6.474509
7.016358, 6.567171
7.028196, 6.636968
7.041248, 6.704976
7.043502, 6.764372
7.053832, 6.839255
7.052965, 6.898687
7.062301, 6.977044
7.058421, 7.033035
7.049571, 7.095822
7.041338, 7.198019
7.037270, 7.267149
7.037511, 7.339516
7.039239, 7.408746
7.039398, 7.475004
7.035060, 7.538262
7.031818, 7.607437
7.030073, 7.676666
7.032742, 7.748983
7.039893, 7.820995
7.040037, 7.883035
7.038150, 7.976414
7.041178, 8.048716
7.027523, 8.104984
7.095179, 8.479145
7.102207, 8.589356
7.113441, 8.699036
7.114656, 8.793481
7.122423, 8.903622
7.126339, 8.988644
7.132287, 9.072699
7.137353, 9.174272
7.137471, 9.259892
7.137600, 9.353032
7.137728, 9.446169
7.135753, 9.539548
7.131880, 9.624580
7.132209, 9.708500
7.134011, 9.786187
7.134247, 9.860903
7.134467, 9.930753
7.133158, 9.990643
16bc6360-d83e-4622-9511-ea365b535eaa
7.259088, 4.150691
7.303505, 4.171823
7.426390, 4.273776
7.464754, 4.326912
7.481053, 4.359714
7.498949, 4.395730
7.601649, 4.510831
7.625747, 4.567058
7.638488, 4.604383
7.661433, 4.662336
7.679364, 4.715758
7.700119, 4.772887
7.719132, 4.816457
7.737465, 4.850983
394f9cb8-dae4-4816-9817-954256ca87b0
7.203780, 4.265774
7.258026, 4.292285
7.311368, 4.323614
7.377870, 4.354265
7.442149, 4.380597
7.495034, 4.402260
7.534994, 4.431334
