main root
7.075118, 4.565059
7.036729, 4.872032
7.033711, 5.066283
7.006221, 5.220071
6.986692, 5.413310
6.959713, 5.555588
6.944896, 5.678913
6.923390, 5.786958
6.899840, 5.894438
6.889999, 6.008347
6.877709, 6.126084
6.871385, 6.227423
6.870854, 6.337843
6.878538, 6.446015
6.895459, 6.565168
6.919345, 6.673168
6.947269, 6.779831
6.979267, 6.885341
7.004353, 6.975311
7.027607, 7.074460
7.056885, 7.180759
7.088513, 7.303500
7.111836, 7.402487
7.131255, 7.484900
7.152615, 7.575551
7.175967, 7.665488
7.189643, 7.751161
7.208403, 7.841999
7.216743, 7.911975
7.232986, 7.972375
7.249107, 8.043848
7.265874, 8.118182
7.286221, 8.194778
7.305785, 8.268425
7.318025, 8.337824
7.338197, 8.417723
7.356851, 8.491607
7.368237, 8.561151
7.370236, 8.628941
7.378644, 8.710917
7.383138, 8.784050
7.384641, 8.857305
7.383149, 8.930557
7.381597, 9.006743
7.371250, 9.073767
7.366324, 9.125297
7.367158, 9.210948
7.364876, 9.284182
7.359606, 9.357263
7.362436, 9.442867
7.339153, 9.539661
7.321331, 9.613748
7.301296, 9.684223
7.278398, 9.753822
7.272293, 9.791541
7.266085, 9.867360
7.266911, 9.912284
7.263459, 10.156972
7.262474, 10.226814
7.224446, 10.299179
7.207062, 10.359052
7.196067, 10.429129
7.184257, 10.504409
7.176580, 10.572655
7.171887, 10.641170
7.170186, 10.709826
7.174608, 10.773093
7.186313, 10.854666
7.197135, 10.930094
7.207956, 11.005522
7.215387, 11.078411
7.221613, 11.139478
7.231825, 11.180625
7.258512, 11.250862
7.285577, 11.322095
7.314247, 11.389126
7.293290, 11.432707
7.309110, 11.469918
7.298325, 11.601779
7.297726, 11.685401
7.295044, 11.770471
7.296747, 11.848032
7.294771, 11.913910
1fdc7bb5-55a1-4d16-a185-c863e44523e2
7.249571, 8.098984
7.207118, 8.142160
4185a65c-9cf5-490d-a8d4-8758b46e1af3
7.003325, 4.629739
6.761072, 4.671593
6.690000, 4.706319
6.662850, 4.716249
6.654958, 4.732332
6.633051, 4.746395
6.598055, 4.767080
6.563375, 4.782364
6.523466, 4.798316
6.497378, 4.813578
6.452996, 4.841277
6.410264, 4.873239
6.368981, 4.907855
6.341779, 4.926757
6.300783, 4.956864
