main root
6.329985, 4.381010
6.299133, 4.581674
6.291614, 4.757234
6.300276, 5.006411
6.285018, 5.161688
6.265952, 5.375749
6.266651, 5.550702
6.267428, 5.745422
6.280699, 5.945820
6.285562, 6.112970
6.290153, 6.309019
6.279213, 6.433695
6.259427, 6.563469
6.219877, 6.699125
6.158176, 6.845959
6.148704, 7.068091
6.111601, 7.224050
6.097004, 7.266005
6.071392, 7.320715
0a62cfd9-2efe-4fae-8c6f-5e3d0ef933b2
6.273418, 4.420743
6.125399, 4.514825
6.074466, 4.562601
6.018953, 4.619664
5.984816, 4.648086
5.947255, 4.674128
bb663351-a313-4d12-845c-a8e37a8c764d
6.355051, 4.557130
6.496487, 4.499988
6.596156, 4.459875
6.637867, 4.455583
6.677306, 4.454536
6.719623, 4.453411
6.754000, 4.458486
6.816029, 4.464617
6.854414, 4.469915
fe6c27cd-1318-445e-bd13-6594e0c3a347
6.221785, 4.736829
6.153645, 4.766190
6.097049, 4.792687
6.042546, 4.806834
5.962132, 4.825580
5.896756, 4.847208
5.720518, 4.927757
5468ac4d-f76c-4174-9dd6-60e86d48507f
6.229970, 5.049912
6.168213, 5.065769
6.091330, 5.088456
6.014792, 5.114396
5.943562, 5.136957
5.889080, 5.154213
acb2cec5-d5d4-482f-a806-315be2f3203d
6.336852, 5.209100
6.430605, 5.240972
6.487507, 5.261935
6.536119, 5.289867
