main root
6.856309, 4.800399
6.892538, 5.096443
6.885603, 5.228884
6.892787, 5.366234
6.892683, 5.506490
6.890488, 5.611427
6.884131, 5.713078
6.871976, 5.806345
6.848308, 5.906115
6.841464, 6.008266
6.830900, 6.134566
6.822948, 6.257144
6.814178, 6.392326
6.802953, 6.564241
6.792563, 6.746084
6.789441, 6.909075
6.777443, 7.096095
6.764418, 7.266252
6.743693, 7.409247
6.737890, 7.478002
6.702350, 7.719652
6.663604, 7.878372
6.650458, 7.925910
6.637403, 8.089589
6.634879, 8.202382
6.632923, 8.297499
6.628980, 8.393465
6.628050, 8.467337
6.642507, 8.744357
6.648966, 8.828371
6.657487, 8.912201
6.664027, 8.997059
6.668496, 9.082051
6.674988, 9.166063
6.687614, 9.248725
6.710327, 9.328753
6.711188, 9.377359
6.714299, 9.434227
6.745405, 9.737678
6.748783, 9.790951
6.738637, 9.860318
6.728499, 9.943968
6.720423, 10.027843
6.714414, 10.111891
6.699981, 10.197436
6.701757, 10.261702
6.699144, 10.319419
6.694848, 10.380769
a82f491a-5a1e-4a1d-a2f2-c5ecef5deedf
6.917563, 5.350985
7.016293, 5.467292
7.066976, 5.526998
7.093003, 5.557658
7.113660, 5.577366
7.150276, 5.601956
7.256553, 5.678952
7.302701, 5.732516
7.327414, 5.770372
7.368095, 5.821738
7.390962, 5.853021
7.420509, 5.919534
7.433230, 5.962916
7.445879, 5.995414
7.466278, 6.035448
7.494420, 6.080786
7.532974, 6.134387
7.576701, 6.190054
7.601544, 6.221680
7.686276, 6.425516
7.700014, 6.458712
7.713561, 6.483772
7.734681, 6.510373
7.764925, 6.543744
7.797360, 6.575077
7.823323, 6.600076
7.833496, 6.622338
7.843975, 6.645412
7.863053, 6.660356
7.882975, 6.683567
7.903815, 6.713200
7.925878, 6.745427
7.949679, 6.775770
7.973762, 6.796771
8ac65d9f-962c-4a78-be88-4cbc940a2630
6.812605, 5.099003
6.703191, 5.138920
6.602499, 5.176876
6.519379, 5.210270
6.373673, 5.248541
6.314767, 5.256065
6.277956, 5.262069
6.219655, 5.275249
6.189385, 5.289554
6.148126, 5.320413
6.105750, 5.352107
6.065442, 5.365685
5.970633, 5.415756
5.943182, 5.428561
5.873941, 5.442871
5.823030, 5.454921
5.774709, 5.464820
5.723778, 5.476781
5.679390, 5.488743
400b57fa-5c9b-41b9-9a64-e9a57661b2c1
6.902419, 5.264096
6.508020, 5.187663
6.476721, 5.180820
6.451754, 5.173715
6.436683, 5.177696
6.392561, 5.174393
6.313666, 5.159162
6.292234, 5.151975
6.274437, 5.160670
6.209640, 5.174203
6.172592, 5.178883
6.139487, 5.180047
6.101508, 5.176889
6.047651, 5.175415
5.986865, 5.175249
5.904661, 5.181011
5.864600, 5.188322
5.823832, 5.197282
5.708805, 5.207906
5.683512, 5.210243
5.655514, 5.215836
5.617878, 5.226408
5.575047, 5.241549
5.536956, 5.251839
5.496086, 5.262879
5.455216, 5.273919
5.414344, 5.284959
5.371364, 5.299670
5.331310, 5.313379
5.291256, 5.327090
5.261216, 5.337372
5.233460, 5.353201
352fa3b1-10e7-4224-a702-c26423d22599
6.815111, 5.121012
6.601879, 5.333538
6.570164, 5.374224
6.539632, 5.415611
6.510208, 5.457793
6.482689, 5.505094
6.465100, 5.526398
6.438891, 5.551088
6.402039, 5.581693
6.371100, 5.607387
6.283539, 5.752230
6.257321, 5.792282
6.230548, 5.835511
6.204870, 5.879399
6.179229, 5.919823
6.166944, 5.947165
6.154572, 5.977814
6.146633, 6.008888
6.137662, 6.061252
6.130336, 6.111570
6.124275, 6.162056
6.116868, 6.209349
6.107770, 6.256346
6.096991, 6.302987
6.086650, 6.340112
6.080875, 6.366424
f9831561-3cf4-434f-9a9d-29abc6a6fe26
6.837442, 5.693432
6.814477, 5.693315
6.776941, 5.694542
6.673584, 5.691145
6.649760, 5.688848
6.640106, 5.697202
6.617103, 5.700338
6.585291, 5.700143
6.534492, 5.699832
6.495172, 5.696599
6.451368, 5.694498
6.409084, 5.692471
6.354662, 5.691359
6.313123, 5.673255
6.198821, 5.707048
6.159349, 5.717157
6.118454, 5.727630
6.070427, 5.735294
6.025290, 5.744013
5.997087, 5.750985
ed4919ad-05d3-497a-b8ba-ad7dac1fa166
6.763069, 7.063739
6.677957, 7.046233
6.590437, 7.031460
6.562568, 7.027725
6.522345, 7.020824
6.478945, 7.014898
6.444154, 7.005615
6.403465, 6.996307
6.374849, 6.991296
6.348097, 6.988131
6e2117a9-51bc-4b74-9aad-cfd2ab81a47d
6.836085, 5.391123
6.789678, 5.423288
6.698589, 5.461398
6.652794, 5.472774
6.564139, 5.491377
6.487430, 5.510573
6.390385, 5.523637
b18a87b7-2dfb-4ee6-acee-e7b18cbfa429
6.775545, 7.219736
6.892664, 7.298866
6.946433, 7.353769
6.978380, 7.388529
6.998500, 7.414844
7.028205, 7.461089
7.064512, 7.514480
dce32fae-3e23-4fb6-95cc-61323ee190d6
6.817094, 7.248239
6.962814, 7.304900
6.999281, 7.319591
7.059650, 7.349945
7.111082, 7.387378
7.133709, 7.401996
10b8e8b7-d304-4cea-9855-e2b8dea2583c
6.740669, 7.448049
6.644216, 7.431617
857c2e7f-47b0-402e-b54f-859bcfe11f17
6.752661, 6.625160
6.735807, 6.633720
6.701978, 6.645716
6.684539, 6.666093
6.663403, 6.683886
6.639113, 6.704332
8383950e-179a-4dd3-a8f3-97095ebe6db1
6.754300, 6.557118
6.710867, 6.557424
6.527360, 6.576384
8f16df2b-743f-4319-876b-be13d3ef9059
6.809306, 6.427105
6.726767, 6.498167
6.661766, 6.566082
824525f7-f0e6-43d4-9f3a-8dc24b39cb5e
6.896231, 5.485964
6.773332, 5.626036
6.698783, 5.751777
6.677260, 5.788119
6.638913, 5.818853
6.635309, 5.836871
6.619116, 5.854672
6.591955, 5.882307
a4d5e987-7a2a-4f0c-a991-aa83f2cadcd4
6.907897, 5.402229
7.040558, 5.406952
7.089025, 5.390946
7.128223, 5.379577
7.167868, 5.366519
7.219934, 5.343067
7.269796, 5.327548
3db3371b-bd2a-46f2-b167-76684e20e56d
6.846083, 4.984600
6.725057, 5.014332
6.689290, 5.018496
6.632259, 5.020614
6.564570, 5.023128
6.527261, 5.021518
6.476405, 5.020653
