main root
7.067826, 5.185843
6.872993, 5.313988
6.748038, 5.398598
6.538981, 5.469994
6.441871, 5.546619
6.326235, 5.718983
6.237258, 5.844377
6.195395, 5.928670
6.153712, 6.002701
6.114047, 6.060945
6.094579, 6.150499
6.069242, 6.210625
6.063111, 6.350367
6.048140, 6.450135
6.017081, 6.572240
5.973823, 6.721490
5.939059, 6.841438
5.920793, 6.904460
5.900327, 6.960334
1f83ec59-fe52-4b40-8c7a-87038107359a
6.683696, 5.491636
6.685556, 5.625355
6.693387, 5.701159
6.695722, 5.727700
6.698505, 5.759328
6.697487, 5.781910
b20e5474-8866-4d57-b427-4cdbd336fd92
6.738660, 5.452594
6.751860, 5.497597
6.762764, 5.551077
d1a52016-8526-4144-87f2-2445c7aa572a
6.688460, 5.428693
6.579902, 5.586517
6.555950, 5.605421
6.528743, 5.632650
6.510788, 5.644308
6.482067, 5.664772
6.454959, 5.682286
6.426192, 5.702686
6.399044, 5.720138
6.370230, 5.740472
6.341603, 5.766206
6.336880, 5.770452
1d0ad2f2-f36c-4dcb-8889-2ac71fec6768
7.056453, 5.199863
6.991013, 5.169891
6.908103, 5.127163
6.821221, 5.096709
6.715215, 5.009264
6.637242, 4.976049
3cec2a05-5fb1-4ae9-9bcf-31d4babcb355
6.979518, 5.232208
6.913310, 5.176274
6.850402, 5.103855
6.807372, 5.054318
6.738907, 5.038486
6.692946, 4.993536
6.657548, 4.971477
