main root
6.912568, 3.912204
6.976570, 4.214529
6.941024, 4.513946
6.905704, 4.845132
6.904125, 5.164841
6.919826, 5.562198
6.941345, 5.703392
6.963027, 5.873230
6.988163, 6.036355
7.010374, 6.185003
7.020289, 6.314155
7.030300, 6.438799
7.048755, 6.590842
7.058207, 6.720834
7.065924, 6.855744
7.073625, 6.980506
7.077357, 7.109030
7.076830, 7.235559
7.080604, 7.345748
7.117492, 7.458509
7.121920, 7.566798
7.125616, 7.646467
7.128234, 7.768860
7.126696, 7.877144
7.124631, 7.974263
7.123141, 8.091313
7.124685, 8.189700
7.122522, 8.289253
7.123285, 8.398484
7.124297, 8.484351
7.126987, 8.550991
7.128066, 8.637055
7.128461, 8.733815
7.136990, 8.835744
7.145179, 8.920073
7.154536, 9.020189
7.160740, 9.120054
7.166305, 9.217341
7.173476, 9.307544
7.187714, 9.444761
7.217434, 9.631360
7.250427, 9.803881
7.294493, 10.025828
7.336499, 10.247392
7.373259, 10.484741
7.406895, 10.727059
7.451652, 11.074125
7.519719, 11.841092
7.497588, 12.233664
7.431839, 12.475658
7.320057, 12.645328
e00e12f8-7b6f-4339-8b82-75caab14df8c
6.934211, 3.915305
7.008994, 3.843745
7.057757, 3.710644
7.164281, 3.675596
7.292885, 3.654998
7.452014, 3.659104
7.681823, 3.722857
8.015643, 3.819690
af4a5e03-878d-43e4-95d9-d381f6b5fa73
6.980388, 4.201198
7.274846, 4.253390
7.678364, 4.362962
8.000740, 4.466686
8.239824, 4.562421
61f6715e-facf-46c1-bf7e-d308e71e5874
6.929966, 4.008966
6.744734, 4.021120
6.660378, 4.034435
6.587986, 4.043352
6.556499, 4.040867
6.542421, 4.048913
6.481283, 4.062590
6.440014, 4.071822
6.382178, 4.084761
5.820880, 4.260709
5.334578, 4.444535
96950528-4522-44b5-b4ee-8816ccbe2960
6.960372, 4.338499
6.787990, 4.334222
6.699873, 4.335932
6.537274, 4.357593
6.501606, 4.362343
6.476428, 4.365697
6.460551, 4.379542
6.393930, 4.401729
6.337814, 4.423573
5.834849, 4.689904
5.569655, 4.799189
5.226787, 4.967453
f80a213b-13ae-4e92-b839-51f4d615b907
6.889866, 4.998357
6.810264, 5.025468
6.722184, 5.042297
6.482372, 5.091092
6.038145, 5.233811
2d73939e-bfc1-4ee8-9209-555b1d5a72aa
6.907114, 5.156888
7.008926, 5.325579
7.049769, 5.385727
7.179201, 5.566632
a35d24f7-e478-457f-962d-fe3db676e749
6.926392, 5.275737
7.064228, 5.325213
7.201855, 5.337802
7.247471, 5.338745
7.291310, 5.338302
7.327080, 5.342431
7.379206, 5.346942
7.426579, 5.354047
7.468444, 5.360325
7.508606, 5.367861
7.550213, 5.375668
7.575511, 5.381938
b7bc44e3-6f78-4f87-8549-0fc797230980
6.940355, 5.680769
6.847841, 5.686002
6.807726, 5.685514
6.779293, 5.687989
6.734448, 5.694897
6.696413, 5.696212
6.645646, 5.697968
6.565391, 5.707328
2e5556c9-17a5-4e92-a32c-24ee186c1cdb
6.898067, 4.791190
6.794627, 4.732359
6.710449, 4.717309
6.605411, 4.725811
6.517427, 4.746187
6.476202, 4.755731
6.432736, 4.768863
6.391227, 4.782968
6.343587, 4.788341
6.295747, 4.790725
6.252047, 4.794400
6.209864, 4.797948
6.148071, 4.806150
6.090603, 4.812267
6.053492, 4.817723
6.019554, 4.825739
