main root
6.165592, 4.925000
6.314668, 5.356939
6.360915, 5.457616
6.366478, 5.565017
6.419768, 5.920880
6.439697, 6.011350
6.450175, 6.097477
6.462711, 6.175734
6.471335, 6.248496
6.484356, 6.340497
6.488776, 6.403749
6.495095, 6.472712
6.506158, 6.544229
6.528468, 6.619923
6.535332, 6.669678
6.546902, 6.753552
6.557315, 6.829040
6.571103, 6.907083
6.583973, 7.016416
6.604217, 7.116023
6.626795, 7.205993
6.649456, 7.313674
6.680449, 7.419852
6.708500, 7.508441
6.732747, 7.598953
6.755052, 7.706751
6.774869, 7.823351
6.789123, 7.932468
6.790474, 8.040823
6.785748, 8.167085
6.772906, 8.284542
6.752932, 8.409299
6.725966, 8.524331
6.696750, 8.630424
6.661079, 8.752048
6.629694, 8.866553
6.598361, 8.980868
6.575832, 9.071018
6.553270, 9.170024
6.528952, 9.286232
6.501931, 9.407922
6.486680, 9.538638
6.475248, 9.688786
6.471912, 9.838781
6.474898, 9.984114
6.473332, 10.125852
6.457809, 10.230030
6.426171, 10.389545
6.400482, 10.534662
6.374551, 10.644758
6.351259, 10.743652
6.332675, 10.816024
6.304849, 10.907381
6.295880, 10.957376
6.270522, 11.165432
6.248258, 11.224415
6.237294, 11.261935
6.252241, 11.404693
6.240022, 11.688081
6.226563, 11.804204
6.213892, 11.913532
6.195161, 12.038670
6.178397, 12.164853
6.164855, 12.282800
6.151156, 12.383576
6.141392, 12.502395
6.133071, 12.603647
6.121212, 12.696596
6.113658, 12.789041
6.106935, 12.871317
6.100987, 12.934032
4b925d4c-9feb-4e1a-b687-a65176f5c6e2
6.233417, 5.138711
6.110133, 5.218267
6.062711, 5.241604
6.008819, 5.271331
5.957550, 5.299477
5.906225, 5.327520
5.854928, 5.358825
5.803947, 5.393307
5.755437, 5.425978
5.706861, 5.458551
5.662943, 5.487861
5.632217, 5.511824
5.603863, 5.533788
5.582204, 5.561777
5.546853, 5.612160
5.512434, 5.655799
5.476886, 5.708118
5.445957, 5.745650
5.401122, 5.786990
5.308241, 5.862798
5.291100, 5.890800
5.244454, 5.971030
5.181830, 6.087865
5.100950, 6.209574
5.071580, 6.245654
5.055760, 6.267458
5.041842, 6.294288
5.030786, 6.318852
5.011257, 6.434889
4.997437, 6.566906
4.990362, 6.605658
5.003851, 6.706574
5.007245, 6.775931
5.012454, 6.821045
5.010673, 6.857825
5.005777, 6.896957
5.005220, 6.925498
5.013530, 6.960047
5d252d5a-29e0-4e6d-ac9b-766a16cea39a
6.310486, 5.093463
6.399399, 5.090869
6.433915, 5.091360
6.490920, 5.107905
6.534141, 5.125123
6.583277, 5.143086
6.630985, 5.160528
6.767215, 5.224853
6.824387, 5.248420
6.860498, 5.287508
6.889801, 5.294829
7.019776, 5.391480
7.155881, 5.456747
7.339452, 5.527220
7.416549, 5.558085
7.500680, 5.583878
7.620430, 5.613975
7.704845, 5.638961
7.792192, 5.668206
cc6c16b3-5e1f-4ac2-9ad4-357eaff5d3db
6.274534, 5.222395
6.558342, 5.225113
6.654206, 5.263258
6.737369, 5.309932
6.798707, 5.332298
6.878557, 5.359206
6.947720, 5.391267
7.016855, 5.423315
7.080028, 5.457548
7.129659, 5.486802
7.550509, 5.595921
7.874324, 5.713217
7.941931, 5.740890
8.014202, 5.768855
8.106884, 5.811521
8.162451, 5.842046
8.221379, 5.860756
8.268056, 5.878717
8.310169, 5.903665
d5044667-9aae-4b02-a88b-2ac4fdf6f080
6.411985, 5.433529
6.462367, 5.434492
6.555721, 5.444567
6.625204, 5.460529
6.692558, 5.482477
6.754467, 5.507012
6.795889, 5.529869
6.849273, 5.562744
6.896403, 5.602508
7.063063, 5.773524
7.115650, 5.827485
7.159558, 5.881333
7.211470, 5.925760
7.276988, 5.970209
7.370398, 6.038101
7.450169, 6.125348
7.511514, 6.186209
7.551196, 6.223470
7.585541, 6.259825
3ff6cad1-cd2e-47e2-adf5-db1449ca6bcb
6.545124, 9.245263
6.601577, 9.263655
6.673308, 9.305397
efad20bf-f4dc-44b5-ab92-10e5c419cdbc
6.619160, 8.861909
6.573133, 8.848106
6.549987, 8.843390
f1647e7f-f852-4976-9d0c-29e0c118a09e
6.755979, 8.212698
6.668767, 8.187554
6.619401, 8.169242
9c23c563-ae98-4757-9f66-38156300987d
6.769702, 7.985289
6.709761, 7.986046
6.663513, 7.989090
6.618770, 7.985037
30130547-7ba4-422a-a99b-5d47a4e80fb4
6.699858, 7.675168
6.622189, 7.657910
6.584434, 7.646454
6.556394, 7.641075
6.525866, 7.638266
6.497318, 7.638644
c6288def-e400-47bc-b2c6-972f8a529c83
6.736074, 7.457962
6.790477, 7.469842
6.872797, 7.496459
6.915091, 7.510133
87769583-5056-4cff-ae48-59a7b3fbaddd
6.659914, 7.194358
6.717415, 7.181910
6.762214, 7.167617
6.801560, 7.156635
6.838218, 7.149511
6.894031, 7.141713
6.959835, 7.134031
996f9725-33ec-45ad-adb8-f7b5dc5d2fd3
6.444418, 5.946625
6.503351, 6.013244
6.556107, 6.079120
6.596038, 6.124195
6.645130, 6.169399
7272023a-8f4d-418b-bb37-d868d937108c
6.407651, 6.060373
6.345875, 6.052237
6.309386, 5.979923
6.299586, 5.933029
2d3532fb-f3d9-4fc4-b490-ddf5e220de32
6.335569, 5.485269
6.544361, 5.426980
6.704327, 5.466247
6.766623, 5.404456
6.796640, 5.374667
6.826603, 5.357598
6.862219, 5.340765
7.082450, 5.266132
