main root
7.344664, 5.069689
7.257916, 5.313507
7.203989, 5.496911
7.158939, 5.679139
7.127251, 5.851316
7.100478, 5.996784
7.087297, 6.131673
7.074837, 6.237425
7.060967, 6.355148
7.048088, 6.464453
7.031018, 6.573160
7.013943, 6.681896
7.001032, 6.791400
6.994429, 6.901624
6.995724, 7.021132
6.990414, 7.157206
6.996517, 7.271879
7.004931, 7.390307
7.009100, 7.508508
7.017791, 7.635824
7.027342, 7.776195
7.033850, 7.902772
7.042909, 8.038315
7.048698, 8.156558
7.058989, 8.300317
7.064940, 8.413048
7.066080, 8.514882
7.067311, 8.624944
7.064525, 8.751443
7.076380, 8.880616
7.085098, 8.998684
7.088752, 9.133172
7.089857, 9.251545
7.093021, 9.386064
7.090450, 9.511373
7.086478, 9.637857
7.086067, 9.773459
7.088549, 9.928098
7.102712, 10.069479
7.116372, 10.198038
7.137209, 10.338228
7.152930, 10.496782
7.160492, 10.655405
7.161556, 10.801792
7.168694, 10.952191
7.174946, 11.075772
7.167655, 11.218467
7.147701, 11.367055
7.126548, 11.509001
7.127630, 11.650825
7.112421, 11.819715
7.100083, 11.979583
7.082317, 12.129564
7.058437, 12.278688
7.033432, 12.419824
7.012689, 12.548912
6.997071, 12.691777
6.980588, 12.803654
6.964544, 12.912540
604c046b-bd09-45f3-ad8d-06b817867ba8
7.393779, 5.270294
7.522065, 5.360831
7.617454, 5.390750
7.763640, 5.435596
7.851477, 5.469142
7.947066, 5.503385
8.041436, 5.541683
8.141727, 5.586952
8.240200, 5.636040
8.338698, 5.685142
8.416737, 5.705129
8.572575, 5.742926
38a1e8c1-7266-4f01-9d7c-9ef2fed8e230
7.242863, 5.638804
7.331016, 5.671939
7.374786, 5.687980
7.455307, 5.704048
7.546638, 5.722273
7.638325, 5.736280
7.730555, 5.746114
7.808370, 5.743834
7.909788, 5.738746
8.010892, 5.729439
8.082951, 5.714355
8.171465, 5.687232
8.242453, 5.678003
8.319468, 5.658935
8.427006, 5.691633
8.560331, 5.740909
8.683940, 5.770000
8.716103, 5.782358
8.822858, 5.809460
8.919106, 5.844806
9.013163, 5.883853
9.115671, 5.924119
9.210936, 5.959267
9.323034, 5.998378
9.432386, 6.043234
9.525660, 6.083780
9.622691, 6.114428
9.720143, 6.142990
9.816606, 6.175670
9.905715, 6.201417
9.968753, 6.219632
10.021697, 6.235617
6585ad08-0c2f-47a8-b080-d488107eb9f2
7.201202, 5.154757
7.028045, 5.161778
6.924499, 5.179388
6.826688, 5.202258
6.696477, 5.224276
ddc26a87-84db-4443-9210-3de397188f6b
7.197941, 5.186041
7.035237, 5.141662
6.972120, 5.063015
6.887817, 4.994409
6.856525, 4.967553
6.806396, 4.931501
2a7faf77-9ff4-4331-a585-3d8e1dec569d
7.171576, 5.324376
7.047861, 5.264115
6.892684, 5.197759
6.627634, 5.177829
6.526660, 5.168203
6.486203, 5.162842
6.451376, 5.153698
6.400414, 5.141865
6.354521, 5.128137
6.302291, 5.117198
6.232453, 5.105631
6.175705, 5.094715
6.122317, 5.087494
6.065266, 5.078267
6.015115, 5.070156
5.953181, 5.063170
5.890982, 5.059168
5.847669, 5.059381
5.805729, 5.065575
5.747093, 5.074234
5.687199, 5.084591
5.637141, 5.093248
5.579958, 5.101617
5.532220, 5.105579
5.492767, 5.105850
5.448947, 5.107647
5.399623, 5.108173
5.348828, 5.108715
5.285120, 5.113884
5.228158, 5.118506
5.175414, 5.122785
3e3a1414-d06c-413f-9585-c5f5c26a84fa
7.098940, 5.602786
7.014369, 5.575320
6.930211, 5.549798
6.899509, 5.537359
6.880167, 5.539600
6.820483, 5.532335
6.749848, 5.509420
6.691593, 5.492095
6.644766, 5.476607
6.598425, 5.459703
6.550697, 5.442293
6.493169, 5.424494
6.430932, 5.409939
6.364977, 5.394514
6.323755, 5.384874
6.284332, 5.374117
6.235322, 5.360745
6.186517, 5.348981
6.150234, 5.344854
6.076310, 5.342472
6.000149, 5.340017
5.942457, 5.336659
5.911278, 5.330348
5.861492, 5.320269
5.799874, 5.310849
5.731599, 5.303441
5.694176, 5.300885
5.641254, 5.298508
2de49c7b-c708-4e1c-875a-6f00ba22d731
7.072461, 5.939244
6.922844, 5.951831
6.864152, 5.965074
6.792085, 5.978265
6.731058, 5.995521
6.651538, 6.027339
6.585257, 6.049024
6.526099, 6.068641
9e1d376d-a772-4de6-b1af-90e4177bf14f
7.031523, 6.288616
6.959275, 6.297412
6.864880, 6.315466
6.831473, 6.317469
6.740349, 6.333467
6.653856, 6.340229
6.560605, 6.345410
6.475527, 6.348060
6.390901, 6.350696
6.298420, 6.357786
6.225203, 6.360396
6.177896, 6.365077
6.096702, 6.379127
6.021620, 6.392119
5.939221, 6.415491
5.869010, 6.430739
5.826427, 6.442109
ac92e2d1-5153-4e87-82c2-9ffdb6b420f8
7.065433, 7.065433
7.141702, 7.088694
7.221113, 7.104518
7.297636, 7.129317
7.364471, 7.155696
7.431470, 7.185358
7.505098, 7.214681
7.581703, 7.238744
7.658157, 7.259622
7.746373, 7.271300
7.798824, 7.285791
7.892272, 7.309868
d5be80ce-003d-43c7-9953-15862f92c8c4
6.956875, 7.310831
6.920834, 7.340910
6.871866, 7.375673
6.774157, 7.456406
6.659664, 7.549815
6.615971, 7.566342
6.552304, 7.601836
6.468562, 7.627505
6.420162, 7.614852
6.390055, 7.632891
6.277147, 7.658403
441d5a50-976e-48f4-af17-7695fd3bf573
6.956435, 7.388994
6.896833, 7.415514
6.817994, 7.437170
6.646162, 7.494180
6.601118, 7.515111
6.544755, 7.525515
6.411972, 7.537173
6.367828, 7.545557
1a45a8b1-9853-4e90-baac-eeb812f0c0ff
7.082490, 7.763932
7.121111, 7.768649
7.185608, 7.782633
7.242727, 7.800918
7.332257, 7.825162
7.422474, 7.847411
7.504339, 7.876145
7.590790, 7.913176
7.660170, 7.936126
7.741302, 7.956411
7.797223, 7.973479
7.848147, 7.992150
c502d3c5-4281-45ef-b8a3-4cf484a4e861
7.107767, 8.123767
7.170081, 8.118224
7.215363, 8.121580
7.284238, 8.133237
7.355699, 8.148882
7.437168, 8.160589
7.509108, 8.173952
7.604520, 8.183066
7.668207, 8.190654
7.719966, 8.201342
8d8fea57-f343-4067-a043-bfd9f824d3ff
6.997700, 8.132234
6.957650, 8.143956
6.886552, 8.161649
6.813700, 8.178234
6.715184, 8.202833
6.630296, 8.217617
6.533285, 8.249542
6.435109, 8.270717
6.353202, 8.290504
6.246496, 8.321112
f62b00c9-0377-44bb-bcab-c63866af05ed
7.022619, 8.697439
6.984169, 8.712628
6.936637, 8.728187
bff2566e-d017-4945-8254-6f7d1147f606
7.118551, 8.748440
7.149489, 8.776237
