main root
6.847400, 5.322093
6.759939, 5.450983
6.668803, 5.681336
6.598388, 5.826117
6.547205, 6.188182
6.522521, 6.436744
6.499977, 6.706178
6.463297, 7.017621
6.437189, 7.266014
6.428099, 7.508251
6.423193, 7.751348
6.433552, 8.005504
6.445485, 8.306372
6.463099, 8.522091
6.462581, 8.723571
6.460008, 8.897472
6.469833, 9.061847
6.463321, 9.227650
6.465279, 9.386597
6.463163, 9.546394
6.461033, 9.707252
6.475001, 9.882020
6.464207, 9.977662
6.440863, 10.170546
6.421858, 10.292554
6.407632, 10.364428
6.403000, 10.403243
06229b60-4592-4ace-b0ba-b3e79cac5b73
6.612023, 5.566973
6.438719, 5.528362
6.366356, 5.521558
6.285143, 5.509800
6.193170, 5.490107
6.091622, 5.481342
5.998677, 5.466986
5.915006, 5.454063
5.822618, 5.448306
5.729664, 5.442514
5.636395, 5.430379
5.543965, 5.422597
5.436163, 5.415644
5.297073, 5.423400
5.199602, 5.416019
5.093931, 5.401650
4.992641, 5.394279
4.891001, 5.395368
4.797870, 5.396365
4.727591, 5.391131
4.672625, 5.393042
4.593578, 5.398786
4.523111, 5.397906
4.449941, 5.394000
4.373845, 5.389937
4.302023, 5.392100
4.233533, 5.397159
4.142108, 5.406911
4.083061, 5.425251
4.013298, 5.445353
3.870782, 5.443310
3.785340, 5.437938
3.692386, 5.432093
3.581974, 5.431511
3.480438, 5.433092
3.397148, 5.440610
3.299887, 5.442235
da181a43-9dff-4679-94db-d7ebb754c394
6.498228, 5.831416
6.411092, 5.831913
6.338413, 5.841512
6.255405, 5.852950
6.164139, 5.869526
6.073117, 5.888197
5.977103, 5.923004
5.923381, 5.931231
5.822158, 5.942454
5.713296, 5.960910
5.595319, 5.968072
5.487274, 5.989426
5.343956, 6.015049
5.223696, 6.023706
5.120537, 6.037497
5.003834, 6.067998
4.925848, 6.075296
4.815829, 6.079215
4.724775, 6.084569
4.672760, 6.096104
4.583898, 6.122273
4.500694, 6.142452
4.426643, 6.160411
4.366264, 6.172891
4.314982, 6.176327
6cc840ca-ae58-4031-868d-842868bbf2e8
6.935652, 5.367558
6.995433, 5.399303
7.043869, 5.430051
7.112443, 5.482739
7.166129, 5.518809
7.236408, 5.563533
7.308320, 5.601922
7.374210, 5.620356
7.503551, 5.650598
7.620263, 5.673554
7.734271, 5.704580
7.889625, 5.736240
8.055546, 5.780635
8.198117, 5.804336
8.313205, 5.817042
8.417594, 5.839064
8.539700, 5.878442
8.654942, 5.917820
8.772130, 5.953412
8.844016, 5.990406
8.979026, 6.050821
9.083151, 6.088143
9.189053, 6.119358
9.285462, 6.152187
9.373171, 6.184274
9.452996, 6.211268
9.511465, 6.235783
9.566143, 6.253840
9.624480, 6.268681
069e9157-7d7d-4ab7-9cd7-45f9daef7b2b
6.735568, 5.791186
6.803372, 5.812386
6.881193, 5.848358
6.942995, 5.878572
7.015040, 5.911326
7.080337, 5.944318
7.144222, 5.979970
7.187464, 5.997263
7.252220, 6.016729
7.328813, 6.036645
7.398800, 6.057954
7.471586, 6.080131
7.536898, 6.106306
7.611414, 6.132963
7.686880, 6.156797
7.751922, 6.183634
7.800813, 6.200586
7.876507, 6.223681
7.949280, 6.245903
8.029523, 6.264164
8.096546, 6.285574
8.172785, 6.306804
8.253457, 6.323071
8.324518, 6.340469
8.394802, 6.360775
8.460484, 6.386002
8.539247, 6.409855
8.612065, 6.431926
8.677413, 6.458005
8.759794, 6.481192
8.849688, 6.523248
8.918645, 6.555491
9.003525, 6.581944
9.053774, 6.594451
9.094289, 6.613742
9.134109, 6.639315
9.189897, 6.682238
9.258636, 6.727550
9.318055, 6.770284
9.375665, 6.815404
9.424498, 6.844144
9.478997, 6.877957
a8bbaffb-4851-4282-b492-c9f007889aa0
6.599767, 6.659033
6.696609, 6.688681
6.785243, 6.718015
6.884644, 6.739772
6.967232, 6.766341
7.054630, 6.801086
7.147628, 6.842608
7.252691, 6.877933
7.354104, 6.920962
7.457176, 6.960098
7.556862, 7.007002
7.671783, 7.061074
7.792957, 7.127650
7.871626, 7.170872
7.936379, 7.208157
8.003044, 7.241360
8.053596, 7.267809
