main root
7.183923, 4.849283
7.124977, 5.042895
7.082314, 5.213962
7.045226, 5.398069
6.988265, 5.585078
6.907520, 5.835196
6.877990, 6.000928
6.840768, 6.152391
6.862095, 6.380355
6.891616, 6.473257
6.950705, 6.613814
7.077409, 6.833804
7.130514, 7.067552
7.163721, 7.160883
7.192995, 7.255763
7.212962, 7.305249
a5ffe47b-a457-4d57-b576-06e952af550a
7.166450, 5.386998
7.206747, 5.398415
7.269590, 5.422369
7.319484, 5.453835
7.349670, 5.503504
7.365007, 5.551957
7.364533, 5.667533
7.360035, 5.753034
7.346691, 5.846543
7.328004, 5.975899
7.313519, 6.031788
7.286478, 6.103062
7.257709, 6.170447
7.230156, 6.246422
7.211464, 6.291881
dc11a183-599c-4394-80be-12bee8368026
7.165484, 5.263476
7.187408, 5.291639
7.209022, 5.327142
7.224978, 5.365547
7.234434, 5.388837
7.270031, 5.466790
7.274516, 5.493500
10806c0b-97ee-4465-8e44-de8335a0a513
7.200636, 5.147730
7.254899, 5.168853
7.305237, 5.186288
7.345657, 5.203012
7.390641, 5.215145
7.418042, 5.228737
7.437362, 5.224235
7.467934, 5.223258
7.513141, 5.218818
7.572129, 5.213024
7.615206, 5.214809
7.677537, 5.214396
7.730226, 5.218537
7.796142, 5.225220
7.851360, 5.232322
7.909338, 5.249790
7.983935, 5.294196
8.023484, 5.321222
8.074493, 5.354267
8.137551, 5.389768
8.198611, 5.422425
8.260361, 5.453754
8.324913, 5.481470
8.387156, 5.508194
8.435822, 5.525832
8.478391, 5.548021
29443f40-43a4-45f1-957f-67d437f1569c
7.225133, 5.003964
7.287891, 4.975115
7.327143, 4.980755
7.369613, 4.987487
7.407310, 4.995962
7.437712, 4.999903
7.472553, 5.001399
7.515851, 5.000264
7.561085, 4.996083
7.604592, 4.990560
7.632201, 4.991581
7.681414, 4.994898
7.715164, 5.003174
7.772725, 5.017287
7.828471, 5.032497
7.875637, 5.046918
7.924213, 5.061769
7.979020, 5.080090
8.017389, 5.096073
8.046691, 5.111522
8.076200, 5.132156
8.129628, 5.171343
8.186340, 5.211083
8.245982, 5.249221
8.312530, 5.288222
8.370029, 5.314980
8.441099, 5.346404
8.487562, 5.366947
8.535841, 5.393202
8.582497, 5.416870
8.629937, 5.437580
8.671003, 5.462443
