main root
6.595736, 4.975826
6.532938, 5.225617
6.491929, 5.357716
6.465127, 5.471527
6.441986, 5.588196
6.428001, 5.691328
6.418737, 5.775083
6.413643, 5.858853
6.406213, 5.931744
6.398485, 6.007553
6.385225, 6.116777
6.377130, 6.200653
6.373207, 6.284478
6.366741, 6.377654
6.365075, 6.461563
6.363226, 6.554673
6.357163, 6.648172
6.359593, 6.740707
6.359942, 6.834102
6.360258, 6.918768
6.362708, 7.011657
6.367500, 7.113082
6.369444, 7.198181
6.384441, 7.298992
6.394052, 7.392195
6.405675, 7.484392
6.418382, 7.585192
6.436360, 7.693973
6.464792, 7.801118
6.490852, 7.899325
6.512768, 7.990115
6.530717, 8.073314
6.552449, 8.154369
6.568685, 8.247420
6.595979, 8.354607
6.616981, 8.445607
6.639828, 8.544600
6.656777, 8.636750
6.678781, 8.744679
6.701134, 8.843734
6.725546, 8.942303
6.745903, 9.042095
6.759563, 9.151408
6.766734, 9.242712
6.772623, 9.290846
6.851149, 9.531016
6.889561, 9.636758
6.919497, 9.763924
6.949002, 9.906447
6.985045, 10.080552
7.005426, 10.171585
7.013203, 10.225120
7.069474, 10.451318
7.079541, 10.544064
7.079262, 10.638965
7.089508, 10.730950
7.113475, 10.859960
7.143173, 11.008787
7.164943, 11.168397
7.182552, 11.281860
7.187996, 11.343990
7.189757, 11.392770
7.232756, 11.629589
7.235933, 11.697338
7.242635, 11.776311
7.255552, 11.857703
7.267496, 11.932966
7.276014, 12.005741
7.288194, 12.084056
7.299907, 12.159357
7.315038, 12.237155
7.333098, 12.314326
7.357655, 12.392991
7.370991, 12.460819
7.379955, 12.517381
7.391837, 12.896771
7.400665, 12.979928
7.407586, 13.064759
7.419706, 13.136824
7.435109, 13.190897
7.475209, 13.263540
7.520956, 13.333543
7.567619, 13.401156
7.596179, 13.474125
7.670762, 13.534314
7.736572, 13.600763
157295d4-a1c3-4920-ab36-15164b924546
6.548400, 5.323339
6.579889, 5.343870
6.607515, 5.356406
6.731418, 5.453741
6.848280, 5.567157
6.862263, 5.584911
6.882680, 5.587760
6.901800, 5.600305
6.940634, 5.622204
6.974735, 5.643152
7.007981, 5.670601
7.053686, 5.708336
7.099390, 5.746071
7.149782, 5.781854
7.202922, 5.821425
7.253062, 5.862492
7.296807, 5.900258
7.348079, 5.944521
7.399273, 5.982786
7.448839, 6.017965
7.506163, 6.056816
7.536722, 6.082951
7.575935, 6.120424
7.609959, 6.157079
7.641820, 6.200203
7.679129, 6.248184
7.723609, 6.300509
7.766952, 6.344565
7.820803, 6.392900
7.862263, 6.432900
7.887903, 6.463876
7.920296, 6.503012
7.942411, 6.543197
8.002377, 6.611994
8.028645, 6.655800
8.053478, 6.665446
8.134674, 6.722089
8.213361, 6.766722
8.240181, 6.788818
8.294704, 6.834200
8.391907, 6.919011
8.451438, 6.968967
8.514028, 7.017583
8.543605, 7.057612
8.581755, 7.104204
8.621022, 7.142711
8.679664, 7.196024
8.744504, 7.246883
8.783525, 7.288904
8.848274, 7.355538
8.889120, 7.404020
8.941194, 7.456537
8.981045, 7.503105
9.017204, 7.554903
443ad228-7056-40e2-bed9-b455bf0528d6
6.559578, 5.195463
6.623998, 5.207136
6.669092, 5.212255
6.705750, 5.219418
6.741076, 5.226313
6.762505, 5.233535
6.859614, 5.283980
6.899982, 5.327981
6.932817, 5.359346
6.961893, 5.387125
7.022869, 5.408838
7.112788, 5.449368
7.190682, 5.479932
7.257736, 5.509458
7.310040, 5.532489
7.350578, 5.556881
7.518168, 5.570552
7.582281, 5.600085
7.655449, 5.630488
7.721882, 5.661334
7.798926, 5.690507
7.901854, 5.729481
7.969259, 5.758205
8.037397, 5.788870
8.129253, 5.832527
8.186442, 5.863021
8.234847, 5.890528
8.270651, 5.919480
8.345732, 5.952642
8.419623, 5.983725
8.539359, 6.046082
8.594745, 6.085052
8.661155, 6.128120
8.755897, 6.184516
8.819322, 6.224013
8.886067, 6.263814
8.975370, 6.312141
9.036296, 6.350217
9.101970, 6.393707
9.129277, 6.417175
9.341913, 6.593982
9.422010, 6.639710
9.497690, 6.674298
9.551729, 6.717961
9.611322, 6.787210
9.657616, 6.838709
9.713448, 6.885147
9.759206, 6.929046
9.790346, 6.956844
9.821444, 6.974568
9.878261, 7.008671
9.983147, 7.071508
10.040007, 7.112969
10.090553, 7.153532
10.126417, 7.184233
10.162739, 7.213725
c8dc1af0-b715-4684-8b6f-0290d9f61c26
6.515373, 5.382666
6.583949, 5.395846
6.610970, 5.401040
6.698655, 5.357104
6.723668, 5.346617
6.751346, 5.338259
6.811381, 5.324274
6.987906, 5.260549
7.012802, 5.262817
7.065562, 5.242491
7.167027, 5.205965
7.210352, 5.184006
7.246690, 5.168944
7.285799, 5.152733
7.323285, 5.140436
7.378641, 5.123851
7.413110, 5.113524
7.531599, 5.072011
7.562485, 5.059597
7.579071, 5.061095
7.610753, 5.065521
7.640906, 5.065264
7.675838, 5.063532
7.710669, 5.060369
7.745342, 5.055781
7.779797, 5.049776
7.813977, 5.042362
7.847824, 5.033553
7.880255, 5.025113
7.913803, 5.014770
7.937127, 5.009079
7.960751, 5.004791
7.982176, 5.005401
8.098367, 5.033433
8.123057, 5.039391
8.141029, 5.034380
8.164465, 5.029387
8.185862, 5.029406
8.221167, 5.027925
8.247238, 5.028316
8.273246, 5.030190
8.300126, 5.036615
8.334813, 5.043353
8.369757, 5.048603
8.408298, 5.049838
8.446718, 5.046565
8.484493, 5.038828
8.516443, 5.033799
8.548591, 5.030241
8.580868, 5.028161
8.613205, 5.027565
8.645536, 5.028450
8.677793, 5.030818
8.713112, 5.031897
8.736972, 5.034110
8a3e13ed-7679-4433-8e65-8fc9399d8719
6.455323, 5.638769
6.505959, 5.662723
6.547420, 5.687631
6.583570, 5.697126
6.674882, 5.680998
6.761929, 5.701703
6.820106, 5.706311
6.894435, 5.713699
6.979335, 5.728389
7.083872, 5.742289
7.272327, 5.795050
7.334731, 5.806316
7.362940, 5.792018
7.417713, 5.788693
7.456468, 5.792339
7.518535, 5.801184
7.577953, 5.816116
7.688025, 5.851345
7.829760, 5.854114
7.954872, 5.862739
8.177634, 5.883219
e95f709e-9cfa-4449-a5dc-175a829a7f35
6.431942, 5.846098
6.468963, 5.850062
6.526617, 5.853546
6.630280, 5.845876
6.732893, 5.868507
6.832490, 5.888307
6.895408, 5.903866
6.953915, 5.924503
7.025779, 5.949852
7.091651, 5.973086
7.125586, 5.985056
7.174958, 5.999065
7.236701, 6.018385
7.303825, 6.036252
7.360669, 6.057579
7.425729, 6.066261
7.494656, 6.090314
7.562021, 6.102841
7.625120, 6.117619
7.684886, 6.131617
7.736933, 6.146881
7.906127, 6.216164
7.954009, 6.226070
8.032146, 6.239177
8.098655, 6.257921
8.183181, 6.277348
8.257445, 6.294416
8.391883, 6.308921
8.500731, 6.346823
8.588683, 6.377449
8.646278, 6.391164
b8315528-1dfe-47a8-bc5d-59dc5a462c78
6.382920, 6.063670
6.423774, 6.076303
6.467042, 6.104891
6.543464, 6.135177
6.583196, 6.152241
6.639496, 6.187911
6.683552, 6.213729
6.724378, 6.239077
6.772790, 6.263528
6.811097, 6.287601
6.859375, 6.312316
6.885102, 6.333894
6.907888, 6.346114
6.986036, 6.392686
7.028736, 6.425102
7.078448, 6.459085
7.112314, 6.478609
7.158999, 6.498614
7.205607, 6.525101
7.235934, 6.520336
7.290735, 6.539902
7.348867, 6.567015
7.394836, 6.590105
7.437619, 6.612500
7.521893, 6.654911
7.543511, 6.680870
7.569327, 6.673354
7.662695, 6.688068
7.737598, 6.699928
7.809196, 6.705258
7.894500, 6.702602
7.964556, 6.706411
8.043798, 6.707722
8a4df738-5253-47f9-86ca-bcd70e4580e6
6.682304, 8.598516
6.626695, 8.626899
6.588516, 8.648157
6.562157, 8.669686
6.479611, 8.722452
6.443069, 8.742261
6.418329, 8.762481
6.396175, 8.788320
6.357920, 8.837536
6.291316, 8.915128
6.230626, 8.976279
6.158502, 9.043562
5.907360, 9.316384
5.862570, 9.356202
5.806261, 9.396245
5.724750, 9.456806
5.668834, 9.507672
5.618826, 9.551137
5.568735, 9.580792
5.515389, 9.614115
5.478898, 9.645733
5.395191, 9.720583
cea88802-dc1f-499a-9bb4-f005c3004a0d
6.764849, 8.912045
6.688808, 8.960883
6.595952, 9.014628
6.566096, 9.033639
6.546506, 9.039015
6.516990, 9.042458
6.502061, 9.054635
6.444827, 9.076218
6.405853, 9.086116
6.356617, 9.098620
6.298095, 9.115028
6.250220, 9.126895
6.189150, 9.142303
5.911750, 9.207251
5.872972, 9.213256
5.833880, 9.216244
5.805833, 9.221352
5.762016, 9.232336
5.721189, 9.242532
5.682532, 9.249060
5.641031, 9.256032
5.598945, 9.266100
5.558010, 9.275852
5.517066, 9.285568
5.485849, 9.299129
5.464882, 9.303343
23e0e2c3-edce-4af6-a7d9-2b90f64d4870
6.457785, 7.340123
6.507014, 7.341929
6.562841, 7.346972
6.623195, 7.350922
6.691393, 7.370025
6.728749, 7.393076
6.907901, 7.429179
6.959977, 7.430512
6.988648, 7.434240
7.030627, 7.439698
7.069252, 7.447739
7.114236, 7.454046
7.152779, 7.462472
7.194134, 7.471514
7.229288, 7.479199
7.250538, 7.486909
7.395343, 7.531932
7.417031, 7.554350
7.434551, 7.544434
7.527317, 7.561794
7.596974, 7.579398
7.668994, 7.593320
7.733416, 7.605776
7.771602, 7.607062
7.855485, 7.602400
7.925918, 7.604482
7.999001, 7.609637
8.077210, 7.617262
8.117237, 7.621165
c14d7300-b33c-4cc5-81e3-89ddcfec33f4
6.413350, 7.025211
6.449415, 7.031941
6.505765, 7.043979
6.578816, 7.051931
6.620594, 7.089294
6.769555, 7.110670
6.826371, 7.124871
6.878271, 7.133507
6.965496, 7.137400
7.019465, 7.142805
7.075182, 7.155063
7.212801, 7.223887
7.246563, 7.226055
7.315677, 7.228975
7.409739, 7.246769
7.484968, 7.253369
7.545868, 7.264722
7.619352, 7.272330
7.684638, 7.281205
7.712729, 7.288044
ad5c6768-b7cb-4e3e-a9d1-fe6bef5ea393
6.396998, 6.783911
6.439729, 6.837283
6.458553, 6.867978
6.480677, 6.904053
6.511659, 6.954575
6.548817, 7.006577
6.639381, 7.146713
6.666536, 7.210551
6.679146, 7.247868
6.695803, 7.287839
6.709632, 7.321049
6.725267, 7.346916
6.790194, 7.438827
6.806488, 7.464410
6.822541, 7.492322
6.869127, 7.546499
ab56834e-8007-424a-ab2b-4f31368db8e0
6.388100, 6.548966
6.436585, 6.553209
6.471873, 6.554778
6.500940, 6.554556
6.520872, 6.563833
6.551814, 6.571665
6.570055, 6.566183
6.595448, 6.566365
6.643765, 6.560725
6.702633, 6.553853
6.743367, 6.550605
6.783456, 6.547408
6.807403, 6.547000
6.904997, 6.548658
6.932177, 6.553610
6.983892, 6.561511
7.024579, 6.563186
7.057858, 6.563058
7.087730, 6.558454
7.119091, 6.546051
7.167169, 6.525427
7.199453, 6.513207
7.441925, 6.485805
7.524897, 6.470544
7.573858, 6.456847
7.606643, 6.446267
7.637055, 6.438174
7.660440, 6.433647
31e23ad7-d3d3-461e-af48-55349e4f59b1
6.405033, 6.193366
6.451552, 6.212233
6.533088, 6.236232
6.604636, 6.245058
6.680456, 6.253037
6.807936, 6.241999
6.826227, 6.231170
6.850453, 6.215014
6.870359, 6.207062
6.900679, 6.196493
6.933281, 6.183476
6.963603, 6.172913
6.996388, 6.156670
7.019853, 6.143303
7.041923, 6.130731
7.156634, 6.086705
7.309470, 5.962440
abd50f2f-fd27-472a-8668-10cf61fc0d11
6.377453, 6.126529
6.336698, 6.146867
6.308286, 6.151757
6.243192, 6.171353
6.175260, 6.183989
6.116049, 6.204135
6.040837, 6.228145
5.926179, 6.297420
5.817568, 6.320229
5.763034, 6.327093
5.717328, 6.329829
5.686354, 6.337681
5.647142, 6.353800
254ae0a0-03e5-46e7-8a59-5f0deeb1f60a
6.534182, 5.209170
6.649309, 5.239863
6.700887, 5.245324
6.877790, 5.232387
6.917614, 5.228772
6.998246, 5.205006
7.039864, 5.191178
7.089023, 5.173268
7.137651, 5.153958
7.185707, 5.133265
7.210197, 5.124349
7.234064, 5.115659
7.364006, 5.096833
7.411407, 5.080892
7.448707, 5.073086
7.495689, 5.058666
7.540166, 5.041884
7.597358, 5.017105
7.624935, 5.008419
7.659256, 4.997609
7.682506, 4.991856
2f1e5ff4-9a8d-4745-be11-926b7a7f9d6d
6.848217, 9.014472
6.878006, 9.026987
6.931689, 9.054889
6.986958, 9.085799
7.026809, 9.110307
7.058131, 9.121304
7.124843, 9.140434
7.191250, 9.156363
7.245661, 9.177110
7.325118, 9.205188
7.361126, 9.219501
7.533290, 9.311497
7.595057, 9.342805
7.656091, 9.365352
7.717707, 9.389708
7.772745, 9.406635
7.832982, 9.420463
7.909761, 9.428873
7.955761, 9.439936
8.018771, 9.461577
8.087747, 9.494039
8.154704, 9.527204
8.220983, 9.561703
8.282331, 9.593305
037cb906-0b42-4972-be68-65a0a3c50617
6.606036, 8.080230
6.671046, 8.083557
6.754413, 8.090591
6.918844, 8.123449
6.966824, 8.134574
7.021625, 8.142683
7.070103, 8.151380
7.121767, 8.159138
7.177035, 8.162909
7.256958, 8.175321
4f30de73-2738-45b3-8052-1c3adf7a9581
6.540500, 8.132234
6.515473, 8.181634
6.505884, 8.182534
6.493367, 8.189846
6.472511, 8.198565
6.448730, 8.205259
6.420239, 8.210172
6.393988, 8.216217
6.237329, 8.260052
6.208829, 8.264918
6.175806, 8.267520
6.145529, 8.268404
6.060356, 8.260303
6f24d196-149b-486f-b5e6-ef7d9bcc2f24
6.405306, 7.033666
6.688438, 7.084568
6.819586, 7.083007
6.857559, 7.083434
6.882899, 7.083777
6.901802, 7.073956
6.922427, 7.068300
7.033158, 7.073238
7.094481, 7.064793
7.126706, 7.061873
7.164454, 7.053951
7.198723, 7.045223
7.220098, 7.044404
7.255346, 7.041549
7.290439, 7.037199
7.327919, 7.028023
7.359682, 7.021779
7.389650, 7.017421
7.402809, 7.009062
7.413649, 7.005478
bc69ef0d-091e-428b-afc4-4c0896dc1de8
6.411182, 6.576226
6.485665, 6.603063
6.520164, 6.608407
6.585787, 6.618572
6.644729, 6.638067
6.737611, 6.677545
6.801838, 6.701663
6.859002, 6.716806
6.935674, 6.729374
7.015657, 6.736418
7.089937, 6.738712
7.130134, 6.739954
397d51a3-96d9-4fe7-ada4-bd1e40bfc534
6.452094, 5.748414
6.358637, 5.771190
6.287746, 5.812506
6.213925, 5.835072
