main root
7.343024, 4.404368
7.242017, 4.574759
7.167154, 4.606278
7.148006, 4.656341
7.131028, 4.742174
7.109222, 4.841508
7.106182, 4.944138
7.098941, 5.045723
7.092228, 5.236990
7.104456, 5.358493
7.112942, 5.484747
7.132022, 5.612100
7.160294, 5.759997
7.196340, 5.905638
7.239057, 6.078233
7.263061, 6.218348
7.309295, 6.393981
7.357225, 6.559694
7.419970, 6.725733
7.449742, 6.827869
7.456221, 6.916749
7.466224, 7.076399
7.473524, 7.224750
7.487298, 7.310607
7.507465, 7.390569
7.540097, 7.476721
7.555551, 7.523379
7.584200, 7.676615
7.597800, 7.760642
7.597708, 7.824985
7.595512, 7.910077
7.587076, 7.995830
7.580889, 8.079876
7.576772, 8.164048
7.574726, 8.248297
7.566420, 8.334062
7.551941, 8.419004
7.544061, 8.502263
7.540292, 8.586105
7.539864, 8.715145
7.530711, 8.767518
169ea45a-4d6f-49da-941e-30e923dd3951
7.120594, 4.879241
7.169899, 4.911338
7.215427, 4.944548
7.278147, 4.984811
7.329253, 5.007547
7.389416, 5.035040
7.422154, 5.047854
7.460885, 5.068535
7.533436, 5.099107
7.607875, 5.127101
7.683351, 5.152163
7.758852, 5.188023
7.873139, 5.214846
7.912816, 5.227233
5a72c934-4eba-4fc3-94d5-04446f77f6df
7.190665, 4.648806
7.235108, 4.713482
7.252491, 4.759078
7.263472, 4.783677
7.283138, 4.828056
7.308188, 4.869805
7.318682, 4.939164
93a63ad4-8c71-45b0-a1e1-e1dc5c122cf4
7.133167, 5.084233
7.160984, 5.092587
7.228445, 5.113320
7.309138, 5.115404
7.373976, 5.110971
7.424200, 5.116420
7.489184, 5.117330
7.569710, 5.129382
7.632761, 5.151708
7.770303, 5.191407
d5fbbc16-d77c-450e-a396-ab33774eef94
7.133229, 5.221816
7.183714, 5.229961
7.236060, 5.221932
7.308652, 5.222740
7.401967, 5.225882
7.485876, 5.224556
7.577689, 5.229417
7.652924, 5.241707
7.734181, 5.259244
7.797704, 5.280609
7.868182, 5.302125
7.900729, 5.313626
224f3dc2-caeb-492c-bd05-39fb54353c45
7.090819, 5.127272
7.027200, 5.195080
7.008874, 5.232874
6.994821, 5.239255
6.971693, 5.249758
6.966611, 5.267836
6.943741, 5.284314
6.910477, 5.304486
6.877124, 5.321113
6.869070, 5.343535
6.800065, 5.393729
6.765672, 5.411344
6.734803, 5.424153
6.725169, 5.441317
6.669594, 5.486669
6.623715, 5.524110
6.578013, 5.559474
6.524446, 5.600924
6.477576, 5.637193
6.445502, 5.663904
8b4ecc69-83be-402a-975a-e8c9c3893dbc
7.235584, 5.852531
7.335092, 5.850841
7.387908, 5.862832
7.470619, 5.880939
7.550400, 5.893808
7.602641, 5.902235
0d1ec9ca-124f-4099-b4c9-16109601096e
7.175500, 5.583767
7.227246, 5.593683
7.281335, 5.592675
7.359639, 5.591216
7.433711, 5.602755
