main root
6.873689, 4.954872
6.808713, 5.209745
6.809467, 5.334892
6.804274, 5.505523
6.791853, 5.639249
6.775978, 5.764774
6.766353, 5.874607
6.749062, 5.999765
6.728708, 6.116266
6.700783, 6.239497
6.676251, 6.338192
6.653813, 6.437222
6.635522, 6.537098
6.627192, 6.629291
6.612463, 6.722179
6.600754, 6.823034
6.587896, 6.915542
6.576015, 7.016392
6.566237, 7.117463
6.567018, 7.219220
6.569911, 7.320721
6.568583, 7.422550
6.560802, 7.532351
6.555735, 7.633773
6.551511, 7.718332
6.553202, 7.810954
6.552681, 7.896071
6.558408, 7.997471
6.563182, 8.082007
6.572607, 8.174282
6.582069, 8.266932
6.591534, 8.359584
6.600997, 8.452236
6.608392, 8.545338
6.615096, 8.629741
6.627572, 8.711196
6.639108, 8.786518
6.645483, 8.856092
6.647831, 8.914512
6.699918, 9.038408
6.706025, 9.068379
6.721391, 9.128786
6.725084, 9.179732
6.729367, 9.238839
6.749662, 9.311797
6.744538, 9.388270
6.740576, 9.447403
6.738455, 9.479083
6.709981, 9.553391
6.687052, 9.604867
6.655354, 9.639237
6.670178, 9.665156
6.654566, 9.711379
6.537771, 9.945493
6.489754, 10.018519
6.454783, 10.060378
6.410088, 10.149967
6.404558, 10.193565
6.391794, 10.277714
6.368528, 10.361958
6.360773, 10.444566
6.341222, 10.519693
6.319864, 10.610124
6.304632, 10.692654
6.290802, 10.767591
6.284571, 10.824671
6.272988, 10.880486
6.257978, 11.019805
6.244504, 11.088961
6.232763, 11.149208
6.223448, 11.196989
6.248164, 11.352962
6.261186, 11.481726
6.278580, 11.590618
6.273436, 11.766370
6.278570, 11.879432
6.293856, 11.982841
6.315412, 12.099812
6.338368, 12.189563
6.361251, 12.270659
6.387011, 12.339047
6.405964, 12.383476
160f3c2a-a5b2-497b-9e04-d8b7367264d4
6.864301, 5.097526
6.922184, 5.086733
9b707742-2d76-4d1f-ad95-920385065565
6.781356, 5.104319
6.673980, 5.115986
e3c3a49d-0b52-48ef-9a81-18f6df17d9a7
6.844819, 5.348623
6.888641, 5.415466
6.931395, 5.451237
6.950792, 5.467544
6.971956, 5.465131
7.018710, 5.475566
7.090711, 5.485865
7.155622, 5.507154
7.208572, 5.519392
7.246165, 5.531164
7.280205, 5.538695
7.325047, 5.545560
7.370252, 5.549452
7.409139, 5.555805
7.449571, 5.565443
7.480455, 5.572806
7.614333, 5.586200
7.688121, 5.604738
7.725531, 5.617225
7.771025, 5.622942
7.813016, 5.628218
7.838690, 5.640493
7.867504, 5.650955
7.895211, 5.657833
7.921914, 5.664465
7.953815, 5.666221
7.999224, 5.665722
8.029284, 5.671380
8.094522, 5.677567
8.151896, 5.684511
8.219141, 5.692650
8.274652, 5.702384
8.325285, 5.708861
eb26bf87-f378-4f9a-a5c2-0c2942250a7e
6.636755, 8.846293
6.590309, 8.889105
6.539113, 8.922292
6.504875, 8.940918
6.451612, 8.973301
6.421367, 8.989938
6.378872, 9.004998
9117cd04-328a-45e2-9d7c-2c604c6fda81
6.810124, 5.348709
6.721514, 5.389955
6.678468, 5.445982
6.658956, 5.482619
6.649230, 5.517427
