main root
6.889157, 4.901720
6.914585, 5.019595
6.936385, 5.105617
6.972085, 5.280138
6.999868, 5.455973
7.020997, 5.602275
7.064999, 5.764075
7.098975, 5.935019
7.116452, 6.076102
7.133257, 6.245509
7.140549, 6.445689
7.139750, 6.616112
7.126288, 6.800694
7.101571, 6.940183
7.076285, 7.063219
7.054286, 7.191090
7.024952, 7.319147
6.985263, 7.506196
6.943385, 7.689729
6.924849, 7.845626
6.896023, 7.995430
6.879829, 8.128044
6.875409, 8.251132
6.866668, 8.388205
6.858586, 8.514947
6.850505, 8.641693
6.836188, 8.767232
6.822758, 8.885005
6.808191, 8.994066
6.798955, 9.095172
6.794715, 9.187837
6.789804, 9.262392
6.785243, 9.363841
6.780772, 9.429948
6.783162, 9.505502
6.770913, 9.558985
49b376b0-54a5-4a41-a024-6da22e1401b1
6.828367, 5.016500
6.766278, 5.064478
6.746718, 5.075809
6.711177, 5.092938
6.665603, 5.109919
6.618003, 5.127655
6.575023, 5.138877
6.526937, 5.149886
6.478545, 5.159430
6.437910, 5.168969
6.401764, 5.178992
6.370126, 5.189318
6.341093, 5.203518
6.293399, 5.231843
6.250768, 5.253680
6.161711, 5.298083
6.104188, 5.340224
6.075806, 5.357305
6.042370, 5.373935
6.005814, 5.388773
5.966590, 5.404695
5.930974, 5.415921
5.895549, 5.422379
5.845574, 5.431489
5.786061, 5.443861
5.722481, 5.461663
5.655184, 5.483614
5.597881, 5.503881
5.522708, 5.528032
7f774f48-15f9-4319-9969-16ab828370b2
7.016585, 5.113390
7.065444, 5.103851
7.136741, 5.110593
7.179126, 5.121733
7.246131, 5.144074
7.313937, 5.169947
7.388303, 5.195231
7.459750, 5.219635
7.531164, 5.244138
7.610149, 5.265020
7.683115, 5.284421
7.769000, 5.296414
7.817614, 5.309484
7.873224, 5.327536
941cc484-db06-4a4c-ab35-fd6d80f7b6ed
6.910105, 5.273332
6.875323, 5.308353
6.850652, 5.328541
6.820369, 5.345585
6.798234, 5.358043
6.786701, 5.403063
6.776748, 5.440149
6.766831, 5.482871
6.747884, 5.526109
5dc1799a-7086-41b9-9305-4581cb3c26c5
7.031011, 5.259469
7.138902, 5.283069
7.187772, 5.299579
f502defd-0d81-4c69-968a-706b0bf57a84
6.970038, 5.647077
6.896562, 5.650940
6.861482, 5.652343
6.828197, 5.651002
6.809813, 5.660570
6.789193, 5.666240
6.748757, 5.677359
6.689523, 5.696752
6.634159, 5.713304
6.592577, 5.724174
6.528711, 5.729777
6.485180, 5.735099
6.445768, 5.736900
6.417541, 5.741187
6.387411, 5.751820
6.345663, 5.769725
6.314914, 5.786172
6.293130, 5.796125
