main root
6.491835, 5.381307
6.447449, 5.579419
6.425433, 5.668193
6.415272, 5.769476
6.427850, 5.934965
6.382415, 6.201168
6.363320, 6.349856
6.337976, 6.498751
6.311284, 6.641911
6.289147, 6.737598
6.270487, 6.846421
6.261709, 6.947679
6.241093, 7.055301
6.230307, 7.156578
6.222561, 7.249171
6.211977, 7.350321
6.205628, 7.451650
6.201918, 7.544503
6.199978, 7.646026
6.200154, 7.747571
6.193984, 7.849420
6.198422, 7.951084
6.194414, 8.053272
6.190764, 8.146329
6.187114, 8.239387
6.178380, 8.309308
6.168935, 8.384916
6.167574, 8.444107
6.168746, 8.523344
6.166835, 8.596583
6.167761, 8.675824
6.171679, 8.754973
6.181721, 8.836761
6.191006, 8.912388
6.200290, 8.988015
6.209573, 9.063643
6.218856, 9.139273
6.224803, 9.212296
6.230987, 9.288239
6.243622, 9.369664
6.248471, 9.439962
6.256907, 9.518758
6.265016, 9.594521
6.273040, 9.641376
6.292813, 9.721370
6.314721, 9.797527
6.346898, 9.876904
6.366872, 9.981805
6.389876, 10.062609
6.401499, 10.118884
6.406412, 10.172272
6.415098, 10.233995
6.420646, 10.305635
6.423112, 10.391207
6.430977, 10.456260
6.434760, 10.512483
6.433987, 10.545599
6.455776, 10.738488
6.457185, 10.812420
6.460000, 10.881582
6.462754, 10.949233
6.459629, 11.019627
6.461832, 11.112234
6.461911, 11.178482
6.458995, 11.243221
6.452711, 11.316226
6.446837, 11.408965
6.441156, 11.474971
6.441795, 11.519897
6.447221, 11.585700
6.457629, 11.657306
6.472460, 11.728130
6.482799, 11.792107
6.494955, 11.867330
6.520907, 11.974857
6.542036, 12.036888
6.530933, 12.077966
6.546583, 12.102930
6.555224, 12.147208
6.571709, 12.216051
6.582070, 12.278602
6.591508, 12.348269
6.594128, 12.401056
6.592464, 12.458102
6.586193, 12.519072
6.574137, 12.577777
6.558811, 12.652416
6.538825, 12.719984
6.517211, 12.793058
6.502201, 12.843801
6.496036, 12.885746
6.490009, 12.967933
6.489968, 13.050341
6.492927, 13.118952
6.501446, 13.177543
6.514108, 13.254221
6.523076, 13.317727
6.521605, 13.374435
6.524715, 13.427706
6.528662, 13.495318
c8178b40-9ddf-466f-ad00-a9d13b2c815f
6.451473, 5.475492
6.297172, 5.525424
6.275714, 5.532466
6.227945, 5.563898
6.063104, 5.541494
5.865838, 5.629522
5.822139, 5.647381
5.806910, 5.665397
5.749886, 5.705421
5.716604, 5.730610
5.690417, 5.756059
5.655475, 5.792103
5.624634, 5.830367
5.590352, 5.889594
5.568569, 5.918265
5.535696, 5.954108
3d3f3a6b-6e8c-4526-9c07-ccdf7a32ba72
6.402002, 5.830916
6.280150, 5.828777
6.254756, 5.828330
6.209401, 5.830521
6.139326, 5.831028
6.092983, 5.826874
6.042390, 5.822340
5.981734, 5.818406
5.928382, 5.819445
5.902338, 5.818456
e0d7370e-92ba-4346-afad-90dd886f91af
6.515867, 5.564860
6.550631, 5.592456
6.576389, 5.609080
6.607204, 5.625405
6.641024, 5.641629
6.669915, 5.650509
6.720342, 5.664442
6.756867, 5.672981
cca3abfe-0526-47da-95b1-3c95e96d76fc
6.414248, 5.556277
6.162660, 5.582750
6.135294, 5.585629
6.110034, 5.588287
fcb0a448-8b4c-4504-86cc-041f00d88c62
6.390724, 5.907986
6.247422, 6.015664
6.215976, 6.034848
6.171252, 6.078265
6.139307, 6.112670
6.109190, 6.148684
6.073880, 6.199370
6.042182, 6.247490
5.994791, 6.301943
