main root
7.078356, 4.549887
7.027390, 4.789225
7.010529, 4.969983
6.991596, 5.233713
6.977922, 5.377442
6.955788, 5.528854
6.949660, 5.684103
6.941248, 5.845295
6.941378, 5.970269
6.939397, 6.091501
6.945889, 6.210834
6.942233, 6.336878
6.953475, 6.480941
6.950943, 6.610029
6.934831, 6.768167
6.937609, 6.935576
6.928459, 7.111049
6.910779, 7.289483
6.893693, 7.483320
6.871954, 7.612775
6.835031, 7.726149
6.775549, 7.882156
6.730624, 8.016564
6.692897, 8.161215
6.653882, 8.281378
6.625369, 8.409927
6.589902, 8.531038
6.565974, 8.627808
6.548897, 8.671927
6.546572, 8.711105
ec14c591-7ace-46e9-a86a-373247bed344
7.066466, 4.830306
7.199081, 4.865458
7.383684, 4.895678
7.467320, 4.909053
7.609380, 4.897871
7.663304, 4.897788
7.708952, 4.908234
7.791579, 4.922887
7.848549, 4.936030
b8244e4f-fcdc-46d2-9084-06ca1437b31f
6.978249, 4.734768
6.900352, 4.723520
6.807119, 4.666307
6.749866, 4.609258
6.718255, 4.586755
6.659790, 4.557507
6.583767, 4.522587
6.533691, 4.506530
6.485450, 4.492633
621191e0-8770-4823-90dc-1af7a45ebbba
7.019757, 4.886903
6.870348, 4.864636
6.832891, 4.844931
6.794647, 4.817167
6.728896, 4.799494
6.680953, 4.813242
6.606722, 4.829256
6.554111, 4.828637
6.471761, 4.826407
6.414260, 4.829477
c2bb8ec7-ef98-4782-afa5-e544ffee92ef
6.962354, 5.443519
6.861041, 5.447524
6.795630, 5.454770
6.758584, 5.462955
