main root
5.639519, 5.317299
5.993335, 5.359078
6.145667, 5.524688
6.225821, 5.615072
6.322740, 5.819873
6.381213, 6.144048
6.450328, 6.381270
6.443412, 6.622037
6.406787, 6.825736
6.406403, 6.971597
6.426232, 7.090925
6.464442, 7.203563
6.471109, 7.333025
6.478534, 7.507530
6.535634, 7.739564
6.565636, 7.845186
6.598724, 8.004459
6.619463, 8.145776
6.653782, 8.225991
6.685196, 8.345520
6.719701, 8.492999
6.754949, 8.616004
6.789339, 8.759490
6.819704, 8.883048
6.842137, 9.009467
6.868557, 9.134318
6.894851, 9.258575
6.916925, 9.383165
6.939079, 9.508217
6.945722, 9.618486
6.971379, 9.727704
6.971226, 9.802004
6.977356, 9.908911
6.986258, 10.027301
6.995145, 10.145504
6.998326, 10.271816
7.001628, 10.415591
7.002325, 10.537653
7.000892, 10.656019
6.996216, 10.785951
6.987748, 10.903913
6.976580, 11.030176
6.964049, 11.147890
6.947343, 11.264970
6.936793, 11.383710
6.922130, 11.501068
6.898185, 11.624975
6.879197, 11.764738
6.860273, 11.898277
6.843200, 12.018757
6.822504, 12.170331
6.816334, 12.293360
6.797470, 12.419561
6.767944, 12.563819
6.747936, 12.672124
6.725534, 12.746936
6.703647, 12.833769
6.690830, 12.921679
0810056f-0f45-4bd4-adcd-5bf58a9efff9
5.514110, 5.363854
5.357169, 5.435558
5.108813, 5.483329
4.981341, 5.496527
4.838326, 5.507375
4.741034, 5.500333
4.640037, 5.484741
4.548833, 5.460038
4.453148, 5.423164
4.340705, 5.384355
4.239693, 5.358446
4.130180, 5.341277
4.030809, 5.317134
3.939769, 5.299344
3.848198, 5.283593
3.764957, 5.275588
3.681349, 5.273797
3.596326, 5.269902
3.511424, 5.263936
3.427517, 5.262198
3.334023, 5.256054
3.241090, 5.249946
3.148455, 5.250182
3.047363, 5.263130
2.937755, 5.272903
2.843725, 5.274952
2.742529, 5.283505
2.641287, 5.292061
2.548482, 5.299904
2.455678, 5.307747
2.362048, 5.311438
2.288778, 5.311330
2.229865, 5.317232
2.147342, 5.333018
2.077253, 5.340331
2.029286, 5.347450
cacb1b38-1774-46af-a462-87066da893e0
5.291730, 5.398768
5.287532, 5.306259
5.270906, 5.249683
5.249612, 5.209076
f05e00eb-9e67-4294-adfa-9d4d8876063e
5.088598, 5.534014
5.100880, 5.610671
5.103659, 5.663380
4fe8248e-345b-461e-ab78-ebda20f97a81
6.009583, 5.539306
5.935702, 5.619712
5.896529, 5.647671
5.864287, 5.667193
5.853891, 5.692848
5.793493, 5.768827
5.752305, 5.830262
5.700443, 5.907618
5.667848, 5.958923
5.635605, 6.006884
5.588367, 6.077151
5.555707, 6.128414
5.523405, 6.176332
5.476077, 6.246538
5.442139, 6.291528
5.407619, 6.347229
5.373980, 6.387305
5.342311, 6.420376
5.310892, 6.475640
5.297446, 6.511404
5.282062, 6.560828
5.270273, 6.618851
5.264314, 6.685757
5.253624, 6.738297
5.244272, 6.821796
5.235740, 6.871076
5.221834, 6.916296
4565ca59-92a8-4469-89dc-970258237d06
6.322504, 6.222421
6.273893, 6.277151
6.222792, 6.325670
6.168958, 6.380911
6.132081, 6.423041
6.109082, 6.460678
6.085905, 6.498606
232e3292-8bf9-4eb0-a627-888aaf8a9fde
5.855565, 5.266256
6.078337, 5.145875
6.124811, 5.123803
6.190404, 5.112809
6.269308, 5.123075
6.311717, 5.137650
6.343341, 5.142193
56b1a489-39e2-4ba6-8c17-159101b9d242
6.350501, 7.046502
6.310686, 7.075800
6.262485, 7.108693
6.223422, 7.129842
6.178748, 7.154028
6.127232, 7.180217
6.081947, 7.203239
6.029690, 7.233162
5.960785, 7.281242
5.903906, 7.315875
5.868750, 7.333776
5.832336, 7.348959
5.773612, 7.381552
5.723542, 7.404207
5.676511, 7.427129
5.623759, 7.456170
5.587349, 7.479631
5.548642, 7.509915
5.509786, 7.544115
7fa6e889-a8f2-4bff-8b6b-97eec8478785
6.412453, 5.861012
6.469353, 5.933909
6.515455, 5.989409
6.555418, 6.031210
6.596286, 6.065572
6.647517, 6.120446
6.678306, 6.155618
6.713211, 6.183437
6.748814, 6.213727
6.787649, 6.244800
6.832117, 6.288049
6.876720, 6.329340
6.937132, 6.368950
6.953584, 6.397631
6.983044, 6.396467
7.021713, 6.400932
7.087283, 6.409995
7.144180, 6.426925
7.203430, 6.449253
7.262467, 6.460318
7.332462, 6.470392
7.397752, 6.481286
7.469671, 6.488721
7.532058, 6.499671
7.600448, 6.510142
7.657091, 6.527899
7.730958, 6.541644
7.795468, 6.553648
7.824936, 6.560653
282f7795-1243-4a51-8b1a-c8b528bc70b9
6.107533, 5.351097
6.190235, 5.322065
6.251919, 5.299981
6.291158, 5.288874
6.373676, 5.249991
6.469793, 5.233947
6.565433, 5.246785
6.634638, 5.264877
6.715665, 5.279872
6.761791, 5.289931
6.824894, 5.318206
6.870266, 5.351815
6.894135, 5.385406
6.912890, 5.414385
6.931012, 5.491623
016e309e-23f5-4af7-a20c-d0278c14ba0b
5.902770, 5.230639
6.016985, 5.236437
6.107369, 5.254835
6.254580, 5.296795
6.370936, 5.275568
6.461623, 5.286304
6.499588, 5.280374
6.538784, 5.261327
6.638519, 5.244044
29aff08b-97d8-458c-b36e-76958c92b16c
6.142086, 5.412372
6.212504, 5.400177
6.318421, 5.379056
6.432531, 5.388539
6.496785, 5.397041
6.575685, 5.404461
6.654810, 5.408895
6.707136, 5.416325
6.753643, 5.424439
6.827961, 5.455148
6.890915, 5.490137
6.924032, 5.510256
6.976451, 5.581042
7.034359, 5.644152
7.073189, 5.699751
7.117351, 5.757758
7.161485, 5.779019
7.223368, 5.794111
7.300233, 5.806366
7.383289, 5.807008
7.477518, 5.818255
7.570021, 5.825058
7.650825, 5.826499
7.737635, 5.830164
7.778928, 5.834902
7.824039, 5.848815
17d20d7c-985c-4176-ab3d-6837adccf947
6.451830, 7.618105
6.355079, 7.633452
6.315388, 7.642078
6.193405, 7.678970
73a7fb07-ee8d-4ea2-b007-0b5f4030b5b1
6.506277, 7.774094
6.385733, 7.778795
6.333576, 7.769117
6.301685, 7.760156
6.253502, 7.736801
6.210167, 7.707479
6.173353, 7.682569
6.131262, 7.667297
6.095354, 7.651084
6.056820, 7.633686
6.004786, 7.608549
5.959045, 7.586451
5.928828, 7.566868
5.888267, 7.538796
5.846497, 7.509889
5.807180, 7.488139
5.766251, 7.467208
5.737723, 7.455982
75a5e413-376a-43c2-95e9-06458d9b6aa2
6.531200, 7.606777
6.652366, 7.569326
6.691205, 7.552515
6.725785, 7.534285
6.758242, 7.515482
c35ffcb2-8f58-4577-8265-79944ba705b9
6.562625, 7.695424
6.644445, 7.655290
6.706625, 7.629810
6.770511, 7.612582
6.835041, 7.606737
6.899787, 7.603879
6.958311, 7.599798
6.994151, 7.592797
7.033012, 7.580631
7.086455, 7.559194
7.149019, 7.530874
7.204507, 7.502471
7.257264, 7.475466
7.308721, 7.452488
7.362084, 7.430300
7.400026, 7.412902
94eca86b-8488-43d6-a350-bfbe4e014f27
6.666131, 8.009694
6.744826, 7.967697
6.783409, 7.943712
6.820327, 7.917239
6.840967, 7.902437
6.898493, 7.886345
6.943418, 7.867561
6.974206, 7.859555
7.024445, 7.844945
7.073226, 7.830757
7.130138, 7.814205
7.176874, 7.806848
7.237910, 7.794209
7.297107, 7.780422
7.348822, 7.765304
7.383360, 7.755208
b649d3f5-76cc-49da-8898-01763fc9f13e
6.559184, 8.180671
6.519206, 8.192632
6.456461, 8.210539
6.387304, 8.224049
6.314596, 8.238252
6.245469, 8.257853
6.183861, 8.294283
6.109900, 8.321644
6.020261, 8.349415
5.975233, 8.354092
5.784176, 8.371909
5.683018, 8.381344
5.601738, 8.394936
5.527808, 8.405782
5.478921, 8.410857
e1d44acf-7df6-45d7-ad8d-6b2e6409db30
6.744867, 8.356436
6.797553, 8.357882
6.850607, 8.354381
6.890719, 8.341240
6.929035, 8.331836
6.967954, 8.325367
6.997934, 8.314314
7.041200, 8.291983
7.071887, 8.279511
7.119265, 8.263490
7.173530, 8.248298
7.226563, 8.230342
7.271479, 8.210395
7.308234, 8.194072
9722165c-ea85-486d-a97e-2e0c7b0e6885
6.743197, 8.413770
6.831573, 8.457233
6.890150, 8.483780
6.933958, 8.507975
6.974230, 8.532000
7.001750, 8.543570
7.044273, 8.556934
7.098473, 8.567692
7.140945, 8.580700
7.189521, 8.595577
7.248057, 8.611939
7.313289, 8.630174
7.366676, 8.648204
7.422824, 8.667167
7.475184, 8.688008
7.534137, 8.708252
7.588289, 8.728431
7.633969, 8.747050
7.682968, 8.765406
7.728618, 8.784104
7.771689, 8.796895
78e4d6b5-07f2-4a67-932f-efca2c36f6d2
6.837992, 8.718205
6.904361, 8.708328
6.957799, 8.691809
6.998078, 8.679358
7.038356, 8.666905
7.096950, 8.645658
7.152664, 8.625455
7.208378, 8.605252
7.248373, 8.593933
7.275910, 8.581473
f8066660-c7b7-4293-8b5b-4c592d4dbf4e
6.727521, 8.729065
6.663627, 8.754366
6.607553, 8.779704
6.564514, 8.782920
6.507827, 8.797284
6.449120, 8.808192
6.375507, 8.815289
6.296966, 8.825868
6.221448, 8.836040
6.149781, 8.841162
6.102670, 8.847530
6.030297, 8.870907
5.977580, 8.875443
d8f01ff5-46f6-4e26-b322-89b926c1d8fc
6.907988, 8.912715
6.986700, 8.929575
7.044547, 8.936196
7.123086, 8.942808
7.192553, 8.954442
7.279742, 8.958423
7.352706, 8.964750
7.444321, 8.982076
5f58ea77-57f9-42d8-9f6e-2d447c95f7f3
6.918583, 9.154995
6.999466, 9.132042
7.028919, 9.108500
7.048239, 9.097165
7.053568, 9.076673
7.058852, 9.050202
7.073918, 9.039914
7.096071, 9.019350
7.133697, 8.974211
7.238178, 8.912196
df3e7550-72e0-4d49-83e2-3fcb2264ca05
7.024169, 9.742727
7.098502, 9.734812
7.176320, 9.715697
7.246578, 9.703194
7.319140, 9.693220
7.401963, 9.686083
7.449103, 9.683522
7.493742, 9.690038
27e1bec3-de76-401e-a6c2-5f513afd9ad4
6.940357, 9.893079
6.873962, 9.869162
6.850034, 9.865979
6.825063, 9.856638
6.781466, 9.845111
6.729655, 9.826768
6.687923, 9.815168
6.642468, 9.797873
e03f3aa0-368a-4a7e-b221-cd2e83abe7f5
6.946390, 10.278502
6.871973, 10.258206
6.822218, 10.238432
6.779014, 10.226093
6.710178, 10.209547
6.660532, 10.196074
33c7f14f-abae-444d-aa34-340439ad529a
6.946601, 10.828856
6.902093, 10.806370
6.849042, 10.789559
6.799247, 10.772332
6.757522, 10.764831
6.699536, 10.755925
6.674045, 10.750496
6.643875, 10.748661
97220c1b-4eb9-4acd-aaa1-ce182cabaceb
7.054335, 10.785617
7.109503, 10.784491
7.166155, 10.786081
7.225214, 10.781898
7.273776, 10.778459
19594e48-5723-44f5-88ca-addf5ac5522d
7.013066, 11.159368
7.044930, 11.153004
7.088646, 11.141582
7.123437, 11.132378
7.173782, 11.129925
7a4a9303-7329-4421-b76c-9c0286b2c177
6.946133, 11.614006
6.995136, 11.653173
7.027541, 11.688770
