main root
6.884974, 4.776139
6.773297, 4.976921
6.702262, 5.177275
6.678396, 5.298728
6.656028, 5.516411
6.627062, 5.701695
6.586523, 5.920734
6.568577, 6.052451
6.585508, 6.316438
6.581397, 6.470876
6.586099, 6.607941
6.574798, 6.695502
6.540721, 6.849340
6.503962, 6.996266
6.454337, 7.152401
6.385987, 7.318522
6.319087, 7.470285
6.258375, 7.618167
6.224273, 7.712289
6.204805, 7.766021
6.186074, 7.800145
6.180360, 7.844765
9635dc87-c9a2-4ca6-aef9-143d9033a6a9
6.691095, 4.923995
6.615902, 4.900125
6.573595, 4.896074
6.542053, 4.899350
6.503440, 4.899938
6.468105, 4.901973
6.430073, 4.908662
6.400365, 4.909328
6.373823, 4.902438
6.359788, 4.912707
6.288205, 4.934541
6.255777, 4.941302
6.204469, 4.945885
6.144082, 4.952780
6.072835, 4.965434
6.009010, 4.978876
5.977942, 4.985419
9f7395d5-8515-4918-83c4-3cafd6ebcb4a
6.869606, 4.975041
6.916365, 5.038415
6.959500, 5.086647
7.008156, 5.163289
7.042511, 5.206234
7.088008, 5.265503
7.135549, 5.320060
7.180047, 5.371125
7.225321, 5.416245
7.264566, 5.459583
7.311465, 5.519419
7.335705, 5.560048
7.366070, 5.610945
7.389195, 5.658469
7.407961, 5.681404
