main root
6.137682, 4.213065
5.974608, 4.508282
5.940904, 4.599841
5.887706, 4.751110
5.843971, 4.856357
5.802736, 4.988217
5.759061, 5.106778
5.714243, 5.216232
5.672538, 5.318086
5.625017, 5.417389
5.586985, 5.511566
5.550928, 5.606500
5.510843, 5.700124
5.473290, 5.803962
5.440752, 5.900155
5.413623, 5.980356
5.385847, 6.069034
5.359562, 6.167106
5.341731, 6.258013
5.326356, 6.358374
5.311771, 6.467552
5.306745, 6.569071
5.302140, 6.662087
5.310734, 6.743744
5.316348, 6.837281
5.330270, 6.928800
5.340190, 7.021976
5.350048, 7.114587
5.364040, 7.206279
5.380133, 7.297797
5.391519, 7.399194
5.404951, 7.499848
5.414217, 7.601270
5.422691, 7.694014
5.426368, 7.804033
5.427138, 7.889148
5.421714, 7.991028
5.419308, 8.075259
5.412720, 8.160625
5.408233, 8.238202
5.396795, 8.306370
5.385922, 8.358631
5.383964, 8.546805
5.366966, 8.597899
5.386337, 8.746310
5.377377, 8.932747
5.378645, 9.076858
5.381856, 9.217875
5.383542, 9.291939
5.384422, 9.351812
5.355286, 9.492068
5.344222, 9.537964
5.331483, 9.571641
5.314383, 9.621087
5.298705, 9.671001
5.283481, 9.719467
5.248142, 9.841639
5.238030, 9.946871
5.215713, 10.114616
5.204531, 10.246288
5.198048, 10.347629
5.195685, 10.417046
5.190769, 10.476404
5.080886, 10.744807
5.058436, 10.799644
5.023368, 10.997711
4.986665, 11.157293
4.966103, 11.265579
4.944424, 11.390997
4.931313, 11.491680
4.918892, 11.563883
4.916961, 11.610434
4.923191, 11.676879
4.890781, 11.810580
4.857403, 11.859333
4.875930, 11.891305
4.862194, 12.077518
4.863652, 12.208488
4.858734, 12.359909
4.843578, 12.503509
4.831785, 12.660175
4.821775, 12.793149
4.770126, 12.948789
4.749459, 13.011066
4.578760, 13.159310
6776542b-e863-4416-85bf-789586a19eaf
6.026161, 4.511340
6.065431, 4.585931
6.087733, 4.622973
6.128743, 4.674235
6.159404, 4.709846
6.182464, 4.740989
6.214129, 4.768410
6.266894, 4.817249
6.280204, 4.846088
6.302606, 4.842000
6.373474, 4.881491
6.418660, 4.911447
6.513663, 4.953224
6.595043, 5.002795
6.683302, 5.068945
6.741837, 5.099600
6.846849, 5.154593
6.908727, 5.186998
6.955720, 5.217104
76c33a2d-6d85-47f4-8c07-975c59488f8c
5.926691, 4.536947
5.859151, 4.555961
5.782210, 4.581899
5.706206, 4.603083
5.667465, 4.613880
5.603009, 4.620104
5.527161, 4.627429
5.456696, 4.628222
5.412249, 4.628720
5.377868, 4.656266
5.274615, 4.666563
5.196078, 4.664232
5.114522, 4.675289
5.019510, 4.670158
4.955561, 4.665210
4.912848, 4.660406
4.857132, 4.643597
4.807373, 4.617638
4.776341, 4.628565
4.735909, 4.633282
4.698060, 4.649769
4.575672, 4.635567
4.483460, 4.639949
4.387410, 4.618201
4.262760, 4.575029
4.198439, 4.546434
4.113066, 4.521602
4.027070, 4.509075
3.981451, 4.496423
4985fe37-df97-42dc-954f-a7fc58f46a76
5.440503, 8.310006
5.479418, 8.331589
5.554556, 8.366302
5.644073, 8.406936
5.690108, 8.421132
5.716849, 8.432391
5.759339, 8.446909
5.781724, 8.457600
5.819492, 8.475511
5.857310, 8.493319
5.899158, 8.509589
5.936789, 8.524097
5.956768, 8.534885
00a0b3e2-d61f-4d1b-a1d9-d9056e418229
5.343484, 8.345280
5.313897, 8.373790
5.269228, 8.399742
5.225699, 8.412341
5.037649, 8.446618
4.993639, 8.457691
4.931141, 8.454389
4.888930, 8.452148
4.843562, 8.452737
4.804241, 8.450254
4.748269, 8.443720
4.689404, 8.436848
4.647798, 8.433497
c3bf1969-9cdc-4ce9-8be6-ec4924b365d7
5.428849, 9.323700
5.488374, 9.345453
5.540467, 9.362505
5.611169, 9.406562
5.644240, 9.434222
5.680614, 9.468548
e19efa65-9b7c-469a-890d-727ac8d7aa3f
5.365671, 8.904445
5.275537, 8.957161
5.195824, 8.978909
5.163209, 8.984703
5.126036, 8.988268
5.071085, 8.989025
5.020287, 8.989726
4.981550, 8.988764
