main root
6.611153, 5.318698
6.562815, 5.515883
6.539028, 5.604199
6.526844, 5.705258
6.536109, 5.870966
6.485359, 6.136207
6.463295, 6.284483
6.434977, 6.432841
6.405428, 6.575439
6.381382, 6.670666
6.360550, 6.779093
6.349748, 6.880156
6.326984, 6.987343
6.314175, 7.088383
6.304579, 7.180803
6.291974, 7.281721
6.283600, 7.382903
6.278033, 7.475664
6.274064, 7.577128
6.272208, 7.678656
6.264003, 7.780362
6.266407, 7.882093
6.260356, 7.984182
6.254846, 8.077147
6.249335, 8.170113
6.239205, 8.239845
6.228250, 8.315249
6.225705, 8.374401
6.225292, 8.453646
6.221917, 8.526833
6.221259, 8.606075
6.223593, 8.685287
6.231997, 8.767259
6.239768, 8.843057
6.247537, 8.918855
6.255306, 8.994653
6.263076, 9.070453
6.267561, 9.143580
6.272224, 9.219632
6.283228, 9.301295
6.286671, 9.371676
6.293529, 9.450623
6.300121, 9.526532
6.307207, 9.573539
6.325376, 9.653912
6.345756, 9.730494
6.376340, 9.810497
6.394212, 9.915777
6.415596, 9.997025
6.426090, 10.053521
6.429934, 10.106997
6.437385, 10.168882
6.441499, 10.240618
6.442253, 10.326221
6.448816, 10.391419
6.451473, 10.447706
6.450038, 10.480801
6.467965, 10.674088
6.467896, 10.748033
6.469327, 10.817237
6.470727, 10.884930
6.466194, 10.955246
6.466545, 11.047879
6.465301, 11.114116
6.461090, 11.178784
6.453347, 11.251648
6.445620, 11.344251
6.438620, 11.410130
6.438360, 11.455061
6.442469, 11.520958
6.451442, 11.592758
6.464854, 11.663865
6.473912, 11.728037
6.484562, 11.803486
6.508357, 11.911512
6.528242, 11.973952
6.516320, 12.014799
6.531467, 12.040072
6.539221, 12.084514
6.554326, 12.153672
6.563434, 12.216418
6.571477, 12.286262
6.573041, 12.339089
6.570236, 12.396090
6.562747, 12.456924
6.549519, 12.515374
6.532703, 12.589693
6.511371, 12.656847
6.488298, 12.729475
6.472278, 12.779907
6.465276, 12.821719
6.457605, 12.903771
6.455916, 12.986160
6.457502, 13.054817
6.464848, 13.113567
6.475974, 13.190485
6.483670, 13.254156
6.481066, 13.310823
6.483110, 13.364144
6.529592, 13.452412
6.795779, 13.583306
7.241309, 13.629773
7.905962, 13.633408
8.013289, 13.630388
8.057982, 13.620146
8.129669, 13.615725
8.183908, 13.615380
8.223895, 13.619616
8.289611, 13.628082
8.348418, 13.643205
8.430426, 13.650381
8.514535, 13.655662
8.570000, 13.654643
8.692580, 13.648695
8.755506, 13.639004
8.809058, 13.629242
8.861773, 13.635380
8.914923, 13.658597
8.952721, 13.668438
c8178b40-9ddf-466f-ad00-a9d13b2c815f
6.568916, 5.412057
6.413647, 5.458893
6.392053, 5.465505
6.343665, 5.495976
6.179305, 5.470280
5.980318, 5.554345
5.936270, 5.571326
5.920684, 5.589034
5.862872, 5.627910
5.829092, 5.652428
5.802402, 5.677349
5.766745, 5.712687
5.735146, 5.750325
5.699686, 5.808855
5.677333, 5.837086
5.218856, 5.985224
3d3f3a6b-6e8c-4526-9c07-ccdf7a32ba72
6.512347, 5.766421
6.390562, 5.761846
6.365182, 5.760890
6.319792, 5.762174
6.249721, 5.761279
6.203470, 5.756200
6.152978, 5.750655
6.092413, 5.745509
6.039052, 5.745481
6.013032, 5.743971
5.804556, 5.786872
5.693180, 5.830233
5.506169, 5.853747
5.483531, 5.853614
5.459943, 5.840317
5.433204, 5.834361
5.403614, 5.825980
5.375600, 5.819341
5.342524, 5.812783
5.309914, 5.807588
5.273013, 5.806003
5.249351, 5.797245
5.235655, 5.810334
5.212707, 5.813426
5.174645, 5.814023
5.132359, 5.814685
5.078162, 5.812542
5.039532, 5.809515
5.009489, 5.805660
4.869107, 5.832349
4.812432, 5.830002
4.788075, 5.825977
4.768110, 5.835206
4.732968, 5.844853
4.690048, 5.859742
4.652819, 5.867902
4.603199, 5.878779
4.562063, 5.884732
4.509303, 5.887830
4.458594, 5.890807
4.400838, 5.892700
4.354409, 5.889728
4.300535, 5.889280
4.241270, 5.888787
4.178990, 5.891262
4.116900, 5.896726
4.056502, 5.903543
4.015220, 5.909708
3.957632, 5.920977
e0d7370e-92ba-4346-afad-90dd886f91af
6.631510, 5.502696
6.665716, 5.530981
6.691136, 5.548117
6.721618, 5.565055
6.755106, 5.581951
6.783815, 5.591407
6.833953, 5.606346
6.870299, 5.615614
7.033127, 5.675476
7.070738, 5.690899
7.100126, 5.706184
7.135665, 5.726357
7.176762, 5.744520
7.219392, 5.761725
7.252701, 5.768713
7.304491, 5.779577
7.336438, 5.780162
7.392651, 5.784185
7.450167, 5.789802
7.489502, 5.798155
7.539195, 5.808709
7.584748, 5.829095
7.611264, 5.827598
7.717739, 5.844967
7.845951, 5.925362
7.880775, 5.941878
7.909316, 5.957052
7.941181, 5.972278
7.973670, 5.986124
8.002795, 6.000145
8.027206, 6.016901
8.088158, 6.027456
8.187410, 6.047757
8.228883, 6.056240
8.270355, 6.064722
8.326653, 6.077765
8.374345, 6.090351
8.421638, 6.104379
8.492760, 6.126532
cca3abfe-0526-47da-95b1-3c95e96d76fc
6.530083, 5.492081
6.278016, 5.513518
6.250598, 5.515849
6.225289, 5.518001
5.906795, 5.541874
5.695953, 5.487616
5.599533, 5.470596
5.531956, 5.455192
5.451735, 5.431524
5.391140, 5.419656
5.200708, 5.453199
5.151051, 5.462830
5.114234, 5.463871
5.071921, 5.465067
5.032516, 5.463186
4.987102, 5.464014
4.947717, 5.461738
4.908618, 5.456480
4.870032, 5.448269
4.839567, 5.444848
4.794193, 5.442762
4.750344, 5.442246
4.709530, 5.440268
4.657224, 5.439232
4.612783, 5.438352
fcb0a448-8b4c-4504-86cc-041f00d88c62
6.499530, 5.843250
6.354103, 5.948041
6.322279, 5.966592
6.276696, 6.009106
6.244070, 6.042865
6.213238, 6.078270
6.176922, 6.128239
6.144268, 6.175715
6.095797, 6.229210
5.951384, 6.323863
5.887804, 6.402496
5.729819, 6.535645
5.726225, 6.648480
465acba6-32d8-4d67-bde1-be5953e143d0
6.450991, 6.196256
6.582210, 6.236950
6.612112, 6.247880
6.641616, 6.253975
6.671695, 6.255692
6.706510, 6.256266
6.750621, 6.246430
6.778881, 6.235440
6.795280, 6.249841
6.823433, 6.253739
6.849999, 6.256160
6.876920, 6.257110
6.992546, 6.297722
7.022126, 6.303443
7.048718, 6.307149
7.078847, 6.306900
7.091501, 6.299118
7.111174, 6.294050
7.144982, 6.283780
7.166303, 6.281982
7.204082, 6.274276
7.234034, 6.269680
7.266192, 6.266247
7.298474, 6.264291
7.333620, 6.260649
7.354893, 6.262945
7.376848, 6.268325
25130c28-7f80-4674-a077-3289c597f627
6.354506, 6.560740
6.300187, 6.561686
6.260863, 6.559367
6.236567, 6.554926
6.218488, 6.566468
6.142072, 6.570145
6.072995, 6.574967
6.004760, 6.582731
5.953754, 6.591547
5.885948, 6.612381
5.853739, 6.634802
5.814903, 6.656367
5.771074, 6.678992
5.726576, 6.700278
5.691001, 6.715637
5.667681, 6.725704
5.478110, 6.838167
5.443283, 6.853608
5.406119, 6.866808
5.380366, 6.879129
5.346499, 6.898649
5.308735, 6.923867
5.274368, 6.943215
5.251095, 6.959751
5.215890, 6.988434
5.183081, 7.015165
5.150475, 7.039800
5.117803, 7.068236
b43fe5c9-e824-49a0-be30-4f6e68e1b1f9
6.360182, 6.428719
6.331039, 6.433007
6.318191, 6.426795
6.180543, 6.423811
6.063981, 6.464003
6.012965, 6.463124
5.973678, 6.459453
5.931527, 6.455514
5.892633, 6.448874
5.829856, 6.451123
9986fb58-6ed4-40e0-a729-b6af938221fa
6.342824, 6.823493
6.247737, 6.841574
6.208545, 6.845976
6.194986, 6.857606
6.143297, 6.870059
6.132693, 6.886305
6.074616, 6.925767
6.026788, 6.952837
5.983145, 6.975817
5.937561, 7.006585
5.748972, 7.119812
5.671349, 7.139699
5.600509, 7.159990
5.564928, 7.165511
5.533580, 7.177948
047517bb-1f7e-4c27-b0de-43a4c355406e
6.311687, 6.815030
6.274343, 6.786755
6.260737, 6.783207
6.222058, 6.771576
6.170512, 6.753181
6.029436, 6.770190
5.959469, 6.744058
5.834945, 6.692900
5.732285, 6.688325
4da38c5c-287d-4498-82a3-97d121101442
6.288633, 7.055356
6.234235, 7.045614
6.196618, 7.043652
6.162194, 7.043566
6.127809, 7.045188
6.093546, 7.048514
6.070955, 7.047699
5.708467, 7.077608
5.684328, 7.078311
5.663090, 7.074649
5.628923, 7.070492
5.601806, 7.068915
4de6c6ed-b6b4-4e57-b56a-cdd5537bf4c8
6.252711, 7.371469
6.202951, 7.392604
6.167169, 7.401297
6.153836, 7.416313
6.119393, 7.441578
6.093792, 7.460358
6.079102, 7.482398
6.057900, 7.506114
6.023926, 7.541871
5.993200, 7.569863
5.966600, 7.594097
5.948119, 7.604859
5.800505, 7.697974
5.773269, 7.709844
5.743003, 7.721399
5.718411, 7.732390
5.686741, 7.748181
5.655768, 7.765296
5.627393, 7.782684
5.605736, 7.795956
82e131ff-85aa-427e-9ca4-a87a414dc3a3
6.258907, 7.314300
6.216255, 7.300893
6.197732, 7.290299
6.185803, 7.298875
6.166276, 7.300204
6.137424, 7.303675
6.117434, 7.300049
5.921039, 7.331927
5.899680, 7.330845
5.867426, 7.327712
5.833717, 7.324438
5.788317, 7.323036
5.747551, 7.320280
5.705832, 7.318959
d25b99b4-51e5-4683-899a-abd69cec9a8b
6.200294, 7.808727
6.151762, 7.842598
6.019248, 7.862498
5.942633, 7.875518
5.875494, 7.889963
5.813777, 7.908600
5.653301, 8.002534
5.607194, 8.019117
5.520495, 8.052537
5.462442, 8.065291
5.391721, 8.086959
5.301825, 8.112301
5.246819, 8.127808
81bd4c7f-e849-4f43-bb2d-9e81cb0e9742
6.289844, 8.980815
6.316277, 8.989542
6.336972, 9.004256
6.383874, 9.026538
6.432655, 9.127679
6.541072, 9.203289
6.760459, 9.308500
bfe9e1da-9016-469d-92f2-c001437bf0d5
6.331375, 9.824853
6.275062, 9.850160
6.227970, 9.872960
6.184329, 9.889101
6.132256, 9.916336
6.086604, 9.941901
6.042852, 9.964685
6.011574, 9.979285
5.864636, 10.077513
5.806654, 10.117464
5.741427, 10.149842
5.662978, 10.184154
5.575533, 10.217810
5.484713, 10.243747
5.396762, 10.273240
5.322620, 10.301261
5.249589, 10.332061
5.157154, 10.368749
5.114421, 10.380879
93ff2e7a-0b20-45f2-b4de-84d84b0ac052
6.436954, 9.923392
6.489547, 9.915559
6.579360, 9.969789
6.647742, 9.994122
6.694300, 10.030550
6.774897, 10.097910
6.865055, 10.130366
6.938664, 10.155274
7.014636, 10.177822
7.120154, 10.209138
7.185768, 10.234857
7.252839, 10.264361
7.323895, 10.297918
7.379242, 10.327368
e1307fc1-4b0b-4e8d-bb65-f06b88689d5b
6.306262, 9.229238
6.384948, 9.239143
6.470257, 9.233478
6.681487, 9.218571
6.735409, 9.207302
61d83203-ed5b-44ae-81f5-8371056c54e1
6.484495, 10.531901
6.566209, 10.551458
6.700017, 10.626411
6.826933, 10.681729
6.877126, 10.706906
6.966775, 10.734371
7.023242, 10.751701
7.111960, 10.782973
7.173265, 10.808980
7.222831, 10.837225
01cf9714-6411-4548-8317-e23553de374e
6.427361, 5.628677
6.025494, 5.576533
5.806343, 5.563624
5.585275, 5.510697
5.266330, 5.461333
5.218389, 5.449657
5.198913, 5.466382
5.129714, 5.474060
5.055149, 5.475949
4.968603, 5.469843
4.894189, 5.463093
4.824804, 5.450787
4.765760, 5.446394
98f8581d-459c-4673-997f-65b2914d6dea
6.200636, 7.818923
6.024033, 7.810500
5.989551, 7.807994
5.950649, 7.802166
5.908900, 7.795911
5.845182, 7.790904
5.755858, 7.784770
22d2aba7-6a5c-48b7-aaa8-e0bce3b4f88d
6.464450, 10.339922
6.501210, 10.353710
6.533537, 10.359314
6.566117, 10.364961
6.600591, 10.369274
6.619111, 10.377624
6.644058, 10.387385
6.673347, 10.394175
6.705275, 10.395432
8053ec0a-6e5c-4b4a-905d-ef3115e33615
6.461406, 11.473522
6.489901, 11.497059
6.534506, 11.522456
8167d27d-0561-4947-a994-84446ee65e21
6.439277, 11.690316
6.390345, 11.707225
6.201390, 11.755911
6.179265, 11.764380
6.136528, 11.790359
9c8a9435-9e91-4984-9598-f3b3624bd75e
6.548966, 12.103100
6.586485, 12.102444
6.618876, 12.103559
6.650608, 12.104651
6.677541, 12.104082
1648ecc1-8c6a-48ef-a580-2cdb206a2ead
6.506315, 12.478198
6.581621, 12.506257
6.651782, 12.545508
6.710286, 12.566204
6.748287, 12.600491
