main root
7.282788, 5.393121
7.251485, 5.757981
7.202373, 5.981960
7.174327, 6.123610
7.154610, 6.381246
7.135667, 6.566170
7.119369, 6.704866
7.107784, 6.847660
7.101406, 6.952458
7.091114, 7.087201
7.087607, 7.188664
7.086215, 7.290192
7.084821, 7.391782
7.083544, 7.484909
7.080160, 7.578247
7.071661, 7.696215
7.064968, 7.789104
7.054046, 7.882160
7.043190, 7.974652
7.034449, 8.067162
7.019339, 8.159994
7.005116, 8.260542
6.992990, 8.361362
6.972419, 8.461541
6.952342, 8.569837
6.916429, 8.682524
6.885576, 8.779333
6.856153, 8.885591
6.826785, 8.991655
6.793365, 9.096494
6.754792, 9.217495
6.713364, 9.319586
6.667455, 9.438303
6.618983, 9.546101
6.569989, 9.661521
6.520803, 9.771998
6.493362, 9.875080
6.466114, 10.005434
6.440840, 10.153028
6.414308, 10.294061
6.391339, 10.437641
6.374356, 10.595686
6.352687, 10.748350
6.338482, 10.878248
6.314783, 11.018720
6.283013, 11.170676
6.243915, 11.337395
6.209299, 11.493971
6.182964, 11.614869
6.155911, 11.758519
6.129272, 11.899967
6.108869, 12.040221
6.084843, 12.191380
6.065584, 12.325841
6.046378, 12.459933
6.020209, 12.583404
5.999869, 12.709747
5.983721, 12.810056
5.959985, 12.917558
5.940162, 13.017151
5.916151, 13.116118
5.890199, 13.223079
5.869690, 13.298635
5.833395, 13.362035
5.795554, 13.415392
5.736416, 13.459102
fc9491a3-9daa-400f-be8b-95c882c689c5
7.132796, 5.757338
7.037990, 5.752622
6.945229, 5.752219
6.886852, 5.748972
6.828577, 5.750430
e3b39346-f237-4ffd-b990-61ffd1c17ce5
7.048877, 7.448516
6.964953, 7.472834
6.895151, 7.487958
6.819620, 7.506134
6.736445, 7.533168
6.675364, 7.579625
6.616143, 7.615266
6.563550, 7.646918
6.534305, 7.671506
6.475435, 7.726866
6.433427, 7.760675
8486e3e9-795a-47ba-bb5a-40473fac017d
6.955367, 8.343900
6.902152, 8.283241
6.804484, 8.240613
6.745856, 8.196075
6.722673, 8.176582
6.697262, 8.170925
6.667498, 8.159699
6.635758, 8.146129
6.606510, 8.138507
3d05a13c-09e2-41c3-ae5e-6c23a668b111
7.074050, 8.096255
7.128304, 8.114615
7.206871, 8.136306
7.280359, 8.156109
7.339246, 8.178458
04fa1edc-6dc5-4716-acea-e929bde37a5e
7.107256, 7.611502
7.168564, 7.609562
7.211803, 7.607062
7.250541, 7.606144
7.320291, 7.621075
7.374694, 7.635781
7.410850, 7.640904
7.451553, 7.642136
7.519258, 7.644185
7.562146, 7.646981
7.588013, 7.650168
1581dc45-4871-466c-92eb-5dec04ced8ad
7.094363, 7.352817
7.173720, 7.381350
7.205821, 7.397663
7.255133, 7.419366
7.297720, 7.439743
7.320632, 7.450706
cbf860a5-ef55-4673-8eeb-ca8b587c48a0
7.148765, 6.976317
7.222946, 7.009268
7.278579, 7.046430
7.323214, 7.072645
7.362435, 7.088738
7.419215, 7.110417
7.482493, 7.134578
7.541725, 7.153991
7.598044, 7.172449
7.650588, 7.192819
7.709726, 7.212536
7.752124, 7.229827
7.799723, 7.249605
1c8d5ff4-e23d-40e0-877b-1bffa4762a9e
7.158417, 6.745812
7.223268, 6.752732
7.260408, 6.761212
7.325170, 6.765708
7.426668, 6.748389
7.507006, 6.746065
7.568492, 6.727884
7.646506, 6.680933
7.713498, 6.637375
7.755474, 6.624540
6c3dfdbc-5984-4cca-8989-b78ba2cedd37
7.201260, 6.411414
7.249307, 6.444906
7.332222, 6.490085
7.416864, 6.527572
7.502660, 6.563269
7.595728, 6.604282
7.642106, 6.629627
7.691147, 6.660146
73b5fc76-e5f5-4d47-9b0e-c6c06d281996
7.200308, 6.277615
7.278836, 6.281895
7.317826, 6.287944
7.352618, 6.290312
7.398046, 6.290405
7.443380, 6.287505
7.480037, 6.291160
7.523331, 6.292469
7.567004, 6.286303
7.621047, 6.281695
7.666825, 6.280797
7.721683, 6.284211
7.776619, 6.281631
7.830843, 6.284714
68d98acb-93fe-470b-86ce-306d273de107
6.752167, 9.105900
6.721866, 9.103347
6.685274, 9.084000
6.655842, 9.062767
6.635243, 9.047907
6.588218, 9.048059
6.543596, 9.051348
6.518127, 9.053374
6.495446, 9.044711
6.469795, 9.036507
6.439968, 9.031672
6.409754, 9.031314
6.379813, 9.035450
883a7d8c-b39b-491e-82a9-c507595becbf
6.667037, 9.328098
6.616902, 9.323069
6.575955, 9.317928
6.535717, 9.311094
6.490818, 9.298916
6.441997, 9.287222
6.408807, 9.277735
6.378835, 9.273836
6.348617, 9.274433
6.305307, 9.282774
12bbbbad-de3e-41c7-bc48-fbfe87484d42
6.606465, 9.610272
6.694746, 9.676187
6.769428, 9.731567
6.807499, 9.756026
6.845524, 9.776854
6.884953, 9.821519
6.917105, 9.853362
6.947085, 9.882999
6.981326, 9.912585
7.007588, 9.939184
7.037234, 9.969157
7.050916, 9.987194
c730dd08-2fa3-4908-b822-cb9c0a442e6f
6.479666, 9.720034
6.373230, 9.736681
6.303031, 9.741601
6.232684, 9.740511
6.189449, 9.742818
6.099306, 9.762618
6.024962, 9.778965
5.950622, 9.795330
5.876286, 9.811710
5.806524, 9.820951
5.733671, 9.827564
5.670124, 9.851150
765a3b73-9fa9-4d7a-a519-3af11ec9356c
6.397321, 10.092198
6.353170, 10.099657
6.287514, 10.119885
6.239942, 10.120444
6.212773, 10.126826
6.138422, 10.147366
6.081786, 10.164655
2f6b06bb-6129-4b59-ab80-ca6ea5e5073c
6.329417, 10.471067
6.297471, 10.476514
6.239947, 10.484951
6.194305, 10.488569
6.136478, 10.505423
b3db2bf1-1194-4d4b-ae4e-b7d599364e26
7.363807, 5.414557
7.457722, 5.428545
7.705668, 5.493027
7.787247, 5.514623
7.859968, 5.530704
7.949982, 5.565247
8.024145, 5.603575
8.074595, 5.599833
8.113196, 5.607943
8.158162, 5.614329
8.200067, 5.620278
8.232310, 5.627878
8.273506, 5.637586
8.311102, 5.649518
8.351443, 5.662320
8.388026, 5.677068
8.427281, 5.692891
8.462642, 5.710370
8.504595, 5.727766
8.543692, 5.743975
8.582789, 5.760182
8.621885, 5.776389
8.660982, 5.792595
8.713777, 5.816099
8.781591, 5.841374
8.817467, 5.859538
8.871857, 5.892107
8.932018, 5.926387
8.996987, 5.958239
9.057800, 5.988052
9.098122, 6.001152
9.172485, 6.023739
9.241034, 6.041430
9.298418, 6.056241
9.352155, 6.073200
9.408669, 6.091037
9.463315, 6.109853
9.507546, 6.128250
9.564218, 6.150199
9.607710, 6.170254
9.663522, 6.194341
9.706232, 6.216034
9.763102, 6.241560
9.791973, 6.257801
9.836732, 6.283365
8010103c-9eca-487a-8ccd-e06b9fc06cdb
7.252745, 5.620268
7.470414, 5.615025
7.545612, 5.604028
7.612062, 5.615219
7.682355, 5.629987
7.707212, 5.635210
7.726275, 5.629112
7.748529, 5.625137
7.785189, 5.624670
7.838300, 5.619504
7.913782, 5.603137
7.982984, 5.605996
8.051542, 5.599838
8.132933, 5.614085
8.191310, 5.624303
8.246222, 5.636951
8.298588, 5.653621
8.361252, 5.675139
8.423412, 5.698067
8.481194, 5.724167
8.548865, 5.749805
8.614136, 5.772934
8.672248, 5.798290
8.740239, 5.823055
8.790101, 5.844402
8.830925, 5.865136
8.879739, 5.893284
8.926988, 5.923983
8.987338, 5.952483
9.032522, 6.004278
48d18ed5-9daf-4731-981a-7a3cf2d2214c
7.268501, 5.911848
7.376506, 5.929472
7.476038, 5.947677
7.559489, 5.958080
7.652155, 5.967400
7.726040, 5.989628
7.798501, 6.002642
7.883918, 6.017982
7.925929, 6.027048
bc1a64f8-b052-4322-b584-a8c7e1a67baf
7.287320, 5.682921
7.521851, 5.880648
7.623053, 5.961531
7.792538, 6.040379
85170f02-7ab4-495e-8c33-a50b45931c18
7.365880, 5.725042
7.495568, 5.761046
7.553734, 5.766214
7.610006, 5.775723
7.667081, 5.788403
e9ae06d5-1b52-480f-8a6a-e10df6d265c5
7.324528, 5.483543
7.444080, 5.655450
7.561639, 5.850242
7.631394, 5.908764
7.702488, 5.931101
7.801632, 5.949666
7.915402, 5.958901
8.003490, 5.960934
8.100946, 5.956663
8.280662, 5.971326
8.344182, 5.987847
8.411693, 6.020209
8.467903, 6.043474
8.540944, 6.057154
8.616546, 6.082674
8.671368, 6.100836
8.726291, 6.118690
8.777542, 6.138155
8.827785, 6.160092
8.884783, 6.181357
8.935153, 6.202997
8.996205, 6.222357
9.047595, 6.241453
9.097996, 6.263025
9.139285, 6.280345
