main root
7.070958, 4.988915
6.979274, 5.156557
6.933141, 5.372992
6.914512, 5.490745
6.906278, 5.610308
6.871074, 5.731212
6.854709, 5.825245
6.838077, 5.908717
6.823648, 5.991744
6.813384, 6.075034
6.797760, 6.167427
6.784345, 6.259378
6.763667, 6.343644
6.747767, 6.434915
6.730331, 6.535003
6.720686, 6.627135
6.705883, 6.727893
6.694462, 6.820111
6.684083, 6.921122
6.681747, 7.004717
6.672560, 7.106331
6.664935, 7.190659
6.643851, 7.283691
6.624850, 7.377107
6.622655, 7.430340
6.625588, 7.512372
6.632728, 7.595983
6.638670, 7.665580
6.645048, 7.792492
6.652012, 7.871434
6.653047, 7.917211
6.648410, 7.976961
6.639762, 8.049716
6.625531, 8.118731
6.610143, 8.193359
6.592429, 8.264452
6.571825, 8.334761
6.554458, 8.415312
6.536104, 8.486241
6.517016, 8.560011
6.493632, 8.626485
6.490952, 8.700399
6.487710, 8.926075
6.486619, 9.002254
6.479962, 9.049095
6.469245, 9.124523
6.455989, 9.196568
6.439804, 9.268011
6.427492, 9.349478
6.416112, 9.424809
6.412271, 9.510359
6.403144, 9.580219
6.401017, 9.665830
6.393447, 9.729527
6.384461, 9.805181
6.367617, 9.870853
6.355519, 9.918008
6.352857, 10.034331
6.345265, 10.104371
6.335165, 10.178032
6.317388, 10.236537
6.298800, 10.433958
6.286258, 10.503307
6.272697, 10.578296
6.264341, 10.658156
6.251081, 10.727372
6.245095, 10.774532
6.251821, 10.882480
6.256560, 10.958537
6.258123, 11.031792
6.256693, 11.105050
6.255207, 11.181243
6.247853, 11.251332
6.245894, 11.327381
6.247202, 11.457278
6.237359, 11.524178
6.225034, 11.607940
6.211416, 11.679926
6.198445, 11.756541
6.181487, 11.856713
6.169994, 11.933566
6.160915, 11.994274
6.094516, 12.338013
6.079012, 12.429360
6.068306, 12.530356
6.057893, 12.648623
6.051668, 12.767417
6.052240, 12.877827
6.046523, 12.995885
6.047086, 13.115098
6.041771, 13.269465
6.040963, 13.410041
6.045014, 13.489235
6.049432, 13.527501
f6636da3-68c5-4710-a5f6-1c0dc59e8933
6.990272, 5.056775
6.905859, 5.068287
6.857662, 5.079762
6.827325, 5.063035
6.797845, 5.045073
6.730303, 5.030325
6.664988, 5.020659
6.624293, 5.019177
6.587913, 5.022345
6.535330, 5.031431
6.460041, 5.055074
6.412493, 5.065299
6.360521, 5.066966
6.256223, 5.088480
6.200827, 5.088759
6.173603, 5.109222
6.128292, 5.132925
6.054159, 5.162209
5.984126, 5.188263
5.910942, 5.218685
5.809306, 5.260933
5.740561, 5.286269
5.675445, 5.316646
5.602776, 5.358805
5.537955, 5.392951
5.486201, 5.417835
5.437275, 5.433576
5.337032, 5.517366
5.277834, 5.574655
5.223270, 5.617045
5.162589, 5.667977
5.086997, 5.725901
5.027622, 5.763855
4.963874, 5.802828
4.878353, 5.857591
4.821313, 5.894116
4.764272, 5.930642
4.716078, 5.958259
4.607767, 6.046599
4.561842, 6.084057
4.516773, 6.113093
4.465162, 6.153466
4.418484, 6.189983
4.369754, 6.243310
4.345099, 6.261416
4.296691, 6.300682
4.263048, 6.320264
4.211828, 6.350075
4.161690, 6.375795
4.107661, 6.406874
4.056290, 6.436426
4.004920, 6.465980
3.952448, 6.499621
3.904365, 6.523336
3.847134, 6.561577
3.799509, 6.586199
3.749934, 6.618571
5644c788-c2b3-442d-bad7-4e903242b5ff
6.965056, 5.164820
6.840870, 5.326328
6.814865, 5.357694
6.787921, 5.390192
6.765544, 5.424214
6.745771, 5.454278
6.734383, 5.487937
6.716325, 5.545974
6.702216, 5.596357
6.689192, 5.637316
6.684416, 5.667162
6.523963, 5.821093
6.419501, 5.971029
6.393346, 6.003334
6.378248, 6.031496
6.365247, 6.055747
6.355859, 6.153724
6.376198, 6.299400
6.402856, 6.397855
6.424257, 6.475524
6.430281, 6.520981
826a9a5d-1661-4edf-a22f-3130b8272b8f
6.939795, 5.467711
6.876121, 5.476042
6.844642, 5.480157
6.814298, 5.490159
6.786363, 5.505670
6.560757, 5.572836
6.502930, 5.593394
6.471400, 5.593485
6.439857, 5.593367
6.408658, 5.599029
6.372765, 5.611415
6.313223, 5.639878
6.268300, 5.654717
6.226093, 5.668660
6.135211, 5.728222
6.078947, 5.756149
6.011287, 5.787417
5.970747, 5.797908
5.905178, 5.814877
5.814259, 5.836232
5.751664, 5.846323
5.694464, 5.861608
5.641371, 5.872698
5.541348, 5.919751
5.493476, 5.929040
5.452212, 5.933993
5.426993, 5.937020
5.339422, 6.008355
5.255466, 6.035606
5.205133, 6.051947
5.174751, 6.055521
5.113285, 6.065769
5.054845, 6.075516
4.993943, 6.088714
4.936039, 6.101265
4.898579, 6.112451
80f6eb91-efba-43b6-bdbd-eae3a24b311a
6.946900, 5.219700
6.843509, 5.240466
6.772529, 5.250143
6.707546, 5.258964
6.620935, 5.293075
6.419875, 5.361141
6.356178, 5.356708
6.296523, 5.364772
6.248038, 5.386429
6.198882, 5.401829
6.139648, 5.423017
5.918200, 5.454650
5.858933, 5.494866
5.776405, 5.537409
5.711981, 5.562200
5.652492, 5.596202
5.607664, 5.618376
9d8c832f-293f-4aef-99b5-d4642a377781
6.840334, 5.756842
6.792184, 5.791087
6.751982, 5.817629
6.729561, 5.837603
6.692121, 5.874965
6.654514, 5.899880
6.564228, 6.033965
6.539771, 6.064927
6.515337, 6.100689
6.495402, 6.106456
6.465033, 6.115041
6.436592, 6.129104
6.405506, 6.150940
6.378796, 6.173360
6.268172, 6.266670
6.216972, 6.307899
6.172496, 6.338389
6.124584, 6.358530
6.079385, 6.384280
6.019416, 6.421889
5.961564, 6.459938
5.925921, 6.485862
463d5677-01d6-4db7-a94c-0a134a731ea2
6.814909, 5.961614
6.745758, 6.005792
6.704311, 6.026942
6.674219, 6.037255
6.658419, 6.058344
6.635642, 6.078761
6.604461, 6.115012
6.583460, 6.135136
6.554508, 6.159004
6.533250, 6.176781
6.439545, 6.278504
6.420566, 6.290559
6.383857, 6.321196
6.352557, 6.343674
6.316966, 6.380529
6.288255, 6.406232
6.257285, 6.438236
6.228547, 6.463910
6.204853, 6.485337
5.993623, 6.683350
5.963123, 6.724519
5.913247, 6.766114
5.892855, 6.775580
5.848087, 6.813076
5.824467, 6.825303
5.782639, 6.860657
5.751834, 6.879111
5.713308, 6.912886
5.682563, 6.936117
5.649628, 6.961247
5.617619, 6.985917
5.598010, 6.997496
d644522f-2815-4359-bbd6-150171aa58c9
6.805544, 6.239366
6.854111, 6.244036
6.904749, 6.253398
6.925306, 6.257303
6.954122, 6.261225
6.992798, 6.288575
7.011466, 6.288770
7.045935, 6.290628
7.070261, 6.294936
7.106744, 6.305958
7.148973, 6.315589
7.185305, 6.319270
7.235380, 6.322838
7.292684, 6.341039
7.319185, 6.352597
7.346317, 6.366063
7.371076, 6.376679
7.418141, 6.428155
7.497403, 6.466528
7.520600, 6.478798
7.551321, 6.492970
7.568877, 6.505639
7.601526, 6.523242
7.628077, 6.538872
7.662218, 6.553366
7.689925, 6.566387
7.710696, 6.582762
7.737409, 6.602347
7.767968, 6.617330
7.788670, 6.630813
7.809953, 6.644676
e649d5ef-6bd7-4021-8a65-fc7d3f17aaba
6.794315, 6.068485
6.775404, 6.068203
6.760016, 6.079243
6.749223, 6.092834
6.729477, 6.117697
6.682621, 6.167117
6.476597, 6.199588
6.445141, 6.203845
6.166148, 6.272539
6.148616, 6.280296
6.112205, 6.291495
6.069775, 6.307678
5.991758, 6.325111
5.925654, 6.339883
5.868951, 6.351020
5.823541, 6.356889
5.772353, 6.361996
de641000-5028-454c-9ea8-59159feacc6a
6.779324, 6.313080
6.715536, 6.319010
6.593783, 6.372888
6.573437, 6.375709
6.533093, 6.381640
6.490272, 6.391300
6.450567, 6.400598
6.415283, 6.409204
6.390361, 6.415626
6.251513, 6.454741
6.169179, 6.534655
6.069775, 6.606183
5.981089, 6.637726
5.937040, 6.650211
5.883636, 6.678059
5.856700, 6.698853
5.830486, 6.726652
c682d3c8-10fa-4306-95d1-372e9f6f952f
6.654825, 7.292800
6.703032, 7.310159
6.726978, 7.318742
6.829214, 7.380025
6.855104, 7.392057
6.874499, 7.388692
6.944231, 7.408138
7.014566, 7.439767
7.051342, 7.453023
7.086957, 7.461088
7.131552, 7.466582
7.187409, 7.470449
7.241796, 7.472713
7.270846, 7.472424
7.336367, 7.505700
7.360900, 7.518160
7.387571, 7.528348
7.456240, 7.547999
7.510788, 7.581783
7.560983, 7.623961
7.597765, 7.656824
7.625669, 7.677740
7.662039, 7.701261
7.702017, 7.721769
7.766315, 7.751389
7.818158, 7.776919
7.859726, 7.800727
7.894420, 7.822322
7.919843, 7.836382
de6c380e-df61-4714-8595-a9b86c5dff43
6.618485, 7.304725
6.592545, 7.327500
6.438880, 7.415370
6.399948, 7.444540
6.375033, 7.443067
6.345530, 7.450599
6.280985, 7.465532
6.223826, 7.486437
6.168370, 7.509907
6.125216, 7.517081
5.957328, 7.616974
5.913151, 7.645001
5.876080, 7.666747
5.805104, 7.693273
5.760153, 7.705278
5.705775, 7.727548
5.659582, 7.744848
5.614640, 7.756886
5.562394, 7.775528
5.515457, 7.790688
5.464222, 7.811955
5.418113, 7.829474
5.379651, 7.845689
3b688c40-3ee8-4b9d-9fb8-7353d992cd36
6.678096, 7.843750
6.733278, 7.881185
6.811471, 7.945967
6.835245, 7.961776
6.866458, 7.975343
6.907253, 7.991441
6.956453, 8.009247
7.002307, 8.027433
7.045643, 8.047841
7.083941, 8.065878
7.116341, 8.084445
7.142465, 8.095965
faaff356-3999-48e3-903d-d39a5c6856df
6.768381, 6.747872
6.826926, 6.796708
6.867427, 6.823319
6.890608, 6.836862
6.907294, 6.836460
6.943777, 6.841569
6.975221, 6.845971
6.993874, 6.840471
7.016212, 6.837005
7.044676, 6.831046
7.067220, 6.829384
7.137522, 6.816815
7.222718, 6.813808
7.234211, 6.821296
7.255321, 6.835197
7.275816, 6.836811
7.311060, 6.838056
7.352521, 6.832006
7.387165, 6.825410
7.419111, 6.820823
7.451232, 6.817695
7.488842, 6.809492
7.512537, 6.805828
7.533911, 6.807039
c5824cb6-e628-46b9-b733-861a792e15f3
6.685942, 6.938298
6.624463, 7.003524
6.607041, 7.022008
6.589745, 7.044723
6.576491, 7.096846
6.545385, 7.196831
6.535857, 7.217311
6.543176, 7.240171
6.547979, 7.274810
6.553795, 7.316743
6.562987, 7.361230
6.578629, 7.407340
6.582993, 7.429521
6.584703, 7.453149
bfed84f9-b756-46b5-a29f-de16735d82f1
6.667755, 7.071799
6.628338, 7.058288
6.559936, 7.063181
6.463119, 7.115442
6.447870, 7.109199
6.424364, 7.099574
6.362231, 7.116872
6.322502, 7.126380
6.282451, 7.134426
6.231473, 7.146192
6.180854, 7.159412
6.116211, 7.169879
6.091137, 7.173938
fe32c8ae-caec-4f4c-a1c5-f1493a8091d1
6.601757, 8.279012
6.466968, 8.317062
6.426223, 8.328566
6.381343, 8.347457
6.346673, 8.357181
6.294651, 8.376433
6.249665, 8.388294
6.221992, 8.397138
6.194811, 8.407394
6.162491, 8.424390
6.115647, 8.454095
6.085722, 8.471299
6.063149, 8.486002
469d8ac0-01f9-4aaa-965e-2a3458f142e8
6.631540, 8.215754
6.702869, 8.255501
6.725057, 8.267865
6.758419, 8.349171
6.770472, 8.378545
6.784824, 8.405635
6.803734, 8.434934
