main root
6.960021, 5.153808
7.015499, 5.528830
7.044914, 5.623358
7.014858, 5.772665
7.016326, 5.874757
7.013651, 5.983136
7.030442, 6.074868
7.053122, 6.209371
7.083179, 6.353375
7.110821, 6.505576
7.137646, 6.664741
7.183558, 6.824853
7.217333, 6.985500
7.247758, 7.148968
7.278180, 7.291301
7.316575, 7.435791
7.340879, 7.569800
7.360919, 7.706468
7.380731, 7.827061
7.396416, 7.960910
7.400564, 8.014130
7.406383, 8.062082
7.402845, 8.122167
7.408827, 8.328925
7.414364, 8.365021
7.380599, 8.491788
7.359194, 8.640345
7.356861, 8.705796
7.342884, 8.806944
7.319176, 8.941287
7.308509, 9.001736
7.305072, 9.062651
7.296304, 9.377548
7.284632, 9.461576
7.263327, 9.584384
7.254414, 9.684898
7.263078, 9.772777
7.278861, 9.924954
7.284084, 10.036570
7.283444, 10.111613
7.277038, 10.183988
cb3d8b80-5bbf-4997-af85-a9aa0d3c23f7
7.016779, 5.407129
7.144566, 5.443516
7.210184, 5.469642
7.254421, 5.484225
7.316389, 5.498994
7.353963, 5.511027
7.373117, 5.508461
7.394437, 5.510135
7.438206, 5.512070
7.490514, 5.512884
7.539789, 5.515149
7.585293, 5.520237
7.623608, 5.526026
7.648722, 5.529821
7.721350, 5.535058
7.761971, 5.539488
7.794443, 5.546040
7.847244, 5.561275
7.897904, 5.574334
7.936395, 5.581165
7.970429, 5.581124
8.028201, 5.582552
8.077451, 5.585267
8.125018, 5.590887
8.180553, 5.600461
8.235498, 5.612971
8.293288, 5.626130
8.326582, 5.635246
da3a4e96-ca63-4b26-9f42-18828f50cba1
7.021021, 5.598850
7.128526, 5.620553
7.230437, 5.646016
7.271210, 5.654998
7.307716, 5.666298
7.335489, 5.671958
7.363685, 5.674844
7.394134, 5.675140
7.439930, 5.671095
7.478316, 5.670710
7.534621, 5.673139
7.592269, 5.677124
7.626571, 5.680995
7.656465, 5.685874
7.732618, 5.696439
7.777886, 5.699687
7.803154, 5.707502
7.843536, 5.720001
7.873556, 5.726168
7.920274, 5.731183
7.962313, 5.735695
8.015662, 5.736906
8.086438, 5.735517
8.119481, 5.737863
8.150578, 5.744572
8.198455, 5.756433
8.244141, 5.770835
8.304423, 5.786700
8.357862, 5.802312
8.390196, 5.810199
9156e83b-6c4e-4cd7-8294-2790462dcaa4
6.943790, 5.249857
6.861101, 5.317833
6.806741, 5.318055
6.777867, 5.319536
6.748246, 5.325551
6.661505, 5.344053
6.620161, 5.352862
6.574201, 5.368776
6.546972, 5.373453
6.499351, 5.378594
6.441753, 5.383308
6.392493, 5.385838
6.338202, 5.394620
6.286813, 5.404450
6.222957, 5.421235
6.186195, 5.427803
e3bb7f94-b783-4d3e-90cc-88f2262ff5ef
6.932016, 5.552820
6.862804, 5.568940
6.803825, 5.586206
6.767428, 5.594638
6.742434, 5.605312
6.646051, 5.631833
6.614852, 5.638954
6.578864, 5.651861
6.555622, 5.655517
6.518836, 5.665935
6.485626, 5.676985
6.454845, 5.685740
6.421647, 5.696827
6.390876, 5.705615
6.359746, 5.713038
6.323885, 5.726293
6.295177, 5.732207
6.266039, 5.733538
6.251568, 5.743717
6.207033, 5.756597
33b88dd2-789b-42ab-99fb-05fabd298c1f
6.921668, 5.848343
6.880390, 5.858717
6.841143, 5.874758
6.805554, 5.886069
6.761104, 5.897056
6.728359, 5.902066
6.676045, 5.902500
6.639844, 5.907290
6.585619, 5.918992
6.520558, 5.931503
6.471862, 5.939343
6.445935, 5.942001
6.350000, 5.960533
6.327432, 5.961844
6.313296, 5.975237
6.252139, 6.010717
6.218983, 6.024762
6.178054, 6.042099
6.105398, 6.057442
6.048567, 6.067913
5.999810, 6.075374
5.949598, 6.083059
5.888507, 6.095436
5.826911, 6.112496
5.761641, 6.130575
5.724877, 6.143864
5.676909, 6.158019
2c0c1295-c6c0-4fd2-b6e1-f69875f3d7a7
7.381857, 7.588781
7.440728, 7.594756
7.469967, 7.603741
3ec49754-36c2-4676-8a8e-ad845df74f0e
7.251985, 7.043829
7.313983, 7.018474
7.363544, 6.994616
7.406002, 6.977546
7.427908, 6.971965
7.450360, 6.969334
01cfc194-802b-481e-9ff9-51c96bb18f1c
7.086410, 6.305854
7.217928, 6.345762
7.298555, 6.374563
7.356201, 6.391976
7.414320, 6.403276
7.472501, 6.414589
7.565794, 6.427509
fc9a8cf2-4233-4276-9f96-90bd1a1b7b6d
7.151613, 6.652109
7.234767, 6.654800
7.294789, 6.585024
