main root
6.481233, 5.118100
6.367157, 5.344058
6.328738, 5.448328
6.297795, 5.590806
6.316559, 5.779757
6.326947, 5.863381
6.336967, 5.931901
6.341676, 5.995131
6.343374, 6.038077
6.371616, 6.137095
6.392046, 6.203262
6.413900, 6.268971
6.422028, 6.326611
6.445046, 6.357482
6.471517, 6.477162
6.481612, 6.561211
6.486535, 6.655132
6.497116, 6.738092
6.505792, 6.839562
6.505423, 6.934013
6.500851, 7.027599
6.487857, 7.121152
6.468697, 7.213236
6.440083, 7.309217
6.403614, 7.401923
6.365434, 7.487488
6.321434, 7.570609
6.300740, 7.618569
6.287527, 7.665118
6.270740, 7.747046
6.255977, 7.811636
6.246513, 7.886631
6.241924, 7.958849
6.235177, 7.994219
6.228434, 8.069506
6.191506, 8.147880
6.177670, 8.217743
6.170241, 8.357423
6.159231, 8.423532
6.145643, 8.486901
6.131968, 8.564956
6.121251, 8.643472
6.106546, 8.695864
6.089279, 8.762925
6.066055, 8.844807
6.042952, 8.926265
6.015452, 9.015513
5.990521, 9.096422
5.969074, 9.171111
5.950094, 9.248052
5.931987, 9.339019
5.920417, 9.397148
5.906497, 9.451757
5.889696, 9.505551
5.877144, 9.598709
5.871798, 9.660816
5.863989, 9.716628
5.853227, 9.771946
5.841909, 9.830125
5.830591, 9.888304
5.822102, 9.931937
5.799935, 10.056777
5.750372, 10.414320
5.742202, 10.503791
5.730091, 10.613154
5.723279, 10.732176
5.720699, 10.851091
5.718311, 10.961140
5.718039, 11.071288
5.717745, 11.189828
5.719589, 11.299955
5.721290, 11.401546
5.721043, 11.476263
5.723775, 11.555464
5.720704, 11.649466
5.714359, 11.706183
5.717083, 11.764750
f322e73e-048f-4fc2-9c40-befb4ec123b1
6.462630, 5.225124
6.521830, 5.316492
6.555504, 5.367866
6.589106, 5.413078
6.609252, 5.459718
6.778144, 5.598012
6.802839, 5.639533
6.838775, 5.716181
6.868476, 5.778451
6.972478, 5.861051
7.010099, 5.873700
7.074177, 5.906326
7.164712, 5.952424
7.215641, 5.978355
7.255130, 6.006739
5a0d7519-1f27-4b36-971e-6d62c53beb80
6.309793, 5.519705
6.225790, 5.499423
6.168174, 5.485512
6.133196, 5.477067
6.016674, 5.548914
5.992536, 5.570809
5.972259, 5.587184
5.967617, 5.609676
5.940765, 5.645990
5.942427, 5.675230
5.929267, 5.715984
9e203b13-718e-4c99-8405-6bffc6072333
6.354219, 6.067071
6.285293, 6.093500
6.247610, 6.104721
6.205122, 6.120518
6.165540, 6.135257
6.133567, 6.143991
6.090729, 6.158816
6.054574, 6.168160
6.028907, 6.176340
4dc3c12e-220d-428d-90e4-f222f07bb43c
6.465668, 6.307439
6.506291, 6.289107
6.541451, 6.276524
6.579316, 6.262973
6.642005, 6.257660
6.675130, 6.257857
6.754166, 6.269839
6.792224, 6.277122
f52df920-84dc-4ca6-b1f1-bc41ef70dfc9
6.401458, 6.366750
6.366794, 6.388615
6.304231, 6.420997
6.236579, 6.456015
6.138830, 6.506610
6.074368, 6.531550
6.002449, 6.560981
5.955221, 6.584878
5.928030, 6.605347
1e486af7-c7e5-47d2-ba6d-b2542d65b1bf
6.398519, 6.324123
6.326271, 6.357424
6.283289, 6.373939
6.237604, 6.391494
6.186837, 6.406191
6.139062, 6.418463
6.088783, 6.432924
6.038938, 6.448818
5.990539, 6.464250
5.950280, 6.480229
5.887614, 6.508323
5.855533, 6.521064
f29120e4-c913-48e4-a487-5e223e39ecbc
6.482869, 6.781694
6.423942, 6.798257
6.383201, 6.809708
6.352635, 6.818299
6.329219, 6.823326
f9819a6c-e61b-458d-b84a-1a007f68fd40
6.463836, 7.346898
6.497692, 7.357505
6.568596, 7.382772
d272a87a-7b87-468a-aa86-cb72d47bec62
6.303123, 7.678258
6.236549, 7.691336
6.209263, 7.699750
