main root
6.660238, 4.494011
6.580170, 4.757340
6.521988, 4.869303
6.469921, 5.054893
6.435259, 5.170641
6.398742, 5.311814
6.368540, 5.443923
6.357037, 5.547248
6.353269, 5.675970
6.358387, 5.820062
6.366444, 5.928205
6.387372, 6.011312
6.414227, 6.126600
6.439320, 6.224996
6.466457, 6.322846
6.483427, 6.407315
6.496202, 6.491965
6.508055, 6.584605
6.509445, 6.660824
6.508233, 6.709773
6.501087, 6.756541
6.509743, 6.865805
6.511203, 6.922135
6.509671, 6.978465
6.519704, 7.050001
6.521175, 7.103591
6.538172, 7.177381
6.540973, 7.216207
6.551640, 7.280857
6.551995, 7.319782
6.555556, 7.382009
6.555784, 7.438358
6.556024, 7.497620
6.559269, 7.559864
6.568646, 7.624713
6.580518, 7.685900
6.588298, 7.741710
6.603237, 7.805508
6.607845, 7.838312
6.606692, 7.889706
2ddc32b3-0646-4b61-97ed-abdc671a27a6
6.518503, 4.915301
6.450944, 4.904475
6.377795, 4.892753
6.331977, 4.894505
