main root
7.579778, 4.898231
7.533901, 5.142458
7.520913, 5.465179
7.468092, 5.678880
7.448763, 5.770900
7.411196, 5.932240
7.369072, 6.088623
7.319798, 6.254976
7.278155, 6.400318
7.231577, 6.539941
7.204629, 6.634071
7.190042, 6.731062
7.162270, 6.859993
7.118168, 6.977450
7.059403, 7.129256
6.995851, 7.265928
6.933693, 7.404382
6.896209, 7.506501
6.869863, 7.608746
6.848289, 7.726289
6.830491, 7.834984
6.818273, 7.935778
6.798746, 8.044117
6.784914, 8.144705
6.774098, 8.254427
6.761200, 8.363706
6.741078, 8.480179
6.720900, 8.596982
6.702164, 8.705440
6.683428, 8.813899
6.666767, 8.922773
6.657707, 9.023931
6.652871, 9.125344
6.648435, 9.218376
6.637662, 9.311810
6.629007, 9.368768
6.617378, 9.417269
6.615507, 9.457167
6671cf28-492e-4953-b8ac-16125cde9b4d
7.446828, 5.082121
7.361592, 5.074453
7.295951, 5.077187
7.222332, 5.149416
7.197953, 5.173916
7.179845, 5.195975
7.153017, 5.228641
7.126183, 5.261301
7.099752, 5.298168
7.075116, 5.332517
7.050472, 5.366861
7.037035, 5.395840
7.019977, 5.436185
7.005226, 5.459545
6.978568, 5.504561
6.953209, 5.550322
6.919794, 5.607535
6.887246, 5.672161
6.857445, 5.734661
6.828294, 5.795798
6.799031, 5.874558
6.765359, 5.953278
6.748709, 5.992202
6.731272, 6.029160
6.709596, 6.075105
6.682879, 6.124717
6.654173, 6.174868
6.619967, 6.231615
6.601900, 6.264487
ced18b6a-405e-4b3c-af47-d44c7194f08c
7.446433, 5.228167
7.379070, 5.280415
7.350574, 5.296285
7.313698, 5.325318
7.270793, 5.336846
7.242311, 5.350293
7.206220, 5.366898
7.168499, 5.387116
7.133301, 5.405539
7.097923, 5.423613
7.062369, 5.441337
7.037126, 5.460173
7.031821, 5.477502
6.996244, 5.527264
72414064-748c-4a4c-8f7d-fe681bfcb228
7.448359, 5.645721
7.330271, 5.771039
7.254882, 5.851191
7.225701, 5.878066
7.206773, 5.899438
7.185979, 5.927429
7.161358, 5.965588
7.138413, 6.001151
7.115468, 6.036714
7.083591, 6.080597
7.047765, 6.122277
7.014652, 6.160801
6.976018, 6.205749
6.937543, 6.252807
6.895091, 6.309459
6.863359, 6.351806
6.830005, 6.389039
c2ae26f5-0ce4-4356-9734-8a74a45ae56c
7.616277, 5.173164
7.703169, 5.187344
7.746551, 5.198732
7.834864, 5.258739
7.882900, 5.296808
7.928344, 5.344282
8.001325, 5.426641
8.061674, 5.497918
8.115076, 5.564197
8.151259, 5.616264
8.196164, 5.673012
8.231889, 5.725393
8.272136, 5.781746
8.313591, 5.837216
8.360424, 5.892381
8.410590, 5.944534
8.461609, 5.988938
8.484043, 6.032711
0962371e-4cdf-4be6-8ebe-b0dcf22bb7b4
7.660560, 5.000711
7.753505, 5.062501
7.832636, 5.090681
7.888109, 5.122356
7.941952, 5.155406
7.975859, 5.174552
8.026702, 5.202757
8.095840, 5.233198
8.130092, 5.251641
8.156396, 5.262501
8.198886, 5.276897
8.238423, 5.290381
8.274136, 5.305811
8.316386, 5.320897
8.355700, 5.335023
8.398814, 5.347424
8.435247, 5.356345
e127d5d2-2d63-4965-b663-72ff0d5c639c
7.511424, 5.334026
7.415031, 5.384138
7.394349, 5.408785
7.359081, 5.450264
