main root
6.999200, 4.705141
7.080294, 4.939151
7.056174, 5.132486
7.028842, 5.300755
7.016695, 5.436048
7.002535, 5.570425
6.981791, 5.686750
6.956247, 5.793832
6.926730, 5.908477
6.887172, 6.019807
6.841689, 6.128909
6.822846, 6.207008
6.802460, 6.327309
6.790302, 6.437056
6.785446, 6.538508
6.782705, 6.640007
6.775730, 6.741606
6.774513, 6.852010
6.775509, 6.953551
6.770163, 7.055440
6.773305, 7.157033
6.776706, 7.267040
6.782225, 7.377046
6.787315, 7.478521
6.794071, 7.571199
6.799354, 7.672758
6.806739, 7.774033
6.807818, 7.876058
6.808713, 7.960720
6.815568, 8.042840
6.823524, 8.120144
6.821729, 8.183740
6.817884, 8.244984
6.830462, 8.365314
6.833002, 8.403981
6.833772, 8.438495
6.829894, 8.465851
6.821498, 8.514442
6.814073, 8.566216
6.815751, 8.628346
6.812514, 8.674746
6.813151, 8.730202
6.818256, 8.783325
6.799349, 8.802776
6.784617, 8.905549
6.719404, 9.118037
6.690810, 9.204064
6.672204, 9.280161
6.659843, 9.348173
6.646596, 9.421062
6.644223, 9.467591
6.640342, 9.543693
6.643753, 9.594368
6.653652, 9.674574
6.656683, 9.735790
6.651727, 9.803429
6.646160, 9.879418
6.637239, 9.972383
6.630769, 10.039809
6.622144, 10.114033
6.612369, 10.198139
6.606011, 10.299733
8f5e5203-9771-45e3-babe-e4f42e40635e
7.032360, 4.792160
6.948875, 4.849637
6.883675, 4.872938
6.837467, 4.883093
6.726051, 4.959672
6.665201, 4.992415
6.600555, 5.020399
6.568303, 5.040878
6.501227, 5.094108
6.442765, 5.130948
6.393222, 5.167170
6.348062, 5.194625
10146f71-a8cd-4a16-bc77-6dc0c0c6dacf
7.055284, 4.977207
6.932789, 5.053189
6.858182, 5.092311
6.820178, 5.115621
6.786291, 5.131137
6.755210, 5.150307
6.714474, 5.171860
ad5f5a88-2ce5-4e77-90e4-34f466d1eb37
7.117523, 4.926679
7.171313, 5.091418
7.197958, 5.144758
