main root
6.396524, 5.100321
6.286138, 5.309436
6.226407, 5.422239
6.151033, 5.575300
6.083418, 5.710664
6.038145, 5.806722
5.992971, 5.933908
5.953872, 6.124398
5.939421, 6.263736
5.934693, 6.341386
5.917544, 6.401401
5.906007, 6.451522
5.893727, 6.537801
5.892954, 6.599675
5.891712, 6.673764
5.905179, 6.763386
5.902383, 6.815283
5.899921, 6.899516
5.903704, 6.983061
5.901376, 7.069197
5.905342, 7.152732
5.910160, 7.254222
5.920847, 7.346247
5.932625, 7.429685
5.936481, 7.516354
5.939869, 7.592479
5.946380, 7.671460
5.959099, 7.752877
5.962312, 7.821925
5.962724, 7.895190
5.969138, 7.970993
5.991353, 8.054004
6.005218, 8.144749
6.016519, 8.243098
6.027851, 8.310038
6.041357, 8.402416
6.060218, 8.502176
6.084843, 8.609647
6.109425, 8.716928
6.131932, 8.824629
6.156823, 8.923059
6.169543, 9.025125
6.187368, 9.133934
6.211454, 9.241694
6.216540, 9.351897
6.237163, 9.479969
6.251334, 9.606312
6.260316, 9.724241
6.268675, 9.833990
6.279148, 9.943636
6.286710, 10.045057
6.298471, 10.145899
6.313384, 10.237447
6.324282, 10.330509
6.335114, 10.423015
6.347913, 10.532327
6.358745, 10.624835
6.365452, 10.718288
6.371217, 10.828168
6.376540, 10.929633
6.380190, 11.039601
6.383561, 11.141141
6.384557, 11.234531
6.389869, 11.335925
6.393511, 11.445902
6.399550, 11.564466
6.406826, 11.665751
6.415318, 11.783977
6.423205, 11.893764
6.433207, 12.003457
6.446631, 12.104102
6.447548, 12.206958
6.452762, 12.317086
6.450896, 12.411124
6.451298, 12.495399
6.451783, 12.596994
6.454330, 12.689882
6.455001, 12.791574
6.457895, 12.910263
6.455614, 13.064715
6.466594, 13.156361
6.500381, 13.238722
b54f9a8f-9a5c-4554-8620-b7a595629a9d
6.170626, 9.337793
6.130648, 9.354497
6.045877, 9.391534
48255351-9c6c-4ba7-b332-3fd0b06fd69d
6.252633, 9.258300
6.290255, 9.263740
6.325869, 9.268888
8640774b-83f0-4d03-a168-74a8a9dbf956
6.203202, 8.932106
6.250190, 8.925864
6.306842, 8.918339
6.354019, 8.919315
f7678b3f-4030-445c-be54-2209b0f6bdc6
6.049495, 8.108949
6.090593, 8.123979
6.169836, 8.146583
6.239411, 8.169541
6.307989, 8.195325
6.383165, 8.220391
6.459237, 8.242601
6.528667, 8.265991
6.646901, 8.271407
6.718327, 8.279174
6.819188, 8.292270
6.886355, 8.300991
6.951846, 8.311004
7.000075, 8.320476
7.042633, 8.337586
486b9c84-d4a9-4b48-88e4-ebb1e12fc01c
5.932662, 7.992149
5.887216, 8.007145
5.848373, 8.022773
5.779563, 8.047190
5.711619, 8.064906
5.679606, 8.097035
5.622455, 8.114100
5.539215, 8.127978
5.509127, 8.131477
5.479955, 8.139391
d30bfd1c-41b0-495d-9b0d-3ee22652d44a
5.956635, 8.136453
5.916348, 8.168859
5.875942, 8.194064
5.826984, 8.219043
5.775495, 8.241951
5.737920, 8.252117
5.665423, 8.270181
5.614077, 8.282974
5.565894, 8.289031
30b74283-ae4f-4d10-8424-a912c0a8ec6c
6.285573, 5.276473
6.162844, 5.337021
6.133223, 5.360632
6.101001, 5.380153
6.063969, 5.411035
6.036908, 5.427758
5.994177, 5.452403
5.960986, 5.466363
5.914158, 5.486058
5.861927, 5.503154
5.838082, 5.515090
5.814844, 5.523294
5.803069, 5.542026
5.744952, 5.586648
5.699597, 5.610152
5.652614, 5.634499
5.625849, 5.694829
5.615916, 5.743518
5.607460, 5.784855
5.598749, 5.812404
5.593042, 5.840379
688a9d3f-d657-4522-aac5-d82fd5a76dff
5.972186, 6.242012
5.991867, 6.284982
6.015698, 6.318208
6.034679, 6.339535
6.054068, 6.343544
6.071867, 6.353337
6.091911, 6.367781
6.113490, 6.387022
6.132961, 6.408394
6.161474, 6.439690
6.192097, 6.471080
6.215948, 6.499815
6.241634, 6.530760
6.254993, 6.551542
6.274010, 6.575587
6.299480, 6.610206
6.321220, 6.642282
6.337577, 6.685117
6.349903, 6.729986
6.364954, 6.767824
6.385676, 6.815864
6.405248, 6.857461
17181f4c-18e6-4cdd-ab23-598badc0e35e
5.998677, 6.030384
6.035788, 6.040307
6.075941, 6.054913
6.134934, 6.082499
6.220952, 6.117191
6.287722, 6.147348
6.328331, 6.162406
6.385521, 6.174035
6.463719, 6.186881
6.528591, 6.206639
6.604671, 6.223213
6.687451, 6.237002
6.766056, 6.247062
6.830318, 6.259811
6.890564, 6.278108
6.935280, 6.293251
b089c534-89d9-431a-b1c8-e6197106e56c
6.134399, 5.681144
6.177438, 5.697999
6.254094, 5.734681
6.329444, 5.775336
6.412991, 5.815633
6.481628, 5.848739
6.540729, 5.877245
6.613363, 5.908955
6.696995, 5.934035
6.758807, 5.961946
6.839743, 5.993851
6.910632, 6.021795
6.965574, 6.032191
7.035196, 6.049934
7.094577, 6.067208
7.144876, 6.087696
054e8252-8bfd-438e-a746-9d74bbd584cf
6.328833, 5.363633
6.398209, 5.403790
6.496299, 5.453232
6.595537, 5.517429
6.678451, 5.558540
6.753765, 5.598197
6.828676, 5.637642
6.867710, 5.661579
6.934910, 5.677394
7.021683, 5.687051
7.075042, 5.701336
7.132081, 5.715057
7.177092, 5.733469
