main root
6.421938, 4.704643
6.492984, 5.009861
6.524745, 5.185557
6.546113, 5.323937
6.557117, 5.498321
6.567803, 5.667667
6.575922, 5.828867
6.594815, 5.969160
6.607846, 6.126715
6.629200, 6.265469
6.641838, 6.415206
6.656607, 6.566256
6.668509, 6.743104
6.691072, 6.922175
6.695339, 7.040165
6.689522, 7.205098
6.703335, 7.298123
6.690909, 7.460097
6.676918, 7.559568
6.668131, 7.682143
6.659708, 7.816772
6.648424, 7.949574
6.619670, 8.105184
6.616677, 8.191999
6.623648, 8.228548
6.625411, 8.277148
0dc2a931-2e8c-40ab-942c-5cf050d100d0
6.489686, 5.042605
6.353487, 5.075888
6.246068, 5.142513
6.155385, 5.186323
6.050184, 5.241832
5.950021, 5.287506
5.840007, 5.330714
5.730285, 5.376075
5.638155, 5.418740
5.527227, 5.480269
38c23d95-bc26-466c-a5ad-4d6ef61b25ca
6.515100, 5.456767
6.480696, 5.491459
6.450867, 5.517287
6.431059, 5.542359
6.404815, 5.575580
6.378570, 5.608801
6.352326, 5.642023
6.327070, 5.683652
6.306896, 5.708249
6.272393, 5.753629
ac9aed93-4d4b-4dbf-9c58-70407eeed1c1
6.357891, 4.800820
6.288112, 4.843956
6.234616, 4.873681
6.190831, 4.912372
