main root
6.796051, 5.632102
6.762730, 6.018227
6.755158, 6.216917
6.664381, 6.469045
6.609271, 6.673487
6.586989, 6.836427
6.578256, 7.028182
6.561934, 7.203258
6.569603, 7.310477
6.580863, 7.467906
6.579002, 7.625652
6.591513, 7.785438
6.599726, 7.909834
6.608745, 8.057035
6.618759, 8.186210
6.627921, 8.304390
6.639852, 8.431119
6.651473, 8.531998
6.665039, 8.649756
6.683961, 8.758536
6.691896, 8.841187
6.689701, 8.928972
6.687848, 9.003033
6.678795, 9.069416
6.671279, 9.226031
6.674387, 9.276670
6.634856, 9.383405
6.595662, 9.565142
6.560905, 9.686460
6.525930, 9.808542
6.476960, 9.979472
6.434773, 10.134164
6.394577, 10.290590
6.362115, 10.416922
6.336840, 10.506830
6.321193, 10.570151
6.307732, 10.634597
6.216494, 10.941899
6.203727, 11.061075
6.187320, 11.139113
6.156230, 11.227704
6.130454, 11.315034
6.100759, 11.402210
6.075791, 11.489775
6.042719, 11.576588
6.014640, 11.663203
5.976015, 11.748314
5.939893, 11.932876
5.928743, 12.119727
5.930690, 12.310699
5.919764, 12.469476
5.899559, 12.641849
5.894733, 12.790239
5.887831, 12.873081
5.884499, 12.938410
e622b4ff-beb2-4edf-b303-ed26afaa0271
6.757621, 5.954589
6.616196, 5.965839
6.574495, 5.974423
6.545094, 5.985920
6.494112, 6.009068
6.449784, 6.029197
6.404149, 6.104566
6.318746, 6.147583
6.253449, 6.175444
6.210987, 6.196817
6.105489, 6.228844
6.014726, 6.252001
5.957496, 6.273115
5.867008, 6.320026
5.785251, 6.352934
5.695841, 6.382120
5.613257, 6.404715
5.524214, 6.431258
5.447101, 6.458572
5.385250, 6.480481
5.303225, 6.530889
5.252403, 6.556853
5.100815, 6.645491
5.033912, 6.687012
4.958950, 6.740959
4.879082, 6.803648
4.804340, 6.859639
4.733412, 6.907591
4.653509, 6.956533
4.575389, 7.006850
4.504205, 7.052700
4.441489, 7.087753
4.374400, 7.126966
4.293302, 7.176818
4.251828, 7.202312
f69879ac-579b-4d55-857f-ac3eb14dc05b
6.698139, 6.294472
6.756568, 6.507209
6.788308, 6.597763
6.823384, 6.752941
6.828528, 6.789817
6.849036, 6.805463
6.897896, 6.898419
6.941434, 6.968382
6.987879, 7.034518
7.041126, 7.102978
7.070516, 7.138328
89017018-030d-4211-8f37-8ed37f5fa585
6.851421, 5.955585
6.899265, 5.959923
6.946306, 5.920687
6.957666, 5.900797
6.989424, 5.836144
7.009705, 5.798250
7.042045, 5.757530
7.085392, 5.726031
7.123132, 5.731403
edb9b5cc-2a28-4c43-9e74-5e1c6d94ea10
6.864845, 5.813364
6.972691, 5.797406
6.951310, 5.701667
6.982408, 5.606258
60b597b2-7340-4b69-9232-ba1af80592cd
6.671871, 6.035956
6.600517, 6.155454
6.584191, 6.225769
6.570819, 6.264377
6.555116, 6.300569
6.540663, 6.341401
774aab10-2f00-41c5-a375-914f2598e91a
6.692812, 8.796865
6.724766, 8.800494
6.775314, 8.810410
6.882584, 8.810668
6.974890, 8.833702
7.066662, 8.845764
7.167596, 8.856896
7.268582, 8.868034
7.344318, 8.876388
7.421706, 8.883416
7.482611, 8.893195
7.512245, 8.899469
f320d85c-ef9b-43c0-86e3-80ad7d166cf6
6.591300, 8.216900
6.553532, 8.229436
6.522449, 8.241329
6.316470, 8.370876
6.257025, 8.385287
6.207653, 8.397257
6.146750, 8.416641
6.080262, 8.440945
6.023703, 8.463214
5.958147, 8.493850
5.903258, 8.517848
5.871061, 8.530292
1b472dd6-470e-47dd-9722-e9038d561fa4
6.624832, 8.153414
6.677570, 8.172863
6.737211, 8.196454
6.865589, 8.160496
6.961827, 8.178612
7.067740, 8.164763
7.121828, 8.160710
c7f14885-aa42-4823-927f-2e2de1d3d8c9
6.608233, 7.827433
6.639324, 7.853478
6.670518, 7.885468
6.711502, 7.920596
6.752362, 7.965408
6.857355, 7.979763
6.905922, 8.003022
6.956741, 7.985258
7.046753, 7.970456
7.100203, 7.960150
b1cfbaf9-df40-4982-a118-684515f0c125
6.445178, 7.700129
6.314620, 7.703323
6.256184, 7.695769
6.217991, 7.696869
6.143275, 7.697523
6.072579, 7.701135
6.002819, 7.704699
5.956981, 7.713036
5.858715, 7.746544
5.810497, 7.759823
5.783024, 7.762733
5.755102, 7.768699
c13e9b7c-753f-4422-904b-fa1288c2f5ec
6.641525, 9.089345
6.613784, 9.096206
6.531616, 9.126279
ba45e8e0-dac1-4b78-80b6-8813a37ccbee
6.708303, 9.296307
6.754785, 9.320179
8fa8c1ff-0ad2-48d0-8885-c13e2743a4ac
6.616700, 9.715500
6.672823, 9.731398
6.737654, 9.760749
6.804077, 9.783280
e1afc82c-9fcb-45e6-abd7-966170ea265b
6.392359, 10.512426
6.487340, 10.557708
