main root
6.100205, 4.899376
6.065470, 5.060431
6.057960, 5.239253
6.051885, 5.446810
6.044583, 5.641580
6.033383, 5.828023
6.037472, 6.004096
6.045009, 6.155057
6.036838, 6.304347
6.017024, 6.475460
6.005640, 6.573766
6.006936, 6.672787
6.018147, 6.828570
6.018081, 6.914288
5.940853, 7.112721
5.913312, 7.221644
5.906851, 7.332743
5.900931, 7.503911
5.910075, 7.650373
5.946699, 7.831876
5.976076, 8.039576
5.986976, 8.144455
5.968287, 8.245420
5.923999, 8.397313
459e40cb-4522-4de2-9b35-afde33d124be
5.980469, 5.069022
5.928827, 5.073463
5.902665, 5.095638
5.869807, 5.122946
5.824941, 5.154396
5.777874, 5.204449
5.728889, 5.273875
5.695440, 5.326475
5.665934, 5.386820
5.639899, 5.440067
5.612160, 5.480011
4260d3a3-8ea4-4c41-8d16-a9c7b8c4c58c
5.982859, 5.331538
5.933260, 5.423349
5.917574, 5.461154
5.894978, 5.505820
5.870303, 5.564776
5.839902, 5.615724
5ac4e958-732c-4ba7-b8f3-3f7f1eb6d685
5.983586, 5.009981
5.880194, 4.952382
5.806424, 4.921703
5.737647, 4.902420
5.700318, 4.889114
5.670611, 4.881551
5.622320, 4.875433
5.580336, 4.870114
5.549484, 4.870243
5.507621, 4.870348
5.471708, 4.870366
5.440394, 4.876296
5.401635, 4.880518
5.376384, 4.883269
5.342521, 4.905437
5.287578, 4.921592
5.215406, 4.933235
5.166189, 4.940681
5.085350, 4.954333
5.052639, 4.957982
5.013209, 4.959370
4.997297, 4.968910
4.931772, 4.986508
4.881655, 5.001518
4.833996, 5.014229
4.794078, 5.026425
4.752635, 5.043782
4.702571, 5.071241
4.661664, 5.088556
4.616475, 5.104434
4.560564, 5.124079
4.504650, 5.143725
4.447821, 5.165279
4.384731, 5.192409
4.332984, 5.221178
4.267653, 5.259212
4.232897, 5.279446
4.189624, 5.306177
4f8900df-7a0d-49e5-a94f-4d2dedbbd169
5.970523, 5.003820
5.905201, 4.962035
5.829575, 4.961456
5.792226, 4.967225
5.768083, 4.967130
5.730281, 4.963359
5.679733, 4.958316
5.617250, 4.961107
5.568671, 4.958783
5.519500, 4.954932
5.475290, 4.945464
5.424718, 4.940756
5.374616, 4.937595
5.339213, 4.942860
5.268430, 4.957925
5.215990, 4.964495
5.174482, 4.966678
5.142777, 4.968345
