main root
6.118239, 4.628198
6.039878, 4.878315
5.985527, 5.044660
5.963700, 5.168136
5.944430, 5.324087
5.936550, 5.477002
5.931916, 5.607608
5.923235, 5.744684
5.911921, 5.879901
5.910841, 5.994224
5.911881, 6.107938
5.907510, 6.233201
5.908933, 6.371687
5.904055, 6.506153
5.909865, 6.623850
5.926282, 6.767096
5.937994, 6.887784
5.948378, 6.951850
5.952055, 6.993251
5.967228, 7.113364
6.063300, 7.389475
6.097711, 7.483211
6.160720, 7.620077
6.123661, 7.756032
6.126103, 7.810616
6.089377, 7.999804
6.077958, 8.091742
6.053782, 8.184018
6.053910, 8.249930
6.070913, 8.341144
6.022182, 8.437960
6.000621, 8.499510
5.981288, 8.609348
5.976996, 8.669629
5.973837, 8.713966
5.976676, 8.844048
5.978338, 8.920226
5.970411, 8.968582
5.967962, 9.057530
5.960920, 9.095815
5.949538, 9.174239
5.936060, 9.246255
5.924437, 9.324646
5.908217, 9.393220
5.888455, 9.463770
5.867901, 9.537142
5.845272, 9.606824
5.819814, 9.675523
5.796871, 9.754665
5.775381, 9.818045
5.733489, 10.004222
5.721288, 10.085714
5.688549, 10.192807
5.668261, 10.269416
5.655138, 10.354053
5.640964, 10.425933
5.628583, 10.504209
5.616676, 10.579469
5.600122, 10.645794
5.577309, 10.712463
5.558229, 10.795961
5.545135, 10.839838
5.519321, 10.905406
5.499851, 10.995716
5.481499, 11.066647
5.464560, 11.144061
5.443703, 11.211369
5.423749, 11.285876
5.408269, 11.366810
5.399116, 11.430602
5.396542, 11.469609
5d86526e-82a5-471b-93a2-907b511511f8
5.932973, 7.074867
5.873828, 7.138222
5.833497, 7.181382
5.793288, 7.228754
5.755384, 7.277990
5.731397, 7.314055
5.645566, 7.409518
5.594410, 7.461932
5.563518, 7.506435
5.520834, 7.573178
5.485490, 7.614554
5.417840, 7.690494
5.382763, 7.732119
eca82c52-b728-4abf-86c3-e28723d2732c
6.204237, 7.643007
6.236004, 7.670789
6.259347, 7.687228
6.279716, 7.690936
6.302972, 7.696685
6.322201, 7.706056
