main root
6.218806, 3.870003
6.281002, 4.218306
6.303493, 4.394990
6.316104, 4.504294
6.329841, 4.604900
6.337331, 4.706661
6.336375, 4.808925
6.329189, 4.902698
6.315564, 4.997420
6.297171, 5.081601
6.276980, 5.164289
6.254783, 5.246454
6.228477, 5.327924
6.199861, 5.416549
6.171243, 5.505178
6.142624, 5.593811
6.116080, 5.682864
6.089786, 5.763821
6.069941, 5.845058
6.051967, 5.927384
6.038138, 6.010157
6.020663, 6.078417
6.013954, 6.128762
6.006460, 6.207652
5.999252, 6.283504
5.993393, 6.360988
5.983510, 6.432150
5.969533, 6.532780
5.951391, 6.598123
5.931006, 6.671544
5.914788, 6.752335
5.907212, 6.797678
5.897197, 6.846471
5.863516, 7.039616
5.858205, 7.104924
5.858882, 7.170445
5.859496, 7.229706
5.860109, 7.288967
5.872818, 7.360076
5.883246, 7.418416
5.889083, 7.468087
5.889357, 7.521699
5.892668, 7.583940
5.891881, 7.625496
5.888185, 7.662657
5.876954, 7.715080
5.871439, 7.783691
5.861203, 7.836317
5.858200, 7.898790
5.846946, 7.946809
5.789579, 8.146494
5.776139, 8.193289
5.735621, 8.272250
5.707275, 8.320940
5.677464, 8.372149
5.646574, 8.419267
5.614088, 8.468822
5.581605, 8.518378
5.549123, 8.567936
5.514918, 8.609205
5.479083, 8.675902
5.453480, 8.736208
5.428742, 8.786827
5.404101, 8.844069
5.382241, 8.902427
5.359704, 8.954063
5.340642, 9.020193
5.322184, 9.073424
5.306468, 9.137026
5.290069, 9.190928
5.278804, 9.258825
5.266643, 9.313835
5.260686, 9.382400
5.241844, 9.420863
b0305780-f966-411a-ae3e-cae977deae94
6.199619, 3.990768
6.165419, 4.007155
6.148578, 4.016686
6.107339, 4.036582
6.057960, 4.055421
6.011364, 4.071597
5.982292, 4.080104
5.964321, 4.094938
5.815483, 4.175997
5.761908, 4.193467
5.716488, 4.203555
5.663488, 4.219927
5.616929, 4.231176
5.577838, 4.240621
5.539252, 4.260722
5.487912, 4.279141
6bcea505-679c-4664-8e46-a3bdfffdbb36
6.238443, 4.244075
6.176880, 4.280624
6.113286, 4.297261
6.087644, 4.305517
5.983483, 4.382487
5.950075, 4.403450
5.914227, 4.425942
5.878378, 4.448433
5.841112, 4.477114
5.816771, 4.490181
5.772016, 4.514209
5.708781, 4.545371
dd2a1603-6ee3-4b6f-b4a8-17da18316be1
6.229571, 4.134361
6.191254, 4.176508
6.154483, 4.227975
6.056335, 4.364593
6.039582, 4.382681
6.035766, 4.402303
6.027367, 4.421971
6.010791, 4.466981
091fcd04-d43e-467e-8671-61b11bb20303
5.895753, 6.688554
5.970987, 6.730962
