main root
6.557395, 4.441762
6.537517, 4.856879
6.513895, 5.013345
6.489469, 5.189138
6.472503, 5.356446
6.455059, 5.508502
6.435371, 5.634840
6.421299, 5.738894
6.401277, 5.855459
6.390947, 5.965589
6.380668, 6.075176
6.364086, 6.183999
6.352987, 6.284917
6.336760, 6.393755
6.316361, 6.501881
6.293886, 6.609595
6.257492, 6.722041
6.223597, 6.826763
6.193695, 6.932888
6.167890, 7.040083
6.144174, 7.147639
6.124380, 7.247227
6.105759, 7.330275
6.089352, 7.412925
6.080698, 7.456525
6.060908, 7.566673
6.047723, 7.631602
6.030737, 7.692687
6.011550, 7.756102
5.990936, 7.819067
5.970819, 7.885326
5.948147, 7.944538
5.928241, 8.017459
5.911287, 8.051149
5.885487, 8.125720
5.864266, 8.191634
5.844475, 8.257992
5.824110, 8.321038
5.804255, 8.387378
5.785839, 8.454129
5.768868, 8.521263
5.753353, 8.588748
5.739300, 8.656552
5.725075, 8.703061
5.717905, 8.940329
5.717312, 9.009561
5.701670, 9.120733
5.690963, 9.186106
5.683724, 9.258093
5.670255, 9.317282
5.660867, 9.392274
5.653757, 9.461144
5.642798, 9.523580
5.632307, 9.592014
5.620795, 9.657248
5.610243, 9.725676
5.593669, 9.784071
5.580336, 9.858462
5.567183, 9.923386
5.554907, 9.991525
5.538070, 10.051218
5.518650, 10.114543
5.508592, 10.162645
5.509045, 10.204352
5.446187, 10.479511
5.423222, 10.532978
5.409603, 10.614340
5.397191, 10.679404
5.383308, 10.744169
5.367912, 10.829342
5.374027, 10.932107
5.382803, 11.003923
5.369729, 11.103202
5.357025, 11.165308
5.346954, 11.236956
5.336256, 11.302327
5.321615, 11.364005
5.307087, 11.431699
5.289432, 11.492582
5.275675, 11.566895
5.259752, 11.628252
5.245962, 11.699279
5.231872, 11.764005
5.218614, 11.831958
5.204464, 11.896670
5.193428, 11.968176
5.181849, 12.033397
5.174349, 12.067094
b7465981-7d63-44af-b5cb-ad3bee4eeaf2
6.547774, 4.489848
6.439394, 4.567886
6.396892, 4.591377
6.329788, 4.608522
6.272257, 4.626310
6.213661, 4.647561
6.148606, 4.668622
6.023440, 4.687307
5.960982, 4.707672
5.937739, 4.710462
5.926621, 4.723621
5.874337, 4.755369
5.841469, 4.770073
5.795096, 4.790819
5.760651, 4.801310
5.712057, 4.816110
5.653367, 4.837114
5.597565, 4.857085
5.542852, 4.878255
5.489553, 4.898878
5.407177, 4.961369
5.359850, 4.987389
5.322861, 5.007726
5.287061, 5.023968
5.262452, 5.038397
5.234003, 5.058523
5.207374, 5.081003
5.174764, 5.112420
5.144287, 5.145908
5.115975, 5.179242
5.094905, 5.197111
5.055989, 5.232080
5.020116, 5.258278
4.978767, 5.290328
4.938883, 5.319349
4.898137, 5.347146
4.856172, 5.375774
4.806425, 5.413336
4.758831, 5.451146
4.719058, 5.482743
4.672410, 5.521714
4.621628, 5.560909
c4b4ecf6-cc02-48d8-b48f-e20b4dfcdca8
6.638037, 4.557328
6.688351, 4.610066
6.705885, 4.628443
6.816099, 4.619703
6.858289, 4.616358
6.900479, 4.613013
6.956811, 4.611549
7.014597, 4.611546
7.054558, 4.616033
7.106694, 4.620381
7.155701, 4.625971
7.204516, 4.633046
7.230052, 4.638259
7.254939, 4.643339
7.423180, 4.642947
7.440718, 4.652825
7.467793, 4.669865
7.493059, 4.684072
7.517151, 4.695974
7.545855, 4.705216
7.575791, 4.716493
7.608998, 4.727469
7.646409, 4.735173
7.677465, 4.743096
7.706410, 4.752026
7.734878, 4.762373
7.758822, 4.772668
7.787968, 4.786829
7.816429, 4.802320
7.842628, 4.814875
7.863537, 4.826555
7.954993, 4.898262
8.001378, 4.931333
8.040234, 4.956481
8.073705, 4.979927
8.117396, 5.008704
8.157748, 5.037075
8.183014, 5.058497
8.213192, 5.086048
8.238112, 5.114879
8.275556, 5.153620
8.318857, 5.196270
8.357776, 5.230400
8.403896, 5.264875
8.446678, 5.294985
8.486136, 5.324586
8.528869, 5.354774
8.566188, 5.384802
8.614465, 5.421726
8.656912, 5.452307
8.691862, 5.483020
8.732136, 5.516419
8.773351, 5.548654
8.811261, 5.580204
8.836812, 5.603415
3b829b8f-0601-4d73-9e11-dfde2aae131d
6.598621, 4.904125
6.680340, 4.948378
6.754065, 4.983610
6.841561, 5.013767
6.898218, 5.044262
6.979071, 5.079634
7.110259, 5.126568
7.185637, 5.162253
7.258495, 5.193434
7.320689, 5.226564
7.403362, 5.263451
7.463372, 5.286949
7.511622, 5.311882
7.598991, 5.367615
7.664603, 5.396567
7.734229, 5.427289
7.788341, 5.456074
7.836024, 5.488626
7.889616, 5.537769
7.954203, 5.591364
8.012844, 5.640026
8.074069, 5.686943
8.137906, 5.728318
8.216341, 5.766670
8.269081, 5.800788
8.340166, 5.846773
8.397937, 5.889494
8.440484, 5.920956
8.489872, 5.952926
4d8414b0-77bf-41b6-a276-6b9ae5eeac43
6.511462, 4.695628
6.462666, 4.700359
6.435882, 4.691521
6.403601, 4.679292
6.374059, 4.672903
6.188434, 4.642244
6.075475, 4.639804
6.027209, 4.644787
5.987978, 4.645828
5.965536, 4.643392
5.949582, 4.654046
5.874689, 4.691774
5.853994, 4.697172
5.818015, 4.711196
5.724878, 4.737100
5.700407, 4.743906
5.671772, 4.758083
5.631803, 4.782880
5.606754, 4.791375
5.564792, 4.808767
5.510853, 4.829503
5.464298, 4.845796
5.416512, 4.865693
5.365241, 4.891903
5.313705, 4.919932
5.263499, 4.947236
eea19245-022f-4718-a531-c7d429e01dd6
6.489398, 5.187708
6.390090, 5.208907
6.325653, 5.223366
6.243486, 5.246439
6.190506, 5.262703
6.122740, 5.285073
6.069102, 5.306782
5.941275, 5.368792
5.890724, 5.386662
5.833020, 5.410234
5.741103, 5.439699
5.657368, 5.460008
5.611159, 5.469674
5.538938, 5.507646
deed236c-2be4-4602-8999-6103a54740de
6.495773, 5.232442
6.554556, 5.272439
6.611071, 5.287912
6.651595, 5.269207
6.706219, 5.248431
6.807390, 5.249478
6.873604, 5.238915
6.915177, 5.237043
6.960095, 5.253350
6.997969, 5.268691
7.029321, 5.276546
7.069672, 5.282027
7.121696, 5.287583
7.166809, 5.295412
7.226267, 5.310288
7.270105, 5.325884
7.309907, 5.338456
597b42b2-d0a6-4ab3-b35d-de9ad38565c1
6.280162, 6.616083
6.345735, 6.661150
6.376530, 6.684850
6.514710, 6.795898
6.547695, 6.822409
6.580679, 6.848922
6.613662, 6.875438
6.650852, 6.901497
6.685508, 6.925785
6.724331, 6.949340
6.756400, 6.972300
6.786630, 6.997629
6.810964, 7.018020
6.830432, 7.034334
07f5de7f-1c7f-4378-940e-3c4659b2445b
6.413129, 5.969005
6.468597, 6.018540
6.504153, 6.036086
6.564241, 6.066982
6.630811, 6.111522
6.656884, 6.130767
6.683599, 6.144906
6.712118, 6.154918
6.762811, 6.176600
6.795841, 6.195611
6.841914, 6.220402
6.884622, 6.245082
6.932695, 6.269405
6.970470, 6.288518
7.006234, 6.308291
7.043100, 6.330382
7.084742, 6.360893
400737d5-0ea4-4319-8807-471154b8da2a
6.423965, 5.497518
6.379518, 5.494591
6.346094, 5.500000
6.324643, 5.499037
6.303839, 5.493721
6.221790, 5.451265
6.199244, 5.439589
6.168633, 5.430466
6.128124, 5.418385
6.083894, 5.408307
6.039086, 5.401167
5.995564, 5.395748
5.945152, 5.389471
5a954db7-e1b9-4143-acfa-d722cb53265b
6.150523, 6.934169
6.107180, 6.958804
6.044873, 6.974121
5.996638, 6.984438
5.958462, 6.991072
5.929783, 7.000613
5.897761, 7.014422
8658c511-b59a-42c9-ae01-2f87a6474679
6.084254, 7.420477
6.032857, 7.431847
5.991642, 7.440965
5.952702, 7.446513
5.909521, 7.454178
5.859502, 7.463056
3a5cd159-2188-49de-b6ac-e04220497360
6.321809, 6.216484
6.291030, 6.231759
6.267733, 6.239979
6.239619, 6.246724
6.199561, 6.254796
6.173758, 6.258469
6.148611, 6.262048
