main root
6.894000, 4.770174
6.861027, 5.040137
6.837527, 5.146129
6.815804, 5.234366
6.821207, 5.412048
6.787375, 5.574150
6.759095, 5.688990
6.736170, 5.808430
6.727173, 5.900075
6.722895, 5.986967
6.725769, 6.050322
6.751801, 6.220913
6.776806, 6.328666
6.795465, 6.437158
6.808545, 6.538163
6.816392, 6.631529
6.830423, 6.723100
6.852505, 6.821261
6.845609, 6.910726
6.843531, 7.019645
6.838118, 7.067977
6.836757, 7.256934
6.849643, 7.338234
6.819144, 7.406650
6.824617, 7.507276
6.812066, 7.703332
6.800652, 7.785248
6.783172, 7.866086
6.767393, 7.948868
6.744185, 8.048027
6.729268, 8.139454
6.707173, 8.223351
6.689737, 8.314341
6.669570, 8.397543
6.649733, 8.488316
6.635273, 8.554485
6.609073, 8.644817
6.591227, 8.711722
6.579740, 8.760592
42ccfe29-cd06-4e56-b267-2aa1877dde19
6.855380, 5.038673
6.704189, 5.154789
6.680119, 5.186970
6.655496, 5.224890
6.631677, 5.256074
6.608929, 5.310063
