main root
6.736777, 4.783170
6.787976, 4.989007
6.816256, 5.170166
6.852535, 5.409958
6.891516, 5.631655
6.913511, 5.805812
6.938321, 5.957388
6.965330, 6.092369
6.930522, 6.215685
6.933344, 6.420608
6.914179, 6.556596
6.889943, 6.750747
6.854765, 6.900188
6.823487, 7.059804
6.784574, 7.226024
6.738390, 7.434685
6.689497, 7.644228
6.661007, 7.769595
6.641464, 7.914415
6.633330, 8.037677
6.615694, 8.179041
6.614320, 8.308758
6.600546, 8.427137
6.587824, 8.536469
6.562875, 8.660062
6.549592, 8.779177
6.532298, 8.896180
6.524545, 9.006520
6.510510, 9.115709
6.508096, 9.217439
6.495902, 9.345499
6.485912, 9.450396
6.484358, 9.556030
6.480623, 9.666002
6.485642, 9.767514
6.490241, 9.860535
6.492750, 9.953897
6.499704, 10.055191
6.510248, 10.147343
6.529086, 10.237974
6.542005, 10.331137
6.562213, 10.430664
6.580372, 10.530731
6.602648, 10.629785
6.620567, 10.738405
6.641972, 10.855188
6.662356, 10.954668
6.676582, 11.055708
6.688387, 11.139548
6.703422, 11.231237
6.712663, 11.296845
6.726833, 11.397447
6.734079, 11.470354
6.740987, 11.539862
02f222b9-9abc-4f95-97f8-6f5353147569
6.626676, 4.787764
6.544814, 4.805622
6.487318, 4.825661
6.450721, 4.833096
b8545630-7228-4eab-aad9-e3f69e7975b9
6.645360, 4.849867
6.586370, 4.875464
6.536481, 4.899321
6.499875, 4.913339
6.462968, 4.922777
6.412674, 4.937181
6.364867, 4.949316
6.318873, 4.956358
6.271177, 4.968203
6.217637, 4.984584
6.168104, 5.004435
6.093008, 5.041232
6.048762, 5.059579
6.005274, 5.082473
5.951572, 5.114127
5.886459, 5.150770
5.848863, 5.168493
5.802429, 5.187072
5.769854, 5.198494
5.695105, 5.210896
5.644992, 5.219209
5.584060, 5.232352
5.523829, 5.248407
5.447016, 5.273528
5.384556, 5.290806
5.326393, 5.308448
5.259581, 5.331842
5.203640, 5.351428
5.154938, 5.373238
5.100096, 5.399437
5.037570, 5.432624
4.986459, 5.456364
4.934163, 5.477354
4.879992, 5.497482
4.834140, 5.511327
4.778401, 5.526592
4.714119, 5.542645
4.644043, 5.566317
4.577867, 5.588671
4.528245, 5.602314
0053bf22-a088-4338-91e7-d00e74966d68
6.856035, 4.927093
6.975898, 4.934977
7.030315, 4.949428
7.111759, 4.972417
7.192716, 4.997202
7.280214, 5.032789
7.368781, 5.059728
7.449151, 5.077915
7.523466, 5.094732
7.590622, 5.116066
7.663243, 5.139134
7.735862, 5.162202
7.812241, 5.183323
7.889363, 5.201544
7.956315, 5.223513
8.032491, 5.245357
8.094625, 5.272516
8.211832, 5.284962
8.268850, 5.298542
8.365212, 5.323669
8.416417, 5.337020
8.461070, 5.356286
d3e5ab22-fa7f-42b7-a4a4-6321bb02efe3
6.711505, 5.165965
6.657004, 5.200701
6.587602, 5.228597
19973fbd-17ea-4dbe-8a0f-bee602256328
6.903605, 5.088577
6.973780, 5.102010
7.041502, 5.121086
7.125833, 5.135510
7.187028, 5.158124
7.308032, 5.178017
7.340097, 5.186323
7da1727d-12be-4980-a326-1d4a2608c338
6.787668, 5.460552
6.745721, 5.462236
6.692997, 5.458969
6.661309, 5.457006
6.629612, 5.461038
6.593916, 5.465579
6.568719, 5.468785
6.538855, 5.489210
6.508707, 5.497671
6.470153, 5.505360
6.424055, 5.520659
6.399837, 5.525542
6.366906, 5.529129
6.327477, 5.530413
6.283720, 5.533335
6.253435, 5.533856
6.223626, 5.538860
6.194891, 5.548236
6.141900, 5.576549
6.101419, 5.591388
6.060782, 5.607879
6.014535, 5.625030
5.967788, 5.640771
5.920586, 5.655085
5.868981, 5.675426
5.808501, 5.694439
5.759062, 5.711550
5.723832, 5.718991
5.674127, 5.729490
5.616138, 5.741738
5.558150, 5.753987
5.505221, 5.766696
5.470232, 5.775097
5.446640, 5.779223
e6ea9fde-adeb-42d0-bed2-96068eb2bde5
6.882667, 5.020242
6.914155, 5.019939
6.959011, 5.017672
7.003460, 5.017343
7.051719, 5.022757
2971fc09-e23d-4987-8b18-32de15990845
6.750210, 5.142999
6.616029, 5.244441
6.613660, 5.293535
6.608287, 5.316660
6.598989, 5.357947
6.589361, 5.421132
6.571632, 5.477862
6.568756, 5.527209
