main root
7.230902, 4.310728
7.114073, 4.481565
7.028674, 4.685780
6.928616, 4.900594
6.863588, 5.035319
6.786864, 5.171100
6.737312, 5.280231
6.675347, 5.380973
6.608120, 5.478189
6.558861, 5.560552
6.521286, 5.619270
6.507508, 5.754813
6.529588, 5.829662
6.530157, 5.913610
6.544453, 6.056838
6.560802, 6.178222
6.592547, 6.330488
6.627661, 6.488841
6.642908, 6.586837
6.636872, 6.777436
6.624937, 6.886952
6.604622, 6.995228
6.579330, 7.073104
6.513207, 7.217997
6.487063, 7.431264
6.432149, 7.543292
6.318187, 7.679403
6.300961, 7.894082
6.287471, 8.047265
6.269898, 8.175147
6.269596, 8.261420
6.275446, 8.389248
6.280864, 8.507660
6.275696, 8.578766
6.264288, 8.648682
6.244578, 8.717957
6.214566, 8.800383
6.193723, 8.845506
d45e017d-4687-4c3e-b15d-c671007051ba
7.162217, 4.584561
7.217023, 4.668994
7.246055, 4.714920
7.278723, 4.757006
7.298686, 4.785166
7.316976, 4.826403
7.321350, 4.847338
7.328235, 4.887616
