main root
6.833943, 4.485029
6.692238, 5.021370
6.661955, 5.119754
6.597364, 5.245066
6.552697, 5.364413
6.504842, 5.512521
6.448094, 5.674430
6.405699, 5.807968
6.360394, 5.908715
6.324789, 6.013689
6.280885, 6.123420
6.253600, 6.202783
6.227452, 6.291775
6.212054, 6.376038
6.194561, 6.421809
6.170810, 6.500722
6.143111, 6.607444
6.121821, 6.677551
6.095691, 6.742994
6.077539, 6.780385
6.058079, 6.893490
6.050043, 6.975502
6.037238, 7.044797
6.013978, 7.135938
6.003613, 7.218484
5.990954, 7.302651
5.978362, 7.386379
5.968741, 7.478638
5.956965, 7.571280
5.946262, 7.672252
5.939445, 7.756242
5.926997, 7.857319
5.915614, 7.949750
5.904229, 8.042184
5.894962, 8.134640
5.890730, 8.218452
5.889725, 8.297700
5.888759, 8.373898
5.890750, 8.453127
5.895731, 8.532225
5.903696, 8.611077
5.914636, 8.689574
5.920252, 8.740707
5.899368, 8.838424
5.883086, 8.893122
5.911812, 9.000597
5.939358, 9.079571
5.959693, 9.156768
5.971772, 9.243342
5.989458, 9.325089
5.993800, 9.413818
5.991478, 9.493612
5.992303, 9.546121
6.058188, 9.625869
6.067530, 9.704324
6.085579, 9.785744
6.106968, 9.861482
6.108417, 9.913406
6.138342, 10.098745
6.160787, 10.181413
6.167305, 10.228271
6.184558, 10.308856
6.193403, 10.378772
6.202965, 10.454374
6.212527, 10.529977
6.222087, 10.605578
6.234991, 10.683776
6.240515, 10.754031
6.252923, 10.835500
6.254168, 10.903309
6.267756, 10.991251
6.268823, 11.056960
6.279182, 11.141988
6.281732, 11.212414
6.290689, 11.294334
6.289068, 11.362138
6.287246, 11.438321
6.291924, 11.493118
6.330210, 11.592105
6.354955, 11.809860
6.367367, 11.919086
6.381707, 12.045270
6.407301, 12.183307
6.438346, 12.316408
6.480661, 12.439050
6.513847, 12.516051
6.549877, 12.591328
a2c62f6b-d12d-4bea-8ee4-9b5cd2cc1a4b
6.760278, 5.017923
6.836613, 5.071499
6.867050, 5.096519
6.890634, 5.119780
6.909903, 5.145091
6.938575, 5.185225
6.971050, 5.225534
7.026697, 5.276597
7.130177, 5.333279
7.157849, 5.350143
7.188826, 5.367271
7.200885, 5.382489
7.224021, 5.409278
7.244047, 5.434757
7.267077, 5.461636
7.291224, 5.487517
7.312214, 5.512208
7.336261, 5.538183
7.357155, 5.562955
7.381224, 5.584526
7.408560, 5.607015
7.436822, 5.628327
7.465959, 5.648425
7.476459, 5.664759
7.492262, 5.686574
7.509946, 5.695209
7.706923, 6.126614
7.713507, 6.148240
7.733407, 6.162347
7.747868, 6.178103
7.768264, 6.206964
7.802618, 6.247798
7.839540, 6.287035
7.884386, 6.330325
7.922798, 6.371563
7.967422, 6.415081
8.005618, 6.456510
8.036502, 6.492216
8.053049, 6.515924
8.067393, 6.544318
8.090298, 6.589660
8.110035, 6.638688
8.116049, 6.665653
8.180130, 6.719538
8.262177, 6.814979
8.290351, 6.851628
8.343157, 6.888973
8.388444, 6.913095
8.470179, 6.946457
8.533418, 6.980354
8.622961, 7.023548
8.672349, 7.050695
8.708304, 7.063626
8.751894, 7.074529
26a4b6b4-f3b7-454c-94af-e5514d67a5e5
6.791789, 4.917758
6.830605, 4.942398
6.849985, 4.956471
6.865682, 4.958968
6.885627, 4.966685
6.915313, 4.981382
6.949238, 5.001517
6.998845, 5.027479
7.046019, 5.048788
7.076933, 5.061111
7.100528, 5.070516
7.465178, 5.137169
7.520180, 5.152443
7.558923, 5.164755
7.600946, 5.176539
7.648016, 5.191292
7.696490, 5.206486
7.753041, 5.224211
7.789254, 5.233993
7.877259, 5.253976
7.922125, 5.261095
7.951568, 5.274859
7.980475, 5.285068
8.014234, 5.293815
8.062513, 5.300141
8.094835, 5.307396
8.145511, 5.324905
8.205336, 5.342408
8.262219, 5.359051
8.322814, 5.373660
8.384041, 5.385342
8.440509, 5.397640
8.511747, 5.407028
8.570507, 5.414771
8.625908, 5.425090
8.687664, 5.433549
8.746386, 5.441593
8.792932, 5.449479
8.840659, 5.462709
a1b8d790-18b4-4e9a-ae11-48179c2e1b77
6.868982, 4.827606
6.970966, 4.869965
7.090765, 4.958728
7.115545, 4.998274
7.131223, 5.052331
7.137217, 5.096648
7.143806, 5.126865
7.143976, 5.148316
7.142818, 5.180297
7.140541, 5.204219
7.133411, 5.232648
7.110221, 5.304857
4efb17a5-a4b9-49dd-8ae3-d99e11fc7cd8
6.612406, 5.246833
6.701770, 5.502147
6.705043, 5.523450
6.707734, 5.560695
6.750820, 5.621452
5145aebf-aea5-4165-8b4f-9f5cf7113f40
5.941916, 8.576154
5.975019, 8.584167
6.010994, 8.599033
6.055989, 8.620869
6.180686, 8.639861
6.237029, 8.656013
6.300931, 8.682115
6.395718, 8.718548
6.474167, 8.739814
6.544041, 8.761857
6.589905, 8.770047
6.678810, 8.773762
6.729680, 8.781879
6.821354, 8.802899
6.877598, 8.818866
6e8fe229-c8b9-40e0-a8f4-915f1960a69f
5.851918, 8.253938
5.793553, 8.273990
5.766380, 8.284604
5.647338, 8.328058
5.534611, 8.371579
5.486383, 8.377536
5.408446, 8.388670
5.308241, 8.405122
5.236467, 8.422973
5.181007, 8.436767
5.134019, 8.442284
5103c7bf-2da1-46db-9b75-7b53b8817c68
5.910013, 8.305874
5.973978, 8.329114
6.123395, 8.335734
6.194843, 8.343394
6.264027, 8.356832
6.381851, 8.351114
6.456545, 8.348988
6.553607, 8.358040
0a69ae37-92cf-4a27-9316-436956b0c266
5.947499, 7.372654
6.010352, 7.526780
6.022316, 7.577575
6.027363, 7.596272
6.031963, 7.624814
6.101263, 7.730738
6.131441, 7.801515
6.150007, 7.841243
6.163950, 7.878149
6.184383, 7.915295
6.203743, 7.941174
995b6ac5-0cb5-4b04-a502-9f0dae65d77c
5.840531, 8.870996
5.796812, 8.880525
5.720779, 8.896474
5.640438, 8.920973
5.569660, 8.937698
50abd076-6dfd-443f-ac18-91604624bef7
5.930900, 7.996767
5.961259, 8.042083
6.009619, 8.086247
6.073889, 8.140313
6.103823, 8.173418
6.148865, 8.214846
6.188211, 8.241905
6.260811, 8.298491
8b776684-3bf0-4b78-9b86-bcb2bc0c9b46
5.918569, 8.357795
6.083116, 8.281391
6.114059, 8.265323
6.150474, 8.248360
d76d7f58-0162-4a6a-b5fc-0f2e9e4117e8
6.396902, 5.867386
6.463722, 5.903225
6.480026, 5.917066
6.498894, 5.935047
91a4b6a6-c923-445f-9bac-32bebf9341ed
6.556099, 5.342251
6.599641, 5.371828
6.622438, 5.403754
6.650050, 5.438018
d6f93614-ee60-4e83-aa5c-987b759d2210
6.784526, 4.794311
7.009795, 4.879580
7.058895, 4.892064
7.110644, 4.908311
7.164068, 4.936446
dfcedee8-b2f0-4618-94e0-edce72bc6a9f
6.594917, 4.867384
6.560074, 4.861747
6.475219, 4.841061
6.437955, 4.830436
6.371054, 4.832347
6.334828, 4.842366
72b05181-efa4-402d-ab6c-a0e24580689f
6.825463, 4.785619
6.945530, 4.776469
7.042145, 4.800652
