main root
6.805096, 4.787283
6.801151, 4.974898
6.766992, 5.196120
6.712926, 5.515481
6.694752, 5.662760
6.682118, 5.851151
6.687756, 6.034497
6.699140, 6.202284
6.705143, 6.397253
6.718415, 6.560204
6.738407, 6.753651
6.765980, 6.881069
6.783168, 6.989206
6.792767, 7.036478
c68e2444-4907-46e2-8769-5b56aef72235
6.855472, 5.056776
6.979683, 5.131505
7.003927, 5.150110
7.036632, 5.177508
7.061966, 5.193301
7.087645, 5.205781
240ef5a5-8fff-4201-9b31-b61055102315
6.739379, 5.094635
6.675901, 5.114785
6.623580, 5.127005
6.573608, 5.130013
516888f7-ab2c-4fbd-9ad3-de1631fd40b5
6.767700, 5.201453
6.859730, 5.224758
6.905631, 5.228423
6.946162, 5.224183
