main root
6.187113, 4.616437
6.162915, 4.980431
6.132000, 5.226930
6.126054, 5.494409
6.120786, 5.731420
6.131640, 5.996708
6.135341, 6.241641
6.163281, 6.471475
6.187768, 6.741427
6.221873, 6.926498
6.234556, 7.112058
6.242459, 7.256564
6.246618, 7.407974
6.241682, 7.534082
6.254536, 7.682506
6.259036, 7.839574
6.257654, 7.933765
6.243438, 8.044138
6.236137, 8.100821
6.247013, 8.255206
6.206530, 8.512587
6.173135, 8.625462
6.138102, 8.751264
6.109420, 8.885368
6.086853, 9.010957
6.052371, 9.162126
6.029924, 9.295243
6.006782, 9.419857
5.991270, 9.538052
5.978048, 9.638787
5.963814, 9.731087
5.948794, 9.814872
5.935971, 9.898155
5.927274, 9.954639
5.914823, 10.006004
901f08bd-d07f-40b4-a531-52945dcb30be
6.259928, 4.713864
6.365579, 4.802726
6.426293, 4.831453
6.466313, 4.853700
6.508122, 4.883791
6.558311, 4.918069
6.602760, 4.953865
6.655510, 4.996345
6.695359, 5.034200
6.742352, 5.080907
6.786157, 5.128665
6.824104, 5.172251
6.846289, 5.202291
6.865571, 5.230921
6.900211, 5.301255
6.921721, 5.344928
6.998890, 5.446069
7.011386, 5.467381
7.032742, 5.503729
7.044780, 5.530053
7.054362, 5.565403
7.065336, 5.606030
7.078343, 5.642850
7.096144, 5.684368
7.114708, 5.723865
7.128263, 5.752617
7.135160, 5.774180
ed593c09-4946-4019-9aa2-0e299fb1b282
6.142289, 5.034485
6.034014, 5.061832
5.984409, 5.083624
5.928062, 5.133517
5.582534, 5.299958
5.498653, 5.340364
5.427909, 5.379425
5.360620, 5.418288
5.281804, 5.463809
5.243860, 5.483996
9b48ad30-f829-4939-8de8-0a337f065f32
6.218767, 5.202766
6.340103, 5.261060
6.377203, 5.283866
6.424834, 5.307254
6.454924, 5.327031
6.492801, 5.353716
6.543999, 5.393449
6.602100, 5.440434
6.661353, 5.488350
6.748316, 5.555955
6.814222, 5.609817
6.881745, 5.659643
6.972938, 5.734230
7.151427, 5.883850
7.215266, 5.934675
7.283423, 5.983638
7.336959, 6.029467
7.368516, 6.052541
7.416183, 6.079975
7.494491, 6.114684
7.556259, 6.148610
7.651663, 6.203425
7.725744, 6.243597
7.799556, 6.285981
7.873639, 6.326130
7.948075, 6.366471
8.019128, 6.401573
8.085441, 6.436003
8.165314, 6.479857
8.207988, 6.503287
8870c871-48c8-4be2-bfce-cd3811387e69
6.057680, 5.171014
5.980336, 5.181441
5.884161, 5.184823
5.787123, 5.196760
5.602688, 5.218829
5.512536, 5.196184
5.468051, 5.188097
5.430132, 5.178123
5.385787, 5.169515
5.340929, 5.163856
5.300811, 5.157287
5.251048, 5.150656
5.221258, 5.145175
5.187563, 5.146587
5.132511, 5.153388
5.103604, 5.153942
5.070563, 5.151582
5.015157, 5.146123
d7366b52-959c-4909-afd6-b60407976cf4
6.128768, 4.719565
6.066478, 4.762292
6.006821, 4.793010
5.918375, 4.838554
5.873157, 4.866888
5.831058, 4.889737
d7de5de4-f118-4846-b56e-616a421859c1
6.235762, 5.983816
6.304246, 6.054532
6.337807, 6.084813
6.360961, 6.101608
6.371531, 6.126758
6.391441, 6.154284
6.411614, 6.192387
6.481404, 6.279320
6.508153, 6.319812
6.537263, 6.363875
6.573042, 6.426182
6.616791, 6.498203
6.641107, 6.541115
6.668191, 6.585874
eff59768-3235-4f36-84e8-520d2b8d1363
6.243412, 6.510934
6.353499, 6.543418
6.392755, 6.561244
6.446716, 6.585746
6.508168, 6.620224
6.551008, 6.640829
6.595240, 6.655461
6.669119, 6.673596
6.752170, 6.686276
6.822375, 6.701537
6.869975, 6.709762
6.909139, 6.731624
