main root
6.646358, 5.895800
6.656006, 6.088152
6.648147, 6.253725
6.580019, 6.418652
6.541436, 6.506652
6.479104, 6.641755
6.406070, 6.906702
6.371334, 7.015383
6.312050, 7.200869
6.281207, 7.366941
6.240459, 7.548516
6.207188, 7.735278
6.171694, 7.965580
6.113826, 8.202852
6.089682, 8.355104
6.098120, 8.552048
6.077271, 8.717082
6.059623, 8.924310
6.058494, 9.082471
6.049193, 9.257584
6.029732, 9.412008
6.004373, 9.540114
5.982767, 9.660107
5.959715, 9.776226
5.922965, 9.933988
5.893776, 10.076255
5.858989, 10.221714
5.840662, 10.352408
5.817242, 10.483248
5.793953, 10.624521
5.764978, 10.775514
5.742643, 10.929556
5.708806, 11.091344
5.679986, 11.250798
5.684289, 11.398165
5.584199, 11.543175
5.540812, 11.603902
5.502177, 11.787016
5.480163, 11.925381
5.469101, 12.066090
5.468955, 12.200483
5.470886, 12.339502
5.461212, 12.451512
5.447968, 12.580522
5.439704, 12.681729
5.437016, 12.765614
5.431883, 12.832339
5.425919, 12.893158
5c74ef11-76b6-4bfc-9208-cf7808461373
6.748922, 6.199357
6.830961, 6.251512
6.901901, 6.296521
6.968813, 6.329898
6.989131, 6.374591
7.026449, 6.380562
7.116177, 6.436821
7.193730, 6.480505
7.256042, 6.519039
7.302607, 6.537276
7.377436, 6.563369
7.449384, 6.588458
7.528956, 6.609866
7.606206, 6.627549
7.680482, 6.644551
7.749111, 6.663332
7.815252, 6.687639
7.886773, 6.713922
7.962136, 6.738429
8.038370, 6.760072
8.119064, 6.776757
8.206761, 6.811722
8.277540, 6.839942
8.352209, 6.866489
8.431649, 6.888381
8.505109, 6.908624
8.574887, 6.930958
8.647459, 6.954186
8.716266, 6.979351
8.780148, 7.009090
8.861158, 7.036897
8.937034, 7.059773
9.009988, 7.081770
9.090401, 7.099762
9.134336, 7.112659
9.182091, 7.136033
9.254536, 7.168160
9.319248, 7.239202
9.372235, 7.274317
9.512386, 7.308852
9.586369, 7.327084
9.622284, 7.342100
9.688666, 7.373100
9.757708, 7.405342
9.826749, 7.437582
9.899771, 7.468375
9.969981, 7.497981
10.028430, 7.532374
10.110493, 7.566769
10.184688, 7.594618
10.271441, 7.614392
10.323579, 7.629345
10.371109, 7.649202
10.441420, 7.678574
10.503898, 7.711161
10.575493, 7.745130
10.644334, 7.777792
10.717163, 7.809033
10.791124, 7.837501
10.869972, 7.861436
10.924976, 7.881260
10.992829, 7.908896
11.063401, 7.937636
11.114461, 7.974593
11.149370, 7.968722
11.274470, 7.998819
11.336716, 8.016873
11.399735, 8.035151
11.452148, 8.058474
e10bbbb1-1e7a-4187-874e-4069c78ec914
6.717435, 6.347698
6.779144, 6.411311
6.867348, 6.482991
6.904537, 6.515084
6.957648, 6.547021
6.964317, 6.577953
6.969672, 6.602783
7.071632, 6.653963
7.151104, 6.710533
7.204809, 6.756113
7.279765, 6.804026
7.322082, 6.845285
7.409991, 6.910310
7.475381, 6.966417
7.539636, 7.021549
7.610316, 7.082194
7.685759, 7.135841
7.759608, 7.193515
7.828575, 7.258053
7.900373, 7.316598
7.965013, 7.371981
8.030336, 7.425219
8.095969, 7.478709
8.171600, 7.532208
8.238165, 7.586914
8.312814, 7.656478
8.378062, 7.708776
8.435464, 7.746813
8.509207, 7.785726
8.584690, 7.818790
8.644794, 7.845117
8.714050, 7.915656
8.812267, 7.978091
8.880709, 8.018052
8.913682, 8.051171
8.971682, 8.105185
9.021969, 8.143831
9.086592, 8.189718
9.157075, 8.232423
9.214027, 8.273929
9.252234, 8.290661
9.314152, 8.324312
9.372989, 8.363102
9.428997, 8.392855
9.500343, 8.427365
9.571034, 8.458233
9.623472, 8.477861
9.664991, 8.490206
9.745480, 8.507892
9.816343, 8.526525
9.893699, 8.543773
9.964506, 8.562625
10.084555, 8.593017
10.174164, 8.625799
10.215242, 8.646779
997ed40c-71a4-4c90-829f-98af1a07b655
6.361819, 6.767176
6.256627, 6.773850
6.158474, 6.790667
6.089960, 6.791885
6.004385, 6.789259
5.911465, 6.788512
5.823952, 6.773291
5.751151, 6.766944
5.682533, 6.769288
5.590381, 6.778750
5.502354, 6.775280
5.412021, 6.780139
5.320062, 6.791406
5.236023, 6.801702
5.164302, 6.805965
5.093861, 6.804154
5.005410, 6.813859
4.905092, 6.801042
4.844676, 6.799595
4.779452, 6.800108
4.741984, 6.801899
235f3f45-cc18-4fc4-889f-0df12d49b92f
6.545391, 6.070417
6.438896, 6.092561
6.240749, 6.137231
6.036918, 6.183685
5.826198, 6.218477
5.406148, 6.286956
5.198365, 6.266551
5.091671, 6.278271
4.983774, 6.279666
4.882237, 6.280909
4.764283, 6.273915
4.671757, 6.276856
4.577757, 6.273532
4.466127, 6.265560
4.383606, 6.266028
4.309886, 6.274907
4.218872, 6.292224
4.120011, 6.315341
4.032672, 6.327124
3.938310, 6.331363
3.846257, 6.341815
3.762127, 6.351368
3.671950, 6.372191
3.571846, 6.390966
3.480932, 6.410158
3.400615, 6.433470
3.302383, 6.459780
3.202998, 6.482020
3.110734, 6.498355
3.017829, 6.510530
2.929343, 6.539200
2.821036, 6.560946
2.730367, 6.581296
2.613226, 6.596775
2.533163, 6.618024
2.435580, 6.646110
2.336617, 6.670191
2.246854, 6.694199
2.164115, 6.714181
2.101585, 6.724661
2.054060, 6.737180
1.994531, 6.759052
1.944199, 6.766136
d601f7dd-150c-4033-84f5-d94d7a4b190b
6.554189, 6.111562
6.409171, 6.093930
6.207882, 6.142841
5.926504, 6.197436
5.669391, 6.247761
5.177921, 6.367095
5.034761, 6.389673
4.917972, 6.400614
4.853129, 6.420865
4.763907, 6.445903
4.675035, 6.473027
4.575782, 6.496685
4.475820, 6.516163
4.400852, 6.537200
4.336187, 6.564134
4.237630, 6.614352
4.162023, 6.641073
4.080017, 6.665657
4.007024, 6.687539
3.902146, 6.721188
3.831722, 6.752494
3.749834, 6.795801
3.672306, 6.832111
3.587964, 6.871613
3.502514, 6.909310
3.411405, 6.954128
3.323278, 6.988102
3.233450, 7.015970
3.136411, 7.046073
3.050852, 7.081425
2.963760, 7.115134
2.873514, 7.142832
2.794729, 7.167013
2.715644, 7.180285
2.629863, 7.188373
2.559189, 7.205451
2.444629, 7.237475
2.358106, 7.270398
2.271063, 7.303519
2.200715, 7.328686
2.128971, 7.354353
2.041285, 7.385723
1.991461, 7.403548
ba1acf7b-3dc7-4dbe-a2dc-a8e2502f6752
6.182106, 6.230413
6.207797, 6.284731
6.247540, 6.366969
6.283312, 6.450215
6.295718, 6.487559
6.306326, 6.524095
6.313194, 6.567971
6.319231, 6.595109
