main root
6.742366, 4.163357
6.669712, 4.501563
6.590620, 4.832854
6.560751, 4.928486
6.538664, 4.999200
6.515375, 5.341742
6.483906, 5.536430
6.460971, 5.651866
6.428195, 5.773746
6.397169, 5.897198
6.366225, 6.028151
6.329226, 6.157508
6.287303, 6.265719
6.246597, 6.359077
6.196855, 6.457276
6.147099, 6.546142
6.099650, 6.626580
6.054633, 6.698816
6.007870, 6.769930
5.959387, 6.839885
5.907268, 6.907805
5.876479, 6.961833
5.848283, 7.041225
5.814405, 7.155525
5.782468, 7.296124
5.763600, 7.417221
5.748117, 7.543879
5.730322, 7.695836
5.716169, 7.816694
5.705505, 7.943857
5.694892, 8.070406
5.686349, 8.197401
5.672112, 8.314730
5.661983, 8.415770
5.649326, 8.500440
5.632509, 8.617205
5.609520, 8.768932
5.593051, 8.877618
5.574478, 8.986073
5.548317, 9.101342
5.524101, 9.217568
5.495863, 9.332416
5.469580, 9.439305
5.445341, 9.546748
5.419256, 9.662375
5.397084, 9.770266
5.372458, 9.869086
5.345843, 9.975886
5.323309, 10.083813
5.306994, 10.193010
5.285669, 10.292798
5.272209, 10.375629
5.259385, 10.467665
5.245588, 10.551655
5.236093, 10.635039
5.230108, 10.714065
5.224353, 10.790049
5.219718, 10.851255
5.207751, 10.895536
c52f73ef-a460-4856-a706-5edda5a2f0b8
6.705920, 4.312151
6.569547, 4.350740
6.460393, 4.404498
6.404513, 4.438695
6.359114, 4.438597
6.330272, 4.459492
6.241427, 4.486117
6.168436, 4.515125
6.102910, 4.539556
6.035997, 4.564504
5.970548, 4.588906
5.917330, 4.600866
5.820699, 4.664515
5.757067, 4.706429
5.685578, 4.716501
5.613531, 4.747376
5.538778, 4.789177
5.471123, 4.830440
5.424325, 4.851969
5.343297, 4.884614
5.253793, 4.912092
4597672c-65b7-4f13-8b97-991fb41564e3
6.761451, 4.277730
6.823832, 4.258126
6.959525, 4.333024
7.106825, 4.392289
7.128459, 4.404220
7.161416, 4.425814
7.205075, 4.457998
7.248597, 4.493799
7.292261, 4.531656
7.332751, 4.564781
7.371367, 4.592505
7.497466, 4.697240
7.543056, 4.735105
7.592862, 4.772581
7.648600, 4.807028
7.694893, 4.839157
7.743582, 4.872946
7.788106, 4.907486
7.834930, 4.943813
7.871256, 4.981465
7.896238, 5.007361
7.953515, 5.038649
c7aea453-23ab-4682-8648-3babbc53cf74
6.724667, 4.363775
6.841519, 4.551633
6.868958, 4.605736
6.907436, 4.674990
6.982072, 4.747677
6.991437, 4.788109
7.015430, 4.821001
7.048635, 4.864067
7.074248, 4.890016
7.119031, 4.924732
7.281360, 5.031860
7.313860, 5.069509
7.344945, 5.103305
7.428145, 5.166102
7.488193, 5.205863
7.559018, 5.240131
7.589102, 5.262944
7.653399, 5.302242
7.909557, 5.469368
5a3246e1-d322-43bb-81b7-b3b523cae28d
6.616700, 5.008033
6.731223, 5.047869
6.894507, 5.097193
6.961837, 5.122222
7.015759, 5.151851
7.077847, 5.165721
7.218494, 5.232424
7.281365, 5.267211
7.334712, 5.300149
7.424616, 5.325986
7.470678, 5.332993
7.549424, 5.341944
7.611892, 5.361093
7.684750, 5.383427
7.757607, 5.405761
7.830307, 5.426481
7.882128, 5.456417
12ccad7f-2f72-4998-957f-511b347c5746
6.535899, 5.502470
6.550669, 5.525220
6.573656, 5.560626
6.588610, 5.583698
6.606536, 5.605891
6.727227, 5.719089
6.739407, 5.736669
6.761427, 5.771079
6.784673, 5.812959
6.812350, 5.853569
6.836775, 5.884091
6.888304, 5.922245
6.952579, 5.948193
6.983969, 5.959250
7.009836, 5.966775
7.039792, 5.970813
7.065380, 5.975771
7.080349, 5.970659
7.096342, 5.970938
7.128634, 5.973006
7.157616, 5.979369
7.188865, 5.987770
7.223356, 5.995500
7.258144, 6.001769
7.289688, 6.008980
7.316234, 6.013521
7.335978, 6.005405
e339fa9c-30a7-4ac6-bf56-2f17feda37d2
6.685101, 4.752025
6.746954, 4.798682
6.778229, 4.826039
6.810000, 4.841918
6.866947, 4.867045
6.919217, 4.890123
6.948244, 4.902953
6.983303, 4.908646
7.028895, 4.914533
7.062565, 4.936453
7.378700, 5.067300
7.433458, 5.077004
7.454999, 5.083860
7.519751, 5.126460
7.673929, 5.189936
7.724829, 5.214129
7.776366, 5.240283
7.824058, 5.261704
47829c6d-eb8c-4a4e-bbd1-5229d5572bd2
6.717250, 4.560123
6.782000, 4.639633
6.840068, 4.718441
7.008838, 4.985337
7.027292, 5.006915
7.050553, 5.038719
7.071320, 5.072197
7.088819, 5.094744
7.112779, 5.115869
7.135532, 5.133934
7.153322, 5.149969
7.246180, 5.209626
7.337634, 5.223719
7.374413, 5.240210
7.392728, 5.230851
7.471122, 5.238162
7.556041, 5.281083
7.630996, 5.321306
7.685598, 5.334121
7.769936, 5.395032
7.818033, 5.416797
7.854464, 5.439853
7.904268, 5.473144
22b1d685-67d2-42d1-ad87-37ab72942007
6.701428, 4.688415
6.774489, 4.708067
6.843780, 4.720837
7.007245, 4.745264
7.071682, 4.758865
7.217373, 4.774416
7.239335, 4.779771
7.277912, 4.786096
7.316119, 4.786294
7.356948, 4.788003
7.412254, 4.782049
37721d6c-deac-4fea-912f-853b159b59c5
6.725040, 4.303775
6.941585, 4.963285
7.044815, 5.109231
7.147549, 5.240324
7.166825, 5.302189
7.166911, 5.328330
7.179515, 5.340470
7.209639, 5.375660
7.244685, 5.414233
7.285086, 5.451957
7.306238, 5.473696
7.334650, 5.534709
7.347303, 5.558439
7.365270, 5.582684
545349da-3d56-47ee-ae8a-9a8eb75f0fb8
5.982660, 6.877280
6.047745, 6.928063
6.078816, 6.958581
6.107171, 6.980777
6.129273, 6.996178
580c6d17-97b0-40d5-98ff-9bd96a36d780
5.888252, 6.945183
5.814402, 6.933002
c1eca4bd-a839-4f57-82e3-b0ff02e9333e
6.361567, 6.214379
6.420634, 6.278632
6.435778, 6.301739
6.458916, 6.337047
6.505740, 6.400304
6.551093, 6.443779
ca6d1267-b928-443a-bff2-89ad8d85cf8b
6.497807, 5.712853
6.552464, 5.740476
6.615475, 5.767599
dfaa226a-4477-4c2d-93e1-9570aeea2f48
6.597982, 5.225941
6.644559, 5.265260
6.680702, 5.299757
6.707467, 5.317098
6.773333, 5.342467
9f282877-a6a9-4a1c-a662-1fed383e146b
6.529853, 5.262929
6.448096, 5.273690
6.389211, 5.275200
6.362361, 5.277386
