main root
7.009047, 5.468090
7.009343, 5.740463
7.018517, 5.953896
7.023006, 6.177859
7.027104, 6.357260
7.041850, 6.569678
7.044800, 6.729890
7.042524, 6.897439
7.022468, 7.025295
6.996629, 7.178321
6.990839, 7.331431
6.947217, 7.404755
6.912123, 7.572240
6.877508, 7.742280
6.870528, 7.898959
6.836571, 8.139443
6.818556, 8.236120
6.802097, 8.337316
6.792165, 8.439419
6.776141, 8.541090
6.764725, 8.601488
6.772218, 8.655542
6.732427, 8.692150
480987e7-c085-4e58-b97b-2e1f53649efc
7.084254, 5.891588
7.124505, 5.891962
7.217160, 5.907461
7.253944, 5.910202
7.299356, 5.910584
7.340167, 5.912425
7.379884, 5.918712
7.415425, 5.924337
450be03e-bffa-404a-8ddd-b8559939f9d4
7.056711, 6.017668
7.084040, 6.059365
7.102703, 6.076543
7.131967, 6.093306
7.182176, 6.116892
7.206931, 6.131828
7.239069, 6.154714
7.269833, 6.169272
7.313997, 6.186861
7.347427, 6.200173
