main root
6.136667, 4.550696
6.368581, 4.840367
6.415271, 4.911949
6.484108, 5.046324
6.558127, 5.164904
6.634230, 5.303758
6.713536, 5.426892
6.786135, 5.532172
6.834135, 5.591373
6.874909, 5.631587
6.937551, 5.825897
6.965375, 5.905440
6.979348, 5.976798
6.989757, 6.062331
7.006006, 6.144365
7.008788, 6.190423
6.994855, 6.234952
6.981997, 6.310770
6.972449, 6.354664
6.948979, 6.472958
6.920792, 6.682937
6.895982, 6.773601
6.838915, 6.935396
6.818506, 7.029890
6.793691, 7.154728
6.780898, 7.219085
6.767403, 7.271619
6.750284, 7.395698
6.744739, 7.457785
6.736753, 7.513569
6.725815, 7.568850
6.716665, 7.630509
6.707966, 7.689135
6.701789, 7.751161
6.693232, 7.806861
6.686738, 7.868855
6.678561, 7.918196
6.666407, 7.973224
6.651346, 8.027529
6.637592, 8.088325
6.629033, 8.153294
6.624886, 8.184772
6.558486, 8.415294
6.554378, 8.550468
6.542305, 8.692906
6.538279, 8.788559
6.524628, 8.944178
6.513202, 9.097582
6.507251, 9.233688
6.498220, 9.343359
6.496370, 9.417067
a524d6ca-04d5-4201-af82-9d8faa1aef9f
6.347080, 4.903500
6.381388, 5.080618
6.378962, 5.172219
6.363585, 5.822673
6.370045, 5.893005
6.371636, 5.924380
6.371941, 5.955792
6.373982, 5.990156
6.377727, 6.024376
6.376461, 6.052149
6.376601, 6.086573
6.375414, 6.110692
6.369997, 6.133692
6.363777, 6.167550
6.359244, 6.201674
6.353836, 6.232619
6.349599, 6.266781
6.347063, 6.301113
6.346233, 6.335527
6.350031, 6.373005
6.351916, 6.404363
6.355684, 6.438580
6.353742, 6.460043
6.350288, 6.483942
45854f7f-149d-444d-b602-f415222719bc
6.201790, 4.695369
6.100716, 4.744722
5.996102, 4.799283
5.970863, 4.794332
5.939103, 4.785018
5.914729, 4.777871
5.816199, 4.813645
5.795013, 4.816561
5.753077, 4.822331
5.695643, 4.828724
5.645937, 4.835763
5.610309, 4.840808
5.441871, 4.853522
5.399721, 4.856694
5.357571, 4.859855
5.312657, 4.866216
5.268252, 4.875529
5.228031, 4.882435
5.179188, 4.889303
5.150666, 4.894824
5.122175, 4.904912
5.070645, 4.929509
5.021188, 4.945375
4.945945, 4.965700
4.905077, 4.976738
4.862100, 4.991446
4.820184, 5.008954
4.783535, 5.019397
4.733650, 5.035168
4.684236, 5.052359
4.617502, 5.080330
4.555035, 5.106513
4.500373, 5.129423
4.447315, 5.148416
4.388798, 5.174131
4.328322, 5.197437
4.273019, 5.218750
4.231542, 5.234734
4.184999, 5.251067
46cfd988-e9f8-4583-97e7-fe9d61505157
6.230142, 4.590918
6.236960, 4.545835
6.255191, 4.531388
6.276514, 4.516401
6.317188, 4.500296
6.360498, 4.494131
6.419435, 4.477289
6.450954, 4.469841
6.485009, 4.460258
6.518629, 4.449245
6.549756, 4.437478
6.584903, 4.417791
6.606491, 4.407412
6.627281, 4.402395
6.650721, 4.401354
6.685970, 4.398289
6.718335, 4.396974
6.753596, 4.394040
6.783013, 4.387085
6.871176, 4.354653
6.892352, 4.351644
6.922055, 4.351956
6.960445, 4.347867
6.992778, 4.345925
7.027976, 4.342309
7.062987, 4.337206
7.086859, 4.335236
7.112916, 4.334585
7.136853, 4.335481
7.163928, 4.340987
7.198870, 4.346560
7.222242, 4.351801
7.247308, 4.358953
7.289605, 4.358016
7.401053, 4.370764
7.436230, 4.373253
7.459997, 4.376408
7.480166, 4.383585
7.513870, 4.393962
7.544251, 4.404851
7.581759, 4.413497
7.612844, 4.422169
7.647191, 4.430168
7.678256, 4.438911
7.712584, 4.446988
7.743628, 4.455801
7.774240, 4.466019
7.808143, 4.475729
7.842434, 4.483963
7.861751, 4.493190
7.898192, 4.505588
7.928240, 4.517363
7.961601, 4.528798
7.983764, 4.537946
8.001415, 4.550059
28a1b7ff-cd48-4a34-ac51-9dab0f1ee5ff
6.282236, 4.888498
6.201831, 4.914051
6.134261, 4.944324
5.973013, 5.004674
5.931613, 5.023367
5.896025, 5.032866
5.873605, 5.035751
5.858535, 5.050822
5.806281, 5.075026
5.781791, 5.089633
5.758939, 5.106749
5.587561, 5.182065
5.560030, 5.190894
5.549866, 5.208122
5.483757, 5.249453
5.448812, 5.267770
5.410055, 5.291466
5.373937, 5.313549
5.337817, 5.335631
5.313348, 5.354099
5.279557, 5.379603
5.245181, 5.409301
5.217643, 5.437047
5.199742, 5.452958
5.094327, 5.526030
5.067626, 5.539075
5.062863, 5.553498
5.042287, 5.571686
5.010864, 5.595457
4.990609, 5.610771
4.969185, 5.634464
4.945477, 5.669599
4.921822, 5.704642
4.897353, 5.735525
4.871577, 5.772864
4.847553, 5.807666
4.822385, 5.836221
4.788795, 5.874332
4.749340, 5.914569
4.707866, 5.959004
4.661720, 6.010638
4.616704, 6.063252
4.573000, 6.118938
4.536918, 6.169761
4.502610, 6.218084
4.476878, 6.254328
4.446244, 6.297476
d2347114-667d-4829-8a16-1c4b97e4d4e5
6.558774, 5.288063
6.527367, 5.330235
6.514642, 5.353133
6.489408, 5.395435
6.474790, 5.417001
6.472130, 5.442916
6.447650, 5.500586
6.424175, 5.544720
6.327028, 5.772559
6.308966, 5.795840
6.288971, 5.816698
6.285727, 5.838493
6.257947, 5.892992
6.242217, 5.926933
6.231328, 5.953756
6.223395, 5.984974
6.212031, 6.035371
6.203240, 6.087964
6.191010, 6.142978
6.178150, 6.200829
6.169205, 6.234169
6.194785, 6.563111
6.177700, 6.652788
6.167060, 6.699460
6.164630, 6.729337
6.161780, 6.780105
6.158108, 6.861362
7279ca68-5f44-4ea7-a61c-e982403209b3
6.220096, 4.806480
6.197600, 4.838700
6.162304, 4.896608
6.273598, 5.170274
6.286679, 5.208756
6.301701, 5.262511
6.316113, 5.303264
6.352908, 5.366913
6.366982, 5.442176
6.410726, 5.543329
6.468354, 5.748781
6.477062, 5.788032
6.484542, 5.842485
6.499400, 5.945163
206d1c99-0901-44d1-af1c-5f97884c59aa
6.902942, 5.624047
6.949632, 5.605685
7.007017, 5.579433
7.068953, 5.557527
7.137318, 5.537839
7.235146, 5.507334
7.250151, 5.512642
7.279784, 5.518396
7.302560, 5.512312
7.328104, 5.507008
7.362292, 5.498353
7.391738, 5.495500
7.429351, 5.487318
7.463456, 5.478338
7.495007, 5.471548
7.527216, 5.463057
7.548599, 5.462035
7.572573, 5.462358
2c6c2084-3bed-4887-a702-89f6e8ded793
6.278701, 4.591158
6.504537, 4.620318
6.577547, 4.670282
6.640096, 4.736353
6.695874, 4.801305
6.730266, 4.845947
6.764337, 4.892625
6.802306, 4.934092
6.850104, 4.979642
6.877101, 5.007438
6.978746, 5.059196
7.019864, 5.085171
7.054827, 5.112569
7.099734, 5.155366
7.157010, 5.207882
7.219418, 5.265103
7.254644, 5.305524
7.313152, 5.363549
7.365139, 5.417212
7.424050, 5.478024
7.461053, 5.520524
7.504781, 5.557123
7.532692, 5.572677
7.669870, 5.785490
7.816071, 5.890110
7.848164, 5.892238
7.974008, 5.938408
8.033905, 5.972811
82d7a3e0-1790-4c1f-b609-bd899253b393
7.014448, 6.305552
7.083690, 6.378382
7.108455, 6.404459
7.125917, 6.422877
7.147597, 6.441421
7.183869, 6.468534
7.239258, 6.509198
7.264852, 6.527988
8120fad6-a1cd-4db8-92c0-9c84913623a8
7.023231, 6.322485
7.097463, 6.335221
7.133648, 6.339902
7.173955, 6.346626
7.213988, 6.354822
7.261990, 6.366177
7.296489, 6.371261
7.349064, 6.377763
