main root
6.671733, 3.911600
6.676907, 4.113777
6.669367, 4.720237
6.663205, 4.777079
6.656276, 4.829566
6.710193, 4.961659
6.742524, 5.037611
6.737178, 5.166182
6.743388, 5.271573
6.753154, 5.395304
6.757633, 5.531499
6.766057, 5.654464
6.779565, 5.809931
6.803681, 5.950086
6.825217, 6.075242
6.840408, 6.200668
6.852545, 6.318420
6.862581, 6.436370
6.878981, 6.554449
6.899513, 6.671613
6.915090, 6.796992
6.931818, 6.914524
6.941968, 7.015857
6.946860, 7.085804
6.951833, 7.151955
6.938226, 7.322919
6.945852, 7.415140
6.953892, 7.548176
6.960769, 7.694819
6.954031, 7.852239
6.949490, 8.014826
6.943022, 8.153261
6.937712, 8.266922
6.935774, 8.353473
6.936414, 8.418883
6.877088, 8.742337
6.859698, 8.825654
6.848751, 8.908558
6.831163, 9.025628
6.823227, 9.150067
6.809198, 9.270766
6.793559, 9.405328
6.776629, 9.558593
6.759586, 9.704542
6.746461, 9.816937
6.737777, 9.909447
6.729539, 9.975004
6.720219, 10.039271
6.721798, 10.221789
6.722874, 10.260659
6.689992, 10.371125
6.682356, 10.564043
6.685684, 10.692309
6.685251, 10.835436
6.678902, 10.981677
6.673026, 11.117012
6.670363, 11.227131
6.663674, 11.328754
6.653329, 11.421877
6.644435, 11.482887
f8f0389e-30fa-4cf0-89bc-0498a38f2eb2
6.752836, 4.593140
6.805332, 4.620209
6.856242, 4.637483
6.972848, 4.662832
7.022746, 4.671042
7.088840, 4.681917
7.149623, 4.696602
7.212768, 4.713533
7.327461, 4.730601
7.373921, 4.744971
7.503752, 4.749564
7.609685, 4.760950
7.682152, 4.771748
7.760921, 4.780458
7.844918, 4.782217
7.911985, 4.801123
4670be6a-d172-44a4-b602-e957748e099a
6.734785, 4.125367
6.853116, 4.221292
6.938360, 4.274933
6.972114, 4.297941
6.999105, 4.321775
7.034538, 4.351064
7.183967, 4.440767
7.228023, 4.468156
7.266033, 4.490024
7.304769, 4.510581
7.353690, 4.533156
7.409488, 4.557256
7.454160, 4.578180
7.502156, 4.599009
7.525375, 4.613980
7.570139, 4.641062
7.610226, 4.663566
7.703564, 4.706625
7.741236, 4.724003
7.774937, 4.742846
7.830738, 4.770615
7.879779, 4.798365
7.922544, 4.819124
7.974149, 4.840847
8.034655, 4.861447
8.084641, 4.876883
8.129434, 4.893849
8.210991, 4.926372
88c8ac0b-3c4e-4bcb-af13-af1c1550cadb
6.687906, 4.245265
6.511829, 4.295997
6.484479, 4.302050
6.456181, 4.313026
6.365601, 4.330379
6.331684, 4.338513
6.311410, 4.337219
6.287770, 4.334098
6.277962, 4.342513
6.257402, 4.345036
6.217990, 4.346856
6.177128, 4.347245
6.132466, 4.352159
6.083294, 4.356065
6.053853, 4.362908
6.016565, 4.374648
5.938685, 4.393598
5.897564, 4.403603
5.854241, 4.417225
5.794766, 4.440632
5.734277, 4.459613
5.685804, 4.474824
5.628276, 4.494444
5.564306, 4.519424
5.535580, 4.529035
86bbe5fe-d441-4460-a277-2ae3296b3880
6.677934, 4.410190
6.597654, 4.430580
6.563003, 4.433204
6.540454, 4.431888
6.523757, 4.442687
6.477576, 4.451008
6.447754, 4.462455
6.421459, 4.477359
6.325104, 4.571277
6.280984, 4.601167
6.246911, 4.620635
6.210709, 4.639596
6.166341, 4.661144
6.120644, 4.683337
6.079275, 4.706757
6.043147, 4.730649
5.974313, 4.767472
5.943574, 4.789247
5.924272, 4.795583
5.901128, 4.798233
5.868501, 4.825052
5.818400, 4.858209
5.790727, 4.874694
5.762304, 4.889850
5.739288, 4.903786
5.710622, 4.926357
5.683898, 4.949266
5.658311, 4.971199
5.632559, 4.995285
5.614078, 5.010560
5.594696, 5.024676
5.574822, 5.035448
cfa876c1-4207-42c8-901e-cbf3df05ff77
6.989233, 7.700433
7.026455, 7.713788
7.112228, 7.748684
dc8b6539-0de6-4871-8978-544da0458eff
6.954865, 6.957503
7.012493, 6.970394
7.055314, 6.976905
7.090846, 6.982347
7.122734, 6.981212
7.166271, 6.978165
7.211065, 6.972030
7.271064, 6.962300
7.322446, 6.952452
7.355409, 6.949182
818c67d3-1051-41b8-ac2d-04a598ee5b91
6.744370, 5.930873
6.723156, 5.948178
6.631695, 5.977597
6.579876, 5.989821
6.532659, 5.997883
5a423b07-a5d1-4709-bc2f-65b0c39e6dd0
6.794123, 6.208217
6.748365, 6.205053
6.706135, 6.202132
6.662308, 6.200601
6.614827, 6.194455
