main root
6.278947, 6.070188
6.197219, 6.334001
6.145943, 6.457100
6.223484, 6.592539
6.232659, 6.740040
6.360199, 6.957560
6.581574, 7.152451
6.656961, 7.239685
6.721996, 7.327643
6.755612, 7.558660
6.725081, 7.812378
6.709908, 7.938470
6.687732, 8.017322
6.639711, 8.133787
6.595184, 8.248734
6.578971, 8.337253
6.553041, 8.478832
6.524112, 8.601820
6.505852, 8.721105
6.502407, 8.831852
6.505872, 8.979723
6.519373, 9.107787
6.533918, 9.225617
6.561129, 9.342729
6.583967, 9.450370
6.600947, 9.550783
6.604539, 9.635098
6.608142, 9.719686
6.617621, 9.801541
6.611455, 9.865402
6.604742, 9.934930
6.612487, 10.055066
6.622159, 10.135298
6.621288, 10.203106
6.622607, 10.264275
6.616104, 10.309859
4859c04d-d9cd-4aa5-8688-e6447cbcfa86
6.164616, 6.154679
5.908053, 6.156794
5.860476, 6.162599
5.821065, 6.164391
5.775922, 6.169439
5.731210, 6.177451
5.691960, 6.181443
5.649843, 6.185727
5.586865, 6.196645
5.532124, 6.201579
5.483785, 6.210444
5.415965, 6.224402
5.366209, 6.234642
5.321507, 6.245371
5.274295, 6.243864
5.043472, 6.324554
5.005404, 6.334681
4.978741, 6.344862
4.937519, 6.363797
4.899101, 6.381432
4.859205, 6.403042
4.823836, 6.417092
4.776629, 6.435845
4.723229, 6.453838
4.670011, 6.470190
4.634540, 6.476391
4.584498, 6.485140
4.527340, 6.493613
4.474568, 6.504463
4.415349, 6.518167
4.347122, 6.537027
4.288953, 6.554660
4.206224, 6.560651
4.141185, 6.583503
4.100342, 6.599440
4.060917, 6.614823
4.016957, 6.636796
3.961266, 6.671326
3.898786, 6.708303
3.862111, 6.724791
3.816531, 6.743640
3.771211, 6.759143
3.715133, 6.778327
3.660917, 6.793709
3.605962, 6.806189
3.548166, 6.819314
3.490368, 6.832440
3.413801, 6.852899
3.354647, 6.862506
3.293933, 6.895914
3.252630, 6.925474
3.189279, 6.978178
3.130697, 7.026914
3.072116, 7.075650
3.011987, 7.141249
2.960129, 7.188966
2.916476, 7.226275
2.873527, 7.257075
629a3fb2-616c-4107-ab8d-d44ee3e319fb
6.190915, 6.299055
6.098875, 6.323691
6.045251, 6.361046
5.947244, 6.408492
5.808319, 6.428122
5.722271, 6.423220
5.654444, 6.397115
5.599152, 6.385749
5.547319, 6.375093
5.430983, 6.378068
5.386689, 6.374709
5.301197, 6.359906
5.237965, 6.355034
5.197513, 6.334616
7a4ca89c-40ad-4b18-afd7-42677ee87870
6.109818, 6.421205
6.000278, 6.417527
5.963438, 6.430303
5.917490, 6.442495
5.838638, 6.470884
5.782224, 6.485661
5.709585, 6.493112
5.566181, 6.513868
5.494569, 6.533801
5.431358, 6.551390
5.329233, 6.607128
5.276771, 6.628967
5.141123, 6.693506
5.095967, 6.713330
5.055266, 6.731198
4.998774, 6.770412
4.958931, 6.788958
4.917963, 6.796469
4.883773, 6.801214
4.854784, 6.809768
4.803035, 6.829720
4.754786, 6.849923
4.710345, 6.863663
4.662809, 6.876791
4.616928, 6.887908
4.569193, 6.891504
4.462008, 6.913724
4.355878, 6.944369
4.250662, 6.976953
4.151512, 7.001015
4.056648, 7.015330
3.965347, 7.018408
3.847270, 7.013945
3.737284, 7.009787
3.643751, 6.999936
3.560361, 6.999495
3.487170, 6.996113
3.411049, 6.992596
3.355060, 6.993007
3.311873, 6.996316
19d1f2b6-bea2-446c-aa91-dfa5912f21aa
6.305668, 6.582826
6.407514, 6.612798
6.473159, 6.638357
6.522464, 6.657559
6.634099, 6.676521
6.720946, 6.679127
6.779220, 6.683870
6.833424, 6.696309
7.038372, 6.745712
7.101596, 6.770193
7.162557, 6.784172
7.233226, 6.803448
7.363484, 6.834364
7.439406, 6.866319
7.550414, 6.893563
7.648800, 6.913355
7.753877, 6.947443
7.832605, 6.959637
7.942505, 6.970235
8.011283, 6.989618
8.101271, 7.012793
8.183161, 7.036025
8.265092, 7.052802
8.354176, 7.071809
bf254068-49c7-4ce8-b4d2-a62dcf5efdf7
6.150248, 6.665812
6.044827, 6.726890
5.942108, 6.748681
5.865412, 6.754351
5.780976, 6.760593
5.706371, 6.764607
5.621766, 6.779025
5.505565, 6.817123
5.435080, 6.837087
5.370036, 6.843063
5.342611, 6.871627
5.250653, 6.918056
5.172452, 6.952893
5.084168, 6.985313
5.008024, 7.019904
4.942636, 7.057828
4.903242, 7.072023
4.818357, 7.088282
4.738802, 7.124769
4.662104, 7.164574
4.607178, 7.207297
4.530712, 7.261448
4.456117, 7.316851
4.377751, 7.364514
4.295588, 7.409563
4.218331, 7.442327
4.129470, 7.473157
4.053800, 7.508191
3.985384, 7.538217
3.914073, 7.572782
3.841694, 7.607865
4798b442-d02f-4936-a067-c634a02f2b47
6.261182, 6.992082
6.154284, 7.131759
6.131242, 7.155559
6.113642, 7.178039
6.115183, 7.202235
6.103060, 7.227384
6.086482, 7.251174
6.072305, 7.273941
6.045308, 7.340198
6.034212, 7.371736
5.986640, 7.458416
5.958725, 7.512389
5.935739, 7.543803
5.905693, 7.574725
5.865776, 7.609363
5.793435, 7.658409
5.746531, 7.688401
5.700489, 7.730499
1bd2b4f6-0b7c-4aff-8678-22c53bb7c013
6.673161, 7.217941
6.718729, 7.202267
6.752343, 7.192420
6.820801, 7.163608
6.928558, 7.134786
6.995792, 7.126099
7.065062, 7.117154
7.182755, 7.071885
d087eee6-6d19-4895-bc82-af4f52a32d03
6.312625, 6.150247
6.439930, 6.229325
6.476256, 6.253114
6.497233, 6.271673
6.527007, 6.304010
6.556906, 6.339368
6.574772, 6.358885
6.603281, 6.379621
6.642274, 6.407982
6.671949, 6.435118
6.719823, 6.480924
6.759942, 6.523454
6.796381, 6.566444
6.834703, 6.611657
6.875134, 6.657042
7.065533, 6.845041
7.091220, 6.874663
7.113418, 6.895749
7.148140, 6.924650
7.180462, 6.951603
7.212759, 6.978585
7.245034, 7.005595
7.281501, 7.032259
7.315503, 7.057121
7.341692, 7.081832
7.372870, 7.115366
7.405436, 7.156991
7.442975, 7.209827
7.479389, 7.258496
7.519966, 7.312728
7.555470, 7.360181
7.590974, 7.407633
7.626479, 7.455085
7.673860, 7.514439
a4c9afed-499d-4cf5-948c-3886fa65cc0b
6.841665, 7.489003
6.873818, 7.493678
6.937955, 7.493615
7.000400, 7.506785
