main root
7.360376, 4.250302
7.211732, 4.443057
7.142365, 4.498425
7.126900, 4.591443
7.108862, 4.700180
7.099175, 4.810535
7.081163, 4.919369
7.071480, 5.029721
7.045023, 5.137582
7.021390, 5.285745
6.988289, 5.444730
6.966968, 5.596989
6.951567, 5.750931
6.928554, 5.875322
6.911607, 5.989717
6.899449, 6.041151
6.878794, 6.094867
6.884787, 6.272490
6.879680, 6.359318
6.874380, 6.398396
6.873245, 6.429029
6.874556, 6.474418
6.878853, 6.519623
6.882855, 6.561750
6.893380, 6.609271
6.900746, 6.649450
6.904893, 6.688671
6.911125, 6.747607
6.912419, 6.802552
6.915146, 6.854799
6.917794, 6.905530
6.923417, 6.985861
6.943781, 7.104269
6.951263, 7.138567
6.956698, 7.170212
6.960714, 7.202069
6.963305, 7.234072
6.964464, 7.266159
6.967289, 7.301149
6.968440, 7.333237
6.974358, 7.371112
6.974473, 7.400529
6.982178, 7.441556
6.983196, 7.470956
6.979647, 7.500051
6.987875, 7.514094
7.002331, 7.587524
7.008546, 7.634588
7.016305, 7.693344
7.022383, 7.750810
7.027726, 7.801325
7.035605, 7.861593
7.041029, 7.926175
7.045991, 7.985238
7.054184, 8.047024
7.060840, 8.119984
7.064598, 8.177652
7.066310, 8.226948
7.072202, 8.267242
7.081250, 8.318770
7.086569, 8.366373
7.093151, 8.425273
7.103040, 8.486817
7.109012, 8.542855
7.114172, 8.591264
7.116678, 8.642666
5bb6f682-45c8-4b80-be30-5fc0d828d446
7.308349, 4.353627
7.416114, 4.451707
7.448321, 4.500329
7.486238, 4.562990
7.533886, 4.630179
7.570757, 4.674409
7.655025, 4.811562
7.701259, 4.878930
7.736053, 4.940210
7.770344, 4.988478
7.817425, 5.049578
7.872332, 5.111028
7.925219, 5.167969
7.953424, 5.210527
7.977159, 5.260821
7bb59472-8ad7-4edc-8873-0507a4e1c6cd
7.377740, 4.281786
7.483354, 4.359617
7.537740, 4.349116
7.568558, 4.335133
7.605925, 4.316534
7.653245, 4.321360
7.692127, 4.347572
7.758204, 4.422700
7.805046, 4.473694
7.852980, 4.523663
7.885053, 4.552773
7.947966, 4.616714
8.001160, 4.651569
8.063096, 4.696067
8.104355, 4.725710
8.139844, 4.745679
8.161787, 4.759744
58621080-35b8-44a4-b3c5-387523faa730
7.129962, 4.592392
7.036655, 4.610988
6.985023, 4.650929
6.968597, 4.671254
6.941669, 4.699750
6.912739, 4.730308
6.884013, 4.769304
6.858715, 4.801122
6.832989, 4.838349
6.808223, 4.861022
6.787929, 4.879549
6.768980, 4.900850
6.742495, 4.935071
6.726723, 4.965229
6.668670, 5.037198
6.645030, 5.064814
6.595126, 5.116208
6.542130, 5.166488
6.466888, 5.237874
6.431349, 5.279845
ae643ada-6c99-4a55-9d45-247e852fb212
7.104906, 4.746420
6.999809, 4.889322
6.984372, 4.943688
6.970746, 4.980712
6.954350, 5.016595
6.946749, 5.047631
6.935582, 5.086938
6.914565, 5.141560
6.826760, 5.341779
6.792574, 5.395126
6.769345, 5.428600
6.744150, 5.457032
6.715053, 5.496638
6.685618, 5.541760
6.652364, 5.587258
6.624938, 5.634929
6.590106, 5.695474
6.574273, 5.722994
cc251729-3975-4e8d-8c15-0535c8b9ef45
7.240215, 4.483371
7.264694, 4.569222
7.270749, 4.606834
7.280906, 4.651097
7.290001, 4.697424
7.270731, 4.847458
7.259963, 4.898196
7.248869, 4.936040
7.241966, 4.970220
7.239279, 4.998644
