main root
6.777852, 5.265829
6.733426, 5.456048
6.686669, 5.553387
6.666251, 5.698678
6.620624, 5.896469
6.555880, 6.152444
6.493983, 6.446941
6.490101, 6.731784
6.450812, 7.076900
6.446086, 7.411473
6.450929, 7.739962
6.484480, 8.006991
6.487107, 8.270790
6.515158, 8.426106
6.548197, 8.724808
6.570707, 8.985437
6.602591, 9.221492
6.618378, 9.340129
6.625353, 9.403885
6.633203, 9.523875
6.639943, 9.645127
6.636425, 9.771015
6.631010, 9.889267
6.598288, 10.004210
6.587979, 10.064272
6.636346, 10.201201
6.623415, 10.375322
4377181b-b558-4085-a3a0-ea03bf6ba3ac
6.822779, 5.414153
6.979360, 5.492282
7.071941, 5.519426
7.170778, 5.506782
7.288382, 5.505572
7.403602, 5.471536
7.457399, 5.457205
0fdcee37-0e1a-4ae0-93a5-fd61b6309fa0
6.715201, 5.908624
6.788095, 5.944468
6.855590, 5.985133
6.925857, 6.024048
6.985048, 6.053379
7.041059, 6.084474
7.109712, 6.120877
7.183916, 6.162571
7.258372, 6.202028
7.331994, 6.245737
7.404801, 6.288963
7.483148, 6.340371
7.580006, 6.393801
7.678522, 6.443313
7.760268, 6.489106
7.839875, 6.538521
7.921726, 6.581903
7.995341, 6.625614
8.078038, 6.667379
8.153611, 6.705546
8.238221, 6.743565
8.319298, 6.793829
8.432569, 6.854173
8.530755, 6.904083
8.621331, 6.950124
8.721468, 6.996278
8.831746, 7.048171
8.926093, 7.109034
9.005194, 7.157560
9.076641, 7.203824
9.164095, 7.255414
9.244302, 7.302728
9.342477, 7.353271
9.451212, 7.402133
9.551168, 7.465555
9.653802, 7.525677
9.755462, 7.570817
9.887465, 7.618658
10.003099, 7.664402
10.138101, 7.722061
10.238731, 7.778738
10.321530, 7.820543
10.389551, 7.854887
10.440324, 7.883876
10.484033, 7.907863
cef9a849-795b-42a3-b18e-dd2f8caf01bf
6.515643, 6.897149
6.668291, 6.972121
6.721359, 6.994155
6.795147, 7.021670
6.874651, 7.049617
6.963654, 7.069693
7.062765, 7.092048
7.153157, 7.116748
7.221143, 7.139982
7.283773, 7.157002
7.318497, 7.166438
7.366922, 7.162999
7.468467, 7.195087
7.513706, 7.218801
7.541139, 7.210241
7.583219, 7.218428
7.654968, 7.227813
7.689811, 7.236899
7.760829, 7.250776
7.816453, 7.300718
7.850532, 7.296701
7.972994, 7.324371
8.071311, 7.350923
8.179991, 7.371506
8.286343, 7.400262
8.371936, 7.416830
8.455034, 7.430803
8.502317, 7.435718
89499923-5c30-4f3a-8d2d-2b23f8f688f3
6.377644, 6.986496
6.290268, 7.004939
6.246942, 7.006973
6.226105, 7.024192
6.155045, 7.025363
6.098208, 7.043334
6.041683, 7.052807
6.015988, 7.069329
5.964765, 7.089766
5.867823, 7.121615
5.769098, 7.147369
5.672001, 7.177072
5.602683, 7.191677
5.529349, 7.205010
5.495151, 7.209705
eb1e4ba1-7589-460a-8a9c-4a6f7fe1c3f9
6.393969, 6.492124
6.348158, 6.605383
6.332873, 6.658380
6.317174, 6.709041
6.300201, 6.765826
6.286245, 6.828199
6.269901, 6.880674
6.254679, 6.954715
6.229954, 7.024392
6.227316, 7.064109
6.209843, 7.113069
6.203508, 7.152126
6.191717, 7.215482
6.173336, 7.273345
6.158337, 7.345281
6.136820, 7.428153
6.124037, 7.465480
6.119530, 7.497114
6.118642, 7.545797
6.113656, 7.572970
6.104488, 7.622934
6.091387, 7.677743
6.079823, 7.738995
6.069267, 7.819120
6.062996, 7.889638
6.064491, 7.940407
6.069816, 8.019480
6.073798, 8.078617
6.072541, 8.149075
6.071183, 8.225264
6.066886, 8.298407
6.068043, 8.380802
6.038041, 8.459037
6.027319, 8.507859
5.970832, 8.630098
5.927746, 8.713310
5.890788, 8.774919
5.851225, 8.848935
5.821445, 8.895123
5.788182, 8.946712
5.745116, 8.998928
5.716556, 9.055800
5.672786, 9.138270
5.621347, 9.226167
5.582047, 9.309978
5.515624, 9.417018
5.471247, 9.508588
5.423065, 9.598310
5.369159, 9.694221
5.325033, 9.785683
5.268044, 9.889238
5.220948, 9.979205
5.162393, 10.081964
5.113333, 10.180880
5.070121, 10.272766
5.036145, 10.349888
5.008837, 10.411874
4.982295, 10.475833
4.957144, 10.536438
4.933977, 10.587734
46317a76-1991-49dc-9406-9c08388bf904
6.405410, 6.390182
6.330345, 6.405075
6.265457, 6.422236
6.185490, 6.445524
6.103210, 6.467326
6.008085, 6.503472
5.930095, 6.530846
5.861660, 6.541678
5.770233, 6.558280
5.687713, 6.575372
5.603973, 6.590598
5.538533, 6.600976
5.486269, 6.609264
5.435250, 6.615839
5.389096, 6.626521
5.198733, 6.666710
5.122906, 6.682042
5.031733, 6.700477
4.937209, 6.708859
4.853478, 6.718367
4.777903, 6.720687
4.676469, 6.719307
da26a215-a4e8-4617-89d6-96302bbd47dd
6.566023, 5.731932
6.474344, 5.715346
6.328227, 5.712954
6.250637, 5.731306
6.183222, 5.762708
6.041846, 5.837452
5.923120, 5.952020
5.843915, 6.028451
5.766141, 6.106442
5.692846, 6.176946
5.608758, 6.260759
5.527547, 6.347662
5.456915, 6.432540
5.398637, 6.515802
5.333818, 6.604717
5.273620, 6.708785
5.210027, 6.818722
5.162202, 6.921061
5.117547, 7.043651
5.077843, 7.164915
5.024948, 7.279242
4.984644, 7.378764
4.928529, 7.500650
4.890925, 7.623381
4.860695, 7.757658
4.815930, 7.900196
4.773757, 8.053756
4.765230, 8.196962
4.750019, 8.455262
4.765962, 8.660339
4.782138, 8.759402
4.786548, 8.804976
4.807452, 8.907598
4.825736, 9.036813
4.854088, 9.116686
4.868748, 9.192963
4.905074, 9.305708
4.944074, 9.481578
4.995223, 9.697305
5.023783, 9.826825
5.037692, 9.909160
5.051461, 9.980017
590eff31-fb73-475d-9f89-846c397508db
5.526811, 6.278176
5.477332, 6.243474
24849ab6-6149-4300-9ccb-48778de5f733
5.343730, 6.515977
5.292019, 6.504296
5.229702, 6.504706
5.135638, 6.496158
5.076435, 6.496790
5.029026, 6.500289
a7dce84c-1b43-4378-a49c-3d02df50516a
5.170458, 6.759890
5.127388, 6.758500
5.045376, 6.759739
4.971112, 6.765351
4.919644, 6.763236
c2dbb395-0074-4069-8fbd-4df01fb15084
4.822727, 7.630814
4.780555, 7.635209
4.708739, 7.632536
4b58053e-0bf5-4acd-b882-1360a9909825
6.625228, 5.509682
6.528901, 5.473393
6.457081, 5.450166
6.342438, 5.440846
6.238063, 5.431349
6.129673, 5.422336
6.011167, 5.415255
5.909940, 5.400731
5.809332, 5.399122
5.699274, 5.397361
5.589037, 5.399831
5.478993, 5.402296
5.368961, 5.402644
5.267786, 5.413540
5.166161, 5.420230
5.033597, 5.421844
4.884104, 5.434076
4.710705, 5.460417
4.513548, 5.478746
4.323677, 5.501741
4.177181, 5.521492
4.100961, 5.535954
4.045553, 5.524996
3.983183, 5.538336
3.891772, 5.556455
3.722464, 5.581616
3.575860, 5.601183
3.462390, 5.614197
3.344625, 5.627702
3.237736, 5.650579
3.139936, 5.669347
3.087968, 5.679319
d1676f29-b926-4d45-8651-77fe81c588cf
6.574367, 5.456767
6.588927, 5.394084
6.596741, 5.372678
6.605066, 5.346024
6.616802, 5.307433
6.627125, 5.263199
6.634510, 5.218380
6.638924, 5.173172
6.643038, 5.131043
6.647745, 5.087055
6.650447, 5.061799
6.636161, 5.026919
6.626762, 4.993175
6.607545, 4.914564
1092f3e4-9329-4dc2-89aa-7204a4eff03e
6.453711, 5.397765
6.462176, 5.350969
6.464198, 5.280581
6.478329, 5.245400
6.489502, 5.190580
f1ac6624-7753-4277-8986-72a38198c241
6.488425, 5.999789
6.425543, 5.989212
6.297695, 5.983587
6.232185, 5.974353
6.192362, 5.968740
11a20a3a-7f12-4318-9784-c5b8e7891594
6.822025, 5.453469
7.021213, 5.511280
7.141087, 5.585071
7.172833, 5.613168
7.203473, 5.622282
7.263956, 5.643398
7.323385, 5.667316
7.410350, 5.700049
7.473736, 5.723908
7.542908, 5.745144
7.605784, 5.766013
7.671956, 5.786398
7.734811, 5.807328
7.773660, 5.829729
7.830288, 5.864110
7.861808, 5.892952
7.918026, 5.944395
7.972683, 5.994407
8.007688, 6.018324
8.061031, 6.040268
8.104108, 6.062843
8.148628, 6.095541
8.207950, 6.140964
8.280801, 6.215012
