main root
6.745835, 5.491373
6.748406, 5.618819
6.746047, 5.775366
6.721039, 6.017044
6.700159, 6.230789
6.670718, 6.439363
6.640458, 6.691887
6.588423, 6.902843
6.552721, 7.110538
6.533967, 7.290825
6.528850, 7.490464
6.508951, 7.608553
6.495141, 7.728568
6.488437, 7.895686
6.416349, 8.118463
6.391073, 8.229853
6.378438, 8.328636
6.377794, 8.417522
6.389537, 8.540865
6.383436, 8.629846
6.371139, 8.747480
6.355500, 8.856397
6.341940, 8.965708
6.279306, 9.121117
6.243702, 9.209461
6.231686, 9.357388
6.238456, 9.429637
6.256651, 9.556308
6.264152, 9.667878
6.261514, 9.754813
6.249915, 9.858005
6.237395, 9.950557
6.223933, 10.034602
6.212656, 10.118117
6.208819, 10.162025
bd6d7e3e-814b-48f3-9924-0dbff35bd9f6
6.812231, 5.984494
6.891191, 6.022514
6.951530, 6.055450
7.056223, 6.142609
7.126652, 6.206748
7.173478, 6.258778
7.203880, 6.304945
7.239043, 6.365990
7.257348, 6.412763
7.277708, 6.476167
7.286356, 6.522681
7.288654, 6.584167
7.288531, 6.694204
7.282115, 6.788033
7.292680, 6.880205
7.288257, 6.952447
7.284679, 7.045303
7.273961, 7.108015
7.263572, 7.186578
7.257189, 7.234841
bbf281dc-c545-40d0-b7f3-71b516037fdd
6.828367, 6.032500
6.886674, 6.070811
7.055955, 6.201530
7.096941, 6.255715
7.118255, 6.288856
7.141127, 6.324417
7.153943, 6.347112
7.173578, 6.415035
7.189539, 6.464860
7.197508, 6.509364
7.213166, 6.571332
7.226124, 6.634835
7.239739, 6.694069
7.253118, 6.758956
d1dc4ed8-764a-4802-a3f4-b8587304095f
6.672252, 5.441863
6.652024, 5.350247
6.642322, 5.277137
6.607091, 5.224493
6.557433, 5.185834
6.537391, 5.170230
6.517094, 5.172391
6.464980, 5.162360
6.420679, 5.150784
6.381550, 5.139013
6.344743, 5.124814
6.295532, 5.112247
6.236289, 5.098664
6.188567, 5.086187
6.150101, 5.079224
dee81f0e-889f-46b7-9486-bbaf805257ea
6.658857, 5.693831
6.569547, 5.705917
6.513464, 5.710474
6.467695, 5.711175
6.445366, 5.729161
6.356351, 5.757001
6.300587, 5.766543
6.227900, 5.768460
6.109975, 5.761018
5.989560, 5.768216
5.886096, 5.753210
5.732568, 5.789050
5.648354, 5.804450
5.557962, 5.825256
5.471370, 5.851663
5.393419, 5.881939
5.344092, 5.901098
5.291159, 5.922286
45410a4d-76a8-420a-aaad-a481155608be
6.652010, 5.970951
6.582776, 6.009791
6.499311, 6.066316
6.451371, 6.091161
6.356992, 6.130543
6.283894, 6.167884
6.224785, 6.205203
6.159059, 6.256511
6.118641, 6.278569
6.052946, 6.311011
5.993864, 6.349627
5.919951, 6.405475
5.841568, 6.470002
5.757510, 6.517404
5.712686, 6.552341
5.643669, 6.614136
5.583986, 6.673140
5.529776, 6.730944
5.482061, 6.784008
5.440794, 6.825426
