main root
6.686534, 5.195093
6.761150, 5.575514
6.791472, 5.740647
6.781797, 5.841416
6.788960, 6.004764
6.786098, 6.185297
6.804240, 6.363613
6.810933, 6.541872
6.803460, 6.682163
6.789892, 6.819504
6.768454, 6.931871
6.726454, 7.064185
6.695712, 7.188794
6.671670, 7.259897
6.655332, 7.301743
6.612603, 7.431496
6.600834, 7.513643
6.575767, 7.629103
6.550816, 7.753922
6.527581, 7.870158
6.503123, 7.970925
6.480245, 8.029510
6.453603, 8.080279
6.397377, 8.140232
6.335055, 8.172869
4e578b0e-39ff-4571-b286-a6eb86878637
6.742178, 5.458269
6.837551, 5.492395
6.884115, 5.528729
6.932843, 5.617634
6.951173, 5.672877
6.971063, 5.728069
6.987576, 5.760642
7.023865, 5.802437
7.087625, 5.874878
7.113370, 5.924513
7.185104, 5.956540
7.243344, 6.019610
7.271540, 6.061176
7.311649, 6.123999
7.333291, 6.157896
719b6ac9-cf1a-4ace-a02e-0e8091690578
6.717616, 5.581764
6.659495, 5.602621
6.621467, 5.613088
6.583738, 5.621920
6.538757, 5.624968
6.488658, 5.639850
6.461104, 5.657233
6.426091, 5.683108
39c8289a-5b97-4f6e-83f5-d19576288815
6.627406, 5.326800
6.558417, 5.331201
6.493122, 5.340835
6.408607, 5.370453
6.349273, 5.383319
6.327301, 5.405061
6.234018, 5.455415
6.200446, 5.468433
1c50cf45-0e6f-4e4f-9fd7-902413995885
6.805069, 5.363397
6.880311, 5.360138
6.978554, 5.375678
eae52174-cb72-43b3-94dd-86432fe3c7a2
6.727144, 5.797516
6.681165, 5.806745
6.600141, 5.832322
6.534153, 5.843734
6.486306, 5.851855
6.413989, 5.880901
