main root
6.642891, 4.370851
6.704067, 4.528165
6.750361, 4.702020
6.778336, 4.834967
6.797797, 4.956006
6.803707, 5.069135
6.804428, 5.222984
6.802894, 5.344852
6.786614, 5.477637
6.772226, 5.628109
6.756914, 5.788250
6.730933, 5.942923
6.727049, 6.039415
6.755152, 6.278508
6.775807, 6.340265
6.772138, 6.389714
6.793826, 6.456353
6.811891, 6.523623
6.879773, 6.722423
6.931996, 6.823837
6.904635, 6.926133
6.851778, 7.063660
6.824570, 7.166051
6.830583, 7.230792
6.887709, 7.329044
6.934518, 7.384494
7.034258, 7.435935
7.142321, 7.501121
7.235074, 7.549717
7.281408, 7.613625
7.316682, 7.733962
7.318267, 7.801256
7.317116, 7.930344
7.305498, 8.055903
7.307907, 8.121708
7.315501, 8.214158
7.321739, 8.290103
7.334716, 8.338401
7.347721, 8.375266
baf88cb0-8258-47e8-81d3-580e322eed8d
6.737377, 4.625711
6.797875, 4.639770
6.822420, 4.670544
6.835510, 4.693963
6.864311, 4.733212
6.884848, 4.792391
6.887640, 4.818695
6.885296, 4.853364
6.897488, 4.870857
6.912147, 4.902364
6.932684, 4.946503
6.944150, 4.999000
6.949255, 5.050359
6.953831, 5.091293
6.961011, 5.115278
4f8ab739-16f8-4466-97ad-5a6f2e3d3b9a
6.866249, 6.585416
6.902745, 6.589784
6.934031, 6.596547
e281aea2-b4c2-49e9-a976-3300c9dde080
6.817920, 6.749139
6.784508, 6.786427
