main root
6.794653, 4.609431
6.835764, 4.871430
6.838528, 4.997374
6.841315, 5.124344
6.852523, 5.252206
6.859385, 5.378552
6.866272, 5.505367
6.858081, 5.586867
6.842738, 5.697533
6.825510, 5.772000
6.714546, 5.901027
6.674650, 6.059652
6.647612, 6.184363
6.614718, 6.306358
6.584915, 6.446960
6.558444, 6.566552
6.530905, 6.685903
6.519598, 6.791085
6.510130, 6.898860
6.509357, 6.956004
6.508584, 7.013149
6.456712, 7.197317
6.441722, 7.316611
6.288083, 7.578784
6.167112, 7.723915
6.114946, 7.789574
6.060552, 7.854540
5.993305, 7.912104
5.903219, 8.002987
5.852568, 8.048081
35cccb9b-220c-4dbb-a861-6c8f32ddf3ad
6.889823, 4.970091
7.098559, 5.000219
7.136669, 5.007232
7.174769, 5.025935
7.208662, 5.047574
7.244059, 5.071951
7.282262, 5.108726
7.415927, 5.167517
7.470172, 5.191373
7.528362, 5.213692
7.575957, 5.238357
7.636641, 5.263061
7.695427, 5.283758
7.747505, 5.305265
7.802277, 5.327882
7.853140, 5.352123
7.902644, 5.379030
7.954710, 5.407328
8.010837, 5.434423
8.046687, 5.458375
8.084283, 5.479890
8.190613, 5.524543
8.245251, 5.547486
8.274512, 5.563016
8.302250, 5.581126
8.328239, 5.601668
8.354706, 5.630216
8.390764, 5.673511
8.432905, 5.719428
8.468745, 5.762904
8.514867, 5.809438
8.560817, 5.851543
8.612966, 5.891208
8.660132, 5.927081
8.707303, 5.962951
8.750279, 5.999390
8.795478, 6.037711
8.840678, 6.076031
8.881660, 6.114698
8.924764, 6.155363
8.967868, 6.196027
9.006742, 6.236814
9.056092, 6.279913
9.092280, 6.319463
9.144972, 6.363744
9.173810, 6.395796
9.217672, 6.440071
9.250913, 6.482127
9.291863, 6.529109
9.326576, 6.573490
9.355559, 6.605681
953bbc90-8ad1-4c37-8528-15cb5e337455
6.892364, 4.752166
6.960411, 4.772901
7.037815, 4.819857
7.070144, 4.841219
7.099049, 4.844388
7.148470, 4.861305
7.189055, 4.898235
7.251481, 4.959545
7.416900, 5.237318
7.460329, 5.288585
7.490175, 5.326400
7.515907, 5.352037
7.557302, 5.387186
7.601605, 5.418914
7.648613, 5.446842
7.703753, 5.494724
7.747946, 5.526924
7.770999, 5.549061
7.809292, 5.583518
7.848684, 5.616714
7.884913, 5.648976
7.928701, 5.681724
7.959056, 5.706077
7.989155, 5.743073
8.142528, 5.827050
8.168581, 5.842823
8.190303, 5.857520
8.244921, 5.909071
8.291975, 5.942951
8.334735, 5.971680
8.374249, 5.999822
8.417157, 6.028328
8.456817, 6.056266
8.499872, 6.084550
8.539676, 6.112282
8.578709, 6.141088
8.621127, 6.170317
8.660308, 6.198922
8.698692, 6.228585
8.740455, 6.258746
8.778993, 6.288210
8.816712, 6.318715
8.853584, 6.350238
8.893807, 6.382425
8.935051, 6.413289
8.977274, 6.442800
9.016262, 6.471665
9.054449, 6.501584
9.085117, 6.523491
3f9a3384-d2cb-485b-b868-c39e2c47ef2d
6.954414, 4.972108
7.010047, 4.987822
7.053111, 5.003173
7.081554, 5.032566
7.125300, 5.108982
7.181827, 5.239373
7.209272, 5.295153
7.237367, 5.348865
7.279892, 5.421216
7.307875, 5.471777
7.344710, 5.525970
7.408520, 5.794045
7.420441, 5.850591
7.437577, 5.902851
7.482932, 6.072963
7.501652, 6.137415
7.529777, 6.207473
7.554982, 6.270255
7.566910, 6.316036
7.586123, 6.389778
7.596571, 6.435818
e0bc16f0-a82b-469b-b3db-6885eabd5812
6.877699, 5.241781
6.972382, 5.268082
6.983598, 5.286553
7.001418, 5.321683
7.005805, 5.343589
7.176374, 5.491841
7.209566, 5.533127
7.246472, 5.583808
7.341362, 5.653737
7.415262, 5.697040
7.461636, 5.732887
7.540783, 5.796743
7.606680, 5.849907
7.655457, 5.898876
7.707112, 5.952855
7.749057, 6.003182
7.804644, 6.077579
7.862816, 6.140424
7.874764, 6.197162
7.956418, 6.344481
7.976788, 6.403055
8.004600, 6.483027
8.024596, 6.559741
8.037819, 6.643353
8.044592, 6.726576
8.043157, 6.811217
8.035257, 6.904944
8.030249, 6.989061
8.027311, 7.073283
8.026447, 7.157553
8.023500, 7.242623
8.020570, 7.327244
8.019376, 7.404944
8.019679, 7.482653
8.013730, 7.584515
8.005931, 7.641050
8.006705, 7.679251
4252897e-91a2-49ab-b19f-d38cc16949d6
6.841618, 5.715587
6.845413, 6.338392
6.844263, 6.392040
6.852144, 6.443522
6.858550, 6.485354
6.856197, 6.596401
6.775218, 7.225292
6.750553, 7.347415
6.739838, 7.385242
6.730835, 7.405958
6.743447, 7.429399
6.736213, 7.464342
6.727431, 7.616908
6.711552, 7.825998
6.712670, 7.929879
6.719214, 7.977957
6.702985, 8.017855
6.713683, 8.194452
afc1d971-6f04-475f-906d-fe520b32b62e
6.605716, 6.622835
6.632360, 6.728382
6.639074, 6.767208
6.642808, 6.806423
6.641942, 6.829005
6.668423, 6.870346
8a3384e5-116e-46f0-9a75-6a3fa1a75e33
6.707003, 6.178164
6.725403, 6.199415
6.779906, 6.260650
375c0c89-3d97-4168-a203-f6db39df4f3c
6.655325, 5.905088
6.607942, 5.865273
6.588494, 5.848933
6.568365, 5.848908
6.551342, 5.839962
6.531032, 5.827468
0148642d-f285-4cdc-ac3b-cd2d28ea4b53
6.676117, 5.827189
6.637852, 5.823731
6.582169, 5.810592
