main root
6.121901, 4.379502
6.032644, 4.462599
5.911094, 4.731746
5.870716, 4.860921
5.815641, 5.030100
5.753838, 5.206357
5.702719, 5.358337
5.648737, 5.518828
5.611625, 5.644931
5.564568, 5.790781
5.525545, 5.935548
5.485496, 6.076514
5.461920, 6.197439
5.455317, 6.326068
5.442451, 6.495806
5.445633, 6.565150
5.454083, 6.657526
5.457771, 6.730697
5.456896, 6.802537
5.468353, 6.903818
5.469309, 7.006357
5.468304, 7.124730
5.460969, 7.242690
5.470375, 7.363394
5.468999, 7.481535
5.483067, 7.627934
5.495359, 7.800062
5.499186, 7.965539
5.504928, 8.093457
5.513194, 8.231177
5.525519, 8.366851
5.528026, 8.508992
5.530416, 8.644445
5.528448, 8.770966
5.520188, 8.897052
5.504063, 9.014096
5.496947, 9.142670
5.477813, 9.259311
5.463338, 9.386456
5.445777, 9.503410
5.428953, 9.629588
5.413071, 9.764495
5.405439, 9.883457
5.393662, 10.001144
5.368641, 10.124660
5.347436, 10.250487
5.324306, 10.375107
5.304717, 10.492205
5.281054, 10.608082
5.254909, 10.714966
5.230797, 10.822440
5.202312, 10.920419
5.169844, 11.016946
5.140151, 11.105224
5.108391, 11.193048
5.079597, 11.272671
5.050090, 11.336656
5.029702, 11.380863
5.019179, 11.449141
2f3ba42a-df73-44f8-9934-6cad80d11e6b
5.940644, 4.523451
5.847395, 4.572592
5.825202, 4.576892
b121d531-6449-43e7-b008-ca3ab676b0e2
5.855627, 5.097036
5.906330, 5.121055
5.949224, 5.138522
5.981497, 5.172939
6.001239, 5.173375
6.043397, 5.201245
6.067109, 5.222168
6.098813, 5.250144
6.134742, 5.277855
6.183770, 5.313780
6.218303, 5.337228
5ed89c43-a831-41ab-90af-f72cbcf4b328
6.167966, 4.432300
6.198822, 4.483253
6.233223, 4.553441
6.247805, 4.588821
6.262575, 4.599881
6.313573, 4.664899
6.350151, 4.711533
6.382528, 4.757660
6.412408, 4.805441
6.443830, 4.855689
6.477318, 4.906417
6.504398, 4.950155
6.520943, 4.974035
6.655318, 5.173981
6.681386, 5.213916
6.700384, 5.248497
6.712614, 5.270759
6.732976, 5.295385
6.764166, 5.328412
6.786886, 5.359010
6.825549, 5.401035
6.877139, 5.457113
6.937122, 5.509047
6.991974, 5.548618
1244c9ba-53e8-4516-bf0f-17651a89264d
5.987917, 4.586957
6.048144, 4.732953
6.054689, 4.784241
6.060732, 4.836219
6.069724, 4.881782
6.088659, 4.948476
6.098486, 4.983091
6.111896, 5.024843
6.121075, 5.063211
6.136175, 5.119900
6.147269, 5.155733
6.200989, 5.239718
6.243486, 5.280915
6.280772, 5.338121
6.305193, 5.361626
6.321579, 5.379276
6.346390, 5.403596
6.376555, 5.426677
6.378956, 5.453162
6.424430, 5.507697
6.473132, 5.561109
6.564174, 5.614879
6.597841, 5.649722
