main root
7.169266, 4.566557
7.044538, 4.946658
6.999068, 5.151708
6.928309, 5.384315
6.894331, 5.742756
6.851913, 5.943709
6.818576, 6.152161
6.783164, 6.306822
6.751908, 6.377368
6.724113, 6.450541
6.696675, 6.516798
6.646483, 6.638872
6.606875, 6.750833
6.548397, 6.863713
6.464021, 7.026584
6.410819, 7.142643
6.378375, 7.218495
6.365041, 7.260215
6.343142, 7.300518
6.304490, 7.512742
6.296278, 7.574534
6.284717, 7.616068
6.272986, 7.680541
6.259966, 7.735372
6.246273, 7.793037
6.230357, 7.847099
6.213619, 7.903957
6.198906, 7.964531
6.181012, 8.012835
6.162190, 8.072261
6.144261, 8.118948
6.122052, 8.168430
6.096277, 8.218548
6.067877, 8.267224
6.039084, 8.322511
6.011707, 8.375077
5.989809, 8.430084
5.978064, 8.459580
0a3f22e4-3f78-4cc4-ac53-156998fbe5ee
7.054144, 5.050366
7.109470, 5.088645
7.166633, 5.118404
7.197238, 5.127588
7.245731, 5.140576
7.290614, 5.157241
7.353300, 5.174544
7.384103, 5.184600
7.416296, 5.195109
7.438555, 5.203949
7.460218, 5.214163
7.479131, 5.228043
7.512708, 5.247116
7.544196, 5.263280
7.576338, 5.278098
7.605107, 5.293007
7.631279, 5.308257
7.649772, 5.310500
7.680598, 5.315494
7.711200, 5.321714
7.740844, 5.329011
7.770844, 5.337679
7.800476, 5.347537
7.833475, 5.356675
7.852737, 5.366408
7.873733, 5.378414
73ac6f06-8405-4392-8cd2-0874edd594e7
7.098996, 4.861413
7.152948, 4.898254
7.171142, 4.990106
7.274027, 5.227525
7.302311, 5.266695
7.322817, 5.300242
7.343792, 5.334556
7.410165, 5.403159
7.500637, 5.514898
7.519274, 5.544157
7.540287, 5.578204
7.562635, 5.611554
d3570150-1c9f-460a-9cc2-e30a07c3a30a
7.130344, 4.765322
7.218646, 4.819090
7.235100, 4.832752
7.271713, 4.859187
7.301590, 4.884449
7.320904, 4.900856
7.342323, 4.903428
7.372253, 4.908465
7.403646, 4.915203
7.434707, 4.923336
7.469029, 4.930710
7.500088, 4.938850
7.534407, 4.946231
7.565465, 4.954378
7.599783, 4.961766
7.634396, 4.967622
7.654336, 4.975485
7.676105, 4.985611
7.778295, 5.012387
7.819234, 5.023114
7.856518, 5.035978
7.910642, 5.056235
7.962071, 5.072287
8.018650, 5.089947
8.064831, 5.101224
8.123473, 5.109383
8.182178, 5.117551
8.239192, 5.126994
8.289310, 5.135294
8.343238, 5.142709
8.388085, 5.154815
3ab92d52-782e-4054-9fd4-7a4636502d3c
7.147222, 4.710586
7.214093, 4.761094
7.252578, 4.806248
7.278219, 5.026608
7.295027, 5.093360
7.304847, 5.132359
7.388154, 5.293369
7.424378, 5.363592
7.447818, 5.402501
7.465554, 5.437740
7.488603, 5.476880
7.510085, 5.513355
7.531568, 5.549831
7.553052, 5.586305
7.578634, 5.623838
7.596235, 5.657635
7.615787, 5.695179
7.639377, 5.733995
7.665473, 5.771172
7.680239, 5.802629
7.701835, 5.849432
258b651b-92ac-4527-ac03-ae2d5925dc5a
6.975079, 5.257527
7.000599, 5.412401
7.005260, 5.492058
7.007236, 5.525827
7.013952, 5.620272
7.008626, 5.730499
6.993243, 5.783633
6.979608, 5.819969
6.964962, 5.858999
6.929974, 6.090725
6.929658, 6.218173
6.926534, 6.255351
6.927106, 6.283855
6.933684, 6.315077
6.945869, 6.358577
6.963851, 6.427498
6.969284, 6.460176
05c47e5f-ab61-4655-8619-b26102547e8a
7.236048, 4.656478
7.404166, 4.774486
7.454607, 4.784939
7.514956, 4.801640
7.546975, 4.816475
7.572974, 4.824249
7.605568, 4.835519
