main root
6.803143, 4.521369
6.830857, 4.848216
6.819735, 4.937953
6.802991, 5.022469
6.784421, 5.105530
6.763832, 5.188113
6.737005, 5.269990
6.726033, 5.317893
6.716786, 5.386129
6.720199, 5.469034
6.713406, 5.556169
6.715472, 5.620946
6.720230, 5.705075
6.735242, 5.786900
6.742828, 5.839739
6.729699, 5.962784
6.722825, 6.046766
6.713817, 6.131399
6.711177, 6.214980
6.705331, 6.333212
6.699058, 6.418091
6.701768, 6.465833
6.702804, 6.520199
6.714817, 6.605101
6.719266, 6.636538
6.807423, 6.711130
6.861236, 6.754704
6.907558, 6.797988
6.941992, 6.834261
6.967740, 6.875697
6.986223, 6.932034
6.995064, 7.007658
6.996718, 7.060483
7.000383, 7.129629
7.002059, 7.189511
6.997937, 7.242133
7.000664, 7.440742
6.971781, 7.543717
6.938271, 7.632032
6.925246, 7.696007
6.911240, 7.796604
6.895341, 7.880724
6.882265, 7.972560
6.873367, 8.064893
6.864434, 8.157601
6.847034, 8.250443
6.829878, 8.341986
6.815842, 8.416879
6.792629, 8.483313
6.764701, 8.563237
6.739566, 8.635169
6.711673, 8.701381
6.670249, 8.794264
6.642141, 8.862381
6.620522, 8.911668
6.525943, 9.179171
6.488793, 9.265314
6.448558, 9.358614
6.408814, 9.461459
6.371150, 9.547253
6.335736, 9.633155
6.306936, 9.730756
6.278183, 9.828201
6.255087, 9.936381
6.237748, 10.027667
6.216696, 10.127168
6.205520, 10.210043
6.196317, 10.293803
6.184947, 10.356184
6.181350, 10.400972
6.180046, 10.473329
6.180294, 10.542578
6.179012, 10.602471
6.176459, 10.659621
6.194385, 10.778044
6.196983, 10.845210
6.190182, 10.910484
6.214653, 11.024487
6.253398, 11.249973
6.267625, 11.332776
6.275265, 11.426928
6.282798, 11.519764
6.304885, 11.602162
6.316103, 11.701104
6.329642, 11.801742
6.336992, 11.919666
6.337493, 12.029744
6.333725, 12.131524
6.321837, 12.225227
6.308000, 12.317588
6.295454, 12.401318
6.279129, 12.469872
6.258148, 12.538597
6.228486, 12.635757
6.203253, 12.703029
6.184934, 12.760393
39de220b-36f7-4bd7-a69f-ec56bb4325f5
6.840839, 4.904092
6.950982, 4.953125
6.989649, 4.970337
7.014706, 4.984765
7.043426, 5.006484
7.075086, 5.032303
7.104146, 5.057934
7.147310, 5.116531
7.164466, 5.144869
7.184333, 5.180576
7.204915, 5.217567
7.262064, 5.407782
7.271905, 5.469461
7.276350, 5.505066
dffda898-0b25-43d7-bab3-edfc62c04bce
6.833211, 5.132009
6.874842, 5.166020
6.904904, 5.216656
6.919172, 5.246551
6.930852, 5.274498
6.935937, 5.318098
1ca1fb18-2a58-402a-a2e2-3a16d7595cb7
7.023320, 7.004053
7.070015, 7.025873
7.101591, 7.023412
7.167664, 7.019762
7.219088, 7.018421
7.266158, 7.023182
bbe77f82-6a8f-49cb-9430-57f2cfd21174
6.974563, 7.204930
6.951549, 7.212679
6.897386, 7.230916
6.869427, 7.243488
6.811015, 7.280456
cd5d8c35-419d-4b5d-a78f-39de96767a1a
7.040033, 7.353300
7.084201, 7.369451
7.145625, 7.387129
7.184636, 7.401472
7.223177, 7.426281
981215fd-c3d2-46e4-a7f5-d80e0f0d8e27
6.895651, 7.732167
6.870117, 7.736320
6.819536, 7.744595
629ab8c0-356d-42ae-9526-fdb93ad86f76
6.884395, 8.010889
6.838463, 8.017483
6.803586, 8.031591
