main root
7.197958, 4.904249
7.106274, 5.071890
7.060141, 5.288325
7.041512, 5.406078
7.033278, 5.525641
6.998074, 5.646545
6.981708, 5.740578
6.965076, 5.824050
6.950648, 5.907078
6.940383, 5.990367
6.924761, 6.082760
6.911345, 6.174712
6.890667, 6.258977
6.874767, 6.350249
6.857331, 6.450336
6.847685, 6.542468
6.832884, 6.643227
6.821462, 6.735444
6.811083, 6.836455
6.808748, 6.920051
6.799560, 7.021665
6.791935, 7.105992
6.770851, 7.199024
6.751850, 7.292440
6.749655, 7.345674
6.752588, 7.427706
6.759728, 7.511317
6.765670, 7.580914
6.772048, 7.707826
6.779013, 7.786767
6.780047, 7.832544
6.775410, 7.892294
6.766763, 7.965049
6.752531, 8.034063
6.737143, 8.108692
6.719429, 8.179785
6.698825, 8.250094
6.681457, 8.330646
6.663104, 8.401575
6.644016, 8.475345
6.620632, 8.541818
6.617951, 8.615732
6.614709, 8.841409
6.613619, 8.917587
6.606962, 8.964428
6.596245, 9.039856
6.582989, 9.111900
6.566804, 9.183344
6.554492, 9.264812
6.543112, 9.340143
6.539271, 9.425693
6.530144, 9.495553
6.528017, 9.581162
6.520447, 9.644860
6.511461, 9.720514
6.494617, 9.786187
6.482519, 9.833341
6.479857, 9.949664
6.472265, 10.019705
6.462165, 10.093365
6.444388, 10.151870
6.425799, 10.349292
6.413258, 10.418640
6.399697, 10.493629
6.391341, 10.573490
6.378081, 10.642705
6.372095, 10.689865
6.378821, 10.797813
6.383560, 10.873871
6.385123, 10.947124
6.383693, 11.020384
6.382207, 11.096577
6.374853, 11.166666
6.372894, 11.242714
6.374203, 11.372611
6.364359, 11.439511
6.352034, 11.523272
6.338416, 11.595259
6.325445, 11.671874
6.308486, 11.772046
6.296994, 11.848899
6.287915, 11.909608
f6636da3-68c5-4710-a5f6-1c0dc59e8933
7.117272, 4.972108
7.032859, 4.983620
6.984662, 4.995095
6.954325, 4.978368
6.924845, 4.960406
6.857303, 4.945658
6.791988, 4.935993
6.751293, 4.934510
6.714913, 4.937678
6.662330, 4.946764
6.587041, 4.970407
6.539493, 4.980632
6.487521, 4.982299
6.383223, 5.003813
6.327826, 5.004092
6.300603, 5.024555
6.255292, 5.048258
6.181158, 5.077542
6.111125, 5.103597
6.037942, 5.134018
5.936306, 5.176267
5.867561, 5.201602
5.802445, 5.231979
5.729776, 5.274139
5.664955, 5.308284
5.613202, 5.333168
5.564274, 5.348910
5.464032, 5.432699
5.404834, 5.489988
5.350270, 5.532379
5.289589, 5.583311
5.213996, 5.641234
5.154622, 5.679188
5.090874, 5.718162
5.005354, 5.772924
4.948313, 5.809450
4.891273, 5.845975
4.843078, 5.873592
5644c788-c2b3-442d-bad7-4e903242b5ff
7.092056, 5.080153
6.967870, 5.241662
6.941865, 5.273027
6.914920, 5.305525
6.892544, 5.339548
6.872772, 5.369611
6.861383, 5.403270
6.843325, 5.461308
6.829216, 5.511691
6.816192, 5.552650
6.811416, 5.582496
6.808352, 5.639518
7.119771, 5.982109
826a9a5d-1661-4edf-a22f-3130b8272b8f
7.066795, 5.383045
7.003121, 5.391375
6.971641, 5.395491
6.941298, 5.405492
6.913362, 5.421004
6.687757, 5.488169
6.629930, 5.508727
6.598400, 5.508818
6.566857, 5.508700
6.535658, 5.514362
6.499764, 5.526748
6.440223, 5.555211
6.395300, 5.570051
6.353093, 5.583993
6.262211, 5.643555
6.205947, 5.671482
6.138287, 5.702751
6.097748, 5.713242
6.032178, 5.730210
5.941259, 5.751565
5.878665, 5.761656
5.821464, 5.776941
5.768371, 5.788031
80f6eb91-efba-43b6-bdbd-eae3a24b311a
7.073900, 5.135033
6.970510, 5.155799
6.899529, 5.165476
6.834546, 5.174297
6.747935, 5.208409
6.546875, 5.276474
6.483178, 5.272041
6.423523, 5.280106
6.375038, 5.301762
6.325882, 5.317162
6.266648, 5.338350
9d8c832f-293f-4aef-99b5-d4642a377781
6.967334, 5.672175
6.919184, 5.706420
6.878982, 5.732963
6.856561, 5.752937
6.819120, 5.790298
6.781514, 5.815214
6.691228, 5.949298
6.666771, 5.980260
6.642336, 6.016022
6.622402, 6.021789
6.592034, 6.030374
6.563592, 6.044437
6.532506, 6.066274
6.505796, 6.088694
463d5677-01d6-4db7-a94c-0a134a731ea2
6.941909, 5.876948
6.872757, 5.921125
6.831311, 5.942275
6.801219, 5.952589
6.785419, 5.973678
6.762641, 5.994094
6.731461, 6.030345
6.710460, 6.050469
6.681508, 6.074337
6.660250, 6.092114
6.566546, 6.193838
6.547566, 6.205892
6.510857, 6.236529
6.479557, 6.259007
6.443966, 6.295863
6.415255, 6.321566
6.384285, 6.353569
6.355547, 6.379244
6.331854, 6.400671
d644522f-2815-4359-bbd6-150171aa58c9
6.932544, 6.154699
6.981111, 6.159370
7.031750, 6.168731
7.052306, 6.172636
7.081122, 6.176558
7.119798, 6.203908
7.138466, 6.204104
7.172935, 6.205961
7.197261, 6.210269
7.233744, 6.221292
7.275973, 6.230922
7.312304, 6.234603
7.362380, 6.238171
7.419683, 6.256373
7.446185, 6.267931
7.473318, 6.281396
7.498075, 6.292013
e649d5ef-6bd7-4021-8a65-fc7d3f17aaba
6.921315, 5.983818
6.902404, 5.983537
6.887016, 5.994576
6.876223, 6.008168
6.856477, 6.033030
6.809621, 6.082450
6.603597, 6.114922
6.572141, 6.119178
6.477007, 6.130022
de641000-5028-454c-9ea8-59159feacc6a
6.906323, 6.228414
6.842536, 6.234343
6.720784, 6.288221
6.700437, 6.291042
6.660093, 6.296974
6.617271, 6.306633
6.577568, 6.315931
6.542283, 6.324537
6.517361, 6.330959
c682d3c8-10fa-4306-95d1-372e9f6f952f
6.781825, 7.208133
6.830032, 7.225493
6.853979, 7.234076
6.956213, 7.295359
6.982104, 7.307390
7.001499, 7.304025
7.071231, 7.323472
7.141566, 7.355100
7.178341, 7.368356
7.213957, 7.376421
7.258552, 7.381916
7.314409, 7.385782
7.368795, 7.388046
7.397846, 7.387758
de6c380e-df61-4714-8595-a9b86c5dff43
6.745485, 7.220058
6.719545, 7.242833
6.565880, 7.330704
6.526948, 7.359874
6.502033, 7.358400
6.472530, 7.365932
6.407985, 7.380865
6.350826, 7.401770
6.295370, 7.425240
6.252216, 7.432415
3b688c40-3ee8-4b9d-9fb8-7353d992cd36
6.805096, 7.759083
6.860278, 7.796518
faaff356-3999-48e3-903d-d39a5c6856df
6.895380, 6.663205
6.953926, 6.712041
6.994427, 6.738652
7.017608, 6.752195
7.034294, 6.751793
7.070777, 6.756902
7.102220, 6.761304
7.120874, 6.755804
7.143212, 6.752338
7.171676, 6.746379
7.194220, 6.744718
c5824cb6-e628-46b9-b733-861a792e15f3
6.812942, 6.853631
6.751463, 6.918858
6.734042, 6.937342
6.716745, 6.960057
6.703492, 7.012180
bfed84f9-b756-46b5-a29f-de16735d82f1
6.794755, 6.987132
6.755338, 6.973621
6.686936, 6.978515
