main root
7.698884, 4.336285
7.608491, 4.656561
7.576681, 4.815659
7.549938, 5.006724
7.545684, 5.156935
7.554375, 5.373428
7.549312, 5.507424
7.542126, 5.642362
7.523235, 5.759030
7.496848, 5.882591
7.486653, 5.979975
7.479573, 6.122363
7.482202, 6.243613
7.469831, 6.355861
7.461002, 6.474482
7.449502, 6.600714
7.439194, 6.734880
7.436387, 6.854051
7.429761, 6.955677
7.427931, 7.048409
7.421878, 7.141916
7.422204, 7.234561
7.422503, 7.319231
7.427035, 7.411871
7.430449, 7.481638
7.417378, 7.632736
7.419865, 7.826475
7.425381, 7.926687
7.436761, 8.018628
7.445155, 8.103326
7.457549, 8.186330
7.469256, 8.278981
7.479870, 8.362976
7.497452, 8.451779
7.519751, 8.532379
7.546101, 8.612062
7.569570, 8.703135
7.588795, 8.786050
7.604070, 8.870296
7.612447, 8.941660
7.622992, 9.018656
7.628299, 9.088590
7.625607, 9.144134
7.619232, 9.295548
7.626129, 9.377996
7.631156, 9.462967
7.640247, 9.546401
7.646204, 9.639904
7.644695, 9.710361
7.646129, 9.783254
7.653730, 9.865312
7.660759, 9.941192
7.671045, 10.019774
7.674223, 10.090176
7.677659, 10.166303
7.693614, 10.295725
7.687550, 10.350262
7.675141, 10.442828
7.659668, 10.527034
7.644947, 10.618784
7.631535, 10.702381
7.620704, 10.779338
7.605283, 10.845934
7.598050, 10.907297
cbb9e559-a557-474a-ad2c-5d16a9d588fb
7.682781, 4.741272
7.750066, 4.760307
7.771000, 4.770895
7.812798, 4.788682
7.853729, 4.802846
7.895542, 4.814147
7.958260, 4.826447
7.987659, 4.833738
8.049224, 4.862399
8.068274, 4.874569
8.087612, 4.888699
8.184077, 4.993392
8.209748, 5.012418
8.247947, 5.037003
8.299854, 5.068631
8.345293, 5.094564
8.395540, 5.118073
8.439564, 5.140321
8.480877, 5.164554
8.536097, 5.193474
8.564223, 5.208204
8.584703, 5.220620
1a456259-776e-406c-a7ae-192ee61c262a
7.630109, 4.849113
7.676804, 4.931922
7.682566, 5.002521
7.689855, 5.026012
7.697024, 5.055312
7.700841, 5.078637
7.713088, 5.087429
7.721308, 5.106014
7.731060, 5.135460
7.739816, 5.166660
7.753673, 5.210494
7.765120, 5.241743
7.795097, 5.337654
7.810814, 5.392955
7.829038, 5.441907
7.859340, 5.501850
7.880043, 5.552758
7.911410, 5.617970
7.934022, 5.671887
07c5b43a-0c83-4d20-bb81-991cdb2743a7
7.633454, 5.367799
7.697312, 5.419294
17211519-4f3d-45dc-85f8-bb29b000c9a2
7.547314, 6.112872
7.581001, 6.129976
7.631817, 6.157457
7.681904, 6.186244
7.720442, 6.208394
67375b7c-710a-4b7f-b740-dfba265d9a42
7.471323, 6.646302
7.510289, 6.663968
7.559962, 6.689834
7.595845, 6.705203
