main root
6.279741, 4.990234
6.395858, 5.000282
6.455326, 5.076485
6.513081, 5.250206
6.549041, 5.385926
6.554196, 5.480693
6.551790, 5.668796
6.540932, 5.800611
6.518847, 5.917259
6.486072, 6.022911
6.435186, 6.166417
6.393246, 6.290960
6.363199, 6.406631
6.341395, 6.524136
6.322081, 6.677907
6.306783, 6.832671
6.286907, 6.999668
6.266324, 7.155408
6.249617, 7.336547
6.229063, 7.513851
6.202025, 7.667423
6.187028, 7.809822
6.169073, 7.960668
6.144689, 8.076282
6.120228, 8.192258
6.109435, 8.284199
6.096461, 8.376682
6.092158, 8.437207
6.085032, 8.495238
7e7d496b-f36d-4897-b959-0ffe6bd94f0e
6.294960, 5.050719
6.239576, 5.121992
6.207711, 5.147269
6.139319, 5.207700
6.107865, 5.231496
6.087028, 5.251012
6.057537, 5.282731
6.028872, 5.317953
6.001726, 5.346566
5.972707, 5.381500
5.944884, 5.405625
5.901104, 5.451510
5.860192, 5.494388
5.819179, 5.533036
5.776044, 5.573683
5.733039, 5.610096
5.687810, 5.648391
5.653186, 5.685552
5.611341, 5.730462
5.589846, 5.757921
