main root
6.163734, 3.022600
6.190827, 3.319988
6.435831, 4.323677
6.480338, 4.630925
6.459520, 4.914054
6.312937, 5.399877
6.495080, 5.961092
6.643603, 6.575292
7.182059, 7.426067
7.310967, 7.562145
99be6211-0be3-4e32-b644-cd3aa3c16c98
6.414169, 5.773330
5.879161, 6.189009
316ac1b7-3063-4b47-85c0-98e410b02c6e
6.312055, 5.387421
6.043645, 5.398163
5.795370, 5.341631
5.708014, 5.337839
7c3468c0-96d0-4d98-abdd-a134f7351645
6.347912, 5.203929
6.145328, 5.160378
5.987076, 5.128592
5.903515, 5.084194
6b1b9b5b-a979-4237-99d7-6d1d99868304
6.394799, 5.089072
6.762996, 5.298122
06256008-9b06-46de-be13-31672f120848
6.415624, 5.033751
6.622795, 5.110086
7.023488, 5.146160
7.175214, 5.170893
b3d54027-7c5a-453c-abb8-de0bba3baede
6.430922, 4.285531
5.712841, 4.484634
4.910050, 4.622294
4.589048, 4.710016
64457d8d-4cf0-4d1b-bad9-16756778c13c
6.483750, 4.688743
5.973532, 4.763134
5.079703, 4.890037
4.601210, 4.965213
d0f76cae-f19e-4e91-9350-75b31fb93c32
6.446086, 4.715821
5.576212, 4.884540
5.152266, 4.956598
271272de-37fe-4b40-9e8a-8026892bfa79
6.298467, 3.767687
6.542675, 3.723591
7.375716, 3.887853
8.162599, 4.167595
8.780000, 5.024162
9.043231, 5.855849
9.015972, 6.544405
8.850052, 7.302891
9ce37132-3fe9-42a5-99fe-e9ad65bf4fd3
6.459379, 3.748479
6.794129, 4.063983
9ad1e7c8-e6e7-45b9-8011-754030d96262
6.264338, 3.565973
5.800266, 3.572822
5.531525, 3.632246
4.679602, 4.004711
3.663598, 4.435558
3.131256, 5.058833
2.578100, 6.407150
1b6da16f-d640-4d78-b35d-864408eb9cac
6.252677, 3.566584
3.953556, 4.225039
3.369624, 4.690948
2.789275, 5.609306
2.511340, 6.497116
2.459255, 7.087755
d96ab6ca-e487-4545-8d42-23275a279dd4
6.197355, 3.316118
5.200168, 3.521112
4.238376, 3.858558
2.946865, 4.363995
2.341502, 4.512710
f178b4e8-0556-468f-ac3b-4b8d21e9528c
5.751781, 3.437886
5.822058, 3.799806
72c7be47-8437-42e0-8468-b2a962712f69
5.660808, 3.436295
5.673517, 3.565375
6c712fe6-be8e-4bed-838b-351678a4f59f
5.015453, 3.591946
5.137425, 3.731541
ed603cae-d09c-4ce3-8d15-1d5745dacf23
5.024967, 3.594100
4.990906, 3.532073
3db8b907-6e98-4aca-96b6-aed7613a8b97
6.198546, 3.308930
5.870250, 3.303440
5.476450, 3.308958
5.336686, 3.278534
4.742326, 3.315284
9cd3db00-39b8-4819-8922-09421142ae39
6.196464, 3.303348
5.610249, 3.383322
4.447489, 3.888936
3.943850, 4.083656
2d535a17-8a0f-4def-9fa3-c63a3a463b6f
6.264338, 3.565973
5.599652, 3.662859
5.433143, 3.678690
4.534807, 3.997732
3.734409, 4.361883
8c2fdacc-3fdd-44ec-baac-a57dc02b2b46
6.298006, 3.772770
6.913817, 4.359523
7.417667, 4.744231
