main root
6.638100, 3.967188
6.575457, 4.163654
6.517419, 4.389930
6.480743, 4.590109
6.431774, 4.764544
6.405815, 4.888085
6.387698, 5.015149
6.372160, 5.124121
6.359013, 5.216323
6.347649, 5.325997
6.334207, 5.435206
6.319725, 5.552858
6.308815, 5.649953
6.296526, 5.759326
6.286333, 5.868996
6.281157, 5.970398
6.270071, 6.063801
6.260092, 6.147875
6.249115, 6.240364
6.237514, 6.312705
6.216260, 6.418514
6.206334, 6.460332
6.194094, 6.518980
6.188097, 6.585394
6.189712, 6.634057
6.188027, 6.673475
6.189082, 6.718887
6.186854, 6.751938
6.181223, 6.790988
6.137218, 6.879269
6.074309, 7.035139
6.052465, 7.113913
6.033582, 7.189930
6.022866, 7.233070
6.007828, 7.292660
6.043496, 7.380166
6.050140, 7.510568
6.038424, 7.650728
6.031912, 7.801217
6.038838, 7.931119
6.050303, 8.071123
6.061194, 8.152583
6.099566, 8.260146
6.113524, 8.308174
6.118511, 8.346782
6.128275, 8.422342
6.131336, 8.492733
6.140890, 8.574571
6.153047, 8.652872
6.171574, 8.733158
6.185119, 8.805152
6.195715, 8.877641
6.203036, 8.948417
6.200367, 9.009887
6.201353, 9.090682
6.199885, 9.143699
6.183543, 9.182446
4d19ea42-151f-42dd-aa72-b1a2a6b358ec
6.261409, 5.958413
6.311525, 6.003667
081ee973-368e-4650-986b-a2450eae055d
6.235260, 6.282261
6.308565, 6.287703
6.450462, 6.329832
6.497469, 6.346910
6.540969, 6.371690
5e95b2b3-888c-4418-a851-5862c9dcdafc
6.180708, 6.285341
6.067646, 6.288873
5.976498, 6.308839
5.929314, 6.310288
7af5287e-be55-440e-af03-0c6bbe6d2df8
6.237047, 6.284432
6.291645, 6.343231
6.311538, 6.360197
6.330864, 6.376680
9719f218-9b07-4f0e-978b-969f9e115da9
6.155177, 6.844948
6.234480, 6.893499
195a546c-88f3-43ac-9601-b2432647c61f
6.005429, 6.943219
5.911665, 6.928952
bb7ee1a4-72f6-41ae-ac80-add19112096f
6.117760, 6.866544
6.209868, 6.927846
6.244732, 6.953236
