main root
6.484375, 5.191462
6.548155, 5.527146
6.534622, 5.632212
6.519324, 5.765905
6.499618, 5.882447
6.494230, 5.977741
6.487539, 6.096080
6.484396, 6.188943
6.481532, 6.273556
6.487623, 6.358991
6.477048, 6.421134
6.465723, 6.469848
6.468077, 6.560871
6.482325, 6.648707
6.485942, 6.717737
6.489149, 6.819379
6.493878, 6.903511
6.508863, 6.985343
6.516830, 7.087567
6.521375, 7.172565
6.533123, 7.273451
6.532861, 7.360859
6.536788, 7.462319
6.541045, 7.572299
6.541069, 7.682331
6.543208, 7.792447
6.543068, 7.894144
6.551344, 8.013371
6.561081, 8.123088
6.570593, 8.206814
6.586518, 8.280706
6.592298, 8.372997
6.599431, 8.497460
6.605726, 8.607318
6.623845, 8.703301
6.655917, 8.833807
6.689243, 8.951763
6.701952, 9.019918
6.706498, 9.090444
6.710791, 9.234264
6.701221, 9.374463
6.698533, 9.475948
6.688896, 9.601930
6.674457, 9.735972
6.658814, 9.889380
6.636691, 10.024235
6.608018, 10.147129
6.583131, 10.272284
6.559598, 10.379777
6.543609, 10.462514
6.531777, 10.545594
6.519763, 10.619345
6.512492, 10.673290
6.493394, 10.791850
6.480815, 10.910523
6.471326, 11.020114
6.456927, 11.137501
6.449669, 11.265641
6.434164, 11.390881
6.416455, 11.499484
6.400819, 11.608517
6.387281, 11.717831
6.365721, 11.823248
6.332260, 11.944945
6.307569, 12.034743
6.289151, 12.125532
6.270201, 12.208511
6.253466, 12.291101
6.281115, 12.380319
6.280589, 12.424956
6.269437, 12.482086
6.271832, 12.571396
6.275185, 12.640564
6.273763, 12.703950
6.276632, 12.776258
6.277678, 12.840387
6.268139, 12.897806
6.268119, 12.980122
6.269598, 13.049352
6.272574, 13.118536
6.277043, 13.187637
6.286183, 13.259420
6.266299, 13.290448
6.216376, 13.367868
6.180370, 13.420945
6905f821-0d0a-49b6-8f10-0a55426c163f
6.564554, 5.306083
6.632126, 5.389564
6.709830, 5.431207
6.784686, 5.466523
6.832390, 5.492338
6.896589, 5.506443
6.950133, 5.505948
7.016871, 5.503861
7.110840, 5.507237
7.195802, 5.512365
7.281805, 5.527943
7.362891, 5.536307
7.401253, 5.541769
7.450985, 5.546792
7.573592, 5.574906
7.702161, 5.657200
7.753517, 5.682538
7.820486, 5.703785
7.900967, 5.731495
7.993534, 5.778548
8.031472, 5.804812
8.065957, 5.848491
8.139911, 5.918229
8.179560, 5.951505
8.231784, 6.016666
8.278428, 6.126798
8.315992, 6.200140
8.334325, 6.235935
8.350360, 6.281185
8.360391, 6.327420
8.372988, 6.399595
8.386088, 6.474658
8.381332, 6.517051
8.378546, 6.568739
8.387169, 6.659002
8.387707, 6.711850
8.383796, 6.768786
36568a99-67a3-457d-bfcc-c29cab046f8b
6.595255, 5.457367
6.678911, 5.525540
6.759696, 5.581629
6.805060, 5.633106
6.843465, 5.667698
6.879149, 5.695811
6.918913, 5.748125
6.938126, 5.773402
7.010359, 5.841583
7.076080, 5.863728
7.149124, 5.905907
7.185996, 5.925470
