main root
7.236862, 5.490932
7.247489, 5.700768
7.250145, 6.030833
7.259270, 6.307211
7.244163, 6.628798
7.209372, 6.820131
7.195085, 6.943472
7.171583, 7.066550
7.146399, 7.153534
7.112553, 7.232682
7.064701, 7.323067
7.013244, 7.402272
6.926109, 7.520952
6.840257, 7.577762
6.740391, 7.641317
6.664997, 7.682572
6.590190, 7.758392
6.537074, 7.860637
6.500390, 7.946521
6.476611, 8.050703
6.427490, 8.361451
6.376678, 8.652952
6.337834, 8.875796
6.325456, 9.069738
6.310123, 9.285963
6.290499, 9.471198
6.243563, 9.735001
6.210089, 10.012669
6.198412, 10.260388
6.194365, 10.540539
6.216467, 10.719885
6.229922, 10.915371
6.238062, 11.033624
6.235890, 11.089297
6.235100, 11.147958
d0783a3e-1476-4f1b-8433-680f5d31b723
7.184134, 5.746743
7.107712, 5.685037
7.149045, 5.577574
7.129764, 5.382479
7.039430, 5.346031
6.920411, 5.316459
6.801567, 5.287876
6.724100, 5.276220
6.637809, 5.267516
6.580016, 5.258675
6.519567, 5.258510
6.411389, 5.286450
6.339661, 5.304976
6.278078, 5.323971
6.233715, 5.347053
6.167395, 5.378183
6.102733, 5.398614
6.062434, 5.414486
6.025577, 5.435436
5.985810, 5.461482
5.954845, 5.485340
5.928606, 5.513114
5.876642, 5.581193
5.830412, 5.641760
5.784745, 5.706524
5.742328, 5.751095
5.667946, 5.832325
5.607137, 5.892590
5.575584, 5.919647
5.555656, 5.944624
5.519636, 5.999368
5.487058, 6.048882
5.460727, 6.091624
5.429933, 6.124590
fd16d925-a980-4bb4-8ec9-20d8b922ed7d
7.301816, 5.776497
7.375653, 5.803437
7.457492, 5.806457
7.529195, 5.796480
7.586050, 5.777470
7.638135, 5.756885
7.690643, 5.749958
7.744176, 5.748933
7.809231, 5.741701
7.887608, 5.729976
7.962966, 5.718703
8.029941, 5.716251
8.118047, 5.727552
8.219780, 5.729939
8.372348, 5.780379
8.472257, 5.808952
8.536397, 5.820733
8.619496, 5.827562
8.712187, 5.830959
8.805572, 5.838590
8.898463, 5.848292
8.982464, 5.854980
9.055282, 5.852456
9.128084, 5.841514
9.217997, 5.819493
9.316422, 5.804101
9.410670, 5.797879
9.520336, 5.786397
9.612514, 5.774631
9.712234, 5.768300
9.772096, 5.765999
9.823252, 5.766651
554af15a-a1e6-43f3-80d7-45a3cbda8578
7.296855, 5.928078
7.389124, 5.902497
7.465354, 5.929395
7.531910, 5.941427
7.570828, 5.961951
8dcc7fa4-9b02-48e1-8d3d-8a09aa96754b
7.253843, 5.836445
7.369093, 5.981067
7.449864, 6.089585
7.512306, 6.195193
7.588388, 6.326926
7.683053, 6.511734
7.826321, 6.741071
7.985365, 6.884795
8.101661, 6.929995
8.330434, 7.030909
8.493478, 7.034389
8.618253, 6.987915
8.716892, 6.974356
8.815259, 6.999932
8.890780, 7.060470
9.006392, 7.094936
9.103755, 7.123962
9.176723, 7.139092
9.234448, 7.140260
9.325446, 7.142101
9.366834, 7.145932
9.414314, 7.156124
29616b7f-241f-42f0-8493-c2e99ec2d901
7.311044, 6.221637
7.518148, 6.327431
7.779567, 6.363537
7.871291, 6.384651
7.918898, 6.397146
7.967931, 6.410015
7.999080, 6.421285
8.031147, 6.437662
8.064949, 6.456606
8.096366, 6.492271
0360b947-cf0f-4c1d-af7c-3e5390e45db3
7.335563, 6.200805
7.590222, 6.328003
7.731187, 6.397973
7.858020, 6.492750
7.933844, 6.577744
7.993650, 6.687714
8.029828, 6.817745
8.066015, 6.963492
8.091240, 7.036951
8.121723, 7.107755
8.171271, 7.185954
8.217818, 7.267277
8.262372, 7.349350
8.304387, 7.422401
8.349772, 7.492993
8.390982, 7.557087
8.428054, 7.620283
8.474804, 7.688142
8.528440, 7.752809
8.564442, 7.810281
8.622874, 7.903563
8.667341, 7.986439
8.704121, 8.063758
8.745926, 8.146748
8.785673, 8.221040
8.828873, 8.292993
8.878497, 8.371559
8.929266, 8.459859
8.977395, 8.539350
9.029419, 8.608935
9.088277, 8.680636
9.147373, 8.752625
9.210893, 8.820058
9.277586, 8.897028
9.337131, 8.968962
9.391121, 9.034183
9.441827, 9.093091
9.493657, 9.151012
9.531768, 9.193601
9.554158, 9.233595
38b7965a-802b-4015-9c62-dd989b15c885
7.304502, 6.593741
7.446397, 6.646895
7.523952, 6.683755
7.629657, 6.736330
7.724983, 6.771930
7.829744, 6.826817
7.907672, 6.855939
7.986977, 6.885575
8.074224, 6.918180
8.159925, 6.956944
8.246743, 6.989287
8.325102, 7.025118
8.417503, 7.067370
8.504177, 7.100065
8.583734, 7.127858
8.681514, 7.155295
8.780330, 7.178629
8.869752, 7.217132
8.974398, 7.252974
9.091746, 7.299826
9.185163, 7.324264
9.287450, 7.355398
9.378090, 7.374193
9.441176, 7.391860
9.500039, 7.414788
2274e7ee-3ff1-49e5-bd3d-61e5437ac206
6.987483, 7.355294
6.948307, 7.343569
6.862088, 7.315687
6.816445, 7.292036
4bd7ed97-c97a-423b-954c-888a8e8d67a2
7.222156, 7.030374
7.239475, 7.173431
7.259156, 7.279661
7.266318, 7.363357
7.266906, 7.403008
7.264341, 7.442359
7.264380, 7.487766
7.264415, 7.530084
7.289289, 7.637051
7.296153, 7.722220
7.297940, 7.763030
7.296670, 7.802448
7.294761, 7.861689
7.292920, 7.918809
7.297825, 7.952488
7.308711, 7.996081
7.332378, 8.066154
7.356762, 8.138345
7.383043, 8.211478
7.405951, 8.275222
b25da657-12d3-4024-a3b2-863494802dcb
7.066486, 7.427664
7.147185, 7.482288
7.200776, 7.519249
7.305145, 7.578942
7.355548, 7.597292
7.432425, 7.621850
7.512078, 7.641131
7.582075, 7.661224
7.656902, 7.679659
7.727289, 7.687820
7.805923, 7.693924
7.875084, 7.705297
7.967529, 7.709840
8.059823, 7.721707
5a1887d9-ccb5-4192-a951-fdec7fb87cd1
7.031552, 7.489471
7.038246, 7.588462
7.057690, 7.722162
7.091995, 7.849493
7.113103, 7.901056
7.136044, 7.967685
7.196533, 8.039703
7.260145, 8.127106
7.300702, 8.187916
7.377891, 8.269334
7.439456, 8.361948
7.538369, 8.442869
7.604890, 8.494611
7.654149, 8.536718
7.699966, 8.570348
7.737045, 8.608255
5624c4dc-7761-476b-8887-795f480a45d7
7.109889, 7.327635
7.102744, 7.447904
7.125369, 7.571943
7.131195, 7.656073
7.130798, 7.690332
7.139259, 7.730176
7.144523, 7.760755
7.152054, 7.793956
7.164901, 7.828973
7.159571, 7.848926
5c7a4a62-c843-4f09-aa16-d331f820ea26
6.600545, 7.656259
6.505708, 7.574108
6.445574, 7.520327
6.423008, 7.496101
6.401260, 7.489955
6.382359, 7.479948
6.345658, 7.460735
6.325609, 7.443482
6.298852, 7.416252
6.278218, 7.410507
6.255514, 7.402697
6.237123, 7.391689
6.202125, 7.376047
6.173424, 7.361649
6.137360, 7.348650
6.107668, 7.336424
6.078553, 7.322885
6.046094, 7.309511
6.013073, 7.297593
5.979557, 7.287154
5.949357, 7.276245
5.917498, 7.266396
5.895025, 7.257947
6fc5ddf9-71b3-41fc-9ea6-7f20d7f723cc
6.448418, 7.964993
6.335263, 7.970710
6.268573, 7.975273
6.192577, 7.980473
6.131287, 7.980166
6.052767, 7.973426
6.007501, 7.966537
ed035e6b-424c-46cd-a448-1703889e645c
6.415283, 8.196234
6.259834, 8.232738
6.226437, 8.247380
6.170414, 8.261906
6.108342, 8.272458
6.002527, 8.285816
7b2aa779-f66a-437f-afb7-e845aa84ae7a
6.428103, 8.725603
6.461155, 8.804391
