main root
7.111645, 5.143079
7.149127, 5.337504
7.152536, 5.545154
7.238185, 5.820950
7.216630, 6.077463
7.229400, 6.200261
7.250471, 6.351028
7.296981, 6.505093
7.291157, 6.672347
7.283817, 6.824080
7.274422, 6.975700
7.247048, 7.100797
7.226105, 7.242999
7.214361, 7.388003
7.192533, 7.522237
7.176738, 7.651858
7.164822, 7.732667
7.148212, 7.802708
7.103328, 8.096015
7.106866, 8.181735
7.098494, 8.223433
7.083988, 8.288081
7.068024, 8.352385
7.054979, 8.423563
7.041566, 8.488447
7.033667, 8.563621
7.019927, 8.622761
7.016908, 8.708504
6.994459, 8.825398
6.982872, 8.893671
6.972763, 8.962177
6.969185, 9.037683
6.962207, 9.090071
6.961872, 9.126583
ca1d8eb1-2cf9-4895-a448-1886940525ca
7.285485, 5.517719
7.361529, 5.528120
7.454940, 5.557778
7.552966, 5.573238
7.681847, 5.595683
7.807084, 5.614622
7.896162, 5.633681
7.949941, 5.656010
8.034740, 5.688927
8.073688, 5.719620
8.125556, 5.753028
8.167062, 5.776203
9f49221e-ecaa-45d0-a76a-a3d3f1c358d5
7.060870, 5.472746
6.923296, 5.527550
6.831264, 5.568366
6.750345, 5.616103
6.667334, 5.660343
6.566886, 5.732912
6.476745, 5.782495
6.407618, 5.827351
6.344136, 5.866759
6.297945, 5.900413
6.262676, 5.922405
6.237777, 5.950277
3ddb9c10-4aba-43cd-a3ec-2b5bf88a2c6f
7.139631, 5.953859
7.033289, 6.009728
6.930350, 6.049467
6.855475, 6.085176
6.802617, 6.108089
6.759383, 6.146479
ca22044f-4661-46c6-bb31-2168c635b928
7.171267, 5.431366
6.519333, 5.685367
6.428870, 5.736064
6.421575, 5.740899
