main root
7.002794, 5.619010
6.990479, 5.956529
6.970430, 6.181566
6.963395, 6.542045
6.970458, 6.696426
6.975311, 6.814868
6.984395, 6.933476
6.987752, 7.059788
6.999733, 7.196398
7.008715, 7.322834
7.017114, 7.441062
7.027029, 7.550762
7.040374, 7.651415
7.052736, 7.760752
7.066243, 7.861389
7.083929, 7.961364
7.110281, 8.086216
7.130931, 8.194298
7.151071, 8.310953
7.180468, 8.444430
7.203865, 8.560477
7.225191, 8.676924
7.252864, 8.792886
7.276196, 8.908838
7.302078, 9.016007
7.334129, 9.121677
7.355615, 9.221664
7.380819, 9.328884
7.538086, 9.851614
7.571557, 10.105384
7.521195, 10.337368
7.455355, 10.710327
ccb5a469-3524-4c49-a26f-eb325b362826
6.955929, 5.810416
6.805528, 5.814721
6.720772, 5.826683
6.650876, 5.829271
6.566123, 5.841104
6.480533, 5.865160
6.411400, 5.878389
6.339016, 5.889211
6.263735, 5.900482
6.205546, 5.906167
b5a97d47-4498-4dec-90f6-d2769e9c55ab
6.963476, 6.102667
6.818591, 6.176616
6.741490, 6.199400
02e3c52d-bf78-4568-8067-d5537eefac96
7.042563, 5.814947
7.219234, 5.809952
7.320408, 5.798314
7.421774, 5.773175
7.507355, 5.755649
7.578398, 5.749687
7.688882, 5.751531
7.737227, 5.756828
3b3efbca-a2ba-4a7b-9f36-28943b692d6d
7.082933, 5.928861
7.152078, 5.936613
7.225966, 5.927902
7.310896, 5.914851
7.369479, 5.920885
7.435410, 5.937202
7.537151, 5.959821
7.589033, 5.969201
7.632623, 5.987786
