main root
7.113324, 4.822058
7.240280, 5.022850
7.280717, 5.243292
7.331398, 5.477991
7.360313, 5.601943
7.382845, 5.726262
7.408180, 5.867830
7.429716, 5.988173
7.449105, 6.096521
7.467249, 6.221746
7.485461, 6.347436
7.505448, 6.455871
7.523308, 6.564437
7.542548, 6.681394
7.561048, 6.806785
7.567789, 6.924751
7.569370, 7.026582
7.581315, 7.118364
7.585113, 7.212744
7.592327, 7.339830
7.592697, 7.458026
7.589662, 7.583610
7.582365, 7.711991
7.561773, 7.846952
7.547386, 7.969168
7.528432, 8.094268
7.517550, 8.222154
7.502643, 8.347803
7.485629, 8.473403
7.485612, 8.583537
7.483481, 8.685210
7.485586, 8.786715
7.485418, 8.880109
7.485267, 8.964772
7.483040, 9.049856
7.487464, 9.118573
7.486095, 9.167188
7.549023, 9.262062
7.571094, 9.366241
7.582818, 9.451601
7.596336, 9.534774
7.611898, 9.617590
7.625574, 9.701597
7.649070, 9.781404
7.674851, 9.861629
7.698910, 9.943270
7.717234, 10.027460
7.729432, 10.112753
7.743411, 10.195851
7.763384, 10.277053
7.770286, 10.331159
7.762968, 10.421287
7.759071, 10.494871
7.771373, 10.537062
7.782676, 10.622148
7.784390, 10.717754
7.779822, 10.816517
7.784669, 10.894590
7.795596, 10.968946
7.812828, 11.086214
7.816134, 11.181050
7.813339, 11.283040
7.806323, 11.384647
7.795677, 11.477745
7.778746, 11.570257
7.762551, 11.670501
7.746934, 11.754169
7.737747, 11.837292
7.722122, 11.922029
7.711000, 12.005212
7.703474, 12.084101
7.696155, 12.129300
7.698803, 12.189476
7.707189, 12.243829
7.718482, 12.317045
7.731440, 12.361796
7.760050, 12.439069
7.780736, 12.507874
7.807641, 12.567975
7.838774, 12.637523
b084f666-a2a2-4ce5-9267-9f78ca254a13
7.437966, 9.038167
7.406698, 9.051989
7.367993, 9.069099
7.330817, 9.082257
7.305052, 9.094547
7.265445, 9.116756
7.205033, 9.155635
7.179680, 9.166612
7.133838, 9.184826
7.085785, 9.205530
7.039135, 9.225629
6.987051, 9.243179
6.937969, 9.261298
6.888540, 9.282736
6.839215, 9.305759
6.791409, 9.324813
b51f2925-750f-4002-8808-09e2fae1b293
7.458280, 9.195234
7.429637, 9.223923
7.401219, 9.248149
7.381554, 9.268847
7.364276, 9.295724
7.342285, 9.335468
7.309429, 9.362940
94ce11f5-1b54-4a11-b5d4-0f6d806e2c10
7.205322, 4.873818
7.477588, 4.887500
7.567059, 4.887837
7.657258, 4.897988
7.692957, 4.907871
7.730003, 4.921401
7.792790, 4.925207
7.824483, 4.927126
7.849840, 4.934658
7.894134, 4.944689
7.935412, 4.954034
7.978478, 4.962250
8.021800, 4.968991
8.071995, 4.976801
8.123338, 4.989335
8.187326, 5.006496
8.230893, 5.022828
8.280387, 5.039784
8.332245, 5.054386
8.391138, 5.069414
8.446976, 5.086750
8.499832, 5.106297
8.551576, 5.128624
8.606065, 5.147245
8.673963, 5.167286
8.727084, 5.186087
8.784869, 5.204950
8.833166, 5.220716
8.885731, 5.241023
8.944883, 5.260668
9.001122, 5.279345
9.051343, 5.296022
9.095283, 5.316697
18fbe2f9-3043-44ba-80a3-b7fec828783e
7.221201, 4.930165
7.386260, 4.933622
7.465718, 4.939136
7.523265, 4.938559
7.566868, 4.936919
7.606285, 4.938288
7.667068, 4.938901
7.736307, 4.938104
7.800676, 4.941457
7.924375, 4.966786
8.004733, 5.007968
8.075652, 5.031529
8.115828, 5.044878
8.147502, 5.049091
8.218140, 5.059783
8.273333, 5.071164
8.331374, 5.083133
8.382344, 5.099756
8.444347, 5.115254
8.469706, 5.126221
8.518297, 5.145606
8.565480, 5.164429
8.622477, 5.185555
8.668188, 5.204094
8.715262, 5.223186
8.768242, 5.246288
8.814815, 5.266597
8.855619, 5.281125
8.909130, 5.293822
8.966796, 5.307504
9.022666, 5.322299
9.073608, 5.334242
9.123065, 5.345836
9.175374, 5.362711
9.239840, 5.383509
9.298131, 5.400742
9.336698, 5.412144
9.361055, 5.419345
b5c65ca8-7527-45aa-936a-50cda15bb6c6
7.102185, 4.978068
7.012717, 5.033504
6.933976, 5.082292
6.857425, 5.134672
6.793445, 5.186097
6.732340, 5.243192
6.673933, 5.303443
6.620898, 5.358151
6.587012, 5.393105
6.526211, 5.488664
6.484390, 5.548817
6.442392, 5.619713
6.407900, 5.672067
6.372425, 5.715034
6.323106, 5.765363
6.269820, 5.824021
6.218180, 5.871965
6.162969, 5.906887
6.153850, 5.941961
6.078761, 6.044672
6.034567, 6.115665
5.987839, 6.186805
5.937423, 6.256005
5.888096, 6.334427
5.843017, 6.406095
5.793432, 6.484927
5.741855, 6.551124
5.679200, 6.621271
5.622798, 6.684418
5.564211, 6.756326
5.508942, 6.830821
5.457109, 6.907746
5.389678, 7.016468
0b70072b-f849-4df4-9fa7-5943c83ffdf3
7.309216, 5.069663
7.361922, 5.050153
7.401726, 5.035144
7.436769, 5.026861
7.477802, 5.020238
7.529890, 5.010581
99f5dd40-5617-4739-8024-12e84268c8f1
7.176569, 5.128394
7.100080, 5.151420
7.024458, 5.178541
6.986247, 5.185948
