main root
7.135989, 4.426655
7.006587, 4.526260
6.896837, 4.558981
6.863688, 4.551649
6.791338, 4.623579
6.765796, 4.769268
6.727500, 4.849026
6.681535, 4.980213
6.666008, 5.100858
6.655424, 5.265571
6.653833, 5.431340
6.651617, 5.585662
6.654766, 5.689486
6.659596, 5.796670
6.656994, 5.963975
6.652396, 6.194432
6.652197, 6.310292
6.643556, 6.428134
6.633400, 6.537691
6.616203, 6.654633
6.603083, 6.772856
6.590943, 6.882253
6.582996, 6.992232
6.575597, 7.088166
6.573449, 7.198568
6.568734, 7.333606
6.563078, 7.479431
6.558075, 7.608435
6.547472, 7.718006
6.540223, 7.836739
6.536641, 7.964294
6.530985, 8.090914
6.519396, 8.208534
6.505690, 8.326120
6.481832, 8.439689
6.447314, 8.552682
6.410716, 8.665270
6.377979, 8.779627
6.350804, 8.905065
6.327503, 9.012626
6.300089, 9.119185
6.278278, 9.246099
6.260252, 9.363440
6.242255, 9.480599
6.231109, 9.608465
6.213876, 9.733626
6.193574, 9.850145
6.171775, 9.975252
6.141888, 10.097861
6.115764, 10.222760
6.091762, 10.347765
6.068266, 10.480251
6.048688, 10.612489
6.032126, 10.738696
6.016704, 10.856215
6.002225, 10.982680
5.984588, 11.099629
5.961577, 11.224053
5.934452, 11.347639
5.912908, 11.455663
5.903466, 11.546268
5.898047, 11.638872
5.899221, 11.721271
5.888164, 11.785663
5.875266, 11.860765
5.872630, 11.911488
5.872937, 11.963249
94af3d1a-3bf1-4d82-be64-26bb3ad8dacd
7.034415, 4.610733
7.002329, 4.517703
6.994339, 4.556284
7.006809, 4.733975
7.081342, 4.891043
7.116480, 5.002003
7.105805, 5.068740
7.102847, 5.129522
7.106628, 5.173738
7.116826, 5.268324
7.118141, 5.329114
7.117605, 5.431519
7.109211, 5.487622
7.121465, 5.560329
7.122827, 5.617237
7.123098, 5.691099
7.123222, 5.766293
7.132291, 5.819708
7.135560, 5.872389
7.149058, 5.945930
7.160186, 5.989930
7.153214, 6.038505
7.154674, 6.070413
7.159630, 6.113433
7.167776, 6.158064
7.175357, 6.199654
7.182930, 6.241245
7.197467, 6.287662
7.210104, 6.328014
7.225942, 6.383591
7.238015, 6.431416
7.250448, 6.480668
7.259765, 6.529805
02eded9c-61fd-4d86-87f0-fe71683ca219
6.838760, 4.633828
6.938621, 4.728979
7.014944, 4.801552
7.130386, 4.901684
7.194547, 4.925390
7.253971, 4.944152
7.315257, 4.993809
7.365495, 5.030667
7.413259, 5.065714
7.463119, 5.100444
7.509652, 5.134679
7.549408, 5.169504
7.596105, 5.196452
7.634177, 5.221883
7.698090, 5.241962
7.772638, 5.263813
7.894061, 5.332558
7.947080, 5.366017
8.033830, 5.393681
8.113947, 5.412948
8.238420, 5.437405
8.285494, 5.455229
8.352895, 5.483950
8.417103, 5.516190
8.464944, 5.537891
abdd3b1d-6459-4e02-bf7b-e6b264bae3f1
6.628108, 5.007708
6.538831, 5.018283
6.489222, 5.036048
6.441080, 5.053994
6.375293, 5.074162
6.324314, 5.084802
6.285455, 5.090892
6.233986, 5.092894
6.203050, 5.113726
6.161650, 5.134104
6.120383, 5.145171
6.058207, 5.154097
5.973686, 5.164136
5.903803, 5.175450
5.836937, 5.186276
5.769125, 5.201518
5.724624, 5.213053
f4a3c340-ca17-40f5-8dde-76f260bed2db
6.670385, 5.380602
6.722565, 5.395744
6.786451, 5.422075
6.856738, 5.446388
6.923287, 5.471957
6.960358, 5.494328
6.981364, 5.488284
7.074970, 5.507491
7.142547, 5.527468
7.215620, 5.549070
7.281085, 5.573105
7.349678, 5.604916
7.409141, 5.634142
7.463695, 5.663268
7.489678, 5.678836
a9851a60-00bd-40d5-b6ae-b085ffb80143
6.594004, 5.707419
6.498025, 5.765418
6.448373, 5.779612
6.406806, 5.802187
6.346420, 5.830262
6.301340, 5.844619
6.231650, 5.862101
6.173943, 5.880853
6.095706, 5.915719
6.026415, 5.941965
5.986587, 5.953850
13afc63b-391e-4129-ade6-95af62e1a36d
6.661169, 5.531997
6.750309, 5.577360
6.794500, 5.583767
6.833006, 5.592374
6.876111, 5.600477
6.924288, 5.611056
6.973907, 5.621952
6.998715, 5.627399
7.021741, 5.633988
a3646f6c-b7c2-4873-8e90-f4e3bba0e086
6.658497, 6.162986
6.741360, 6.174128
6.785641, 6.192537
6.864019, 6.224545
6.934569, 6.253355
6.993380, 6.282222
7.033077, 6.305042
6ee683ea-2f81-4659-94a7-a0958f5b3819
6.525747, 7.107626
6.470229, 7.112814
6.433465, 7.124511
6.381093, 7.144314
6.327973, 7.165027
600e07ee-013c-4fe9-939f-30e3f01100d3
6.712073, 4.734134
6.676096, 4.674527
6.627640, 4.648142
6.590759, 4.626915
6.548371, 4.601413
6.498091, 4.562697
6.468533, 4.542366
6.438346, 4.521635
6.409162, 4.502157
6.380973, 4.487308
