main root
6.919416, 4.884244
7.022736, 4.979032
7.108470, 5.029067
7.223859, 5.079073
7.295202, 5.175985
7.330629, 5.231247
7.399101, 5.355928
7.426310, 5.505357
7.440634, 5.558947
7.445521, 5.594621
7.450951, 5.620024
7.459498, 5.652309
7.460438, 5.827718
7.478421, 5.952111
7.485203, 6.009484
7.491492, 6.075438
7.497720, 6.140759
7.499243, 6.199180
7.487397, 6.348165
7.479218, 6.393513
7.475861, 6.420168
7.478324, 6.459953
7.483026, 6.511671
7.481788, 6.547657
7.473684, 6.609157
7.467594, 6.689740
7.457014, 6.774699
7.448389, 6.831842
7.438281, 6.898815
7.424397, 6.970751
7.412329, 7.049073
7.398223, 7.120967
7.384733, 7.197497
7.367918, 7.280940
7.356712, 7.328976
7.344054, 7.376648
7.327735, 7.443940
7.310670, 7.507956
7.291102, 7.569743
7.268096, 7.642384
7.248015, 7.720659
7.229092, 7.802770
7.217683, 7.852272
7.192331, 8.007181
7.183024, 8.045457
7.177717, 8.079913
7.173776, 8.125103
7.167372, 8.163970
7.160491, 8.205676
7.153601, 8.247380
7.152659, 8.289753
7.151710, 8.332012
7.150762, 8.374281
7.146887, 8.413489
7.142402, 8.474102
7.133257, 8.536841
7.124755, 8.605559
7.116436, 8.672787
7.111762, 8.734940
7.105937, 8.792431
7.100448, 8.861454
7.096453, 8.930589
7.096768, 9.002954
7.097137, 9.087630
7.097321, 9.129961
7.097506, 9.172293
7.096261, 9.230073
7.093383, 9.294146
7.091892, 9.351330
1e0e5cce-644e-4dd4-b931-9b97be279cc3
6.936367, 4.959480
6.855273, 5.060123
6.773356, 5.151703
6.746308, 5.177453
6.727807, 5.199198
6.712028, 5.226985
6.675847, 5.281605
6.657472, 5.303926
6.630158, 5.332394
6.600761, 5.358709
6.569452, 5.382720
6.549297, 5.398176
6.528033, 5.422027
d44ef92b-7c9c-4661-adb4-93ce89c6dacb
7.059083, 4.919133
7.325783, 4.878917
5aaf3ac6-fce9-487c-a224-0dd4d4ac26be
7.086857, 5.060285
7.198577, 5.339482
7.206109, 5.370389
7.219859, 5.401524
