main root
6.064628, 6.722021
6.304643, 6.516467
6.521506, 6.403188
6.636205, 6.350295
6.723359, 6.322677
6.849110, 6.296018
6.974032, 6.278120
7.099814, 6.264340
7.209402, 6.254463
7.311668, 6.253741
7.405053, 6.255186
7.506684, 6.258872
7.608225, 6.271022
7.718429, 6.277815
7.835241, 6.295585
7.950481, 6.321653
8.057321, 6.347990
8.156402, 6.370236
8.254376, 6.398737
8.352960, 6.423009
8.442303, 6.453671
8.532232, 6.475640
8.600834, 6.497020
8.669840, 6.521660
8.741606, 6.547287
8.821024, 6.569287
8.887095, 6.593801
8.940559, 6.610443
8.982708, 6.620426
9.045011, 6.625953
9.124163, 6.629968
9.210716, 6.622371
9.258602, 6.621172
9.271657, 6.677898
9.392318, 6.782138
9.455729, 6.845494
9.520043, 6.931704
9.603956, 7.055850
9.668413, 7.158735
9.741604, 7.263696
9.777947, 7.334309
9.820760, 7.426732
9.851778, 7.513713
9.877354, 7.604225
9.896620, 7.687649
9.915582, 7.779106
9.926098, 7.840046
9.920015, 7.998745
9.939301, 8.196815
9.947774, 8.305671
9.956971, 8.423833
9.964714, 8.550349
9.971952, 8.668659
9.977640, 8.761624
9.982247, 8.871555
9.989325, 8.990080
10.000624, 9.108494
10.011079, 9.218075
10.013087, 9.328222
10.017209, 9.438282
10.023758, 9.556812
10.025150, 9.658649
10.030887, 9.768748
10.030266, 9.878835
10.029694, 9.980434
10.029167, 10.073572
10.026539, 10.166934
10.026239, 10.251206
10.025940, 10.335876
10.025670, 10.412066
10.025398, 10.488256
10.027251, 10.562404
10.022648, 10.617931
10.010069, 10.891179
10.012268, 10.973560
10.011230, 11.046827
10.007200, 11.119993
10.005827, 11.199236
9.998626, 11.269341
9.993507, 11.348432
9.982997, 11.418117
9.976658, 11.500285
9.968041, 11.573051
9.961700, 11.652054
9.958345, 11.731236
9.952253, 11.804256
9.951381, 11.886660
9.950573, 11.962861
9.946804, 12.036038
9.945716, 12.115288
9.947620, 12.194518
9.949451, 12.270705
9.954348, 12.349812
9.959055, 12.425874
9.963761, 12.501935
9.965297, 12.575195
9.969948, 12.654316
9.974417, 12.730390
9.975721, 12.803652
9.980124, 12.882787
9.984356, 12.958876
9.988585, 13.034963
9.989656, 13.108228
9.990774, 13.184427
10.232109, 13.304708
10.497658, 13.428701
10.640043, 13.478743
10.801406, 13.463884
10.893265, 13.451205
10.983428, 13.438766
11.047171, 13.434106
11.117224, 13.431094
11.143285, 13.431472
11.163866, 13.420268
11.205276, 13.406249
11.250320, 13.395785
11.302891, 13.379009
11.350052, 13.365576
11.391438, 13.364726
11.402977, 13.341596
11.480945, 13.279408
11.553662, 13.221380
11.621213, 13.146796
11.672675, 13.096664
11.708360, 13.053217
11.740396, 13.011852
11.770969, 12.967489
11.813822, 12.902672
11.850379, 12.843615
11.877603, 12.802479
11.891521, 12.773310
11.920441, 12.694589
11.947605, 12.624982
11.967835, 12.567439
11.986729, 12.527235
11.995376, 12.498272
12.003860, 12.454148
12.012267, 12.402501
12.015484, 12.345483
12.016934, 12.293179
12.019797, 12.243929
12.024155, 12.194791
12.021852, 12.136067
12.021414, 12.086737
12.020964, 12.035932
0358eff1-e1a7-4945-8ce6-bea726429007
6.300887, 6.796762
6.427427, 6.870336
6.551922, 6.858523
6.739246, 6.896738
6.814573, 6.908636
6.858808, 6.917016
7.000243, 6.895449
e9c37096-ac57-44ae-a0ba-f8b5cf2398a7
6.371219, 6.749219
6.500650, 6.752395
6.552201, 6.774375
6.664966, 6.900405
6.716858, 6.936039
6.756966, 6.963604
6.794548, 6.974903
025851e9-e483-486e-9f9d-bd3e815086c5
6.326565, 6.813407
6.535683, 6.854621
6.634847, 6.962605
6.657404, 7.014207
6.674352, 7.052983
6.691006, 7.083619
6.715278, 7.122001
6.732640, 7.155061
6.748489, 7.178806
0b6c8aaa-a344-49b7-98c9-dbcd1ca6ffb2
6.077598, 6.751232
5.968198, 6.685215
5.945349, 6.648364
5.882575, 6.641199
5.807416, 6.717848
5.712612, 6.782410
5.653792, 6.820310
5.633336, 6.829927
5.627107, 6.848430
5.597542, 6.882101
5.594439, 6.902255
5.325965, 6.872924
5.239754, 6.905170
5.176800, 6.928716
5.121061, 6.946368
1a3b6ffb-af6d-4fa5-95d8-63db1c50180b
6.091651, 6.674310
6.003170, 6.603730
5.894946, 6.599959
5.806459, 6.718342
5.788269, 6.825910
5.733321, 6.889864
5.662472, 6.957739
5.621299, 6.983460
5.603943, 6.991832
b0a7cdbd-9006-421d-861a-46d6c339d158
6.236142, 6.585938
6.222682, 6.468324
6.149739, 6.510505
6.076990, 6.570425
5.975555, 6.607899
5.855698, 6.655782
5.755940, 6.745171
2feec832-fff0-402a-8e15-b9ebf86fafe1
6.136427, 6.617843
6.103273, 6.477537
6.015142, 6.476912
5.969727, 6.543448
5.891639, 6.635416
5.842789, 6.686895
aaed961a-7c93-4c59-88c0-9943acc6ca04
5.756860, 6.749325
5.602204, 6.721489
5.524437, 6.718175
5.422921, 6.715968
5.340172, 6.724538
5.288807, 6.734026
5.224772, 6.761075
5.159355, 6.778959
5.112281, 6.798036
bb51af4f-b1ef-4987-9003-ce31ec2fdfc2
5.920188, 6.622974
5.776080, 6.616142
5.502635, 6.794896
5.398423, 6.780119
5.230158, 6.706152
5.161939, 6.701236
c769fca6-d261-409d-891b-7ddc47430203
8.773309, 6.304852
8.834256, 6.228274
8.859301, 6.196805
8.893737, 6.171988
8.941127, 6.141521
8.991865, 6.105337
9.040106, 6.070932
9.068006, 6.058383
9.119788, 6.040016
9.176538, 6.018297
9.232569, 6.005148
9.338189, 6.010511
9.369900, 6.012121
9.431536, 6.002774
9.493060, 5.987389
9.548374, 5.976642
9.592588, 5.961955
9.648829, 5.943274
9.707917, 5.918915
9.752926, 5.900360
9.815407, 5.889305
9.871337, 5.882449
9.930668, 5.872160
9.973614, 5.877491
f0618df6-bed3-4028-97d5-9da052f55d2e
8.717979, 6.399264
8.688675, 6.542039
8.672098, 6.593028
8.649496, 6.667383
8.624873, 6.748393
8.609632, 6.808830
8.598812, 6.857852
8.521677, 7.043704
8.496532, 7.092574
8.466833, 7.156838
8.442070, 7.228260
8.412893, 7.293419
8.391376, 7.337809
8.370601, 7.373808
8.349401, 7.404552
8.325807, 7.433497
8.291729, 7.468195
8.256133, 7.504439
8.214545, 7.540375
8.162831, 7.590995
8.114407, 7.640491
8.071571, 7.692834
8.023311, 7.751808
7.975687, 7.817093
7.927607, 7.879484
7.904827, 7.901689
735e3c10-d444-4748-accf-5e3cc3ff1b40
9.001133, 6.452844
9.017890, 6.499505
9.022395, 6.529760
9.039627, 6.594677
9.047368, 6.635515
9.062283, 6.689464
9.081909, 6.743599
9.106912, 6.808176
9.127188, 6.856401
9.143091, 6.890372
9.170604, 6.938538
9.215380, 7.006639
9.307990, 7.263682
9.316586, 7.287573
9.333137, 7.299538
9.349167, 7.316668
9.373737, 7.347305
9.419235, 7.394468
9.447689, 7.436897
9.478115, 7.468830
9.515110, 7.513031
77913dd3-6dfb-44d1-9463-470ea89318e8
9.190673, 6.436367
9.277120, 6.380574
9.307610, 6.351937
9.326060, 6.336602
9.351338, 6.321375
9.381680, 6.297803
9.406497, 6.280365
9.433649, 6.263059
9.462470, 6.242862
9.484651, 6.229096
9.505763, 6.217702
9.526315, 6.211664
9.557587, 6.203990
9.581191, 6.199694
9.707784, 6.214233
9.745309, 6.214425
9.778692, 6.214596
9.816673, 6.210215
9.838035, 6.212186
9.872997, 6.213823
9.904868, 6.216728
9.939833, 6.218326
9.974835, 6.218342
10.006807, 6.219768
10.044934, 6.216889
10.079681, 6.212677
10.108978, 6.213563
10.143976, 6.213038
10.178916, 6.210930
10.210916, 6.210413
10.242906, 6.211309
10.274825, 6.213615
10.306612, 6.217328
10.341526, 6.219811
10.373318, 6.223488
10.404917, 6.228562
10.436262, 6.235025
10.465080, 6.239351
10.485092, 6.246896
62b9869a-57c2-40fd-bebc-b87b15487e62
9.441567, 6.588384
9.493161, 6.563825
9.532802, 6.541640
9.559933, 6.528172
9.636861, 6.513443
9.678438, 6.505482
9.717643, 6.501024
9.757072, 6.499553
9.816293, 6.497344
9.876958, 6.493582
9.928351, 6.487396
9.991119, 6.475319
10.039811, 6.467475
10.081215, 6.463836
10.120667, 6.463375
10.161522, 6.464393
10.210190, 6.465606
eb26922e-f544-4768-98a9-0ff0d5d9dc01
10.011957, 9.270998
10.041738, 9.283886
10.096153, 9.305805
cb7ee332-14bc-4bf9-82ae-a7232eefe424
9.975581, 9.505659
9.940039, 9.515463
9.887918, 9.531486
b88142b8-7217-43ba-81b0-4f2be3488e97
9.982323, 9.706020
9.946106, 9.725526
8bfc28e5-6041-4717-b675-71caa7936743
9.945604, 8.753845
9.875216, 8.775634
9.815649, 8.795544
9.762684, 8.817884
9.731038, 8.836105
493b81eb-2157-40a5-91d9-9e8ac312a8c0
9.986433, 8.818033
10.016067, 8.826500
10.044189, 8.831423
10.070942, 8.834585
10.097828, 8.836256
74d368ad-a189-4ee7-b099-343c5b99835a
9.970002, 8.417963
10.020258, 8.441282
10.070043, 8.467682
10.113667, 8.484038
10.161069, 8.497016
3160deb0-7f77-4255-8a7f-1fe8de0370ef
9.962200, 8.034702
9.996498, 8.040925
10.051167, 8.053885
10.100854, 8.067203
10.142754, 8.089339
dccf9e9e-3930-4e3f-969f-14b39a3da377
9.925802, 7.639138
9.947164, 7.640099
10.014711, 7.641640
10.058790, 7.647137
10.113021, 7.659934
10.152163, 7.669169
94fcf9a5-a478-4bfb-890b-905686ba8e0c
9.762267, 7.257576
9.866959, 7.298034
9.928616, 7.320821
9.979798, 7.328568
10.077781, 7.352223
4ccfb825-737c-4490-918b-b8abb37a605f
9.476327, 6.921711
9.417668, 6.922584
9.390797, 6.924480
9.379504, 6.937653
9.324127, 6.960093
9.292212, 6.974710
9.269825, 6.983386
9.249560, 6.984819
9.217584, 6.985517
9.182684, 6.987711
9.113734, 7.002409
1bb16805-c3a9-4136-9d8a-a4a783f36a80
9.850594, 7.600483
9.776497, 7.615243
9.746534, 7.619686
9.713462, 7.621562
9.674015, 7.620803
9.633210, 7.618520
9.594127, 7.619331
9.555220, 7.623133
9.502627, 7.629510
86b4f808-465f-4854-ad32-61f372c56f0f
9.924901, 7.733991
9.947467, 7.751207
9.979025, 7.777165
10.023606, 7.817200
9c4e22a7-9ea7-419d-8b65-917b329b0bed
9.895398, 7.955226
9.852830, 7.971343
9.830842, 7.972718
9.791640, 7.972132
9.749562, 7.971467
9.710525, 7.967818
9.675694, 7.967532
9.645161, 7.970274
f0d31452-2e90-4fc8-ad63-d7779c7203e8
9.699592, 7.113573
9.783452, 7.141779
9.811649, 7.152843
9.841205, 7.164439
9.864850, 7.173717
629db757-9850-4a3e-b95f-db8c01ec4a4e
9.020514, 6.383805
9.009351, 6.289343
9.005625, 6.257813
8.957432, 6.204454
8.869946, 6.115259
8.843591, 6.100958
8.809956, 6.084392
