main root
6.911559, 4.393595
6.945803, 4.719823
6.936478, 4.809764
6.921428, 4.894598
6.904523, 4.978014
6.885589, 5.060992
6.860405, 5.143389
6.850394, 5.191502
6.842513, 5.259909
6.847583, 5.342729
6.842534, 5.429983
6.845895, 5.494705
6.852334, 5.578722
6.868980, 5.660231
6.877622, 5.712908
6.866955, 5.836191
6.861762, 5.920293
6.854448, 6.005090
6.853480, 6.088706
6.850000, 6.207032
6.845426, 6.292019
6.849091, 6.339698
6.851214, 6.394032
6.864922, 6.478676
6.869999, 6.510018
6.959630, 6.582833
7.014304, 6.625321
7.061482, 6.667672
7.096634, 6.703247
7.123207, 6.744161
7.142811, 6.800117
7.153163, 6.875549
7.155874, 6.928330
7.160921, 6.997389
7.163793, 7.057226
7.160725, 7.109919
39de220b-36f7-4bd7-a69f-ec56bb4325f5
6.956900, 4.775488
7.068002, 4.822309
7.107006, 4.838743
7.132346, 4.852667
7.161495, 4.873808
7.193665, 4.898989
7.223232, 4.924033
7.267559, 4.981756
7.285278, 5.009744
7.305856, 5.045047
7.327173, 5.081619
7.353651, 5.121100
