main root
6.260203, 5.081175
6.146480, 5.255183
6.074921, 5.392833
6.033040, 5.470074
5.985577, 5.579743
5.916460, 5.706510
5.899336, 5.776700
5.869341, 5.826434
5.854038, 5.872016
5.827095, 5.952276
5.798128, 6.038560
5.787252, 6.128178
5.763821, 6.272204
5.757410, 6.352044
5.740563, 6.412256
5.730107, 6.469971
5.722532, 6.508958
5.729665, 6.622775
5.726314, 6.688971
5.725410, 6.790501
5.733633, 6.875756
5.734415, 6.946217
5.732234, 7.019448
5.729966, 7.095611
5.731039, 7.160047
5.735034, 7.220132
5.738543, 7.272931
5.769771, 7.388203
5.780514, 7.456483
5.791691, 7.540862
5.798906, 7.606725
5.806109, 7.691535
5.810224, 7.757661
5.819191, 7.829467
5.833870, 7.929945
5.848101, 8.013006
5.863186, 8.113585
5.878257, 8.214065
5.898784, 8.322399
5.914099, 8.414522
5.934907, 8.513896
5.956006, 8.604392
5.985203, 8.701673
6.008930, 8.817423
6.031388, 8.916448
6.053416, 9.032656
6.074956, 9.157564
6.097207, 9.274176
6.110063, 9.375402
6.129128, 9.475155
6.142012, 9.576370
6.152753, 9.677501
6.161389, 9.778831
6.172117, 9.879798
6.182852, 9.980830
6.192370, 10.090442
6.203260, 10.191399
6.222535, 10.291185
6.238178, 10.383265
6.251051, 10.484299
6.264963, 10.593482
6.274663, 10.703096
6.282873, 10.795872
6.289009, 10.889069
6.295684, 10.990455
6.299720, 11.083764
6.306219, 11.185093
6.310617, 11.286703
6.315010, 11.388205
6.319769, 11.498176
6.330878, 11.608034
6.338570, 11.726056
6.358978, 11.844538
6.365417, 11.968168
6.373698, 12.086601
6.382889, 12.187734
6.387886, 12.289453
6.392455, 12.382470
6.394625, 12.457153
6.396837, 12.533319
6.397446, 12.626710
6.405376, 12.695524
e162ae87-2182-49c1-826c-4ed2e85ba459
5.914029, 8.117415
5.967984, 8.139827
6.064051, 8.173864
fc38776f-2142-4eaf-8bfe-b110d862e9d5
5.786202, 6.233537
5.808232, 6.265438
5.823518, 6.303219
5.834250, 6.315474
5.845202, 6.335243
5.863457, 6.341058
5.885815, 6.349721
5.896849, 6.362458
5.933013, 6.395057
5.955512, 6.419369
5.975722, 6.445615
6.003650, 6.479430
6.035999, 6.518599
6.065063, 6.551440
2b46d70d-eca5-4e98-8c11-cae406e17480
5.854700, 6.040966
5.897997, 6.058104
5.959117, 6.090345
6.018403, 6.128391
6.078656, 6.148624
6.146100, 6.160219
6.190040, 6.171982
647ab4fc-0b8c-4fd3-8116-b76c430802a2
5.990414, 5.685363
6.059278, 5.728973
6.142364, 5.771668
6.231356, 5.820895
6.279330, 5.849144
5973870e-35ea-46cc-a94d-50c9710378f2
6.160579, 5.348908
6.208788, 5.386626
6.288487, 5.446295
6.341240, 5.477862
6.401879, 5.511732
6.436990, 5.531343
c0919b28-480f-4925-8f66-c9e43dd51b4d
6.028768, 5.370101
5.975337, 5.409586
5.935751, 5.431873
5.913734, 5.445445
5.881620, 5.461256
5.849991, 5.475082
5.802672, 5.497400
5.766046, 5.506401
5.752162, 5.524404
5.723933, 5.551207
5.681011, 5.589897
5.632710, 5.625374
5.612239, 5.640410
5.598448, 5.671633
5.583835, 5.704353
5.576428, 5.735256
5.571132, 5.769561
5.563503, 5.789540
e811072b-71f6-43a1-a05b-e387a7891c1f
6.252083, 5.147974
6.308016, 5.274519
6.365531, 5.371488
6.392331, 5.412842
6.407726, 5.444103
6.494091, 5.604497
403b4397-ee79-4f02-9652-05ac78e9afdb
6.230055, 5.236633
6.383479, 5.342166
6.430963, 5.377736
6.453293, 5.394160
6.486230, 5.407495
6.511761, 5.421062
6.537775, 5.436580
6.559588, 5.449592
6.575245, 5.464160
6.621170, 5.508932
6.661125, 5.569049
6.693932, 5.618411
6.736684, 5.693749
