main root
7.546035, 5.068881
7.401202, 5.309954
7.326621, 5.421938
7.174094, 5.580983
7.110832, 5.674971
7.012196, 5.807834
6.921944, 5.927856
6.854591, 6.041838
6.770478, 6.141220
6.718465, 6.238710
6.622568, 6.371601
6.594690, 6.435245
6.575821, 6.504840
6.560781, 6.600550
6.557008, 6.704216
6.553383, 6.840835
6.564540, 6.973286
6.572109, 7.115967
6.565605, 7.238926
6.564225, 7.345174
6.560908, 7.438505
6.555814, 7.523469
6.551633, 7.593194
6.540936, 7.646549
6.533024, 7.731609
6.533507, 7.807198
6.529420, 7.870472
6.523657, 7.936477
6.521848, 8.008821
6.512860, 8.068869
6.511642, 8.147770
6.503326, 8.201548
6.499225, 8.277027
6.491309, 8.339937
6.481554, 8.405471
6.477881, 8.480972
6.465352, 8.522853
6.459001, 8.611966
6.452799, 8.677932
6.445107, 8.743741
6.441182, 8.816000
6.436094, 8.882060
6.435024, 8.954419
6.435496, 9.023666
6.414834, 9.199564
6.384633, 9.238606
6.404019, 9.271920
6.390167, 9.458534
6.369567, 9.661234
6.357298, 9.844493
6.348107, 9.981772
aecbc459-95ee-4633-9392-33fd7b26e95b
7.489228, 5.367634
7.556877, 5.417254
7.607554, 5.463705
7.663447, 5.514938
7.744582, 5.589309
7.794413, 5.641076
7.845144, 5.695937
7.911129, 5.773523
7.958390, 5.831405
7.987842, 5.870754
8.088656, 5.975356
8.141535, 6.030222
8.198647, 6.085166
8.249327, 6.138076
8.302035, 6.193105
8.354745, 6.248134
8.415918, 6.303344
8.457689, 6.355156
8.505516, 6.414478
8.555119, 6.466464
8.620419, 6.521892
8.655551, 6.559565
8.713561, 6.634111
8.760359, 6.694247
8.800857, 6.753597
8.828298, 6.793810
8.954358, 7.000807
8.985605, 7.063698
9.019366, 7.131733
9.057107, 7.201137
9.097468, 7.269096
9.128068, 7.332342
9.181789, 7.428801
9.224597, 7.501400
9.266024, 7.575744
9.308841, 7.648322
9.355000, 7.718404
9.394846, 7.781619
9.439609, 7.847023
9.485419, 7.921405
9.510948, 7.962858
a3ef8cf7-a9b2-43df-9f35-ef1a7f8573cb
7.314126, 5.535925
7.362925, 5.588216
7.404642, 5.635113
7.438889, 5.682621
7.490214, 5.761013
7.531952, 5.824763
7.586790, 5.886660
7.615036, 5.931538
7.711030, 6.072884
7.731845, 6.108860
7.791762, 6.147437
7.859737, 6.225168
7.917744, 6.285206
7.949812, 6.329169
7.992625, 6.390401
8.047470, 6.476223
8.086431, 6.539971
8.126166, 6.604984
8.160385, 6.660972
8.241106, 6.785540
8.279691, 6.845868
8.323124, 6.917612
8.363866, 6.992919
8.408180, 7.074830
8.444441, 7.141852
8.471693, 7.179641
8.519204, 7.240406
8.574545, 7.301463
8.651426, 7.396166
8.692183, 7.459719
8.731250, 7.523413
8.766975, 7.587382
8.796563, 7.636046
8.811934, 7.680236
fda2b3b1-1ca8-4a39-be76-2370a92a9ab8
6.606311, 6.355462
6.537908, 6.372660
6.488035, 6.388974
6.381998, 6.394597
6.300459, 6.404917
6.226373, 6.412784
6.125941, 6.427704
6.066052, 6.438113
6.012183, 6.444439
5.956482, 6.457010
401d03f3-49af-4494-98af-3d0518331cfc
6.550306, 6.362646
6.491472, 6.333973
6.461479, 6.313617
6.422338, 6.285242
6.381208, 6.255426
6.344466, 6.232488
6.309819, 6.214386
6.277638, 6.200951
6.226849, 6.181368
727848b3-6957-4bda-ad9a-7e65b7aa1a51
7.164402, 5.731016
7.273469, 5.845243
7.331769, 5.882422
7.362108, 5.901771
7.547214, 6.160102
7.570423, 6.200244
7.585148, 6.222771
7.607380, 6.230764
7.669425, 6.289541
7.711750, 6.335350
7.731939, 6.361612
b82bd40d-15d9-4502-8fb3-8ccb91266aa3
6.497656, 6.866435
6.458920, 6.903035
6.436081, 6.916376
6.410611, 6.936769
07539f50-075e-4d6d-a7a3-cbe8b2e7c3ca
7.522123, 5.240836
7.553678, 5.315655
7.573227, 5.354306
7.581625, 5.377541
7.599243, 5.390869
7.624449, 5.417445
7.646246, 5.440480
7.667883, 5.459045
7.701429, 5.475996
7.724150, 5.487434
7.761812, 5.522113
