main root
6.870615, 4.557609
6.810206, 4.772788
6.772836, 4.984189
6.728382, 5.157050
6.676418, 5.345979
6.617689, 5.535604
6.550882, 5.684080
6.473572, 5.850782
6.403856, 5.996646
6.373735, 6.059667
6.352202, 6.129023
6.274353, 6.330185
6.258901, 6.454840
6.245653, 6.544640
6.235380, 6.583517
6.227422, 6.720343
6.231935, 6.797447
6.230776, 6.854506
6.227935, 6.920697
6.226462, 6.989927
6.223602, 7.054001
6.201592, 7.146581
6.184814, 7.210673
6.179981, 7.246868
6.186536, 7.386269
6.197544, 7.461049
6.190390, 7.534093
6.182444, 7.599868
6.175628, 7.668778
6.167227, 7.708101
6.149623, 7.769010
6.135930, 7.843346
6.126677, 7.885316
ad7f6872-74b8-4826-acbf-8b357a9f8f63
6.787299, 4.714537
6.663249, 4.746740
6.610454, 4.771946
6.439022, 4.820919
6.411350, 4.809495
6.391861, 4.842642
6.306129, 4.863721
6.265980, 4.875134
6.139354, 4.908714
6.082706, 4.898962
5.831217, 4.937606
5.786211, 4.940878
5.740494, 4.945701
5.532828, 4.952109
5.448447, 4.978656
5.361690, 4.980737
5.269594, 4.987438
5.185294, 4.983030
5.137759, 4.983542
01e8367d-d08e-4641-b8b0-9bb9bfeb45ee
6.700870, 5.042356
6.646039, 5.040503
6.606612, 5.039163
6.564306, 5.037725
6.525094, 5.033396
6.486323, 5.026104
6.444722, 5.018281
6.414185, 5.015583
6.380284, 5.018599
6.357701, 5.017602
6.254765, 5.002754
6.159544, 5.004316
5.957564, 4.918780
5.770909, 4.965856
5.645005, 4.979298
1f2b935b-c313-41d9-9b4b-84a677506de7
6.792357, 4.840020
6.680558, 4.853468
6.561739, 4.847720
6.248676, 4.858750
5.874548, 4.967447
5.841709, 4.975924
5.790248, 4.995424
5.617633, 5.029200
5.559632, 5.040549
5.438997, 5.088293
5.366482, 5.120216
5.305617, 5.140475
5.233334, 5.164538
5.157266, 5.196178
5.090158, 5.217605
5.045876, 5.234883
5.000757, 5.266947
4.948030, 5.294144
cee339bc-21e3-4f53-9523-2662ea0731de
6.822919, 4.664436
6.575189, 4.728808
6.516133, 4.741692
6.468597, 4.752562
6.354599, 4.760350
6.295517, 4.764386
6.197600, 4.787900
6.140017, 4.801727
6.071181, 4.813324
6.015233, 4.819722
5.953755, 4.829773
5.895312, 4.839328
35dfc5ea-850a-4e00-9785-fda0b812f0c3
6.750859, 5.251456
6.786831, 5.303998
6.816597, 5.363507
6.891900, 5.494773
6.918781, 5.554765
6.962566, 5.654353
6.984846, 5.686298
7.013192, 5.721670
7.025546, 5.764728
7.039931, 5.793232
7.062970, 5.832241
7.078287, 5.867004
7.094502, 5.903807
32e3b1e9-6aae-4f79-a4cf-bfa3ae7138bd
6.571970, 5.430406
6.531203, 5.412359
6.500672, 5.388764
6.485383, 5.376301
6.394038, 5.329339
6.330780, 5.273784
6.290499, 5.240400
6.244668, 5.196585
6.211366, 5.168889
6.179484, 5.146268
c5e23bb5-9f34-4064-b19d-a21af87ef8dc
6.621042, 5.474743
6.662698, 5.571968
6.673169, 5.638188
6.724662, 5.857353
6.737463, 5.946522
6.743365, 5.988047
6.749208, 6.029580
6.754994, 6.071122
6.760722, 6.112673
6.769766, 6.156788
6.778133, 6.197888
6.786441, 6.239000
6.798221, 6.282464
6.811043, 6.324057
6.819773, 6.357454
7a902e29-af0f-4744-87d5-25eb53b46be3
6.240266, 6.118791
6.177027, 6.134895
6.041480, 6.150159
5.947662, 6.154967
5.874205, 6.160808
5.836961, 6.165271
2c8f0391-81cf-4bcb-a5b5-10eb869bcf06
6.527862, 5.783599
6.521770, 5.847629
6.521306, 5.890351
6.518653, 5.913321
6.510997, 5.932573
6.501941, 5.956942
