main root
6.326411, 5.135296
6.258474, 5.317659
6.218438, 5.613508
6.314499, 6.172285
6.336303, 6.274351
6.372533, 6.353500
6.418974, 6.472363
6.462177, 6.577127
6.510998, 6.705522
6.554081, 6.824733
6.582836, 6.949647
6.620510, 7.075949
6.645838, 7.183073
6.673235, 7.289749
6.702722, 7.404561
6.716872, 7.526307
6.735766, 7.652504
6.749962, 7.761609
6.761029, 7.879365
6.755988, 8.005236
6.752994, 8.132481
6.739542, 8.257847
6.727126, 8.393120
6.720464, 8.511878
6.715431, 8.639062
6.705932, 8.773556
6.696072, 8.883140
6.687535, 9.001557
6.675150, 9.086829
6.668966, 9.188273
6.653109, 9.251652
6.641292, 9.298879
6.659345, 9.338012
6.630729, 9.482420
6.597584, 9.633405
6.574205, 9.766879
6.561949, 9.885765
6.560865, 9.978327
6.557461, 10.088310
6.539263, 10.197482
6.541453, 10.274159
6.539681, 10.412483
6.553428, 10.492172
6.565146, 10.609737
6.588729, 10.718342
6.603170, 10.823910
6.611916, 10.949815
6.619543, 11.059622
6.620826, 11.169693
6.613555, 11.271695
6.606932, 11.364590
6.604538, 11.457312
6.602136, 11.550411
6.608987, 11.611046
6.625085, 11.678572
6.639150, 11.750479
6.646753, 11.820539
6.662131, 11.879004
6.685171, 11.954833
6.725249, 12.083858
6.749754, 12.191277
6.768493, 12.266693
6.785053, 12.339549
6.807677, 12.420365
6.814429, 12.472247
6.828202, 12.543286
6.842362, 12.627214
6.855989, 12.680987
6.858856, 12.722763
6.860737, 12.772054
6.863662, 12.809449
6.864528, 12.839726
6.872948, 12.872381
746481d7-5a14-4a16-9205-2feef552522c
6.214518, 5.625466
6.112903, 5.696198
6.029732, 5.739901
5.966304, 5.778006
5.922523, 5.811290
