main root
7.887739, 4.686014
7.923249, 4.962742
7.931978, 5.107467
7.925667, 5.229160
7.915172, 5.400722
7.921127, 5.564189
7.918429, 5.692880
7.911348, 5.842339
7.887591, 5.998914
7.806680, 6.287600
7.715034, 6.523069
7.680130, 6.679257
7.651917, 6.796069
7.641174, 6.928354
7.638432, 6.999094
7.637246, 7.068335
7.635796, 7.152993
7.636252, 7.213770
7.635253, 7.280021
7.637179, 7.350785
7.636179, 7.424047
7.635371, 7.483308
7.637514, 7.545604
7.638587, 7.620313
7.639561, 7.688036
7.638894, 7.745821
7.635154, 7.810523
7.631734, 7.869687
7.628314, 7.928855
7.626302, 7.989603
7.624061, 8.057300
7.619206, 8.113442
7.612738, 8.170869
7.603838, 8.236521
7.592173, 8.300276
7.585116, 8.363798
7.576314, 8.429471
7.569885, 8.499972
7.564320, 8.577488
7.559469, 8.645052
7.555397, 8.722661
7.553265, 8.791873
7.549729, 8.858028
7.547529, 8.927236
7.549722, 8.999568
7.553317, 9.068726
7.556832, 9.136367
7.561481, 9.196967
7.568268, 9.265876
7.576543, 9.334625
7.581308, 9.399258
7.585665, 9.458356
7.594473, 9.537123
7.601289, 9.611538
7.604212, 9.676273
7.606885, 9.735481
7.606433, 9.791837
7.602988, 9.848088
7.602171, 9.910409
7.602871, 9.971180
7.602138, 10.037428
7.599907, 10.103649
7.597627, 10.171341
7.598523, 10.233663
7.596339, 10.289970
7.596918, 10.352293
7.596115, 10.427004
7.599829, 10.499266
7.598590, 10.562652
7.599064, 10.614967
7.599525, 10.665766
7.596984, 10.715713
046610be-cd8c-4c3c-bf59-ba86e6367d0d
7.917549, 4.720706
8.008088, 4.794529
8.060266, 4.815417
8.091766, 4.832862
8.128982, 4.851764
530b4043-a743-4d71-a916-40bc5dfc7ece
7.593843, 6.816748
7.563900, 6.841216
7.520004, 6.877413
7.498337, 6.901788
7.465104, 6.936659
7.446267, 6.962680
7.417391, 7.005120
7.401516, 7.025790
f042dad2-4855-4943-8852-07d7d8449b42
7.891800, 4.842865
7.712811, 4.966452
7.673088, 5.027234
7.575732, 5.053869
7.501729, 5.081017
7.460370, 5.098708
7.422399, 5.113322
7.384793, 5.124554
7.358465, 5.135509
7.323646, 5.153205
7.287807, 5.171384
7.263853, 5.186858
7.241636, 5.204734
7.208343, 5.235327
7.177301, 5.263849
7.146439, 5.288142
7.115339, 5.308812
7.080497, 5.330172
7.037185, 5.356724
6.986658, 5.387700
6.935637, 5.420734
6.892994, 5.448343
6.842355, 5.484695
6.793864, 5.521348
6.739536, 5.564289
6.686151, 5.608393
6.647590, 5.634424
6.604279, 5.669080
6.558954, 5.711096
6.510433, 5.766281
6.452690, 5.828812
6.429629, 5.851580
6.405568, 5.869025
6.384671, 5.886025
6.358181, 5.909506
6.332709, 5.934086
6.308299, 5.959721
6.284891, 5.982133
6.260382, 6.007672
6.236800, 6.025760
6.196217, 6.058774
6.155729, 6.101358
6.120512, 6.129708
6.075313, 6.171860
6.033369, 6.215068
5.992506, 6.257292
841af6f7-7eae-4981-b681-d178067abdd9
7.820405, 4.969444
7.760673, 4.994861
7.718243, 5.015253
7.613201, 5.071310
7.575960, 5.086651
7.537937, 5.100695
7.498536, 5.115249
7.443155, 5.138896
7.407747, 5.150761
7.378002, 5.170200
7.353701, 5.198597
7.302161, 5.238071
7.274150, 5.255754
7.239285, 5.274224
7.201878, 5.294041
7.148265, 5.325830
7.098583, 5.357029
7.062639, 5.386670
7.003851, 5.435149
6.958129, 5.472855
6.912407, 5.510560
6.866280, 5.552479
6.822421, 5.592336
6.778557, 5.632198
6.734592, 5.674173
6.685649, 5.718834
6.635613, 5.764490
6.592127, 5.798092
6.551125, 5.835449
6.501257, 5.876835
6.455259, 5.918898
6.411521, 5.958895
6.381654, 5.990264
6.345376, 6.025923
beca2f70-dec0-468f-91d2-e647b500971f
7.862930, 5.110983
7.831932, 5.142035
7.795103, 5.167667
7.772197, 5.181106
7.724506, 5.203882
7.679374, 5.223777
7.632893, 5.244268
7.579428, 5.266201
7.531613, 5.287434
7.499487, 5.300063
7.473312, 5.315177
7.446744, 5.339160
7.408927, 5.375311
7.386120, 5.390903
7.344574, 5.417491
7.302241, 5.442807
7.259678, 5.464773
7.207015, 5.491951
7.155636, 5.515098
7.099351, 5.545380
7.039701, 5.577474
6.986288, 5.609610
6.935502, 5.640166
6.884207, 5.672776
6.827046, 5.709115
6.777030, 5.740911
6.734566, 5.773227
6.679527, 5.822636
6.622706, 5.875656
6.573184, 5.921866
6.530000, 5.958067
6.484582, 5.996140
6.438795, 6.038429
6.395259, 6.078638
6.351719, 6.118852
6.307926, 6.165411
6.261581, 6.216867
6.231834, 6.249896
