main root
6.763506, 5.180498
6.771081, 5.346527
6.743582, 5.506100
6.700766, 5.689675
6.668465, 5.867637
6.672864, 6.047491
6.651550, 6.245133
6.659821, 6.378449
6.678678, 6.552797
6.667162, 6.728378
6.650518, 6.968038
6.653670, 7.062260
6.644409, 7.171574
6.630593, 7.231830
6.630877, 7.286445
6.656139, 7.452305
c93a5a18-8362-489e-be4b-666b8369a8bc
6.752383, 5.432500
6.677417, 5.443878
6.630488, 5.442623
6.591822, 5.440092
6.453139, 5.464129
6.331552, 5.441539
6.294749, 5.451882
6.147113, 5.449217
6.053798, 5.445429
5.952281, 5.441308
5.859375, 5.439643
5.778384, 5.446487
5.703822, 5.451286
5.635546, 5.458680
5.588468, 5.461391
d13f5f4b-800a-454e-8a4d-37867007089e
6.769758, 5.627127
6.854730, 5.668996
6.891482, 5.675364
6.921827, 5.681843
6.955451, 5.687193
6.989308, 5.690768
7.026598, 5.689896
7.057623, 5.690373
7.091646, 5.689107
7.115869, 5.689409
7.143827, 5.693955
7.177672, 5.697645
7.211665, 5.699550
7.248867, 5.696845
7.279878, 5.695797
7.310906, 5.695953
7.344914, 5.694336
7.368406, 5.697419
7.405706, 5.697489
7.429900, 5.698737
7b961fd8-035e-4c56-a326-59081b968823
6.719280, 5.250144
6.597377, 5.266916
b1a91755-59c7-4e18-be1d-73b974946f4a
6.742680, 5.245038
6.679049, 5.300695
6.663026, 5.328987
6.631564, 5.357610
6d34954c-6cfc-479e-96d6-3bd6d76ea1b6
6.648170, 5.659615
6.597974, 5.667217
6.576040, 5.668140
6.541596, 5.663591
6.508330, 5.678886
6.391816, 5.750606
6.349693, 5.776492
6.312652, 5.802771
6.279554, 5.818912
6.257579, 5.822966
6.224476, 5.862910
6.154265, 5.927417
6.123312, 5.951777
6.102191, 5.964578
6.093917, 5.986285
6.054570, 6.029345
6.020303, 6.066847
5.987845, 6.111245
5.953466, 6.153197
5.919509, 6.189914
434b290b-03fa-46a6-bf99-1e69a23b3ce3
6.618989, 5.872472
6.384567, 5.943949
6.311883, 5.966724
6.269586, 5.986245
6.218613, 6.016365
3316df0b-f313-45c9-acd4-477c7f12bbd7
6.616064, 5.870695
6.495752, 5.909650
6.387012, 6.027858
6.370559, 6.040657
6.275751, 6.105711
