main root
6.386124, 4.160282
6.447145, 4.324488
6.517076, 4.464546
6.563665, 4.599764
6.618673, 4.759417
6.701613, 4.954654
6.757153, 5.117851
6.794377, 5.275668
6.821055, 5.442741
6.848360, 5.600739
6.868545, 5.717546
6.888469, 5.808134
6.905876, 5.916830
6.916949, 5.999087
6.922879, 6.043139
6.950484, 6.227463
6.975387, 6.312895
6.984623, 6.419285
6.987973, 6.492478
6.988328, 6.565748
6.991706, 6.644928
7.004307, 6.729649
7.002510, 6.778616
7.011239, 6.867171
6.984360, 6.965076
6.983015, 7.028631
6.989189, 7.161714
6.981299, 7.265575
6.970011, 7.335128
6.966484, 7.394228
6.967149, 7.433314
6.981584, 7.651247
6.992990, 7.732855
6.990422, 7.857401
6.980059, 7.924419
6.978418, 8.013385
6.971724, 8.051732
6.958621, 8.126794
6.950386, 8.208781
6.938894, 8.263303
6.923179, 8.337863
6.907464, 8.412423
6.896373, 8.494076
6.888681, 8.572949
6.886663, 8.655328
6.879115, 8.719025
6.870148, 8.794693
6.861181, 8.870363
6.844353, 8.936056
6.825446, 9.009871
6.818730, 9.060216
6.813798, 9.142469
6.809237, 9.218530
6.807866, 9.291423
6.814531, 9.335021
6.813102, 9.511901
6.812484, 9.588078
6.811862, 9.664252
6.808268, 9.737409
6.795999, 9.804088
6.784613, 9.882494
6.773663, 9.957881
6.755113, 10.023089
6.736327, 10.100059
6.720461, 10.177684
6.700536, 10.245254
6.681604, 10.320025
6.667236, 10.401146
6.657588, 10.481364
6.643512, 10.548260
6.620122, 10.638988
6.601101, 10.712771
6.582607, 10.784509
6.568410, 10.841346
6.471188, 11.062225
6.437458, 11.138854
6.395896, 11.222839
6.354588, 11.306311
6.321730, 11.372711
6.306605, 11.416779
6.283726, 11.492660
6.265732, 11.573079
6.243887, 11.636436
6.214189, 11.716208
6.187916, 11.773907
6.162072, 11.841495
6.141012, 11.900760
6.127846, 11.964354
1d08b059-1bb4-449d-929b-6d917029e2c6
6.365288, 4.257185
6.322492, 4.324122
6.320788, 4.363038
6.274602, 4.603235
6.231532, 4.838079
bf69d292-4b6b-4aec-bd25-a3def8dd4d6f
6.428559, 4.405067
6.358120, 4.511175
6.325053, 4.553395
6.293634, 4.587994
6.234472, 4.722421
6.221853, 4.743660
6.200228, 4.780057
6.177599, 4.806426
6.150992, 4.851215
6.132688, 4.870307
6.103655, 4.913562
6.088682, 4.930498
5.924920, 5.127220
5.879936, 5.233824
5.811007, 5.359471
5.780254, 5.421754
5.760303, 5.451485
5.696080, 5.622471
5.672798, 5.701500
5.646984, 5.757356
5.617950, 5.834455
5.592854, 5.909605
5.568728, 5.981865
5.548389, 6.061700
5.525259, 6.128239
5.507882, 6.178217
5.495364, 6.275869
5.486297, 6.322999
8901598c-4764-4d92-bf2b-43bca39ecdf9
6.528497, 4.322022
6.617018, 4.353276
6.650654, 4.366125
6.691136, 4.379987
6.739194, 4.396444
6.791360, 4.415889
6.819185, 4.427858
6.857178, 4.452132
6.945852, 4.500614
6.973538, 4.517457
7.018992, 4.543358
7.069253, 4.566828
7.113289, 4.589045
7.156633, 4.612585
7.195183, 4.638633
7.239353, 4.666668
7.276043, 4.695274
7.318205, 4.726248
7.347750, 4.753525
7.382524, 4.783592
7.417766, 4.818139
7.570231, 4.986340
7.763458, 5.234594
7.787276, 5.261087
7.813457, 5.292445
7.834409, 5.319877
7.849013, 5.341464
7.867403, 5.363304
8.009294, 5.514892
8.032560, 5.544114
8.052585, 5.576472
8.070697, 5.611450
8.091265, 5.644679
8.121757, 5.682568
8.139846, 5.714593
8.180186, 5.767756
8.211818, 5.814398
8.245087, 5.863453
8.280429, 5.912899
8.337496, 5.993721
8.381144, 6.059518
8002df1e-1dc8-4554-88ce-198bbd850a15
6.630897, 4.547143
6.682569, 4.550947
6.719580, 4.543937
6.753043, 4.535861
6.782958, 4.529964
6.806866, 4.526561
6.905322, 4.559192
6.991100, 4.592766
7.026527, 4.609866
7.064539, 4.628233
7.102544, 4.646616
7.136543, 4.666405
7.173019, 4.687656
7.205394, 4.710003
7.240128, 4.733999
7.266523, 4.759532
7.293551, 4.781537
7.326279, 4.808205
7.363206, 4.834457
7.393430, 4.859637
7.425855, 4.886673
7.458268, 4.913721
7.486453, 4.941165
7.516687, 4.970628
7.542676, 5.000159
7.566329, 5.031592
7.595889, 5.065928
7.625555, 5.098092
7.649960, 5.128966
7.685399, 5.173801
7.716109, 5.215069
7.937293, 5.459890
7.962900, 5.494867
7.985807, 5.528691
8.014295, 5.570754
8.045449, 5.619423
8.070767, 5.661753
8.100950, 5.706384
8.134153, 5.755481
8.169430, 5.804973
8.198914, 5.846337
8.227171, 5.885980
8.249774, 5.912535
