main root
7.198194, 4.683448
7.242058, 4.845706
7.243324, 5.032239
7.257316, 5.285310
7.242798, 5.429221
7.204482, 5.619262
7.147612, 5.805010
7.076040, 6.006081
7.026702, 6.164875
6.987532, 6.284222
6.975449, 6.499810
6.975617, 6.610219
6.975799, 6.728747
6.973894, 6.855488
6.971857, 6.990937
6.966904, 7.124111
6.948897, 7.259153
6.928840, 7.427576
6.905850, 7.638526
6.887158, 7.849682
6.887928, 8.019821
6.871810, 8.168160
6.858186, 8.323156
6.856492, 8.414799
6.857673, 8.463088
0819972c-6642-4142-8511-f300393b6621
7.161303, 4.914445
7.092274, 4.915715
7.052682, 4.927318
6.987602, 4.924609
6.933731, 4.925363
6.877421, 4.923157
6.813539, 4.925148
6.744390, 4.928801
6.679587, 4.929226
6.623297, 4.926602
6.562529, 4.925267
6.490222, 4.928170
6.421106, 4.932443
6.371113, 4.937033
6.315556, 4.940631
a9f840a0-1648-43c8-a3aa-76b5f6fb329d
7.220838, 4.697746
7.506588, 4.678276
7.581986, 4.690830
7.646824, 4.699493
b5b02664-3767-4d70-a03f-7fa5b7019064
7.278850, 4.717804
7.549811, 4.759848
7.630530, 4.786689
7.727976, 4.817765
7.771103, 4.824800
7.823769, 4.832868
7.858975, 4.837168
7.977846, 4.858214
8.123016, 4.876195
8.273044, 4.900433
8.353344, 4.911323
8.395706, 4.918579
2896ee27-25f3-441f-8be4-680f41ca8f21
7.293488, 4.715969
7.449985, 4.790765
7.519553, 4.827984
7.611980, 4.869152
7.654311, 4.893096
7.686420, 4.904381
42192afb-c880-4657-ac5a-8aeaa71404a3
7.328648, 5.336144
7.369621, 5.345811
7.413403, 5.359217
51313210-767a-4285-b217-78f25d191d2c
7.218895, 5.713869
7.320413, 5.754040
7.390225, 5.782116
7.492269, 5.818607
7.555808, 5.836560
