main root
7.224024, 4.479929
7.168744, 4.665944
7.144601, 4.834258
7.114548, 5.043785
7.031473, 5.324831
6.933570, 5.572684
6.856782, 5.752396
6.713750, 5.928860
6.573977, 6.013489
6.443985, 6.048044
6.345167, 6.083105
6.315380, 6.128148
6.286815, 6.190335
6.244405, 6.282662
6.220402, 6.338503
6.197781, 6.394919
6.170438, 6.474256
6.152054, 6.532189
6.134102, 6.578870
6.128423, 6.610314
6.122716, 6.675591
6.120277, 6.737874
6.115084, 6.793986
6.109414, 6.871488
6.104471, 6.939041
6.100294, 7.016644
6.098068, 7.085859
6.094442, 7.152018
6.092149, 7.221224
6.091352, 7.290468
6.089093, 7.356683
6.089673, 7.427474
6.088789, 7.502191
6.089467, 7.571435
6.090129, 7.639170
6.092386, 7.716851
6.095891, 7.786011
6.097750, 7.852236
6.098112, 7.918487
6.102996, 7.990687
6.105973, 8.056874
6.109017, 8.124535
6.111681, 8.183738
6.115907, 8.244369
6.120616, 8.311934
6.127511, 8.389338
6.133521, 8.456801
6.138780, 8.515837
6.142416, 8.573514
6.145089, 8.639716
6.147822, 8.707399
6.151770, 8.768052
6.154578, 8.834247
6.155891, 8.900488
6.163337, 8.974077
6.167728, 9.047207
6.168113, 9.103556
6.170025, 9.164309
6.173698, 9.233452
6.174145, 9.298262
6.174552, 9.357533
6.176467, 9.418280
6.184773, 9.491770
6.191676, 9.566172
6.199562, 9.634975
6.207276, 9.702266
6.217341, 9.763786
6.229645, 9.838994
6.232017, 9.872034
0fd1beb4-638f-4200-92df-935f80fe354e
7.289842, 4.547137
7.352961, 4.567985
7.390763, 4.565908
7.431200, 4.577604
7.476627, 4.614851
7.511522, 4.655162
6ab397e0-44aa-471a-8166-6f5a421159f4
7.168753, 4.530902
7.088072, 4.595329
7.007894, 4.675872
6.954834, 4.715481
6.894940, 4.759607
6.850834, 4.789035
6.779207, 4.853221
6.713433, 4.917564
6.638087, 4.994993
6.575324, 5.062503
6.517680, 5.124509
6.465646, 5.176083
6.388918, 5.255112
6.347394, 5.309790
6.301975, 5.390463
6.247979, 5.486369
6.202288, 5.567525
6.154651, 5.647850
6.100967, 5.734222
6.054690, 5.824707
6.000857, 5.920670
5.960139, 5.974899
5.922855, 6.071017
5.892891, 6.136373
5.843663, 6.235910
5.804736, 6.295640
5.746321, 6.369862
5.697113, 6.506235
5.671679, 6.595313
5.590819, 6.737400
5.538921, 6.815836
5.488272, 6.884868
5.431343, 6.958902
5.388631, 7.028056
5.341605, 7.108199
5.298754, 7.181225
5.261257, 7.251041
5.230210, 7.308848
5.199335, 7.356845
9932bd19-b29f-42ad-b6f2-4e069e60339c
7.130628, 4.602333
7.062290, 4.547566
7.013583, 4.536296
6.966875, 4.552195
6.937276, 4.570574
6.894237, 4.597297
6.864632, 4.612156
6.837588, 4.622380
6.800599, 4.631562
6.750201, 4.645616
6.716579, 4.653437
6.688484, 4.664584
6.656455, 4.682122
6.610113, 4.712618
6.568530, 4.736399
6.516527, 4.767863
6.457564, 4.807037
6.393675, 4.851282
6.348659, 4.889739
6.301655, 4.933830
6.245807, 4.994427
6.209686, 5.026993
6.172177, 5.056781
6.126008, 5.091535
6.086305, 5.115801
6.041965, 5.146409
5.997273, 5.182717
5.952262, 5.225068
5.902742, 5.277827
5.856389, 5.327213
5.815694, 5.366195
5.772986, 5.402962
5.742192, 5.433422
5.710566, 5.468915
5.673034, 5.520037
5.637958, 5.567812
5.602563, 5.613494
5.570919, 5.649448
5.542679, 5.677002
5.512356, 5.708681
5.483178, 5.743493
5.464574, 5.754040
5.442478, 5.766566
5.432871, 5.785759
5.389467, 5.826622
5.366228, 5.852441
5.338371, 5.883201
5.310631, 5.918105
5.290856, 5.942784
5.275206, 5.964711
5d0be417-0c04-4b3a-8fb4-28ac934b84e4
7.062822, 4.866902
6.979432, 4.922911
6.926193, 4.936422
6.858938, 4.943844
6.786421, 4.961672
6.704967, 4.983289
6.558105, 5.022215
6.493737, 5.039390
6.423865, 5.067357
6.384612, 5.083069
6.329593, 5.105092
6.272907, 5.131005
6.218270, 5.157628
6.156687, 5.189300
6.095157, 5.224312
6.043642, 5.253624
5.991012, 5.287015
5.941895, 5.314632
5.903854, 5.339456
5.854222, 5.371844
5.801976, 5.416662
5.756345, 5.463692
5.715138, 5.510463
5.676494, 5.563382
5.641216, 5.609153
5.609662, 5.645189
5.570480, 5.687665
5.535951, 5.722890
5.500370, 5.757049
5.474369, 5.784084
5.455296, 5.803917
30a252ac-c852-460e-9d79-eb81f123a096
6.921036, 5.382632
6.834797, 5.425635
6.755721, 5.466362
6.713956, 5.487784
6.687652, 5.496229
6.638314, 5.513642
6.589494, 5.532459
6.529643, 5.560340
6.466072, 5.594907
6.405963, 5.629294
6.346060, 5.667014
6.295524, 5.693529
6.251172, 5.715108
6.204799, 5.739336
6.160404, 5.760841
6.122324, 5.760992
6.115526, 5.794096
5.980794, 5.870384
5.898380, 5.910381
5.860346, 5.928830
5.835593, 5.940826
5.811353, 5.955890
5.773517, 5.986452
5.749490, 6.000088
5.707150, 6.024117
5.682092, 6.041779
0bb35849-1554-45a6-a030-f1154275a445
7.142638, 5.240826
7.276419, 5.319239
7.340893, 5.355149
7.372214, 5.374005
7.408367, 5.395801
7.455016, 5.427421
7.506156, 5.460277
7.528731, 5.478338
7.547212, 5.498874
7.579080, 5.536524
7.618230, 5.575828
7.650470, 5.610315
7.673717, 5.641736
7.717655, 5.727872
7.718608, 5.832979
7.725813, 5.982967
7.741640, 6.131430
7.741753, 6.307963
7.726134, 6.494369
7.722988, 6.600871
7.715823, 6.711605
7.712655, 6.819935
d4890e63-3e90-4978-afee-46ee055dffbd
7.212245, 4.912794
7.258691, 4.998096
7.303942, 5.059126
7.343421, 5.097587
7.386610, 5.128591
7.426874, 5.151949
7.494269, 5.198023
7.516319, 5.216723
7.537435, 5.240516
7.569039, 5.278384
7.587879, 5.305629
7.615342, 5.353238
7.642768, 5.397790
7.661793, 5.431546
7.671265, 5.457499
7.686762, 5.504324
7.698941, 5.550651
7.710352, 5.605833
7.717156, 5.646123
7.725929, 5.689089
7.727759, 5.727972
7.735240, 5.791448
7.743167, 5.858713
7.746782, 5.914953
7.750583, 5.974101
7.752794, 6.031846
7.753834, 6.098089
7.750338, 6.161392
7.753662, 6.236904
7.751958, 6.300281
7.757816, 6.360861
7.756782, 6.412363
7.757398, 6.456213
7.757994, 6.498539
7.754036, 6.536446
7.752761, 6.591902
7.751205, 6.659621
7.749843, 6.718871
7.744096, 6.773529
7.752095, 6.811951
7.752348, 6.842538
7.752698, 6.884870
7.755978, 6.919589
7.766484, 6.967131
7.770265, 7.005053
7.773667, 7.054260
7.777171, 7.104939
7.779662, 7.162671
7.780291, 7.211989
7.780804, 7.252203
60ffc5f6-6397-404d-b0ec-6052152d0f52
7.235692, 4.743439
7.322963, 4.792116
7.432793, 4.876848
7.509510, 4.914090
7.553851, 4.946815
7.621086, 4.999015
7.665824, 5.044250
7.727323, 5.115406
7.786564, 5.174436
7.813397, 5.212883
7.833969, 5.260476
7.860620, 5.343037
7.885370, 5.433403
7.910568, 5.493556
7.928254, 5.559022
7.959231, 5.587046
7.987615, 5.673297
8.009489, 5.744557
8.018153, 5.798279
8.023047, 5.868481
8.021591, 5.938838
8.009472, 6.023274
7.991106, 6.107452
7.967363, 6.206346
7.935343, 6.303472
7.904112, 6.391487
7.877894, 6.471574
7.847221, 6.545277
7.808456, 6.622227
7.775995, 6.676689
7.762156, 6.737912
7.745576, 6.770529
7.734066, 6.793172
