main root
6.978776, 4.645116
6.681110, 5.034034
6.554133, 5.233741
6.540717, 5.392307
6.529240, 5.552242
6.524500, 5.702741
6.516365, 5.839855
6.513003, 5.967428
6.507566, 6.094066
6.508782, 6.213266
6.511934, 6.314764
6.517199, 6.416174
6.525460, 6.534606
6.536738, 6.635515
6.545019, 6.728534
6.556583, 6.811658
6.563704, 6.884576
6.571112, 6.960412
6.573819, 7.034325
6.580656, 7.153346
6.592257, 7.245255
6.594842, 7.331978
6.595303, 7.417094
6.591623, 7.518874
6.584038, 7.612272
6.578614, 7.705040
6.574800, 7.806511
6.575218, 7.908039
6.573498, 8.001417
6.576102, 8.085299
6.578990, 8.178388
6.579785, 8.271782
6.580649, 8.373384
6.575138, 8.467282
6.570176, 8.551806
6.562604, 8.644899
6.555741, 8.729283
6.556654, 8.821857
6.553370, 8.915498
6.550107, 9.008566
6.545994, 9.083173
6.536168, 9.184542
6.528815, 9.260390
6.520119, 9.334604
6.514623, 9.436017
6.518028, 9.511530
6.508290, 9.561429
6.495353, 9.619924
6.491912, 9.656278
6.497121, 10.019136
6.498215, 10.095303
6.499308, 10.171471
6.507238, 10.281613
6.515356, 10.365491
6.525536, 10.449140
6.535763, 10.533181
6.541633, 10.606206
6.547738, 10.682155
6.558672, 10.791761
6.563034, 10.877261
6.570057, 10.956204
6.570317, 11.026674
6.581304, 11.136992
6.585082, 11.238959
6.588217, 11.323571
6.589572, 11.416952
6.588733, 11.502066
6.583742, 11.587533
6.573673, 11.657283
6.566113, 11.709658
6.564832, 11.760433
6.568744, 11.842749
6.563828, 11.896942
6.549866, 11.981974
6.540378, 12.065356
6.534398, 12.144386
6.523988, 12.253929
6.524322, 12.329514
6.520112, 12.392775
6.510037, 12.453982
6.501505, 12.524254
6.492396, 12.616720
6.483071, 12.680859
6.469528, 12.742805
6.365449, 12.920430
6.036366, 13.016212
5.875099, 13.031206
5.578745, 13.050397
5.007040, 13.050732
3.970267, 13.031762
3.113871, 13.028964
bf00343c-9a82-4435-9796-da89eaa4a1ea
6.877187, 4.720819
6.809102, 4.699012
6.743665, 4.732159
6.486878, 4.654240
6.351726, 4.606545
6.314054, 4.582649
6.255095, 4.525962
6.220042, 4.506717
6.178776, 4.577941
6.204446, 4.648498
6.225105, 4.710188
6.362700, 4.927600
a90898cf-8082-4efa-84fa-2d9f02534ab3
6.782985, 4.888680
6.698739, 4.858960
6.403395, 5.104913
6.338722, 5.168562
6.284761, 5.251358
6.261191, 5.281767
6.245072, 5.297435
6.216596, 5.375765
6.180773, 5.440343
6.161411, 5.481423
6.141937, 5.515722
6.121043, 5.552526
6.105899, 5.569306
e2a33362-33b9-4445-9dfb-aadbbec02a6b
6.935212, 4.669671
6.849261, 4.663465
6.754479, 4.641479
6.692824, 4.644438
6.664012, 4.642766
6.644122, 4.652113
6.612881, 4.668478
6.583638, 4.682138
6.555277, 4.690401
6.546804, 4.703049
6.530775, 4.737733
6.503022, 4.745480
6.471441, 4.764609
6.441180, 4.781149
6.417120, 4.799381
6.304341, 4.916219
6.191338, 4.986263
6.165785, 5.007099
6.133416, 5.029631
6.098671, 5.053816
6.064300, 5.075919
6.022019, 5.101328
5.978479, 5.127493
5.942984, 5.152317
5.899187, 5.179339
5.776531, 5.257904
5.740930, 5.280697
5.705324, 5.303482
5.667894, 5.334540
5.629716, 5.342288
5.585775, 5.343568
5.548354, 5.346157
5.518845, 5.352700
5.504504, 5.375198
5.489713, 5.398402
5.557392, 5.607919
5.559590, 5.649056
5.580093, 5.664001
5.625296, 5.738509
5.653163, 5.793098
5.679931, 5.852120
5.701555, 5.903421
5.721792, 5.955286
595c2037-94d2-4574-b578-23e56db40948
6.524320, 6.420489
6.467339, 6.467332
6.443655, 6.508250
6.404186, 6.563857
6.273800, 6.802967
6.265157, 6.828133
6.251411, 6.868157
6.240613, 6.890375
6.242813, 6.911995
6.227184, 6.953139
6.230239, 6.975201
6.216816, 7.019572
6.213374, 7.051192
6.211411, 7.095734
6.209457, 7.137188
6.204530, 7.175504
6.203769, 7.203907
6.215085, 7.221631
6.229899, 7.280982
6.242201, 7.330268
6.234730, 7.432071
ce18f08f-547d-40e0-b3d1-bbffcb1712b0
6.534613, 6.613556
6.489210, 6.624901
6.438541, 6.650624
6.342765, 6.697437
6.306169, 6.715324
6.194260, 6.765335
6.160237, 6.773672
6.129607, 6.780885
6.100806, 6.790452
6.059025, 6.810343
6.022379, 6.827475
5.987060, 6.840370
5.948965, 6.853976
5.917424, 6.868120
5.883226, 6.886425
5.854124, 6.905077
5.831921, 6.922528
5.780160, 6.947319
5.750588, 6.944572
5.747440, 6.965794
5.675282, 7.026829
5.610683, 7.081471
5.553029, 7.124356
5.471504, 7.184996
5.410981, 7.226284
5.370765, 7.253717
5.283441, 7.336585
5.228114, 7.391153
5.179890, 7.421238
5.115235, 7.461572
5.074656, 7.497472
5.017451, 7.550077
4.961714, 7.593201
4.886577, 7.648674
4.832090, 7.688901
4.777604, 7.729128
4.712105, 7.785329
4.660373, 7.833662
4.610947, 7.877793
4.563699, 7.922759
4.537686, 7.945450
ccc475ba-ebc0-43ba-aa59-57c039cc5c30
6.684078, 4.957624
6.591500, 4.914098
6.537160, 4.890023
6.467594, 4.874707
6.422756, 4.872103
6.327971, 4.881949
6.231556, 4.868103
6.160902, 4.891643
6.009927, 4.949799
5.948650, 4.973402
5.888443, 4.994597
5.847987, 5.013213
5.786311, 5.046133
5.728465, 5.087189
5.676689, 5.118504
5.560168, 5.193618
5.509753, 5.262726
5.415325, 5.353767
5.369606, 5.390616
5.324398, 5.438964
5.307515, 5.471317
5.277111, 5.524803
5.246756, 5.584258
5.218160, 5.627103
5.160580, 5.694431
5.109250, 5.760831
5.062110, 5.816917
5.013448, 5.879465
4.955633, 5.960670
4.913193, 6.033183
4.874165, 6.096901
4.833923, 6.170539
4.804909, 6.220514
4.768417, 6.295760
4.744167, 6.335473
4.728118, 6.364629
4.714261, 6.386703
4.704058, 6.422659
6594fe1e-b504-4715-910c-ff49b101bd77
6.581096, 6.662821
6.633287, 6.697932
6.656118, 6.713292
6.757653, 6.744478
6.816108, 6.755017
6.850555, 6.759563
6.881816, 6.765055
6.916283, 6.769446
6.947568, 6.774799
6.978598, 6.781482
7.012870, 6.787189
7.043929, 6.793735
7.069248, 6.800456
7.092141, 6.807935
7.166169, 6.837151
7.189877, 6.851335
7.231421, 6.877934
7.278340, 6.904420
7.336070, 6.931853
7.393342, 6.960725
7.427002, 6.982723
7.467455, 7.010948
7.492798, 7.032279
7.523075, 7.059721
7.548098, 7.088461
7.587790, 7.127212
7.626254, 7.162671
7.663165, 7.192628
7.706099, 7.219764
7.756198, 7.251428
7.805610, 7.275575
7.856853, 7.302283
7.905941, 7.324492
7.946335, 7.346053
7.994566, 7.375191
8.041184, 7.406852
8.092289, 7.439751
8.128795, 7.468591
8.172859, 7.499588
8.217161, 7.534413
8.265860, 7.570791
8.304464, 7.601496
8.342116, 7.633356
8.367475, 7.656775
8.388251, 7.673923
d2dbccc9-8536-425e-99fa-fee46074c1e9
6.489700, 6.015567
6.432166, 6.042686
6.362469, 6.080500
6.298636, 6.110025
6.219281, 6.142160
6.165484, 6.165559
6.121508, 6.182055
5.968440, 6.265786
5.911118, 6.291956
5.857763, 6.327950
5.801502, 6.367638
5.768293, 6.392824
5.713163, 6.443954
5.663667, 6.491900
5.615392, 6.530328
5.547008, 6.592828
5.496917, 6.640636
5.447970, 6.685284
5.396658, 6.737704
5.355152, 6.775828
5.336086, 6.801470
5.313013, 6.840026
731625d4-d88b-4627-bef4-0c7a54b948e5
6.864970, 4.897512
6.701395, 4.837454
6.632075, 4.853493
6.544733, 4.910666
6.012776, 4.858583
5.936472, 4.847899
5.907491, 4.840817
5.869987, 4.828573
5.838293, 4.824524
5.791279, 4.823044
5.748968, 4.821712
5.688191, 4.821295
5.636495, 4.823935
5.594884, 4.832053
c50e3c5d-12e6-44b0-9e5d-8eb9045c94f5
6.589825, 8.449129
6.646623, 8.448387
6.746437, 8.470974
6.767630, 8.478839
6.791625, 8.492533
6.830432, 8.512957
6.879429, 8.535360
6.919912, 8.552225
6.968764, 8.570954
7.014267, 8.590004
7.055258, 8.610408
7.091146, 8.629945
7.120720, 8.647748
7.142240, 8.662450
ed9d63f9-83f9-4563-be84-fb21159b1a46
6.515100, 12.247033
6.458166, 12.251310
e729502d-7132-485e-85a2-4a43b50c1e90
6.543903, 12.010366
6.501786, 12.006380
6.436253, 12.003777
1bc88f6d-8380-44d0-a245-728039f279a6
6.590535, 11.880803
6.610873, 11.887137
6.655480, 11.902599
6.692476, 11.927369
7f4d4292-66ff-4a1f-857e-71826931087f
6.598328, 11.476442
6.634170, 11.474485
6.711385, 11.493756
6.760434, 11.504456
9c0dd17c-7765-4467-9005-920a0476f141
6.542009, 11.247830
6.521020, 11.251867
6.471430, 11.258359
6.414536, 11.278149
6.386858, 11.294116
de1db843-3feb-4c22-8ca1-8d376ff0c358
6.608489, 11.355932
6.682757, 11.355736
da200490-698e-4e70-a290-832a6eb0af69
6.576700, 10.841238
6.635383, 10.847964
6.689296, 10.858664
6.742468, 10.875319
6.805085, 10.894932
6.851576, 10.916844
d35a9e18-7dee-4401-8df3-5a0396f7e1c5
6.555045, 10.937521
6.510148, 10.960086
6.479351, 10.972155
6.462733, 10.996259
6.400281, 11.046478
6.355973, 11.080188
6.311204, 11.105432
077006d4-4a2c-4f29-816e-9cadd7884a14
6.583335, 10.678562
6.607175, 10.680805
6.657553, 10.691557
6.711966, 10.706231
6.779824, 10.727632
6.861976, 10.764689
f6d50ec8-23de-4796-bdbc-bb480dd26e00
6.496636, 10.701774
6.469367, 10.715921
6.422396, 10.740291
6.379860, 10.755614
e77114b1-81cb-40a0-85c5-93d32528587a
6.483567, 10.400971
6.460066, 10.415081
6.439315, 10.424047
6.415616, 10.431027
6.378042, 10.437411
6.321015, 10.455535
c9e7f9c8-739a-4373-ada4-1641c8246dc0
6.542787, 10.076004
6.575995, 10.083733
6.651639, 10.099801
6.724030, 10.116708
6.806535, 10.133846
6.850956, 10.147663
6.880831, 10.152255
6.907642, 10.154861
ccb30095-5165-4121-9e03-a2e0ba73e6ea
6.460468, 9.773386
6.425658, 9.777415
6.364346, 9.787498
6.303585, 9.800492
6.245813, 9.812817
6.187641, 9.828257
6.136356, 9.848032
6.083050, 9.868556
6.055671, 9.882275
6.019494, 9.910445
b9bc3e3a-96de-414c-a3df-da14d54cffbb
6.585464, 9.094116
6.610740, 9.102401
6.647559, 9.122342
6.691367, 9.152911
6.720491, 9.165969
6.778331, 9.188652
6.843047, 9.205993
6.898297, 9.222346
6.979295, 9.248486
7.038107, 9.272184
7.075409, 9.287215
7863d48e-f21f-4b67-8c11-ad4af8351a4d
6.484828, 6.280683
6.450792, 6.295299
6.410693, 6.313065
6.376210, 6.323431
6.332640, 6.338093
6.305619, 6.348764
6.283692, 6.361584
