main root
6.773958, 3.977313
6.779874, 4.300253
6.728262, 4.495605
6.711235, 4.588344
6.707706, 4.680758
6.736224, 4.797663
6.742012, 4.893826
6.738472, 5.040628
6.733401, 5.163588
6.715912, 5.280476
6.706618, 5.399622
6.705031, 5.527960
6.697173, 5.654066
6.683516, 5.771465
6.675995, 5.872722
6.673114, 5.951924
6.661102, 5.993956
6.702653, 6.119379
6.740089, 6.408927
6.760559, 6.583665
6.778138, 6.674539
6.789302, 6.721441
6.792543, 6.767372
6.768658, 6.947094
6.766167, 7.022638
6.756703, 7.082607
6.744900, 7.147799
6.765505, 7.247158
6.749003, 7.383960
6.730835, 7.493810
6.719224, 7.541861
6.723379, 7.607251
9e58d7d7-b666-4008-aff6-2ea0b8d5e4a6
6.802233, 4.358569
6.896209, 4.410245
6.961654, 4.459163
6.991149, 4.484995
7.022781, 4.512750
7.046045, 4.529230
7.088762, 4.552153
7.112362, 4.571612
7.162301, 4.608910
7.209784, 4.644373
7.235222, 4.663372
7.325078, 4.751211
7.347782, 4.773406
7.384993, 4.790945
7.452242, 4.844088
7.502943, 4.880341
7.546976, 4.915504
7.595389, 4.952251
7.654242, 5.003651
7e05787c-fad2-4ab7-abb5-7c0ff2a8336d
6.835681, 4.344327
6.909891, 4.360125
6.984255, 4.401446
7.033840, 4.432424
7.082042, 4.464302
7.120266, 4.493171
7.171754, 4.528305
7.245187, 4.578414
7.323919, 4.644682
7.361467, 4.688024
7.402235, 4.688416
7.456465, 4.715329
7.563599, 4.766140
7.671621, 4.815037
7.742499, 4.849398
7.784877, 4.861624
4940dd28-c9a8-4478-98d3-7f5c290653a5
6.809491, 4.156143
6.876907, 4.207262
6.917536, 4.230853
6.949838, 4.254802
6.983451, 4.281586
7.029113, 4.327918
7.055633, 4.350562
7.092441, 4.370180
7.138385, 4.407013
21f08271-bf70-40c4-aa7f-93e5ad78dbc6
6.771922, 4.505678
6.833527, 4.571212
6.876754, 4.626546
6.897896, 4.648747
6.990657, 4.750018
7.019239, 4.781224
7.042050, 4.801702
7.079882, 4.829630
7.105958, 4.854460
7.140633, 4.889546
7.176344, 4.925680
7.215888, 4.967822
7.239957, 5.000035
7.270364, 5.040730
7.314220, 5.089423
7.342554, 5.143025
