main root
6.794350, 5.799342
6.852099, 6.078927
6.873102, 6.115754
6.849825, 6.165105
6.845602, 6.280062
6.865658, 6.454221
6.845710, 6.632316
6.843991, 6.771481
6.829973, 6.927612
6.835806, 7.038783
6.839459, 7.148755
6.843112, 7.258762
6.847327, 7.385696
6.860447, 7.531002
6.864009, 7.641032
6.858850, 7.743161
6.844855, 7.852437
6.820415, 7.959994
6.792128, 8.074952
6.759759, 8.206499
6.725465, 8.328299
6.693614, 8.433617
6.661269, 8.547856
6.636913, 8.664855
6.605028, 8.787110
6.582418, 8.923420
6.563662, 9.049322
6.540323, 9.189585
6.507924, 9.335908
6.471032, 9.493040
6.436198, 9.641410
6.394550, 9.761002
6.330731, 9.898980
6.261209, 10.044023
6.234944, 10.108593
6.205392, 10.169887
e28eb1ae-696f-4c24-8f9a-15714388c3dd
6.857038, 6.392948
6.719397, 6.394234
6.605026, 6.405255
6.575457, 6.403577
6.534608, 6.416444
3b124682-218e-460a-90aa-02347884dd32
6.811433, 6.726767
6.719485, 6.725364
