main root
5.851496, 4.804059
5.848526, 5.051934
5.831447, 5.355395
5.817364, 5.576332
5.810473, 5.728239
5.804663, 5.982572
5.805100, 6.092633
5.807573, 6.185521
5.806052, 6.287353
5.808876, 6.380060
5.814342, 6.490073
5.817276, 6.591732
5.823839, 6.675393
5.829045, 6.768634
5.837858, 6.852089
5.839370, 6.946528
5.840860, 7.039651
5.848649, 7.131959
5.855769, 7.216325
5.848671, 7.304867
5.862267, 7.374119
5.861299, 7.446052
5.868397, 7.547450
5.872819, 7.640741
5.880547, 7.759208
5.880844, 7.861246
5.887309, 7.944618
5.883680, 8.031941
5.885812, 8.133477
5.890058, 8.234934
5.892898, 8.353279
5.893224, 8.454980
5.891434, 8.556669
5.894105, 8.640543
5.894976, 8.733936
5.893695, 8.819044
5.898661, 8.902529
5.889373, 8.990869
5.891053, 9.074054
5.886274, 9.237759
5.895439, 9.357638
5.908057, 9.467176
5.916243, 9.593266
5.928153, 9.711610
5.945103, 9.838084
5.964088, 9.963947
5.985992, 10.080864
6.003038, 10.206056
6.014803, 10.323734
6.023641, 10.433415
6.033161, 10.551565
6.043362, 10.678155
6.055678, 10.804848
6.067146, 10.922827
6.083665, 11.049362
6.089492, 11.159378
6.103777, 11.269065
6.118061, 11.395002
6.125072, 11.512988
6.127872, 11.631227
6.126244, 11.741251
6.133075, 11.851654
6.143030, 11.978547
6.158650, 12.096727
6.174182, 12.214238
6.199289, 12.340104
6.229225, 12.457984
6.267275, 12.556383
6.306970, 12.659038
6.340559, 12.745901
6.376022, 12.831781
6.427645, 12.897034
608035af-e12c-40d4-b89c-aa37ea89a029
5.847858, 5.026197
5.938301, 5.015271
5.968271, 4.989212
6.023657, 4.942811
6.130235, 4.932890
6.190049, 4.934144
6.236660, 4.945364
6.276770, 4.961177
6.326055, 4.983824
aa20701e-11f0-4711-bd78-9c1cee4816c4
5.842733, 5.130779
5.916956, 5.126028
5.965722, 5.116533
6.011961, 5.099204
6.048981, 5.097410
6.083461, 5.101732
6.130050, 5.101540
6.189314, 5.101294
6.248586, 5.101049
6.307858, 5.100803
6.364149, 5.103564
6.423350, 5.106467
6.473067, 5.111902
6.527029, 5.122319
6.595290, 5.133971
6.648824, 5.140073
6.711023, 5.144151
6.770158, 5.148027
6.829294, 5.151903
6.878914, 5.158155
6.930600, 5.169193
6.980278, 5.179802
7.034688, 5.194483
7.090075, 5.210978
7.128619, 5.222456
467a1b35-ab00-4a84-8838-8fbc13d0266a
5.839624, 5.277952
5.927388, 5.337854
5.964100, 5.368191
6.028658, 5.414414
6.079894, 5.459698
6.124050, 5.481911
6.159739, 5.503215
6.193033, 5.534718
464bf537-e812-439a-8f27-9ac39ef131f6
5.840778, 5.133656
5.779185, 5.185457
5.752415, 5.203104
5.707770, 5.252962
5.655301, 5.280118
5.570147, 5.312287
5.521041, 5.322838
5.444858, 5.345955
5.333668, 5.355558
5.257913, 5.365720
5.182723, 5.379442
5.143320, 5.381169
5.072922, 5.381869
4.999578, 5.383212
4.923309, 5.388213
4.860491, 5.381834
4.808515, 5.375940
4.723129, 5.391570
