main root
6.733090, 5.889147
6.684657, 6.299642
6.643456, 6.458547
6.625871, 6.635207
6.748349, 6.819706
6.793515, 7.041647
6.808739, 7.195319
6.841609, 7.358826
6.899229, 7.581104
6.936064, 7.773678
6.958408, 7.865398
6.987791, 7.935682
7b21f74a-d7d8-4f39-aac7-74332e725ab8
6.739183, 5.987998
6.949224, 6.125954
6.971009, 6.147426
7.006002, 6.175611
7.034937, 6.195074
1099a94c-62ef-42bd-b648-1128359f661c
6.775256, 6.133957
6.913448, 6.189120
6.967382, 6.219219
d81efdd9-f986-46db-8135-28a183d6c193
6.688706, 6.360762
6.789655, 6.396656
