main root
7.004052, 5.295812
6.947981, 5.462839
6.911704, 5.673045
6.899086, 5.819644
6.883534, 6.008676
6.893565, 6.159084
6.908288, 6.318256
6.933768, 6.434774
6.965613, 6.574946
6.980613, 6.679186
6.996289, 6.788128
7.018271, 6.896329
7.048174, 7.011726
7.059440, 7.080436
7.008230, 7.212652
6.966164, 7.254804
7.014200, 7.330001
6.998914, 7.604418
7.011591, 7.782071
7.028800, 7.988563
7.045144, 8.139573
7.041481, 8.203170
7.039865, 8.263812
bd2d411a-505c-4386-98ca-be15489d0be7
6.916405, 5.569840
6.819685, 5.599905
6.763846, 5.607466
6.714053, 5.612624
b8bed4ca-1527-4b46-b82f-6480009b01ad
7.004416, 5.577662
7.051795, 5.574312
7.101801, 5.573781
7.137565, 5.562924
7.194255, 5.545717
7.248951, 5.532247
7.284158, 5.517414
7.317318, 5.503443
7.358520, 5.501732
3728c272-8f07-4172-9adf-b11008f5230c
6.829875, 5.786831
6.782500, 5.772050
6.730627, 5.751896
6.675455, 5.737280
6.615337, 5.733973
6.578415, 5.740924
6.549872, 5.750866
d7243c7a-5c96-4bf0-b2a9-05878cd96b32
6.973467, 5.841836
7.037645, 5.844150
7.078965, 5.848635
7.110814, 5.846071
7.178115, 5.831642
7.225717, 5.821436
7.286987, 5.829843
7.333228, 5.845624
61271e5e-e363-4d23-a4f2-5d3009c54365
6.910294, 6.214652
6.984787, 6.263926
7.025720, 6.299781
7.085671, 6.348315
7.134013, 6.386223
83e182ab-2c39-41a4-9d73-68cff38d184d
6.900403, 6.281469
6.814742, 6.347451
