main root
6.568722, 2.877256
5.940567, 3.220963
5.746676, 3.531108
5.714774, 3.839319
5.748569, 4.096408
5.837611, 4.375102
6.065485, 4.796667
6.201742, 5.087369
6.271221, 5.287218
6.284969, 5.596217
6.292793, 5.912230
6.324546, 6.206599
6.400141, 6.587418
6.469442, 6.864219
6.496149, 7.143509
6.474639, 7.836587
6.430821, 8.160116
6.375802, 8.673584
6.282484, 9.486028
6.263091, 10.078530
6.283512, 10.319333
6.324217, 10.785932
6.364110, 11.295939
dbd92bf9-eb48-4127-ba49-6cdb0250aa24
6.313569, 6.187943
6.226599, 6.218542
6.038718, 6.260707
058f920e-4ee9-4d38-94e2-4e7abd0c9f1b
6.203824, 5.089687
6.281802, 5.096270
6.358681, 5.120112
6.492869, 5.129170
6.730122, 5.097829
b22bef9e-3061-46e1-b446-90b71af8215b
6.042855, 4.753857
6.199305, 4.749962
6.480309, 4.709016
6.866509, 4.580345
5461ddf2-f060-4c64-aa2d-12ae3c15fbb6
5.823582, 3.425206
5.870199, 3.499789
6.022944, 3.569571
6.576866, 3.727487
6.622286, 3.738252
c069b957-af09-4e04-92f9-1b93e8c5b4d8
5.808828, 3.388766
5.667079, 3.406941
5.518887, 3.385717
5.365038, 3.336013
5.211233, 3.309056
5.212410, 3.307028
5.046212, 3.240281
4.885356, 3.210071
4.642741, 3.137436
4.539001, 3.088991
26f8efd7-0858-449d-b501-996268c09576
5.958868, 3.159907
5.803564, 3.065606
5.682397, 3.045758
5.579525, 3.023512
5.472061, 2.967394
5.335779, 2.925488
5.183011, 2.902656
4.956009, 2.801010
4.816606, 2.766130
4.669307, 2.739155
