main root
5.676547, 4.969414
5.547413, 5.218271
5.444128, 5.655215
5.400817, 5.842814
5.382568, 5.920570
5.367655, 6.002233
5.356371, 6.080677
5.348059, 6.159491
5.336175, 6.252124
5.325401, 6.336099
5.310527, 6.404977
5.284313, 6.455465
5.298360, 6.497397
5.306367, 6.598703
5.305393, 6.693146
5.304433, 6.786278
5.297154, 6.880052
5.281487, 6.973199
5.295263, 7.043473
5.289327, 7.122536
5.302347, 7.306178
5.294089, 7.405257
5.279304, 7.481535
5.261985, 7.570888
5.251867, 7.638814
5.248488, 7.702144
5.255745, 7.790829
5.253952, 7.842310
5.245336, 7.908375
5.237398, 7.969243
5.232197, 8.009123
15bd8803-7dcb-4e2f-b96b-4df7dfa12139
5.504366, 5.185120
5.334638, 5.151141
5.248661, 5.122498
5.219699, 5.118336
5.194592, 5.114696
5.174531, 5.123853
5.138433, 5.135394
5.097341, 5.150102
5.048613, 5.169134
5.012547, 5.188040
4.965670, 5.209276
