main root
6.872971, 4.722334
6.984923, 4.880531
7.049246, 5.006113
7.108269, 5.153843
7.164710, 5.357405
7.222245, 5.548394
7.258337, 5.684016
7.283472, 5.803032
7.301669, 5.919822
7.313376, 6.044356
7.335396, 6.190119
7.338603, 6.309748
7.348122, 6.428580
7.354131, 6.530100
7.359135, 6.614620
7.364638, 6.707587
7.368056, 6.800925
7.370147, 6.858036
7.401649, 6.989375
7.410386, 7.038621
7.411212, 7.077541
7.406495, 7.137287
7.397752, 7.210020
7.393891, 7.292322
7.387474, 7.365298
7.388960, 7.450926
7.390285, 7.527103
7.400746, 7.612102
7.406462, 7.683029
7.408852, 7.749911
7.405377, 7.820283
7.404463, 7.899516
7.400627, 7.972672
7.386724, 8.037744
7.377966, 8.093041
7.374163, 8.136185
7.385245, 8.209997
7.377555, 8.473275
7.366743, 8.559342
7.349138, 8.631575
7.320741, 8.694885
7.252516, 8.800822
7.188609, 8.911685
7.115470, 9.004765
7.037843, 9.166896
6.993927, 9.330904
6.983818, 9.409561
6.975083, 9.510718
6.964953, 9.603557
6.945490, 9.703946
6.934093, 9.795881
6.925787, 9.879740
6.919548, 9.963779
6.919578, 10.047407
6.917522, 10.096515
6.933120, 10.434240
6.929270, 10.534073
6.929254, 10.644326
6.929237, 10.754395
6.925016, 10.847999
6.931381, 10.940334
6.941950, 11.032491
6.954491, 11.141846
6.975465, 11.250448
6.985042, 11.344412
7.000692, 11.435728
7.011048, 11.520710
7.022314, 11.613161
7.024861, 11.683575
7.029720, 11.735109
7.040810, 11.788975
7.118735, 12.116618
7.132757, 12.188525
7.149638, 12.259448
7.168119, 12.311246
7.201373, 12.386638
7.232122, 12.456351
7.314199, 12.545314
7.348948, 12.600634
7.516823, 12.804400
8.109377, 12.931467
e168ce02-1cc1-44e3-831f-165f922520da
7.398651, 6.650296
7.424917, 6.656925
7.496611, 6.690088
7.611443, 6.726330
7.691147, 6.755828
7.746791, 6.778017
7.796456, 6.813372
7.821682, 6.847618
7.930883, 6.957831
7.979203, 7.066708
8.004362, 7.119706
8.029407, 7.161993
8.074176, 7.222899
8.117541, 7.306175
c05e39a1-eb8e-494f-9af1-1f514ac2f974
7.351017, 6.733019
7.310967, 6.747933
7.146748, 6.853526
7.113215, 6.867970
7.071507, 6.892454
7.034772, 6.908811
6.990299, 6.928614
6.967854, 6.936970
6.946692, 6.940057
6.834239, 7.003972
6.803397, 7.026738
6.784044, 7.027916
6.760142, 7.027820
6.747915, 7.040966
6.729410, 7.048907
6.699233, 7.060197
6.674582, 7.070990
6.650557, 7.083111
6.625907, 7.100547
6.598035, 7.122060
6.577653, 7.139719
a9491e5b-f852-42da-8128-d3eb5429fcb7
7.003662, 4.905452
6.941368, 4.996659
6.907457, 5.028893
6.813211, 5.139794
6.789395, 5.160885
6.751238, 5.196676
6.714120, 5.233544
6.673536, 5.284402
6.650856, 5.310424
6.591531, 5.364304
6.560437, 5.388487
6.539863, 5.408269
6.509302, 5.441792
6.481013, 5.477266
6.453941, 5.504013
6.428331, 5.531419
3e0a49a2-578a-48f5-a773-d18b67ae966f
7.410249, 6.914893
7.436734, 6.922154
7.578283, 6.968887
7.622123, 6.980231
7.666639, 6.988658
7.743216, 7.022361
7.777882, 7.040911
7.804301, 7.051676
7.835599, 7.057988
7.884032, 7.061648
7.921309, 7.068968
7.962377, 7.084659
7.994149, 7.101604
8.033090, 7.130735
8.066708, 7.190694
8.085441, 7.233287
8.111809, 7.282093
8.126883, 7.313146
0cec53be-2736-49d6-a981-117ef4145aad
7.356639, 7.418652
7.294919, 7.436983
7.238188, 7.464784
7.116986, 7.503358
7.065428, 7.520858
7.030442, 7.527506
6.977158, 7.538688
6.926410, 7.547339
6.875370, 7.554056
6.840422, 7.562720
66505f3b-1ad8-472d-8037-91faea850d80
7.133483, 5.473670
7.089424, 5.506644
7.050916, 5.548599
7.005114, 5.598501
6.977738, 5.623900
6.932258, 5.660602
6.850997, 5.729872
6.818791, 5.757327
6.786753, 5.782671
6.746912, 5.814187
6.701164, 5.844650
6.658879, 5.872807
6.607884, 5.913957
6.576361, 5.941317
afd8251c-a1dd-4081-af41-faa24224e180
7.389744, 8.643899
7.455116, 8.661421
7.540087, 8.712372
7.570948, 8.730877
c874eebf-ec79-4041-8cb2-3b6761185049
7.294128, 8.827765
7.340859, 8.858106
7.370835, 8.891026
ad6ea4e0-7cd5-4187-ab97-2d98dc8e35db
7.181874, 9.004616
7.215201, 9.027652
7.251039, 9.075329
7.273320, 9.116923
9b2f6e28-3a38-4005-b156-f1eccdf2eb8d
7.353300, 8.183033
7.273062, 8.225361
7.231879, 8.242009
7.187158, 8.253378
7.094670, 8.266697
655bde2a-7653-4a10-a168-cf8f831a5da5
7.346401, 8.076900
7.268906, 8.097977
7.192225, 8.123487
7.124661, 8.138077
7.022306, 8.163400
52beb6ec-7e48-4405-802c-e4ead635a8f5
7.401298, 8.072437
7.512736, 8.092736
7.599415, 8.136420
7.636699, 8.157220
ca303177-71e6-4f00-8a0c-aeb2dafdc777
7.437589, 7.740684
7.482870, 7.752490
7.551031, 7.774901
7.632769, 7.793901
7.680855, 7.819969
9a69fc82-63aa-4e34-8db4-fec91194c5bc
7.094477, 5.179949
7.003040, 5.223549
6.968206, 5.236716
6.942772, 5.249408
6.935935, 5.266444
6.834530, 5.340929
6.801382, 5.359705
6.764558, 5.380564
6.712992, 5.409773
6.685367, 5.425422
