main root
6.877052, 5.024879
6.935026, 5.311718
6.942067, 5.354115
6.947998, 5.417242
6.935395, 5.492523
6.927351, 5.602888
6.930665, 5.850232
6.922643, 5.975632
6.929740, 6.096009
6.915741, 6.243444
6.914631, 6.335856
6.919914, 6.436654
6.883903, 6.573096
6.864187, 6.672080
6.861187, 6.773743
6.846178, 6.852183
6.820302, 6.976255
6.794072, 7.091689
6.767808, 7.207271
6.745629, 7.333302
6.710389, 7.456677
6.684753, 7.577094
6.647546, 7.726738
6.633823, 7.860072
6.608397, 7.963859
6.570025, 8.112029
6.536309, 8.225383
6.496881, 8.328259
6.447712, 8.426988
6.422357, 8.492130
6.407887, 8.546461
6.400607, 8.597968
6.390063, 8.651173
6.347933, 8.828070
6.332499, 8.905805
6.310602, 8.969988
6.287864, 9.045903
6.268010, 9.122626
6.242477, 9.185452
6.220373, 9.271647
6.199289, 9.341815
6.177360, 9.414790
6.157437, 9.491493
6.133989, 9.557944
6.112287, 9.637440
6.092220, 9.710950
6.074255, 9.788137
6.056982, 9.862354
6.039709, 9.936568
6.024672, 10.014376
6.010213, 10.089189
5.998124, 10.167508
5.986499, 10.242814
5.964868, 10.304462
5.945082, 10.342767
5.955129, 10.379232
5.939493, 10.501665
5.924546, 10.585960
5.910399, 10.677793
5.901698, 10.734277
5.892915, 10.795815
e817fa4b-a288-4cd7-9bbe-b8948c55973b
6.919364, 5.559336
6.753674, 5.605851
6.639591, 5.652629
6.596349, 5.659037
6.526749, 5.669955
6.485714, 5.683057
6.403107, 5.720430
6.332839, 5.747294
6.258217, 5.782616
6.213502, 5.805437
6.164872, 5.830915
beba12d4-3a6c-4ebf-a425-46ebbf3cccdb
6.943594, 5.492216
7.038858, 5.511565
7.127235, 5.507216
7.238942, 5.526505
7.310572, 5.541912
7.363472, 5.559413
7.428477, 5.587567
7.482758, 5.617601
7.542025, 5.650392
7.589246, 5.679642
63810b72-30a0-4cf6-a83c-7edc027c4794
6.734154, 5.293691
6.631797, 5.537351
6.499562, 5.755772
6.407122, 5.914560
6.389875, 5.971693
6.374251, 6.002730
6.369543, 6.260926
c431b25a-49b2-46dc-a3d4-f0faa528a7d9
6.871518, 5.657797
6.757264, 5.847321
6.737286, 5.937458
6.705337, 6.017707
6.683631, 6.088412
6.662762, 6.151293
6.638581, 6.209901
6.615999, 6.280329
6.594351, 6.342943
6.567592, 6.397438
6.537056, 6.456230
6.508729, 6.513753
