main root
6.460462, 4.875709
6.559019, 5.045617
6.616322, 5.204638
6.680754, 5.401483
6.688554, 5.675828
6.682493, 5.834057
6.672192, 5.953292
6.646925, 6.029785
6.599123, 6.174498
6.549750, 6.311412
6.508135, 6.482301
6.472077, 6.630372
6.434014, 6.786675
6.415099, 6.921502
6.393426, 7.015159
6.406081, 7.136146
6.405178, 7.191091
6.416934, 7.348238
6.430779, 7.505861
6.417816, 7.678051
6.420778, 7.721575
6.421894, 7.769282
b00210ec-b6f3-40ce-9584-178b2928f03b
6.639781, 5.300351
6.531548, 5.329237
6.434446, 5.377774
6.392158, 5.417253
6.337108, 5.461163
6.269476, 5.512460
6.218595, 5.558860
6.162876, 5.620899
6.113374, 5.676016
6.074793, 5.721999
54093f0e-79e9-4012-8cab-2f9aba13a75f
6.603761, 5.140648
6.724298, 5.099158
6.845671, 5.101507
6.938540, 5.108413
7.019161, 5.164716
7.073070, 5.209713
7.118823, 5.240154
7.198687, 5.278910
7.274122, 5.336436
7.311526, 5.381231
cbae3573-f32f-4187-9fc5-631d6e74f574
6.535115, 4.957719
6.749248, 4.958973
6.897687, 4.948537
6.999738, 4.953835
7.084820, 4.962404
7.160639, 4.970040
7.216795, 4.980208
7.260630, 4.992361
fe37e4d8-1f37-42ae-b37b-8827831e34b3
6.449171, 4.998460
6.353018, 4.998191
6.256754, 4.953608
6.178765, 4.962008
6.123151, 4.996273
6.042548, 5.043463
5.965241, 5.081514
5.891871, 5.122251
5.835877, 5.160187
5.781156, 5.198615
