main root
7.199619, 4.571888
7.205853, 4.845683
7.166824, 5.360364
7.137112, 6.102543
7.128901, 6.654159
7.082513, 7.256370
7.044499, 7.734375
7.025731, 7.951578
7.020419, 8.070668
7.013037, 8.188812
7.007740, 8.307415
7.000352, 8.425573
6.993116, 8.550369
6.983565, 8.678839
6.980497, 8.828830
6.979993, 8.956118
6.979524, 9.074659
6.974857, 9.184599
6.970190, 9.294563
6.965521, 9.404536
6.960853, 9.514508
6.951961, 9.624190
6.943066, 9.733902
6.932068, 9.843380
6.924025, 9.944603
6.920207, 10.046065
6.911844, 10.155790
6.901373, 10.265316
6.889591, 10.366328
6.886261, 10.467908
6.873742, 10.593482
6.863206, 10.720327
6.857449, 10.844716
6.851470, 10.973879
6.843512, 11.100383
6.831880, 11.218083
6.827356, 11.328406
6.816843, 11.429890
6.812331, 11.513691
6.809648, 11.591352
6.809906, 11.670597
6.808072, 11.753390
6.807088, 11.797829
4df4d471-b061-47b8-842f-73625ce53ef8
7.201827, 6.671836
7.349261, 6.733126
7.491828, 6.784689
7.627911, 6.830979
7.694039, 6.853474
7.743049, 6.880017
2d4b2ed6-0de3-4a25-ab02-1fd0c03cd753
7.123362, 6.144439
7.049930, 6.119178
7.007367, 6.106866
6.988272, 6.095307
6.968351, 6.100663
6.941917, 6.101570
6.901724, 6.102949
6.856527, 6.107494
6.813067, 6.113370
6.759082, 6.106195
6.728455, 6.097596
6.679549, 6.083864
6.637139, 6.075065
6.600742, 6.072100
6.539000, 6.072853
9774ad56-f96a-4217-9c3d-5c1b5935eb4b
7.192565, 5.526618
7.344358, 5.593255
7.429214, 5.640020
7.490746, 5.677114
7.547782, 5.718489
7.594796, 5.748896
7.673558, 5.785579
7.746608, 5.816300
7.820766, 5.844240
7.872632, 5.874976
7.939397, 5.907166
8.000405, 5.936580
8.040444, 5.955884
3bfbee17-1aaa-451b-8eb1-744ada8e38b4
7.278375, 4.413328
7.472708, 4.464763
7.614906, 4.502160
7.779570, 4.561334
7.849419, 4.607378
7.926826, 4.635553
7.994564, 4.663400
8.020096, 4.706264
8.062464, 4.682117
8.156961, 4.693311
8.297330, 4.750830
8.383513, 4.786146
8.450328, 4.820344
8.514005, 4.862255
8.579728, 4.903721
8.635223, 4.938734
8.663592, 4.958402
1a4f3323-4d9a-493c-a825-99a3f4c804b4
7.252384, 5.120103
7.371934, 5.113017
7.415932, 5.108129
7.457748, 5.103042
7.515280, 5.097550
7.581362, 5.092745
7.633414, 5.087461
7.674961, 5.086252
7.705245, 5.086868
7.733693, 5.084452
101434ce-2181-4137-945f-5c2649b863d3
7.154323, 5.389562
7.067424, 5.320526
7.017244, 5.300457
6.997549, 5.289358
6.977954, 5.299534
6.935284, 5.298592
6.895175, 5.284435
6.866972, 5.269719
6.821937, 5.246220
6.793502, 5.234759
6.758212, 5.225376
6.705164, 5.208424
c3c7f3f9-377c-4eaf-8f4b-9dc3ac133dd7
7.157711, 4.497115
6.700087, 4.448375
6.523850, 4.489323
6.381057, 4.523316
6.190041, 4.582019
6.139615, 4.596016
6.076977, 4.607157
6.027875, 4.600709
5.976056, 4.595381
5.923629, 4.597515
5.874497, 4.598016
5.822222, 4.600046
5.751670, 4.605781
5.708737, 4.607769
5.681938, 4.610509
60547b1b-9112-4e0c-b5f0-c1b4317ca319
7.217974, 4.750937
7.356283, 4.725083
7.529549, 4.693122
7.677116, 4.691088
7.722351, 4.687471
7.755474, 4.687825
7.788430, 4.691170
7.840830, 4.702507
7.889614, 4.708467
7.944606, 4.709154
8.026855, 4.704197
8.102909, 4.699614
aebc0c56-362e-45a6-93b1-86eea5ca18b0
7.294717, 4.637503
7.420262, 4.707738
7.496075, 4.742932
7.580269, 4.777352
7.670141, 4.809522
7.708163, 4.826312
7.747925, 4.851720
