main root
6.634817, 4.909235
6.673122, 5.145367
6.684256, 5.333589
6.722898, 5.450342
6.708697, 5.627003
6.688990, 5.759000
6.667866, 5.933505
6.668647, 6.065690
6.657160, 6.187408
6.640021, 6.314126
6.628048, 6.418441
6.612242, 6.519049
6.598576, 6.619666
6.578582, 6.719716
6.560760, 6.819689
6.535864, 6.935305
6.508581, 7.041902
6.469221, 7.161817
6.433432, 7.284311
6.402563, 7.389969
6.355309, 7.506788
6.321831, 7.673564
6.296040, 7.780541
6.276374, 7.889195
6.247080, 8.003665
6.232375, 8.095065
6.210805, 8.176165
6.180584, 8.265236
6.153382, 8.345410
6.125153, 8.409980
6.097715, 8.487686
6.077820, 8.571000
6.056407, 8.629955
6.039604, 8.795490
6.039457, 8.871067
6.031902, 8.908021
6.021839, 8.979670
6.008601, 9.041665
5.993309, 9.106118
5.978789, 9.173816
5.965738, 9.241810
5.951786, 9.306568
5.943264, 9.381663
5.936949, 9.450612
5.932126, 9.519678
5.926022, 9.585639
5.923841, 9.657960
5.915287, 9.716065
5.925586, 9.902415
5.927750, 9.968624
5.925328, 10.031970
5.927059, 10.104304
5.933278, 10.176388
5.931879, 10.212369
5.930687, 10.281595
5.930995, 10.350831
5.929794, 10.417064
5.927101, 10.483253
5.920047, 10.546252
5.913834, 10.615208
5.911828, 10.687531
5.902678, 10.747541
5.906265, 10.833251
5.904425, 10.896616
5.906820, 10.968930
5.910610, 11.038063
5.915895, 11.107097
5.922672, 11.175999
5.924397, 11.239368
5.927778, 11.308519
5.932655, 11.377584
5.942223, 11.449299
5.949220, 11.513057
5.945931, 11.568698
5.988812, 11.751688
5.995272, 11.812047
6.010719, 11.886030
6.017087, 11.938497
6.023584, 12.004420
6.031863, 12.073160
6.041628, 12.141702
6.049489, 12.207477
6.055865, 12.273413
6.057485, 12.336784
6.057684, 12.403028
6.056387, 12.469256
6.056532, 12.538493
6.058177, 12.607711
6.058256, 12.673952
6.059836, 12.743169
6.056794, 12.806487
6.057814, 12.878830
6.054218, 12.942120
6.051786, 13.011313
6.051522, 13.061515
6.049844, 13.095994
6.042168, 13.108551
6.023261, 13.276789
6.006879, 13.346127
5.970709, 13.408084
5.902576, 13.455346
5.768077, 13.477552
5.619795, 13.518739
5.527386, 13.558213
5.391809, 13.553092
5.293897, 13.549190
5.208116, 13.549940
5.133406, 13.549095
5.047551, 13.541904
4.962938, 13.532737
4.894089, 13.531534
4.796602, 13.541423
4.678805, 13.559732
4.592810, 13.560509
4.522554, 13.555156
4.440161, 13.554881
4.363973, 13.554623
4.287783, 13.554365
4.211592, 13.554108
4.135401, 13.553850
4.054705, 13.558067
3.990617, 13.555421
3.880347, 13.555102
3.804139, 13.554882
8889042c-4ec7-43de-be6e-9fc4d7602823
6.749085, 5.288786
6.871882, 5.269865
6.967018, 5.284363
7.062415, 5.291207
7.102397, 5.291684
7.147745, 5.289228
7.178021, 5.293584
7.222911, 5.295508
7.322471, 5.301239
7.361559, 5.306488
7.400136, 5.314689
7.454557, 5.329318
7.509954, 5.345759
7.576581, 5.362410
7.623334, 5.371009
7.672279, 5.375446
7.742989, 5.378851
7.790049, 5.382615
7.853098, 5.391846
7.927565, 5.420972
7.957070, 5.434136
7.982223, 5.443736
8.011731, 5.450205
8.046496, 5.456309
8.084989, 5.458494
8.108785, 5.461329
8.124906, 5.476226
8.151971, 5.493132
8.187950, 5.503253
8.235578, 5.524426
8.289859, 5.543643
8.333501, 5.554331
8.377993, 5.560603
8.439656, 5.564762
8.510426, 5.566535
8.569674, 5.568019
8.624322, 5.573879
8.693319, 5.579773
8.750191, 5.585967
3ae4641a-abb5-40c3-8d76-49967ffbd82c
6.706541, 5.018860
6.830766, 5.028178
6.880050, 5.027542
6.922169, 5.026999
6.953717, 5.031082
6.993600, 5.036244
7.017114, 5.040797
7.081586, 5.040616
7.104626, 5.045042
7.146186, 5.053023
7.195631, 5.070139
7.249443, 5.085601
7.295504, 5.092604
7.377660, 5.099041
7.433523, 5.106420
7.489344, 5.110775
7.519390, 5.114620
7.598084, 5.135296
7.639031, 5.146053
7.687289, 5.152540
7.727564, 5.159465
7.774173, 5.170515
7.830036, 5.185298
7.880977, 5.197230
7.954122, 5.208214
8.011029, 5.218273
8.062790, 5.225902
8.111345, 5.234572
8.163088, 5.242292
8.209932, 5.252306
8.264338, 5.266999
8.300913, 5.275326
a123d0e0-1050-4fb0-a5c9-63fa95471fc1
6.684519, 5.926674
6.636735, 5.938665
6.618267, 5.943299
6.593753, 5.946364
6.565950, 5.952858
