main root
7.148098, 4.844726
7.409443, 5.031423
7.555357, 5.108055
7.646500, 5.162799
7.763038, 5.368125
7.854649, 5.522103
7.941205, 5.671653
8.027702, 5.837898
8.076601, 5.936467
8.121754, 6.027482
8.172591, 6.125196
8.215806, 6.217424
8.264443, 6.316239
8.309310, 6.407393
8.359843, 6.505265
8.402766, 6.597622
8.440213, 6.683186
8.475227, 6.779020
8.512056, 6.873655
8.546931, 6.986541
8.571267, 7.093986
8.601809, 7.200099
8.614593, 7.249927
8.615716, 7.294525
8.580159, 7.365442
8.563224, 7.423301
8.563198, 7.460676
8.572125, 7.537391
8.558416, 7.605429
8.538693, 7.660717
8.510175, 7.722843
8.475441, 7.784156
8.425643, 7.863527
8.384673, 7.926011
8.343753, 7.993879
8.298540, 8.072965
8.272096, 8.127576
8.242352, 8.185952
8.169837, 8.365748
8.141344, 8.436396
8.110367, 8.501199
8.062670, 8.591168
8.036641, 8.633871
8.013191, 8.689584
7.986827, 8.767655
7.969023, 8.853127
7.950407, 8.898454
7.919096, 8.985767
7.894276, 9.059413
7.871818, 9.135420
7.842816, 9.226113
7.828308, 9.266569
7.825765, 9.333446
7.824631, 9.402685
7.813532, 9.440718
7.809690, 9.552259
7.784723, 9.633245
7.767735, 9.703588
7.757410, 9.752715
7.732316, 9.779651
71137320-47cb-4c2f-af9a-a136ba56046f
7.137411, 4.939771
6.993215, 5.005391
6.925181, 5.054108
6.893417, 5.071874
6.855029, 5.092137
6.764452, 5.125063
6.729475, 5.139841
6.668280, 5.163768
6.604731, 5.193912
6.566492, 5.207569
6.507512, 5.224335
6.437248, 5.255662
6.379719, 5.276879
6.315597, 5.305784
6.256657, 5.331195
6.197307, 5.355636
6.131051, 5.394729
6.077355, 5.418236
6.013519, 5.454834
5.956210, 5.489922
5.899937, 5.526651
5.845617, 5.560845
5.799831, 5.578856
5.656560, 5.678258
5.592360, 5.733913
5.536936, 5.762154
5.476074, 5.789637
5.424466, 5.829694
5.364444, 5.879878
5.307414, 5.919558
5.244856, 5.966545
5.185239, 6.007393
5.121531, 6.058302
5.064080, 6.092715
4.967584, 6.145585
4.888348, 6.193794
4.810077, 6.243878
4.737285, 6.287994
4.664878, 6.331877
4.601731, 6.363146
4.560544, 6.386880
4.497825, 6.429930
4.433454, 6.481374
4.391882, 6.516514
3eb2cbf5-4644-48ff-9015-c43fa723e60d
7.189691, 4.961493
7.129563, 5.146979
7.109639, 5.213296
7.031429, 5.301758
6.960396, 5.378340
6.890225, 5.450882
6.816431, 5.521085
6.750572, 5.586641
6.692333, 5.647540
6.635605, 5.709858
6.582249, 5.774633
6.533804, 5.833446
6.485156, 5.890152
6.427550, 5.960549
6.400031, 6.001265
6.255631, 6.149883
6.194077, 6.219273
6.127083, 6.285286
6.073803, 6.349431
6.008992, 6.417582
5.954233, 6.481183
5.893466, 6.551761
5.834446, 6.623536
5.778798, 6.687944
5.727138, 6.754081
5.664396, 6.824154
5.609747, 6.888297
5.552983, 6.951726
5.491036, 7.011615
5.431917, 7.071657
5.370739, 7.130833
5.323576, 7.176453
5.280839, 7.209968
7502bbb5-d64e-407c-a3ab-c88ff856404b
7.375128, 5.063217
7.369418, 5.128098
7.386354, 5.159050
7.414226, 5.264390
7.420721, 5.339884
7.420217, 5.386406
7.421308, 5.423902
7.426728, 5.455764
7.450042, 5.537293
7.478591, 5.629085
7.493084, 5.690809
7.510367, 5.757863
7.529096, 5.824528
7.549260, 5.890772
7.567116, 5.954574
7.577993, 6.015648
7.590492, 6.077291
7.605622, 6.114255
7.675059, 6.375153
7.701981, 6.452956
7.696872, 6.527891
7.719030, 6.636768
7.754585, 6.772079
7.767322, 6.853856
7.785885, 6.934144
7.782599, 6.979735
7.779708, 7.019849
7.805570, 7.137773
7.818328, 7.209925
7.826431, 7.279905
1c6a0adb-6f7e-48c6-b06f-789769237317
7.352142, 4.991903
7.581418, 5.228226
7.681198, 5.372291
7.722670, 5.406059
7.968644, 5.613044
8.051003, 5.657544
8.139231, 5.718271
8.295821, 5.818085
8.377052, 5.877383
8.462660, 5.932020
8.534783, 5.975592
8.609380, 6.013388
8.686023, 6.047572
8.747709, 6.081641
8.826809, 6.132536
8.879921, 6.168489
8.926657, 6.205552
d2bb7321-19dc-4446-ba10-911f3585a10a
7.789131, 5.378907
7.788292, 5.644444
7.799856, 5.704279
7.802226, 5.740209
7.804999, 5.782241
7.811388, 5.833609
7.827518, 5.878420
7.839930, 5.930579
7.839230, 5.979357
7.832478, 6.032543
7.860714, 6.113211
7.869562, 6.183738
7.866097, 6.228433
7.890402, 6.261561
7.926249, 6.363489
7.937511, 6.463556
7.941537, 6.526118
7.954900, 6.594494
7.968008, 6.630379
8.005664, 6.707284
8.027147, 6.771584
8.068101, 6.874126
8.103039, 6.950424
8.136747, 7.020441
8.167802, 7.088395
8.198726, 7.150975
8.217871, 7.204716
