main root
6.906696, 5.176750
6.967549, 5.449216
6.990006, 5.669243
7.004907, 5.825139
6.987504, 5.995437
6.991138, 6.157451
6.973968, 6.286103
6.955193, 6.420568
6.940160, 6.537386
6.908824, 6.681881
6.860901, 6.794218
6.788273, 6.979344
6.722077, 7.146343
6.651075, 7.285322
6.558406, 7.448219
6.485457, 7.550969
6.415051, 7.657388
6.394411, 7.762599
6.354052, 7.853034
6.305008, 7.945264
6.235215, 8.099949
6.192516, 8.211387
6.173953, 8.254732
6.162068, 8.285454
6.148410, 8.332293
6.135504, 8.380728
6.125852, 8.433114
6.117921, 8.482609
6.108665, 8.528845
6.097626, 8.574688
6.087091, 8.623428
6.077646, 8.672656
6.071727, 8.725594
6.067320, 8.775526
6.063018, 8.824280
6.053673, 8.862066
6.041631, 8.923229
6.030181, 8.981383
6.018733, 9.039527
6.006418, 9.109819
6.002641, 9.148728
ac79f5c2-7a47-41a4-815c-8747bcd28622
6.930971, 5.587960
6.851038, 5.643154
6.802052, 5.673384
6.746766, 5.695885
6.670622, 5.749588
6.604351, 5.773161
6.511715, 5.810590
6.443549, 5.851825
6.350424, 5.910632
6.278836, 5.955838
6.219310, 5.995198
6.164162, 6.033009
395ab316-2052-4793-b867-48af396039a2
7.036318, 5.721262
7.155505, 5.907889
7.228498, 5.978675
7.273916, 6.040298
7.327616, 6.116706
7.384819, 6.198099
7.420293, 6.296596
7.426641, 6.408405
7.419649, 6.468167
7.401374, 6.552979
7.377545, 6.643594
7.353858, 6.733668
7.331277, 6.801881
7.303234, 6.880000
7.290548, 6.919765
f8c3da45-e35b-47c0-b335-598cfd6dc2f1
7.067163, 5.816969
7.302186, 5.875233
7.393838, 5.887120
7.449542, 5.905008
7.545698, 5.938109
7.624655, 5.974062
7.709415, 6.012657
7.770838, 6.047204
7.821037, 6.072003
b0791992-f8b1-457f-8809-cbbbf2f9f3d0
6.996132, 5.368167
7.064733, 5.342359
7.102004, 5.342011
7.178986, 5.365849
7.235857, 5.394566
7.291742, 5.438301
7.381117, 5.502870
7.444601, 5.548735
7.490821, 5.617438
7.570180, 5.685298
7.647399, 5.751330
7.696266, 5.797055
7.736625, 5.839165
cd959333-5b45-453c-9120-b1d74ae893ab
6.981039, 5.297999
7.060857, 5.265710
7.144263, 5.255753
7.268844, 5.279006
7.355610, 5.306343
7.436489, 5.350081
7.619231, 5.379664
7.702543, 5.406011
7.808871, 5.435199
7.899994, 5.451489
7.959869, 5.470741
8.046860, 5.507549
8.117038, 5.537243
8.174444, 5.559236
8.215651, 5.589836
