main root
6.651904, 4.396561
6.675139, 4.644157
6.691167, 4.815684
6.690058, 4.982647
6.691889, 5.136077
6.697636, 5.266439
6.702483, 5.376396
6.711564, 5.486286
6.718515, 5.596102
6.730235, 5.714470
6.741081, 5.824005
6.747704, 5.933835
6.757480, 6.026070
6.766972, 6.135694
6.768922, 6.264324
6.776868, 6.369541
6.788726, 6.470379
6.790134, 6.572909
6.798098, 6.691855
6.798725, 6.826163
6.803519, 6.953686
6.816722, 7.081349
6.831530, 7.224521
6.858466, 7.355512
6.865417, 7.462074
6.861788, 7.619532
6.846058, 7.764020
6.826454, 7.905807
6.798043, 8.059455
6.763654, 8.212039
6.749706, 8.302718
6.746072, 8.367261
6.736980, 8.422233
6.747810, 8.599339
6.745474, 8.659224
6.739630, 8.732258
6.728231, 8.799659
6.715526, 8.874792
6.705275, 8.953378
6.692838, 9.025583
6.689670, 9.114511
6.686959, 9.190663
6.681364, 9.263718
6.675546, 9.339693
6.672483, 9.418882
6.655948, 9.505343
6.664239, 9.795826
6.680080, 9.905810
6.665358, 10.070136
6.663945, 10.180734
6.658150, 10.326150
6.653093, 10.453053
6.649385, 10.546117
6.643566, 10.617035
6.649184, 10.658361
6.659782, 10.878124
6.663451, 10.954238
6.663986, 11.027508
6.670573, 11.109652
6.670217, 11.180121
6.669832, 11.256324
6.675402, 11.338543
6.680553, 11.414573
6.679325, 11.485033
6.683878, 11.567313
6.688088, 11.643401
6.685989, 11.713840
6.689525, 11.796172
6.692792, 11.872305
6.696059, 11.948437
6.699324, 12.024569
6.705707, 12.103565
6.708620, 12.176778
6.714759, 12.255794
6.717444, 12.329015
6.723336, 12.408048
6.729001, 12.484040
6.728250, 12.554507
6.730400, 12.633730
6.732467, 12.709906
6.737608, 12.788993
6.750858, 12.854399
6.730761, 12.904336
6.731303, 12.968605
43a0306e-239b-471f-bba7-980d83ee822f
6.732580, 4.698573
6.761461, 4.734539
6.812810, 4.793387
6.857341, 4.844421
6.898417, 4.889220
6.941269, 4.931527
6.987772, 4.998962
7.061136, 5.048202
7.092120, 5.072605
7.120479, 5.087320
7.160061, 5.106175
7.188730, 5.119827
7.207675, 5.132162
7.243144, 5.155254
7.282756, 5.177469
7.306370, 5.194148
7.327873, 5.196547
7.369892, 5.201235
7.415228, 5.203272
7.451215, 5.210882
7.499677, 5.215010
7.553384, 5.222589
7.613758, 5.229598
7.665875, 5.234142
7.692641, 5.240983
7.723403, 5.248845
7.836629, 5.263160
7.893809, 5.276660
7.956126, 5.294449
8.009601, 5.314383
8.170198, 5.325757
8.259233, 5.338234
8.329624, 5.352630
8.400743, 5.370231
8.518696, 5.370507
8.639715, 5.403416
8.699560, 5.424343
8.751600, 5.444126
8.795271, 5.465531
94515b02-f138-473e-8b16-62db74ac9c3c
6.650738, 4.547911
6.540085, 4.664910
6.501149, 4.690930
6.442079, 4.722922
6.375576, 4.756581
6.317081, 4.787800
6.197530, 4.805569
6.169015, 4.813878
6.122060, 4.828635
6.077384, 4.840622
6.032240, 4.850702
5.984440, 4.862435
5.939090, 4.871548
5.911033, 4.881292
5.866561, 4.900999
5.820468, 4.925828
5.777635, 4.950074
5.755530, 4.962586
5.607616, 4.997722
5.568861, 4.995680
5.556913, 5.014200
5.481215, 5.055201
5.390797, 5.101770
5.310777, 5.131319
5.231346, 5.160650
5.161641, 5.183199
5.089145, 5.206650
5.026713, 5.226846
4.921562, 5.268767
4.874080, 5.284475
4.805539, 5.300843
4.722557, 5.332972
4.617353, 5.351289
4.549589, 5.353972
4.493762, 5.363671
2478a51b-8a7a-46f9-ac3f-3d274d1d45e4
6.835761, 7.148935
6.772411, 7.193941
6.396401, 7.331185
6.349980, 7.354828
6.273683, 7.386565
6.233322, 7.409838
6.035343, 7.552937
5.982172, 7.591323
5.918548, 7.648285
5.862169, 7.694742
5.804341, 7.734636
5.711431, 7.793590
5.646164, 7.838552
5.592127, 7.875775
5.544890, 7.904995
b8d8c3ad-9192-4b87-bf80-9c4305d2f3ab
6.777566, 6.667500
6.718993, 6.727752
6.691713, 6.760244
6.576822, 6.794852
6.533217, 6.817198
6.482833, 6.837973
6.429283, 6.858435
6.351334, 6.890440
6.289819, 6.917315
6.256073, 6.933693
6.172434, 6.972920
6.104912, 7.001278
6.070138, 7.019124
6.028000, 7.047471
5.963987, 7.094135
5.902434, 7.139007
5.791462, 7.181823
5.712472, 7.212300
5.639665, 7.243599
5.568091, 7.277627
5.513513, 7.305917
5.467442, 7.321490
250387ec-e9d2-40f0-ba23-133aead0d93b
6.736400, 5.985769
6.692796, 6.006043
6.637599, 6.035009
6.599499, 6.051621
6.546717, 6.071369
6.487697, 6.099842
6.453568, 6.111321
6.275701, 6.162708
6.238445, 6.171366
6.216014, 6.194014
6.131491, 6.238382
6.064289, 6.273658
5.988635, 6.315746
5.949791, 6.337355
5.868284, 6.378637
5.788735, 6.414190
5.733337, 6.432037
5.679851, 6.442731
5.617202, 6.444472
5.532570, 6.446824
5.462878, 6.444269
5.413879, 6.440398
5.373485, 6.427089
20941da7-098e-48c4-ad83-249baed6341d
6.680971, 4.717234
6.563873, 4.816876
6.503323, 4.884512
6.476262, 4.910196
6.457730, 4.931861
6.441545, 4.955332
6.428645, 4.984518
6.413127, 5.026944
6.398635, 5.066457
6.389459, 5.100059
6.380462, 5.144370
6.370964, 5.176105
6.191245, 5.375161
6.168561, 5.454904
6.162770, 5.492407
6.156473, 5.531933
6.156204, 5.562158
6.189359, 5.792608
6.193012, 5.871689
c5f8513a-0cbd-4a3d-894c-633432f33f7a
6.912585, 7.461233
6.944828, 7.469050
7.103990, 7.491023
7.191657, 7.518131
7.259388, 7.529643
7.317686, 7.539523
7.372536, 7.551825
7.426662, 7.567003
7.487293, 7.580865
7.517534, 7.595456
e8b312ab-5365-4870-9372-e4f64bb7ce7c
6.813533, 7.117026
6.749414, 7.159085
6.641271, 7.219976
6.526624, 7.272483
6.418137, 7.319848
6.303325, 7.370229
6.228622, 7.412090
5.964181, 7.531402
5.904687, 7.553321
5.842017, 7.574814
5.775156, 7.602492
5.711762, 7.630354
5.649753, 7.657607
5.586976, 7.686832
5.536100, 7.677978
5.511254, 7.700040
5.413122, 7.730243
5.367582, 7.742693
cece3f2b-fb19-49e4-a60b-f30664cc819d
6.838005, 7.698269
6.780474, 7.699965
6.745308, 7.710447
6.692859, 7.719780
6.604724, 7.751247
6.546471, 7.776814
6.496319, 7.790653
6.416626, 7.816945
6.372298, 7.828417
34a05d14-3b4c-407f-b102-75e453da81db
6.456265, 5.903378
6.409785, 5.953318
6.322127, 6.022101
6.292804, 6.052721
6.256386, 6.099403
c1155c98-397f-4f96-b0d2-5d560e463230
6.520360, 5.976219
6.475193, 6.101682
