main root
6.745426, 4.767624
6.741605, 4.950790
6.663163, 5.147380
6.620717, 5.299410
6.592160, 5.421954
6.556244, 5.557899
6.543322, 5.634567
6.481504, 5.858775
6.465673, 6.120778
6.476607, 6.306724
6.527751, 6.482184
6.556296, 6.612513
6.591182, 6.714193
6.670494, 6.892120
6.693946, 7.002773
6.714675, 7.242351
6.674653, 7.554870
94f06159-16fc-491c-aa96-ed2107f263ca
6.468508, 5.923667
6.390636, 6.057920
6.347187, 6.141440
6.304206, 6.224061
6.266491, 6.283588
6.235492, 6.343701
6.203790, 6.421509
6.175746, 6.474472
6.124287, 6.553677
6.083212, 6.619643
6.055242, 6.664564
24e65202-d579-4c13-abee-0a61e1f1c99b
6.658366, 5.374109
6.667568, 5.471364
6.681615, 5.558362
6.701174, 5.640372
6.726564, 5.739047
6.759615, 5.828458
6.774289, 5.868152
6.782464, 5.903219
6.794000, 5.952694
6.806015, 6.004229
6.814436, 6.053527
04a9069d-eaf0-4024-8c86-9192e718c92c
6.756379, 5.059956
6.801683, 5.112239
6.854991, 5.191777
6.913004, 5.264780
6.929864, 5.301469
6.941304, 5.324008
6.960680, 5.349232
6.986623, 5.378295
7.018392, 5.409580
7.047874, 5.438788
7.077269, 5.468086
7.102342, 5.497478
7.129181, 5.529134
7.155925, 5.560870
7.178356, 5.592326
7.200791, 5.618846
7.226589, 5.649536
7.246975, 5.669330
7.276665, 5.698329
7.306267, 5.727417
7.340014, 5.756557
7.367122, 5.784084
7.393234, 5.802246
7.422775, 5.822793
7.443800, 5.837265
7.451844, 5.860485
7.469355, 5.883377
7.501031, 5.922325
7.514220, 5.961395
556d3834-38a5-4fbc-b496-d5dc9ec01e06
6.764780, 4.888801
6.886626, 4.868668
6.939995, 4.827428
6.969961, 4.807477
7.039126, 4.802534
7.073661, 4.823055
7.125241, 4.893300
7.170345, 4.954724
7.202517, 4.988423
7.238752, 5.017708
7.307329, 5.058167
7.347679, 5.074750
7.392713, 5.094875
7.441069, 5.114846
7.474331, 5.131822
7.507882, 5.153986
7.540822, 5.179335
7.568497, 5.204407
7.606074, 5.244510
7.652386, 5.293936
7.697143, 5.337323
7.739698, 5.378577
7.783828, 5.431778
7.835500, 5.484695
7.897635, 5.533330
7.940466, 5.576358
7.994354, 5.619886
8.022102, 5.658742
