main root
5.686687, 5.195933
5.808609, 5.237647
5.998087, 5.414021
6.103827, 5.512967
6.173259, 5.603479
6.257578, 5.709969
6.346798, 5.826630
6.432043, 5.934663
6.503707, 6.028889
6.568482, 6.107069
6.648694, 6.183982
6.691773, 6.263401
6.765005, 6.349591
6.812444, 6.478725
6.830843, 6.571434
6.858123, 6.687215
6.889356, 6.810617
6.910221, 6.910297
6.926522, 7.019162
6.937408, 7.120428
6.940733, 7.230544
6.950406, 7.340532
6.955106, 7.442273
6.957313, 7.535645
6.959315, 7.620285
6.961115, 7.696466
6.958189, 7.762522
6.959621, 7.823279
6.985584, 8.048515
7.008263, 8.127645
7.024797, 8.238702
7.033070, 8.304440
7.043199, 8.372944
7.054805, 8.441214
7.064432, 8.506767
7.075970, 8.575048
7.092433, 8.645517
7.098853, 8.705892
7.107659, 8.774577
7.121299, 8.845647
7.122511, 8.891675
7.131974, 8.966674
7.142125, 9.035174
7.150353, 9.100918
7.160437, 9.169431
7.171997, 9.237708
7.185030, 9.305718
7.189021, 9.366302
7.204613, 9.443660
7.216233, 9.508887
7.222905, 9.571941
7.238261, 9.645958
7.250252, 9.711120
7.260766, 9.776536
7.264689, 9.829241
7.264905, 9.892647
7.266635, 9.961873
7.269861, 10.031046
7.271450, 10.097283
7.274605, 10.166459
7.266748, 10.224137
7.261449, 10.296311
7.257873, 10.365468
7.256066, 10.479316
7.257832, 10.791186
7.243602, 10.891488
7.231438, 10.992294
7.221374, 11.093338
7.209193, 11.194310
7.197025, 11.295177
7.185869, 11.387643
7.170481, 11.480073
7.161526, 11.572284
7.151237, 11.656772
7.141002, 11.740815
7.131860, 11.833290
7.121864, 11.934401
7.112701, 12.027090
7.101423, 12.119796
7.084935, 12.220293
7.076199, 12.312516
7.068214, 12.396801
7.055199, 12.489593
7.038029, 12.581711
7.027658, 12.661860
7.015294, 12.734078
7.003441, 12.815856
6.998332, 12.861543
349ca246-99b4-42f8-8e82-3f36e730fb6f
5.663808, 5.250938
5.650784, 5.292165
5.815901, 5.533578
5.862812, 5.583499
6.047625, 5.845610
6.072086, 5.864593
6.118945, 5.893382
6.171734, 5.922320
6.232612, 5.959125
6.271625, 5.975715
c942d17d-d2f4-46d5-9c25-f8851c36f4f7
6.039270, 5.521984
6.001487, 5.583176
5.978277, 5.615064
5.955268, 5.651758
5.932785, 5.687610
5.913667, 5.718092
5.901116, 5.743737
5.949724, 6.003713
5.954391, 6.028680
6.010422, 6.191502
6.056937, 6.286272
6.105820, 6.599382
6.153873, 6.670698
6.178669, 6.718213
6.259383, 6.915424
8f32edf5-9753-4afb-bcbb-85e8d9633871
5.958101, 5.376393
5.940074, 5.480156
5.948725, 5.509453
6.423404, 5.457971
6.477755, 5.474607
6.498486, 5.469672
6.571490, 5.466423
6.597680, 5.466620
6.657558, 5.487003
6.694108, 5.504048
6.729515, 5.528817
6.757427, 5.546682
6.784839, 5.559053
6.813753, 5.567323
6.863548, 5.580150
6.917475, 5.589404
6.955799, 5.607645
7.008729, 5.649912
7.044974, 5.686517
7.086674, 5.728631
7.117480, 5.751233
4bb985d0-485d-4810-a7c3-0e7f3bd25e60
6.041036, 5.461159
6.232179, 5.582933
6.273609, 5.607980
6.307784, 5.626943
76fc9665-de53-415c-af81-9fc1e65072e6
6.637194, 6.268562
6.611142, 6.298216
6.579147, 6.336903
6.489342, 6.486173
6.429657, 6.545583
6.374942, 6.608824
6.330471, 6.657938
6.285008, 6.708147
6.218369, 6.784174
d8a763be-0272-4b67-95ad-2af8492c143c
6.635771, 6.205487
6.554157, 6.193640
6.512275, 6.187560
6.467001, 6.184012
6.444896, 6.179278
6.419181, 6.169178
6.366078, 6.153145
6.333497, 6.141744
86391547-3538-42bc-bbaa-9e8792ceabac
6.885273, 6.538672
6.974490, 6.534805
7.023066, 6.537195
7.075967, 6.545791
7.151177, 6.558014
7.220583, 6.554132
7.297362, 6.563015
954de06b-c049-42d5-abae-a36fda2f5ca4
6.847067, 6.425029
7.003087, 6.624533
7.044597, 6.671061
7.109858, 6.721447
7.207743, 6.774454
2f92237c-7452-4787-8d8a-809993290eba
6.918889, 6.958169
6.881281, 6.973518
6.823965, 7.001760
6.770138, 7.029952
6.720511, 7.048090
fa54eabc-bb4f-4bff-9002-77860ddaed1b
7.015800, 7.052569
7.053846, 7.057401
7.081045, 7.059051
