main root
6.928528, 4.995822
6.849997, 5.212270
6.822236, 5.342674
6.796837, 5.492681
6.749925, 5.737536
6.765080, 5.925866
6.784934, 6.125664
6.812223, 6.401892
6.835236, 6.716789
6.834571, 6.993045
6.831795, 7.272691
6.832411, 7.519916
6.813502, 7.741007
6.792439, 7.895680
6.770492, 8.066518
6.756254, 8.155586
6.665703, 8.353412
6.640326, 8.438391
6.603359, 8.575946
6.585125, 8.651897
6.567886, 8.722326
d5db875d-6a6e-44a7-b1be-bbef97500ed5
6.788927, 5.139353
6.672037, 5.147568
6.556869, 5.169251
6.480873, 5.183446
6.398729, 5.188362
6.340693, 5.190660
6.280045, 5.194352
6.232000, 5.199354
6.197543, 5.201437
6.135301, 5.222326
6.067313, 5.251457
5.997266, 5.281471
5.938485, 5.311542
5.886481, 5.342805
5.838524, 5.368143
5.813569, 5.388096
5.783826, 5.425294
5.746348, 5.467371
5.714089, 5.505837
5.691708, 5.541843
5.651959, 5.608625
51f880c3-9049-4458-99e9-1bc0b3e6b2f0
6.982708, 5.107828
7.142499, 5.119779
7.272476, 5.134626
7.409051, 5.155232
7.491660, 5.180212
7.581193, 5.205087
7.674929, 5.222349
7.766822, 5.234993
7.859194, 5.243458
7.941530, 5.257339
8.018976, 5.276704
8.070789, 5.292746
8.118641, 5.315889
08760dde-30ba-4f3c-9cd8-1099a54213af
6.889559, 5.469081
7.000000, 5.563115
7.079734, 5.654089
7.221067, 5.796443
7.279659, 5.841996
7.361107, 5.899068
7.438340, 5.950451
7.513947, 6.005805
7.573337, 6.051140
7.646607, 6.112393
7.687206, 6.146333
e04be6ac-2c19-4c9b-9f78-dd51d1860994
6.864770, 5.567749
6.979128, 5.618463
7.128425, 5.697765
7.298703, 5.761985
7.426946, 5.801727
7.515183, 5.824865
7.614073, 5.847905
7.705030, 5.866936
7.780261, 5.891321
7.848976, 5.916740
7.902700, 5.939806
7.951242, 5.967161
0ed23c31-dfee-4a27-a43e-bfe4312ea08f
6.665828, 5.703974
6.581913, 5.741918
6.531803, 5.768447
6.454126, 5.813861
6.399349, 5.836904
6.316525, 5.862745
6.226768, 5.888547
6.142454, 5.906310
6.081615, 5.927606
6.007856, 5.956594
5.956834, 5.983468
5.921251, 6.002209
4c5bb658-6dc2-4915-950c-ba58cc0e28c6
6.746798, 5.301242
6.690366, 5.324082
6.591647, 5.372065
6.489157, 5.412470
6.403505, 5.448498
6.325465, 5.481325
6.242719, 5.522976
6.150953, 5.566800
6.111807, 5.572169
6.041058, 5.604789
5.945918, 5.614296
5.797825, 5.637078
262883f2-0cf6-4acc-a271-c3222a421f37
6.720311, 5.529763
6.588087, 5.538583
6.520906, 5.551679
6.473243, 5.562264
6.399587, 5.583184
6.318480, 5.601410
6.252821, 5.607490
6.142384, 5.604965
6.032968, 5.589766
5.960946, 5.611808
5.842188, 5.630520
5.764887, 5.644825
5.604821, 5.705382
5.531807, 5.736206
5.466685, 5.761401
5.433126, 5.774385
