main root
6.901250, 5.178114
6.882445, 5.424484
6.863257, 5.594127
6.858574, 5.776717
6.830037, 5.903350
6.792804, 6.059282
6.745015, 6.223711
6.701020, 6.412904
6.640446, 6.608013
6.575009, 6.793769
6.515261, 6.982458
6.430150, 7.184764
6.401605, 7.273683
6.386724, 7.320036
6.364406, 7.384660
6.324609, 7.488482
6.300571, 7.568566
6.278337, 7.649837
6.258107, 7.731629
6.239893, 7.813893
6.227940, 7.896649
6.222174, 7.980064
6.210039, 8.065357
6.200225, 8.149040
6.192471, 8.232939
6.178366, 8.317929
6.165544, 8.395189
6.124727, 8.481831
6.098356, 8.520961
323a55a0-c5a8-47ea-9a70-df9032ced4c9
6.887016, 5.498895
6.963925, 5.512631
7.011490, 5.529648
7.060613, 5.555719
7.148344, 5.621077
7.325093, 5.653806
7.433323, 5.673848
7.540227, 5.700100
7.637607, 5.730547
7.736808, 5.752699
7.826794, 5.781415
7.916344, 5.805574
7.984413, 5.828590
8.034542, 5.845539
8cdfe261-dc7d-45e5-939f-158012210604
6.818327, 5.486444
6.759299, 5.529373
6.721292, 5.530949
6.696080, 5.537805
6.655648, 5.557699
6.580242, 5.616672
6.550118, 5.628724
6.526582, 5.638050
6.487716, 5.653360
6.453614, 5.683075
6.420273, 5.695367
6.382667, 5.709197
6.350447, 5.721947
6.314735, 5.732858
6.287019, 5.761624
6.242755, 5.796844
6.212618, 5.826014
6.191444, 5.850007
6.163705, 5.885967
6.143772, 5.906912
6.114491, 5.933338
6.083074, 5.961695
6.051657, 5.990054
6.020242, 6.018413
5.988828, 6.046774
5.957415, 6.075136
5.925787, 6.107727
5.896378, 6.142333
5.869657, 6.183023
5.846427, 6.218402
5.822340, 6.249636
5.797039, 6.287348
5.773461, 6.322495
5.750705, 6.361797
5.728409, 6.394333
5.705264, 6.433409
5.681597, 6.461619
5.655748, 6.492425
5.639790, 6.516097
5.616942, 6.555341
5.594567, 6.587817
5.570556, 6.622663
5.550242, 6.636312
5.537896, 6.659349
74495386-3241-4b5a-9116-91732bd4649c
6.875636, 5.368503
6.780072, 5.304740
6.720015, 5.289368
6.660197, 5.236691
6.572318, 5.179388
6.534488, 5.158294
6.506786, 5.142824
6.480565, 5.131586
6.453316, 5.123140
6.415226, 5.114448
6.370509, 5.107291
6.332253, 5.098138
6.304983, 5.088535
6.268874, 5.072645
6.220368, 5.054572
6.167048, 5.041092
6.091352, 5.023500
6.042666, 5.016795
5.980989, 5.012833
5.908624, 5.012683
5.842394, 5.011049
5.809120, 5.011725
358c210e-7c27-4eb7-8857-38a53cefcd44
6.790884, 5.771754
6.678549, 5.708144
6.653729, 5.696011
6.615715, 5.677424
6.588895, 5.667640
6.547279, 5.655641
6.403710, 5.651665
728297f6-131a-4847-9eec-7b7afd88556e
6.828692, 5.832126
6.735709, 5.859775
6.698197, 5.904407
6.655510, 5.945679
6.637357, 5.956985
6.602484, 5.975178
6.549305, 6.004610
6.504372, 6.036321
6.448674, 6.077462
6.393244, 6.123986
6.341363, 6.167532
6.282996, 6.216522
6.248397, 6.251424
6.200729, 6.303762
6.160624, 6.343351
6.122965, 6.380525
c5e0fc28-8417-47b5-8aa3-92cdec176f20
6.673697, 6.220985
6.603926, 6.272273
6.572877, 6.300205
6.541560, 6.328379
6.502555, 6.357428
6.470913, 6.377261
