main root
6.267653, 3.347662
6.284443, 3.605919
6.290370, 3.828606
6.310448, 3.958960
6.280832, 4.090920
6.215818, 4.184059
6.129767, 4.256780
6.079680, 4.346191
6.066000, 4.467721
6.049437, 4.567730
6.139745, 5.050366
6.129726, 5.194086
6.125633, 5.349522
c7750bf6-b484-401b-af06-8b40ac34234f
6.049349, 4.617493
6.015176, 4.777828
5.966351, 4.976866
5.936860, 5.150271
a7461596-5999-498e-9d7f-48ec47cdb1f7
6.058973, 4.695931
6.131946, 4.949363
6.245234, 5.104408
069bd3c5-c747-4f80-8e92-cc226b663805
6.273796, 3.577342
6.263922, 3.568700
6.204624, 3.531337
6.114958, 3.565596
5.949008, 3.652172
5.853029, 3.705587
5.755500, 3.767283
5.647482, 3.838283
5.544902, 3.887678
