main root
7.160674, 4.331140
7.333669, 4.824199
7.364396, 4.956998
7.398124, 5.084188
7.422284, 5.208065
7.447530, 5.315392
7.472733, 5.422534
7.493791, 5.530540
7.509594, 5.622590
7.525354, 5.714384
7.543147, 5.805587
7.557404, 5.889502
7.563692, 5.976034
7.570442, 6.068921
7.573030, 6.162582
7.568986, 6.232933
7.567429, 6.312164
7.568864, 6.391398
7.573292, 6.470522
7.583860, 6.552244
7.555398, 6.594466
7.568778, 6.627727
7.557727, 6.738811
7.549780, 6.840045
7.546060, 6.941506
7.536314, 7.035052
7.529648, 7.119058
7.523726, 7.220430
7.514597, 7.305561
7.506785, 7.398151
7.499667, 7.482519
7.489720, 7.575385
7.474383, 7.660174
7.458394, 7.760447
7.436937, 7.842334
7.409141, 7.931813
7.375274, 8.019563
7.336689, 8.113665
7.294171, 8.206205
7.245236, 8.287521
7.189144, 8.372527
7.135961, 8.449304
7.088517, 8.528876
7.032876, 8.644547
6.989849, 8.771810
6.943410, 8.918060
6.904120, 9.041799
6.863765, 9.161951
6.854086, 9.337378
6.838763, 9.462656
6.825339, 9.555081
6.815282, 9.638752
6.804837, 9.708276
6.798707, 9.755442
6.823234, 9.980369
6.821450, 10.019254
6.815104, 10.092248
6.808503, 10.168162
6.799179, 10.240834
6.789479, 10.316414
6.782366, 10.395344
6.772814, 10.467987
6.760302, 10.540179
6.744849, 10.611798
6.733368, 10.693401
6.727846, 10.775623
6.714382, 10.842091
6.708611, 10.930890
6.701014, 11.001637
6.690220, 11.074106
6.681512, 11.152876
6.675785, 11.231919
6.670279, 11.307921
6.659234, 11.377521
6.652263, 11.459628
6.640358, 11.529084
6.620151, 11.593822
6.608124, 11.690260
6.602081, 11.762915
6.607304, 11.808467
f0250859-7359-4bd8-95c3-3b4b026d6cf4
7.437712, 5.299484
7.392626, 5.323348
7.309085, 5.336523
7.192379, 5.404255
7.131423, 5.441363
7.083842, 5.469555
2b87c015-18af-40bd-8a74-5b9b83a78380
7.514166, 5.659967
7.467814, 5.684858
