main root
6.249182, 5.080383
6.183940, 5.361670
6.114525, 5.539935
6.069807, 5.709133
6.028800, 5.906428
5.973644, 6.095028
5.915107, 6.272078
5.864822, 6.467169
5.823608, 6.641730
5.777183, 6.794174
5.741903, 6.945333
5.717812, 7.092877
5.693767, 7.235527
5.674988, 7.346926
5.658770, 7.455871
5.645915, 7.556593
5.635964, 7.651267
5.637196, 7.699069
5.644432, 7.755013
5.677224, 7.898200
5.708482, 7.974322
5.743973, 8.041034
5.785902, 8.103899
5.833853, 8.162299
5.891571, 8.216075
5.939579, 8.260804
6.004307, 8.268187
6.070272, 8.271187
6.113119, 8.274628
6.145426, 8.296085
6.288801, 8.310159
6.370021, 8.328817
6.396840, 8.334978
6.455833, 8.470900
6.509209, 8.550259
6.592867, 8.573844
6.719042, 8.602124
6.751134, 8.615453
6.792181, 8.635741
6.824010, 8.658151
6.882146, 8.702746
6.938412, 8.749679
6.992712, 8.798871
7.030839, 8.837449
7.058710, 8.872038
7.081286, 8.900057
1923497b-41ad-4195-86af-5477e98f60dd
6.331454, 5.298504
6.400086, 5.328711
6.446795, 5.366156
6.498285, 5.370770
6.540804, 5.353091
6.638014, 5.376337
6.722959, 5.446396
6.779287, 5.464622
6.834652, 5.457935
6.958830, 5.471197
7.019355, 5.488285
7.129002, 5.532398
7.216541, 5.563082
7.290090, 5.582518
7.345316, 5.606134
148dd05b-9b8b-4683-abc8-ef39ea8daa58
6.292702, 5.439524
6.347146, 5.481885
6.420084, 5.535972
6.465275, 5.561737
6.510167, 5.592134
6.568475, 5.620406
6.620184, 5.640487
6.661726, 5.661435
6.709092, 5.683645
6.753095, 5.705929
6.818901, 5.717442
6.847738, 5.720967
7.054698, 5.809842
7.103340, 5.829101
7.172079, 5.867783
7.197710, 5.883924
7.221967, 5.904506
7.262813, 5.937197
7.308783, 5.968239
7.340682, 5.987972
6c7e0d6a-2035-489d-a262-de6965f5e1e2
5.606866, 7.443884
5.515781, 7.497505
5.472832, 7.514103
5.407080, 7.544326
5.361205, 7.560471
5.302798, 7.571505
5.244836, 7.590070
20377192-153b-4924-917e-d96d049d785a
5.726909, 8.100549
5.664503, 8.155992
5.600540, 8.209156
24e153d7-5522-4ec1-9753-7fd9426f4218
5.645111, 7.956901
5.616151, 7.964939
7aca1c73-6175-4655-8c5c-8ff1782a258d
5.855139, 8.238071
5.835261, 8.289601
5.799097, 8.338906
20e9473f-09ff-41f3-8e95-e9a4ea50df93
5.983749, 8.296118
5.987664, 8.370176
