main root
6.880540, 4.465160
6.933766, 4.629519
6.974830, 4.838767
7.006197, 4.972078
7.011115, 5.083858
7.004648, 5.170694
6.994241, 5.249974
7.012274, 5.369771
7.044227, 5.780215
7.045613, 5.850200
7.056259, 5.960303
7.064740, 6.070003
7.068367, 6.171788
7.075870, 6.264235
7.081326, 6.357465
7.083046, 6.459294
7.079347, 6.562266
7.080274, 6.653438
7.068549, 6.741762
7.049885, 6.850209
7.045624, 6.924874
7.052693, 6.985578
7.068629, 7.085849
7.085783, 7.166822
7.096572, 7.230926
7.121665, 7.546134
7.141437, 7.626772
7.155896, 7.742043
7.159246, 7.806116
7.164235, 7.875928
7.170556, 7.945633
7.167031, 7.991411
7.165747, 8.064499
7.171734, 8.140581
7.172118, 8.204740
7.173872, 8.274708
7.180030, 8.347549
7.180786, 8.411703
7.182946, 8.481660
7.195695, 8.560262
7.197915, 8.621695
7.186612, 8.677471
7.191304, 8.741210
7.202751, 8.792603
7.216082, 8.858589
7.221046, 8.920146
7.218676, 8.981854
7.224317, 9.034204
7.233496, 9.103922
7.240960, 9.170826
7.240481, 9.232579
7.241592, 9.302888
7.238281, 9.367261
7.236325, 9.437553
7.230209, 9.501719
7.225187, 9.571857
7.219048, 9.638895
7.214288, 9.709053
7.207541, 9.832480
7.200540, 9.886868
7.151104, 10.125600
7.141412, 10.187168
7.135932, 10.250843
7.130777, 10.334940
7.123463, 10.380888
7.130904, 10.402615
7.132480, 10.481232
7.136458, 10.532789
7.142715, 10.575596
7.154584, 10.636455
7.169332, 10.696679
7.186923, 10.756135
7.201798, 10.811690
7.217055, 10.868673
7.233100, 10.940168
7.249787, 11.014525
7.265862, 11.095763
7.269805, 11.154242
7.272768, 11.220431
7.277360, 11.289528
7.278892, 11.375131
7.281475, 11.435858
7.274369, 11.480135
7.267257, 11.562242
7.260680, 11.638168
7.252743, 11.712455
7.241560, 11.774855
7.230821, 11.843266
7.207395, 11.905287
7.187925, 11.986176
7.049809, 12.502099
7.048944, 12.685661
ac0caa42-0c94-4779-8ed1-af77bc047f8a
7.021243, 4.704248
7.082130, 4.733392
7.112416, 4.752866
7.163184, 4.790849
7.206946, 4.832934
7.334900, 4.904784
7.475507, 4.971329
7.534764, 5.006280
7.615371, 5.033894
7.674530, 5.039922
7.734176, 5.055026
7.825324, 5.071598
7.891964, 5.083714
7.955122, 5.098239
8.026839, 5.119051
8.070599, 5.141099
8.140662, 5.174725
8.229733, 5.224512
8.279240, 5.255613
8.330494, 5.289604
8.471941, 5.358005
8.497294, 5.377738
8.518171, 5.372897
8.557625, 5.395570
8.630363, 5.439764
8.702005, 5.485719
8.773273, 5.531434
8.841549, 5.571672
8.937503, 5.625767
9.011261, 5.667349
9.075603, 5.705342
9.135073, 5.745671
9.216926, 5.806292
9.307897, 5.876530
a588e938-909c-43ed-9f6c-8726a90be3c0
6.780564, 4.552814
6.633427, 4.820194
6.591250, 4.899811
6.570818, 4.935185
6.548007, 4.965697
6.517895, 5.008478
6.489148, 5.044117
6.463448, 5.071210
6.434205, 5.097690
6.390274, 5.137469
6.346551, 5.173022
6.315783, 5.194182
6.293314, 5.216901
6.070532, 5.460488
6.041962, 5.491726
6.015196, 5.529860
5.991242, 5.566595
5.972590, 5.586976
5.939631, 5.620777
5.914430, 5.640190
5.873916, 5.673288
5.835002, 5.701213
5.786162, 5.739946
5.740457, 5.770462
5.705355, 5.801097
5.660846, 5.837956
5.629277, 5.869928
5.577798, 5.927969
5.549454, 5.955416
5.531139, 5.977318
5.513864, 6.002644
5.498751, 6.027455
5.390604, 6.203259
5.367553, 6.235019
5.343474, 6.273289
5.318394, 6.304720
5.286472, 6.342326
5.253250, 6.376837
5.212106, 6.417420
5.175936, 6.453096
5.135277, 6.488996
5.092699, 6.522596
5.046919, 6.553004
5.004182, 6.583186
4.963048, 6.610406
4.921107, 6.636364
4.878399, 6.661036
4.850359, 6.678963
4.822245, 6.702266
4.782545, 6.741004
4.746215, 6.774363
4.708979, 6.804489
4.677713, 6.829783
be14ad81-4223-4219-b8c1-70513a4e1e66
6.919498, 4.853193
6.879204, 4.866976
6.855473, 4.882764
6.814709, 4.910357
6.670928, 5.004473
6.610673, 5.036758
6.545347, 5.066668
6.475327, 5.100372
6.384774, 5.146307
6.322654, 5.184796
6.265558, 5.218411
6.230371, 5.240863
6.197754, 5.270555
6.041568, 5.406973
5.996192, 5.434683
5.931179, 5.474385
5.838293, 5.533587
5.766894, 5.579093
5.706160, 5.624902
5.648925, 5.677445
5.606135, 5.715183
dfc512e5-0ae4-4c24-8d76-63e5d2adcad6
6.927223, 4.857165
6.825882, 5.017845
6.683015, 5.213367
6.658042, 5.247545
6.632742, 5.279631
6.601286, 5.319526
6.579753, 5.354089
6.559923, 5.394408
6.542857, 5.432500
6.530387, 5.498089
6.531390, 5.558314
6.540942, 5.592539
6.558717, 5.650659
6.561473, 5.699848
6.574088, 5.907536
6.544472, 5.988055
6.521350, 6.037910
6.495037, 6.105319
6.466558, 6.178274
6.441676, 6.226551
747e3e0a-c6ed-4df7-9b14-544e93bb6bea
7.006166, 6.938433
6.965878, 6.998425
6.852684, 7.154376
6.778676, 7.200561
6.703933, 7.242313
6.637411, 7.279474
6.570311, 7.318672
6.518444, 7.351421
6.470510, 7.376750
5ada8bb8-ac92-4b11-8d4e-b2efedb64a29
7.069388, 5.050967
7.153024, 5.055155
7.166518, 5.059195
7.193187, 5.071896
7.208833, 5.069574
7.277409, 5.074005
7.316996, 5.081062
7.368743, 5.088768
7.394259, 5.094080
222e84ef-b812-4dc6-af1e-8a5043999e7c
7.132991, 6.811431
7.197816, 6.840972
7.240290, 6.857037
7.268158, 6.872378
7.310626, 6.897466
7.340012, 6.913088
7.364464, 6.924392
c9befb53-987c-4ca3-80f9-c5c64bb7438a
7.119685, 7.228082
7.192912, 7.224046
7.299712, 7.250648
7.371843, 7.270157
7.422792, 7.286085
7.467673, 7.304820
9e898a9d-ab65-44cd-b4a2-51e309692eaa
7.102892, 7.190411
7.256198, 7.649808
7.271983, 7.691388
7.282676, 7.712275
f8fa3fc3-6713-4761-81fd-cb7addac83a3
7.262916, 8.913929
7.313022, 8.921009
393aac1c-f2ec-4e9e-9d90-c0635cdec061
7.283709, 9.132315
7.324815, 9.135876
