main root
6.493646, 4.188881
6.342580, 4.764151
6.316268, 4.993414
6.288933, 5.103891
6.277197, 5.294568
6.270673, 5.400556
6.266021, 5.510601
6.261728, 5.612117
6.259906, 5.705014
6.254082, 5.790432
6.249861, 5.883260
6.243924, 5.968171
6.238019, 6.052628
6.223064, 6.145893
6.208319, 6.237851
6.192972, 6.346925
6.174838, 6.431158
6.153454, 6.530486
6.131746, 6.621324
6.106055, 6.719729
6.088894, 6.801879
6.065231, 6.884731
6.031161, 6.980913
6.001280, 7.077944
5.962865, 7.181115
5.925407, 7.275658
5.898386, 7.355115
5.870468, 7.443747
5.847136, 7.524722
5.823692, 7.606083
5.806252, 7.696999
5.788705, 7.788471
5.777491, 7.880432
5.763082, 7.981108
5.752898, 8.082121
5.738460, 8.225328
5.733970, 8.353595
5.739613, 8.507826
5.752795, 8.651021
5.773546, 8.790525
5.798405, 8.922058
5.820433, 9.049898
5.838453, 9.166906
5.867053, 9.283296
5.882802, 9.400438
5.906073, 9.526262
5.931840, 9.642382
5.957760, 9.749428
5.973523, 9.850473
5.985836, 9.943055
5.994998, 10.027675
5.998063, 10.113782
6.002605, 10.183090
5.986197, 10.534164
5.989503, 10.644690
5.984328, 10.754706
5.979155, 10.864653
5.960679, 10.989307
5.948709, 11.098920
5.928372, 11.207197
5.908053, 11.315377
5.879458, 11.421774
5.856977, 11.529877
5.826751, 11.644141
5.798706, 11.741888
5.760411, 11.837009
5.730431, 11.934133
5.697968, 12.039298
5.665503, 12.144472
5.638033, 12.233465
5.610564, 12.322453
5.572085, 12.425590
5.540588, 12.522115
5.509622, 12.610229
5.473915, 12.705457
5.413876, 12.856341
5.391182, 12.913376
5.296214, 13.138660
0668b18d-dbf2-4806-bc9b-b80d3e5a0cb0
6.385278, 4.607278
6.249421, 4.709873
6.130332, 4.860463
6.103708, 4.889243
6.086789, 4.916295
6.065392, 4.956079
6.046050, 4.995201
6.026705, 5.030954
6.002530, 5.075632
5.975534, 5.116086
5.946925, 5.156264
5.920440, 5.188298
5.894614, 5.217186
5.870395, 5.239785
5.839518, 5.266549
5.807831, 5.290053
5.786191, 5.313561
5.758044, 5.357393
5.734061, 5.380893
5.711404, 5.400996
5.701105, 5.424236
5.689689, 5.461097
5.678592, 5.481774
5.660759, 5.505491
5.661352, 5.521062
5.654158, 5.541148
5.645611, 5.578517
5.639313, 5.613049
5.634555, 5.647827
5.631348, 5.682782
5.626991, 5.714592
5.622318, 5.738142
5.613893, 5.757852
5.603156, 5.779326
7bc2d508-4a57-4994-ae0b-0813d2644b77
6.349339, 4.882902
6.414637, 4.922849
6.479835, 5.000835
6.550150, 5.068205
99916786-cbda-4e33-8ce2-c2462fc59006
6.286324, 5.524498
6.369749, 5.664440
6.384070, 5.694309
6.412342, 5.706136
6.489952, 5.765039
6.558313, 5.814319
6.611173, 5.854268
6.693425, 5.896612
6.722170, 5.933118
6.741262, 5.967041
6.774083, 6.008206
37b380a2-aca0-46ee-bd95-e1f448d957e2
6.177153, 6.561728
6.234788, 6.621469
6.264096, 6.651849
6.287055, 6.682115
6.315662, 6.722301
6.345124, 6.763689
6.379493, 6.811970
6.406254, 6.839241
6.447551, 6.877049
6.478320, 6.901161
6.516596, 6.933583
13b1a2fd-df45-40e3-8e38-a81b018fe70b
5.730243, 8.110866
5.802616, 8.221301
5.819189, 8.262971
5.834852, 8.310464
5.850363, 8.338395
5.870831, 8.362927
5.895382, 8.387687
bbb33c12-1f69-416c-992b-68c1ed28224c
5.727630, 8.116848
5.641968, 8.146486
5.599310, 8.162360
5.534036, 8.194162
5.486465, 8.217339
5.442803, 8.226054
