main root
6.907198, 3.910400
6.902831, 4.058914
6.894651, 4.243955
6.903223, 4.351380
6.911760, 4.512057
6.921308, 4.649620
6.927420, 4.716056
6.938506, 4.787563
6.942050, 4.849498
6.940696, 4.904444
6.947001, 4.952313
6.954169, 5.018177
6.956547, 5.081532
6.966846, 5.156414
6.967650, 5.226176
6.972652, 5.270829
6.996630, 5.374741
7.010064, 5.439616
7.022131, 5.490520
7.035651, 5.541059
7.050610, 5.591191
7.074447, 5.644899
7.068023, 5.692970
7.065152, 5.748367
7.062309, 5.774274
7.024095, 5.815570
7.031215, 5.839491
7.008968, 5.937162
6.986183, 6.027729
6.961296, 6.109651
6.935157, 6.175097
6.907580, 6.236075
6.886367, 6.326614
6.874596, 6.389978
6.868951, 6.453146
6.863931, 6.580379
6.852232, 6.663477
6.839060, 6.735555
6.827769, 6.813999
6.812385, 6.906110
6.802070, 6.940607
6.795419, 7.000526
6.793788, 7.286456
6.788888, 7.358136
6.785083, 7.435751
6.782225, 7.537262
6.777757, 7.622263
6.778449, 7.694625
6.759786, 8.068326
6.754584, 8.142482
6.750667, 8.219713
6.741288, 8.321122
6.732918, 8.395366
6.723062, 8.469426
6.711767, 8.570340
6.706874, 8.640964
6.700803, 8.706942
6.693045, 8.791260
6.682203, 8.843766
6.675541, 8.890835
6.672326, 8.956283
6.666885, 9.005999
6.666672, 9.059949
6.632148, 9.281443
6.630624, 9.330103
6.629300, 9.372412
6.625078, 9.411634
6.625860, 9.460314
6.623329, 9.489116
6.622345, 9.534525
6.618730, 9.563211
6.616035, 9.608552
6.613524, 9.650805
6.611015, 9.693060
6.611318, 9.738480
6.608589, 9.777833
6.616778, 9.832834
6.618054, 9.861719
6.616801, 9.901149
6.624149, 9.952718
6.626736, 9.992081
6.629513, 10.034317
6.635473, 10.079343
6.637669, 10.118730
6.643182, 10.163816
6.642931, 10.186421
6.642462, 10.228746
6.647913, 10.277123
6.649345, 10.316546
6.660182, 10.367494
6.641011, 10.413636
6.655631, 10.426640
6.664346, 10.502226
6.674044, 10.586344
6.677797, 10.658098
6.684269, 10.742125
6.686257, 10.806905
6.686792, 10.873158
6.681163, 10.939974
6.739459, 11.164077
6.756272, 11.320690
6.764244, 11.380928
6.775378, 11.442239
6.785513, 11.514802
6.801122, 11.594090
6.815522, 11.677979
6.824117, 11.728046
6.832712, 11.778114
6.841012, 11.835306
6.850740, 11.902341
6.859986, 11.976479
6.863357, 12.039784
6.866958, 12.107427
6.929856, 12.805594
f19794c0-9b06-41fb-9de1-eb5bc2ccd94b
6.891595, 4.019229
6.748760, 4.019178
6.680926, 4.040995
6.654413, 4.042717
6.426737, 4.174474
6.303684, 4.245629
6.203499, 4.292425
6.127008, 4.325874
6.050656, 4.361526
5.977717, 4.402451
5.919219, 4.433557
5.883092, 4.454462
5.857092, 4.476425
67ae401b-d95c-4f51-a7c7-038771a25090
7.065872, 5.763678
7.118619, 5.785673
7.165196, 5.818345
7.278573, 5.880356
7.343313, 5.917472
7.411382, 5.954770
7.478169, 5.996190
7.510286, 6.017869
7.634078, 6.100191
7.666940, 6.125639
7.697231, 6.125365
7.786638, 6.155544
7.865429, 6.184320
7.944013, 6.219645
8.020773, 6.256423
8.081710, 6.294819
8.139989, 6.336846
8.186342, 6.370274
8.219331, 6.406215
f1ae3f37-1826-4038-be85-57ca73a12b53
6.867322, 4.680532
6.837339, 4.694036
6.808260, 4.718577
6.745906, 4.767468
6.625429, 4.830311
6.572885, 4.857718
6.525968, 4.882189
6.491524, 4.906905
6.442689, 4.945634
6.417569, 4.967465
6.297441, 5.071770
6.240272, 5.117444
6.181283, 5.160741
6.091349, 5.224126
6.023680, 5.274357
5.960425, 5.329059
5.894706, 5.383150
5.837506, 5.430229
5.806454, 5.455786
686c6b98-eb0b-4e4d-8156-1de84f759340
6.838371, 4.352364
6.815828, 4.370360
6.792444, 4.388194
6.740437, 4.426086
6.658194, 4.497461
6.626517, 4.520987
6.593147, 4.542044
6.555474, 4.572894
6.528264, 4.589373
6.484304, 4.617745
6.409296, 4.674148
6.322498, 4.737003
6.279953, 4.766078
6.216706, 4.780977
6.125453, 4.818714
6.074170, 4.844680
6.012270, 4.880951
5.961893, 4.913941
5.918990, 4.924751
079e4f90-6866-4194-8232-9d256b0f6091
6.854772, 4.211310
6.778924, 4.227583
6.732932, 4.242810
6.665955, 4.272639
6.653441, 4.270598
6.628074, 4.264878
6.598003, 4.262636
6.579381, 4.274708
6.553370, 4.274130
6.521090, 4.271907
6.492051, 4.271401
6.453670, 4.275214
6.420010, 4.278558
6.387685, 4.280273
6.355316, 4.280499
6.319998, 4.282249
6.286215, 4.283925
9abfd05c-3f29-4668-adbc-0f772fcb0083
6.858505, 4.384425
6.805134, 4.447212
6.794440, 4.473927
6.724970, 4.546625
328c61ef-a781-4c3d-86f4-64763acdd8d8
6.954744, 4.457852
7.061209, 4.455567
7.117833, 4.464160
7.152391, 4.467749
7.176166, 4.471581
7.196257, 4.479223
7.229279, 4.490030
7.245867, 4.501758
7.315549, 4.540460
7.342229, 4.557152
7.369756, 4.569244
7.385967, 4.568398
7.407082, 4.571793
7.448482, 4.578450
7.503571, 4.590340
7.559729, 4.603992
7.605473, 4.618193
7.658326, 4.637734
7.715776, 4.655785
7.758182, 4.669108
7.812828, 4.678623
40873a6c-1359-44e6-b172-3d028fd0488c
6.783599, 4.105235
6.266811, 4.207238
6.185280, 4.219808
6.142400, 4.227932
6.092491, 4.237390
6.034258, 4.248424
5.978108, 4.259064
5.927078, 4.265726
