main root
7.051016, 4.764943
6.985596, 5.281972
6.983345, 5.347462
6.962700, 5.432806
6.948765, 5.490411
6.932625, 5.544403
6.917660, 5.604913
6.899057, 5.655198
6.882031, 5.718477
6.866632, 5.775710
6.853347, 5.836611
6.840716, 5.894516
6.828085, 5.952422
6.810880, 6.003202
6.799362, 6.074518
6.789912, 6.133027
6.777984, 6.188104
6.765438, 6.246027
6.750601, 6.300392
6.737095, 6.361243
6.724254, 6.419102
6.709138, 6.473390
6.695322, 6.534172
6.682185, 6.591964
6.666793, 6.646175
6.654728, 6.710584
6.639035, 6.761851
6.625659, 6.825998
6.612810, 6.858284
6.594244, 6.921128
6.579474, 6.981684
6.563231, 7.035646
6.548152, 7.096126
6.531633, 7.150004
6.516245, 7.210406
6.499451, 7.264198
6.487685, 7.332022
6.475936, 7.364724
6.459506, 7.428159
6.444647, 7.485534
6.430295, 7.529013
6.409812, 7.581512
6.389970, 7.640603
6.369219, 7.692996
6.347395, 7.748099
6.323890, 7.799318
6.302115, 7.861123
6.278764, 7.909387
6.255732, 7.970733
6.236607, 8.004638
6.209760, 8.064413
6.190274, 8.093185
6.157840, 8.146415
6.126002, 8.192913
6.091740, 8.237654
6.055149, 8.280512
6.016666, 8.325585
5.977517, 8.362220
5.933539, 8.423868
5.825550, 8.526498
5.782373, 8.575788
5.742763, 8.611923
5.698394, 8.664552
5.659475, 8.701428
5.615653, 8.771821
5.584331, 8.822133
5.555883, 8.884811
5.531389, 8.938779
5.508382, 8.996710
5.486507, 9.051792
5.466310, 9.110764
5.445245, 9.163033
5.424748, 9.221900
5.407103, 9.281685
5.386280, 9.331091
5.366454, 9.393550
5.348523, 9.450040
5.328645, 9.502771
5.309484, 9.562087
5.289338, 9.614716
5.269875, 9.673930
5.255186, 9.737791
5.244148, 9.799139
5.233652, 9.857468
5.218321, 9.908844
5.211437, 9.984262
5.202748, 10.013590
5.191975, 10.081580
5.180211, 10.136692
5.165536, 10.191101
5.158544, 10.263004
5.152809, 10.321993
5.152453, 10.387519
5.146303, 10.417480
5.141378, 10.486138
5.134366, 10.542053
5.126990, 10.600860
5.119615, 10.659665
5.114837, 10.721813
5.110295, 10.780907
5.108508, 10.843214
5.104570, 10.876105
3354aaa8-f589-499a-9684-31fe4f212684
7.103846, 4.975937
7.289494, 5.035802
7.351073, 5.053757
7.416780, 5.079153
7.504197, 5.110683
7.569831, 5.132766
7.635928, 5.153425
7.684850, 5.173420
959b2dc1-aba3-460d-94c7-eb90e43976f1
6.941023, 4.979088
6.819463, 5.012377
6.754195, 5.021428
6.719030, 5.037941
6.647050, 5.081661
6.605944, 5.104878
e7f2d22d-3d15-4a06-b946-6859e3601fa9
7.055149, 5.101401
7.103850, 5.122107
7.134744, 5.138778
65adb51d-6a75-4af8-8a59-5f8916582af8
7.034707, 5.197317
7.083794, 5.233464
7.123953, 5.260757
7.148796, 5.274302
7.174841, 5.285358
7.201841, 5.293821
7.233582, 5.297496
7.301186, 5.304900
0c4f61be-7c4f-4bd2-8698-c29495b56efe
6.967112, 5.115348
6.894541, 5.083746
6.865707, 5.050019
6.823234, 5.007589
