main root
6.587024, 5.118697
6.492659, 5.498250
6.455050, 5.736098
6.425173, 5.911655
6.391074, 6.075767
6.340536, 6.256962
6.273449, 6.426742
6.215775, 6.602582
6.171316, 6.798466
6.136211, 6.995003
6.101322, 7.190333
6.088560, 7.297881
6.081826, 7.354633
6.093484, 7.570948
6.091440, 7.616448
6.084753, 7.661342
6.081811, 7.690061
6.081136, 7.739013
6.081752, 7.790163
6.086895, 7.844409
6.088336, 7.891303
6.088612, 7.949095
6.090441, 8.018318
6.095301, 8.088941
6.098936, 8.163576
6.100664, 8.229808
6.102430, 8.297522
6.102440, 8.355314
6.103949, 8.424548
6.105425, 8.492270
6.106717, 8.551518
6.107778, 8.600191
6.110215, 8.650996
600a1925-eeeb-49d5-a53b-b05b8fc40552
6.608408, 5.211189
6.645215, 5.242398
6.676964, 5.242862
6.720165, 5.244720
6.750608, 5.247256
6.777267, 5.257612
6.833968, 5.268299
6.887505, 5.296542
6.918055, 5.305891
6.962260, 5.316288
7.001654, 5.327092
7.046965, 5.342621
7.101125, 5.362766
7.144891, 5.382239
7.191346, 5.401270
7.240823, 5.420206
05303061-ed77-4a8f-89ac-58328245418d
6.506714, 5.690183
6.536872, 5.698961
6.586069, 5.715749
6.617601, 5.720273
6.657341, 5.727487
6.695045, 5.737374
6.752374, 5.752408
6.801292, 5.763688
6.844871, 5.779775
8d6b5894-90a6-4945-a780-1652944ba3da
6.384719, 5.868990
6.365720, 5.873471
6.331204, 5.872994
6.277478, 5.877911
