main root
6.517826, 3.904653
6.582987, 4.446500
6.542895, 4.929425
6.403375, 5.358368
6.215901, 5.748316
5.990359, 6.120842
5.609160, 6.610491
5.487227, 6.852324
5.334402, 6.939345
5.062800, 7.018187
4.850723, 7.204970
4.709750, 7.407327
4.593164, 7.583235
4.540795, 7.729984
4.483141, 7.908950
4.167547, 8.688129
80307f39-aea5-4ec9-996b-27d6e2b72de1
6.571392, 4.378488
6.758472, 4.405858
6.945038, 4.424390
7.250452, 4.462871
2f0bbe0b-463a-4234-9685-eec86d5ea7f0
6.555326, 4.237373
6.670870, 4.307540
6.792715, 4.360257
6.896572, 4.383379
6.979679, 4.366619
ef2eca1e-6528-4b2d-b904-c2ad039f1df8
6.555646, 4.147051
6.675612, 4.181669
6.816129, 4.214087
6.940266, 4.250138
7.030681, 4.296234
7.116911, 4.357342
7.189593, 4.390274
7.337711, 4.447599
b20bea9e-6264-4001-9c6d-3bc392be8cf0
6.560947, 4.112927
6.707155, 4.128719
