main root
6.895343, 4.317229
6.935953, 4.534458
6.944899, 4.582313
6.935701, 4.636643
6.911701, 4.727997
6.890171, 4.821728
6.865116, 4.912016
6.844395, 5.002428
6.831626, 5.058133
6.795571, 5.109537
6.745807, 5.187813
6.699647, 5.268268
6.653298, 5.349048
6.610834, 5.431512
6.568196, 5.514312
6.550026, 5.577167
6.519987, 5.665921
6.490130, 5.754137
6.478725, 5.814084
6.478201, 5.906863
6.467427, 5.952435
6.455574, 6.010613
6.417790, 6.159952
6.397924, 6.220165
6.406928, 6.364776
6.404353, 6.495224
6.389967, 6.635406
0bba1fcf-2192-4a24-b262-d5330bc3921d
6.868905, 4.457635
6.809760, 4.477131
6.766630, 4.492303
6.666757, 4.519653
6.530437, 4.568477
6.451612, 4.596708
6.378970, 4.624315
6.321104, 4.639902
6.214322, 4.666474
6.162137, 4.674832
6.100700, 4.701992
39bfdbad-e1f7-48fa-9eed-e9f5baa3362a
6.988229, 4.470440
7.043947, 4.508806
7.104589, 4.540545
7.164021, 4.578408
7.254197, 4.607426
7.338514, 4.632064
7.424637, 4.676954
7.533779, 4.680906
7.610904, 4.689988
7.680316, 4.679980
7f18dcc0-6273-4176-9dc1-bc51d1b4b79b
6.997251, 4.607967
7.021991, 4.627906
7.059401, 4.650101
7.100405, 4.664783
7.142253, 4.679767
7.226074, 4.664803
7.327776, 4.681062
7.411293, 4.692311
7.494489, 4.693054
7.578251, 4.700024
7.638189, 4.677853
7.683533, 4.683016
aeb31e4d-d9e1-43bd-b499-cee5115a5ddf
6.869621, 5.039691
6.925363, 5.121056
6.956077, 5.163238
6.979623, 5.203206
7.014003, 5.261560
7.048583, 5.326150
7.077610, 5.374029
7.102087, 5.415876
5739369e-111d-4f06-9878-357670c4620a
6.941227, 4.818586
7.020977, 4.884996
7.136457, 4.936101
7.193224, 4.958924
7.259437, 4.972224
d8981cbc-b73d-4985-90a7-30a123014ab4
6.895027, 4.625868
6.804465, 4.636465
6.782386, 4.633019
6.764222, 4.646738
6.735635, 4.643065
6.686029, 4.629618
6.670295, 4.612106
6.644921, 4.574909
6.634740, 4.544044
6.615440, 4.514208
6.601644, 4.492881
b8aaa754-5781-42e3-a21c-c4e7ffbc3eb2
6.852625, 4.860156
6.769603, 4.881574
6.709486, 4.882538
6.625850, 4.873488
6.592635, 4.871400
6.567285, 4.869807
