main root
7.444884, 4.293952
7.354492, 4.614227
7.322680, 4.773325
7.295938, 4.964390
7.291685, 5.114602
7.300375, 5.331095
7.295312, 5.465091
7.288125, 5.600028
7.269235, 5.716697
7.242848, 5.840258
7.232654, 5.937642
7.225574, 6.080030
7.228203, 6.201280
7.215831, 6.313528
7.207002, 6.432149
7.195502, 6.558381
7.185194, 6.692547
7.182387, 6.811718
7.175761, 6.913343
7.173931, 7.006076
7.167878, 7.099583
7.168204, 7.192227
7.168502, 7.276898
7.173036, 7.369538
7.176450, 7.439304
7.163378, 7.590403
7.165865, 7.784142
7.171381, 7.884353
7.182762, 7.976295
7.191155, 8.060992
7.203549, 8.143997
7.215256, 8.236648
7.225870, 8.320642
7.243452, 8.409447
7.265752, 8.490046
7.292101, 8.569729
7.315570, 8.660802
7.334795, 8.743716
7.350070, 8.827962
7.358447, 8.899326
7.368991, 8.976322
7.374299, 9.046256
7.371607, 9.101801
7.365232, 9.253215
7.372129, 9.335663
7.377156, 9.420633
7.386247, 9.504067
7.392203, 9.597571
7.390695, 9.668028
7.392129, 9.740921
7.399730, 9.822979
7.406759, 9.898858
7.417045, 9.977442
7.420223, 10.047842
7.423659, 10.123969
7.439615, 10.253391
7.433550, 10.307929
7.421141, 10.400495
7.405668, 10.484700
7.390948, 10.576451
7.377535, 10.660048
7.366703, 10.737004
7.351284, 10.803601
7.344050, 10.864964
7.357269, 11.079826
7.363013, 11.148830
7.360553, 11.209491
7.362113, 11.281834
7.358986, 11.345158
7.359911, 11.417515
7.359072, 11.468949
7.350710, 11.522719
7.344050, 11.594773
7.331639, 11.647756
7.319540, 11.719102
7.306992, 11.784155
7.292978, 11.848907
7.277503, 11.913325
7.260577, 11.977380
7.244339, 12.044693
7.229561, 12.112344
7.216251, 12.180298
7.202050, 12.245009
7.190956, 12.316515
7.179322, 12.381737
7.171060, 12.453624
7.167300, 12.499441
cbb9e559-a557-474a-ad2c-5d16a9d588fb
7.428781, 4.698938
7.496067, 4.717973
7.517001, 4.728562
7.558797, 4.746348
7.599729, 4.760512
7.641542, 4.771814
7.704259, 4.784114
7.733659, 4.791405
7.795224, 4.820066
7.814274, 4.832236
7.833612, 4.846366
7.930077, 4.951059
7.955748, 4.970085
7.993947, 4.994670
8.045855, 5.026297
8.091293, 5.052231
8.141541, 5.075739
8.185563, 5.097988
8.226876, 5.122221
8.282097, 5.151140
8.310223, 5.165871
8.330704, 5.178287
8.427938, 5.240884
8.454174, 5.259587
8.487846, 5.278111
8.517381, 5.294358
8.541134, 5.310842
8.571745, 5.335728
8.606696, 5.362213
8.640434, 5.387780
8.676270, 5.413057
8.719870, 5.441979
8.762201, 5.470059
8.811595, 5.502825
8.850089, 5.530157
8.870440, 5.546441
1a456259-776e-406c-a7ae-192ee61c262a
7.376110, 4.806779
7.422804, 4.889589
7.428566, 4.960187
7.435855, 4.983678
7.443024, 5.012978
7.446842, 5.036303
7.459088, 5.045096
7.467308, 5.063681
7.477060, 5.093127
7.485817, 5.124327
7.499672, 5.168160
7.511120, 5.199409
7.541097, 5.295320
7.556814, 5.350622
7.575038, 5.399574
7.605340, 5.459517
7.626043, 5.510425
7.657410, 5.575637
7.680023, 5.629553
7.774462, 5.729259
7.790743, 5.755154
7.826410, 5.806251
7.849901, 5.852979
7.867960, 5.888909
7.906511, 5.937892
7.962067, 5.986700
8.001591, 6.050692
8.025238, 6.074736
07c5b43a-0c83-4d20-bb81-991cdb2743a7
7.379455, 5.325466
7.443312, 5.376961
7.542387, 5.405247
7.666858, 5.484894
7.721406, 5.519799
7.755281, 5.541475
17211519-4f3d-45dc-85f8-bb29b000c9a2
7.293314, 6.070538
7.327001, 6.087643
7.377817, 6.115123
7.427904, 6.143911
7.466443, 6.166061
7.563364, 6.223069
7.614430, 6.253110
7.665495, 6.283153
7.722709, 6.311604
7.779779, 6.336638
7.820422, 6.357731
7.862922, 6.388219
7.887980, 6.409881
7.915638, 6.425878
67375b7c-710a-4b7f-b740-dfba265d9a42
7.217323, 6.603969
7.256289, 6.621634
7.305962, 6.647500
7.341845, 6.662869
7.407401, 6.697200
7.459453, 6.729864
7.523655, 6.763083
7.578286, 6.794721
7.657048, 6.840333
7.691423, 6.863700
5c0a1e15-73c0-488f-b7ab-d0e823bfcd26
7.234494, 8.180934
7.252793, 8.182919
7.297591, 8.198371
e4d278c2-769d-464e-badb-1e0981f9d8c7
7.137272, 7.517718
7.120083, 7.523462
7.029790, 7.548717
6.981944, 7.557436
6.936147, 7.567018
0fd19109-d744-4f25-8cdc-b1973d01632b
7.218133, 6.951144
7.241105, 6.968354
7.288518, 7.003878
7.318112, 7.022316
7.372517, 7.052689
7.426491, 7.079392
7.458011, 7.107815
e69f1a95-967f-4c1b-a165-0b08654d26cc
7.345343, 5.825098
7.398550, 5.845945
7.459397, 5.864963
7.522125, 5.903560
7.561767, 5.940183
4d6d7c02-9776-4572-9e43-44bacc8948d2
7.339795, 5.198903
7.248535, 5.183427
7.208566, 5.198607
7.143013, 5.217099
7.081805, 5.243696
7.023177, 5.265909
