main root
6.780792, 4.749153
6.772315, 4.863411
6.744931, 5.015995
6.749917, 5.206056
6.744034, 5.452165
6.749852, 5.733816
6.747973, 5.981884
6.777968, 6.192621
6.802770, 6.424748
6.821144, 6.563252
6.848354, 6.694937
6.864708, 6.805023
6.843562, 6.965335
6.804403, 7.124975
6.798964, 7.255491
6.803578, 7.347459
6.804023, 7.386205
6.804200, 7.445736
71bc7b9a-1fd9-4281-bfbe-b87349672980
6.674547, 4.951868
6.620513, 4.959739
6.554543, 5.012780
6.505634, 5.052371
6.467670, 5.096700
6.428642, 5.135370
6.380485, 5.191512
6.330551, 5.245130
6.303518, 5.285137
6.260857, 5.348273
6.227673, 5.397384
6.200417, 5.437722
6.168386, 5.471476
