main root
7.070645, 4.500431
7.100163, 4.890467
7.131661, 5.084895
7.156083, 5.269920
7.185443, 5.352514
7.226995, 5.488786
7.278268, 5.622885
7.317841, 5.777157
7.349996, 5.917040
7.358136, 6.013626
7.357652, 6.157712
7.329073, 6.340997
7.206754, 6.576858
7.135029, 6.716889
7.089766, 6.789045
6.922173, 6.885372
6.825697, 6.978503
6.788502, 7.035622
6.737040, 7.199688
6.724039, 7.291150
6.682913, 7.378456
6.613816, 7.580604
6.592904, 7.660304
6.573569, 7.734001
6.560642, 7.818665
6.552658, 7.870978
a4042804-7d0c-45a6-9586-672f46d855ac
7.107143, 4.821773
7.176085, 4.793159
7.237224, 4.780995
7.317740, 4.768285
7.421659, 4.789453
7.480125, 4.813586
7.521340, 4.801161
7.575648, 4.795822
7.641520, 4.793597
7.695636, 4.800188
7.787984, 4.822031
7.893039, 4.841601
aec6ff36-fca0-4701-bbb2-f42ecc189787
7.004215, 4.453944
6.938031, 4.541418
6.889065, 4.601420
6.852718, 4.643592
6.814322, 4.683929
74942825-6882-4fc1-b82f-6ffb7421e6b8
7.088328, 4.575252
6.977747, 4.609582
6.856711, 4.575385
6.757064, 4.648505
6.716299, 4.684825
6.672103, 4.724202
6.627785, 4.765691
6.564253, 4.822328
6.514056, 4.861062
6.460429, 4.902440
6.413506, 4.938648
6.352634, 4.989398
6.294105, 5.038196
6.248773, 5.074043
6.183974, 5.127926
6.131313, 5.177557
6.068695, 5.221807
f35ff1ea-af82-456c-95ee-ee352b452987
7.057971, 4.893693
6.994842, 4.930105
6.901512, 4.968411
6.858108, 4.982985
6.809048, 5.005418
6.794321, 5.031164
6.738936, 5.071868
6.688194, 5.116589
6.630896, 5.169084
6.591415, 5.215403
6.552247, 5.246519
14629598-1617-4f59-8f75-9006ee15e990
7.146627, 5.059602
7.305419, 5.066956
7.390893, 5.084321
7.448917, 5.088337
7.525551, 5.114086
7.567472, 5.132766
7.606359, 5.148310
b397b493-e6de-4df2-ab8a-c2d9c685297a
7.111444, 5.171812
7.047066, 5.197555
6.954688, 5.220905
6.863018, 5.239737
6.738303, 5.261071
6.630111, 5.281725
6.546143, 5.295643
6.507700, 5.300498
8d594ed8-e704-4fae-92c2-dc44087cfe63
7.373244, 5.946456
7.312152, 5.954649
2f6fe167-95b4-41ae-89c7-b2dc010f64f0
7.338801, 6.332820
7.398455, 6.362956
