main root
6.356527, 4.919661
6.347752, 5.067288
6.333885, 5.272066
6.361233, 5.501047
6.388916, 5.728946
6.417670, 5.931471
6.422320, 6.116270
6.436668, 6.383015
6.438487, 6.495589
6.448772, 6.608505
6.445938, 6.743595
6.435314, 6.903394
6.419454, 7.007096
6.385953, 7.119020
6.329248, 7.272743
6.255151, 7.399253
6.170692, 7.564266
6.099106, 7.728720
6.049913, 7.872755
6.002986, 7.970856
5.949318, 8.044274
5.882053, 8.143237
5.845565, 8.208213
5.821727, 8.250661
5.765801, 8.309526
5.754191, 8.370064
5.710998, 8.486923
5.669088, 8.595843
5.661192, 8.669252
5.636065, 8.784471
5.612612, 8.892013
5.585050, 8.998533
5.559623, 9.088402
5.542908, 9.170339
5.525865, 9.231411
5.520054, 9.291209
5.510082, 9.345947
3f13fa62-ceb1-49f2-b5f3-c99d1bbfa843
6.242269, 5.201958
6.183787, 5.229769
6.114129, 5.244643
6.062288, 5.260582
6.020155, 5.265708
5.975404, 5.266355
5.948800, 5.267963
5.909930, 5.277123
5.868309, 5.277477
5.820514, 5.278422
638fbf36-6f9f-4ab2-b3ca-e98988f0e4c8
6.427744, 5.031465
6.465604, 5.040777
6.522384, 5.044397
6.563552, 5.050035
6.598818, 5.045813
6.656592, 5.032867
6.718026, 5.056766
6.767378, 5.080782
6.821155, 5.098631
6.844280, 5.136875
6.882877, 5.179382
6.958416, 5.207070
7.044377, 5.256068
7.125484, 5.299880
7.162232, 5.324835
7.204690, 5.362395
5db9346f-7f88-4b2e-9665-efcbe4fb4509
6.415605, 5.324321
6.497488, 5.359095
6.539615, 5.384618
6.569554, 5.400907
6.615317, 5.409827
6.640224, 5.414702
6.656030, 5.407617
6.715435, 5.403332
6.784232, 5.408390
6.822153, 5.417180
6.879890, 5.430565
6.943013, 5.440590
7.009908, 5.451213
7.068442, 5.460509
7.107203, 5.471211
7.150449, 5.486256
7.184809, 5.504550
7.243196, 5.530547
7.309029, 5.556583
7.366082, 5.577538
7.433501, 5.599111
7.488064, 5.618141
7.548208, 5.642289
7.601263, 5.665204
7.665408, 5.691277
7.724251, 5.718428
7.774096, 5.744723
7.826517, 5.772376
7.876917, 5.800657
7.940067, 5.832657
7.975693, 5.854066
8.007631, 5.878498
8.055552, 5.918923
8.096633, 5.957496
8.133493, 5.998264
8.171791, 6.036160
8.212136, 6.071868
8.256516, 6.111148
8.303007, 6.150297
8.359034, 6.193564
8.405945, 6.229790
8.452850, 6.266012
8.495558, 6.302774
8.536251, 6.341753
8.568352, 6.372500
8.599912, 6.409766
8.627263, 6.442062
8.650393, 6.474008
8.673191, 6.500394
8.700859, 6.532418
8.728525, 6.564443
8.760413, 6.596777
8.813874, 6.644775
8.835346, 6.672098
8.874067, 6.718948
8.893365, 6.749347
8.918528, 6.791778
8.944442, 6.835476
8.974678, 6.886461
9.004914, 6.937445
9.037201, 6.988954
9.081432, 7.048245
9.126992, 7.109320
9.160332, 7.156514
9.203581, 7.212547
9.239798, 7.259469
9.271808, 7.305839
9.305473, 7.354608
9.343307, 7.404147
9.363522, 7.435546
25de9cc3-8bde-4778-a168-f8ccd5b45e88
6.648445, 5.372364
6.642408, 5.343039
6.641956, 5.321311
da9b9626-b5a9-4646-8158-b7d8cbb8b04a
6.232897, 5.422775
6.151547, 5.477552
6.091672, 5.504847
6.054633, 5.518441
6.016669, 5.529185
5.960675, 5.543477
5.894937, 5.563347
5.836232, 5.587345
5.764879, 5.618130
5.703466, 5.642997
5.639036, 5.672315
5.585534, 5.699949
5.550992, 5.724528
5.499571, 5.768466
5.431860, 5.831856
5.388735, 5.868130
5.343381, 5.906278
5.297660, 5.948646
5.254350, 5.984700
5.207837, 6.033158
5.147413, 6.093112
5.111362, 6.126776
5.084843, 6.157681
5.052247, 6.202565
5.021734, 6.239488
4.984177, 6.287282
4.942577, 6.342642
4.901294, 6.392600
4.863342, 6.436177
4.820684, 6.491994
4.773080, 6.561115
4.740232, 6.614089
4.708515, 6.662397
4.671341, 6.719017
4.638815, 6.768558
4.606286, 6.818104
4.564038, 6.879724
4.525734, 6.935592
4.483807, 7.004684
4.449171, 7.064649
4.424345, 7.116604
4.404061, 7.162526
4.383790, 7.211470
4.364167, 7.252277
4.348979, 7.276817
4.351458, 7.296312
4.332782, 7.363999
4.317018, 7.421134
4.302298, 7.480110
4.288074, 7.549460
4.275095, 7.627642
4.265079, 7.706253
4.258038, 7.785186
4.255343, 7.865953
4.253084, 7.933646
4.253998, 7.995974
4.256387, 8.056710
4.259048, 8.124392
4.259822, 8.182178
4.265280, 8.254339
4.268782, 8.320496
4.271132, 8.364883
0cdfa6f3-208b-4445-98e2-dae898c176b8
6.131482, 5.496627
6.146800, 5.522383
cafbd1a6-aac3-44bc-a461-cffbf3f1ed31
5.554418, 5.689440
5.526249, 5.668940
dd45f697-8f07-46e4-98c6-87adda1be983
6.258219, 5.115293
6.208281, 5.119740
6.161378, 5.120912
6.132118, 5.126266
6.103393, 5.128352
6.082172, 5.142314
6.056932, 5.153548
6.032967, 5.165851
