main root
7.236839, 4.661867
7.202721, 4.796688
7.174810, 4.929475
7.154492, 5.059787
7.137097, 5.209943
7.122896, 5.345851
7.058591, 5.622353
7.007317, 5.828687
6.972888, 6.010838
6.950885, 6.159797
6.917573, 6.275769
6.869337, 6.406067
6.840779, 6.522456
6.828754, 6.623681
6.822134, 6.743952
6.804325, 6.810372
6.785060, 6.874606
e1419836-027a-4fbf-be64-c41abf0c5a0c
7.248242, 4.998827
7.321394, 5.032242
7.383492, 5.065245
7.437540, 5.105882
7.505217, 5.156765
7.582110, 5.196155
7.638804, 5.232189
7.681199, 5.266507
7.724199, 5.319604
09779341-eeb0-4418-81b9-ff9bfb4224b6
7.208602, 5.175203
7.282257, 5.231840
7.323152, 5.270376
7.376298, 5.313931
