main root
6.222680, 4.518582
6.184683, 4.685800
6.139296, 4.899001
6.119756, 5.048002
6.087171, 5.193389
6.069947, 5.295755
6.050273, 5.396654
6.037631, 5.461488
6.021206, 5.520709
6.014510, 5.560545
6.008828, 5.601588
6.010607, 5.641143
6.022950, 5.715699
6.023679, 5.765921
6.018674, 5.849823
6.011832, 5.914274
6.003789, 5.990044
6.003731, 6.075692
6.000690, 6.148893
5.986499, 6.201993
5.970651, 6.261293
5.966119, 6.325571
5.974989, 6.370029
5.981613, 6.433830
5.987514, 6.490674
5.976646, 6.543982
a17af9f2-10b5-4256-ad8b-b9f94cb01cff
6.228481, 4.559266
6.354458, 4.634082
6.422546, 4.672874
6.462185, 4.692472
6.486759, 4.707768
6.520954, 4.729006
6.538409, 4.743372
841f1571-1724-4bad-a081-0ae2a17e0c1c
6.189362, 4.698202
6.305829, 4.803206
6.348311, 4.854937
6.370966, 4.887240
6.399444, 4.922634
6.425984, 4.955619
6.456733, 4.989058
6.483274, 5.020134
6.522597, 5.059262
6.555857, 5.100247
ea9e7f13-b4ef-4c3e-8c7a-f5296e9e6cf6
6.160336, 4.768689
6.034234, 4.840951
5.998949, 4.895114
5.975368, 4.927857
5.951014, 4.954379
5.929539, 4.977764
