main root
6.766128, 5.563330
6.676224, 5.923639
6.663935, 6.089284
6.642257, 6.302409
6.626833, 6.454037
6.625200, 6.611824
6.610433, 6.793361
6.615617, 6.959841
6.618828, 7.129589
6.614902, 7.269710
6.616182, 7.448341
6.625778, 7.606713
6.646250, 7.737109
6.657302, 7.848115
6.670211, 7.894051
6.681092, 7.932767
6.694383, 8.011654
6.693244, 8.076974
6.711136, 8.127772
6.698846, 8.212338
6.687064, 8.299052
6.690260, 8.348463
6.687048, 8.409215
6.661533, 8.472561
6.639310, 8.534734
6.656162, 8.640886
42cc9a98-31d7-4365-b954-2ff3aa6d2a72
6.666470, 6.082363
6.563980, 6.146738
6.499565, 6.226014
6.461670, 6.251103
6.411332, 6.280842
6.360117, 6.306545
6.316724, 6.328023
6.301836, 6.366829
6.237336, 6.431627
6.173294, 6.498948
6.101677, 6.571162
6.034974, 6.626641
5.945469, 6.701085
ea685da0-8fbb-4cab-8b58-4583a4ada504
6.708433, 5.825714
6.816193, 5.847823
6.628128, 5.805566
6.563184, 5.773891
6.518000, 5.758751
6.456929, 5.734976
6.427853, 5.716692
6.412640, 5.729354
6.276315, 5.729977
6.110210, 5.759270
6.037594, 5.769036
5.994481, 5.768795
2c52cd46-3f34-4a6c-be09-f2265b9f69b4
6.643703, 5.993008
6.526217, 5.999577
6.498167, 5.995811
6.405949, 5.979187
6.328875, 5.965293
6.245643, 5.970635
e8b3d38c-8b45-4034-a0e3-9c3912ebc123
6.566277, 6.466382
6.530054, 6.514324
6.514158, 6.530397
6.491808, 6.548738
6.471966, 6.566958
a6294e64-32ca-43ea-82e2-7cc13c865a13
6.699976, 6.301163
6.759277, 6.312108
6.795398, 6.323620
6.841409, 6.333322
6.876618, 6.340746
