main root
6.671737, 5.058657
6.771448, 5.306531
6.773807, 5.431690
6.772760, 5.593670
6.753705, 5.761899
6.725897, 5.922947
6.690828, 6.101407
6.639625, 6.275198
6.605669, 6.397877
6.582929, 6.517798
6.573094, 6.637617
6.560808, 6.761641
6.493626, 6.940747
6.440225, 7.034283
6.370485, 7.152297
6.322296, 7.211348
6.316901, 7.262482
6.271752, 7.394645
6.243000, 7.472307
6.226802, 7.532131
6.222448, 7.580410
6.214082, 7.673169
6.224761, 7.765512
6.221374, 7.814395
6.198975, 7.863773
6.176603, 7.953823
6.149949, 8.043654
6.124708, 8.113934
6.082197, 8.179548
6.028137, 8.224245
5.922273, 8.401557
5.890019, 8.576422
5.881285, 8.681644
5.881760, 8.777944
5.896915, 8.870768
5.913907, 8.987928
5.926407, 9.088860
5.934807, 9.173562
5.941140, 9.258444
5.947114, 9.310636
5.942663, 9.356133
6.022849, 9.702070
6.026425, 9.730761
6.024980, 9.767571
6.037687, 9.825418
6.023582, 9.854134
6.037316, 9.950582
6.046220, 10.094471
6.050902, 10.204393
6.059445, 10.305567
6.072933, 10.414997
6.074032, 10.509890
6.077322, 10.611383
6.082725, 10.712778
6.088132, 10.814231
6.095176, 10.906892
6.100775, 11.008442
6.107484, 11.092443
6.110157, 11.178021
6.112538, 11.254184
6.117145, 11.305743
6.127726, 11.360253
a5a688ec-47c8-446c-bf74-2e740ea0c831
6.641357, 5.138231
6.606247, 5.165867
6.551452, 5.240556
6.505414, 5.295718
6.457159, 5.360544
6.401722, 5.445646
6.346826, 5.513591
6.220340, 5.693589
6.177281, 5.741964
6.126434, 5.794562
6.073538, 5.849255
6.020701, 5.908194
5.969554, 5.958520
5.897131, 6.029781
5.842886, 6.074756
5.789348, 6.135933
5.741403, 6.204354
5.714199, 6.248392
5.613146, 6.384395
5.567316, 6.435588
5.529391, 6.485720
5.457244, 6.629100
5.423857, 6.676628
5.364751, 6.749789
5.311548, 6.815647
5.264110, 6.879130
5.219407, 6.946456
5.180657, 7.007814
5.134594, 7.103108
5.100049, 7.167687
5.042235, 7.275585
4.993453, 7.339905
4.938996, 7.415189
4.881207, 7.498687
4.826954, 7.584510
4.781000, 7.665078
4.727079, 7.742632
4.681365, 7.823122
4.635371, 7.904102
4.587434, 7.984247
4.547970, 8.058306
4.515739, 8.121974
4.483148, 8.172522
3f278998-7787-4fcd-baf7-5c1759e841e8
6.224915, 7.405959
6.173196, 7.397614
6.042218, 7.387413
