main root
6.704673, 4.298705
6.854307, 4.383120
6.929623, 4.447255
6.891617, 4.532430
6.869533, 4.633542
6.818800, 4.892451
6.793094, 4.964639
6.749959, 5.091998
6.719710, 5.207617
6.697949, 5.315878
6.685436, 5.430326
6.680726, 5.531786
6.682365, 5.633329
6.679778, 5.735135
6.679314, 5.836672
6.685098, 5.955749
6.697198, 6.074348
6.705413, 6.175717
6.715721, 6.276732
6.729871, 6.394612
6.735708, 6.496479
6.739413, 6.598114
6.743114, 6.699641
6.742891, 6.809674
6.742701, 6.902812
6.742512, 6.995944
6.742322, 7.089078
6.740029, 7.182443
6.733783, 7.267831
6.724874, 7.360794
6.717732, 7.479536
6.713234, 7.589585
6.709085, 7.691103
6.708813, 7.801366
6.704310, 7.911312
6.697694, 8.021140
6.689469, 8.122510
6.681253, 8.223771
6.666038, 8.332793
6.647783, 8.432992
6.625981, 8.540849
6.607941, 8.640778
6.595015, 8.724051
6.588147, 8.778049
6.556841, 8.901327
6.544817, 8.942587
6.558913, 8.971967
6.552196, 9.087404
6.543216, 9.205435
6.545260, 9.343588
6.540990, 9.478066
6.529356, 9.648397
6.527782, 9.732302
6.529646, 9.792491
6.523217, 9.846570
6.537514, 9.953992
6.543093, 9.990296
6.540968, 10.011017
6.537077, 10.048957
6.532339, 10.184814
6.537499, 10.229890
6.539098, 10.263659
6.541678, 10.302462
6.541812, 10.338421
6.542699, 10.377298
6.541265, 10.413229
6.543327, 10.455217
6.542839, 10.491173
6.543052, 10.530061
6.544007, 10.568937
6.542635, 10.604869
6.539016, 10.640644
6.538518, 10.682681
6.535839, 10.718539
6.536444, 10.760575
6.537745, 10.799442
6.536696, 10.835386
6.539206, 10.877351
6.538340, 10.900593
6.532347, 10.920539
6.549476, 11.049965
6.551670, 11.083702
6.530939, 11.198232
6.525586, 11.327290
6.519614, 11.420490
6.511545, 11.513533
6.502713, 11.627955
6.500635, 11.737371
6.502597, 11.856307
6.498381, 11.982594
6.500734, 12.101789
6.498848, 12.220043
6.497634, 12.296235
6.482627, 12.412328
6.481423, 12.481849
6.459337, 12.518868
cd8f41af-1b60-4215-bfc1-9fe095ca894b
6.874058, 4.396596
6.965778, 4.344658
7.005587, 4.318676
7.052303, 4.314618
7.110085, 4.324888
7.162471, 4.341489
7.228716, 4.385811
7.259342, 4.423871
7.281560, 4.463102
7.297344, 4.500087
7.311468, 4.533182
7.470408, 4.658421
7.489040, 4.678819
7.508828, 4.709446
7.527403, 4.743818
7.581769, 4.776953
7.640978, 4.825163
7.667705, 4.844995
7.788637, 4.912476
7.840337, 4.941308
7.904262, 4.966658
7.929959, 4.983272
7.987956, 5.013621
8.044455, 5.039789
8.090351, 5.065994
8.119803, 5.075048
8.178040, 5.091388
8.217148, 5.105469
8.245106, 5.117126
8.270506, 5.126096
8.504653, 5.206619
8.542379, 5.214842
8.567197, 5.220252
8.877300, 5.350933
8.942840, 5.369676
8.983528, 5.381311
9.022366, 5.393975
9.070662, 5.409722
9.125117, 5.429051
9.169085, 5.446245
226de26a-4729-41b0-8789-a26423eb5059
6.965231, 4.467823
6.992484, 4.481460
7.020347, 4.496951
7.051581, 4.512475
7.083499, 4.526543
7.112083, 4.540655
7.140028, 4.555996
7.163795, 4.572459
7.186758, 4.586544
7.241982, 4.631005
7.269328, 4.646903
7.303869, 4.668714
7.333459, 4.692709
7.379230, 4.724044
7.423226, 4.752351
7.486393, 4.787653
7.545523, 4.820697
7.586548, 4.840196
7.622871, 4.857460
7.647807, 4.867653
7.751678, 4.903133
7.831193, 4.948735
7.933301, 4.998909
8.107411, 5.072666
8.421556, 5.214724
8.481065, 5.249848
8.538465, 5.290683
8.604052, 5.322386
8.644440, 5.335263
8.720777, 5.356463
8.797863, 5.374764
8.852695, 5.395473
8.932241, 5.423299
8.992270, 5.445885
9.039166, 5.466326
127e1ae6-1ed0-4359-97fb-1c969a9221bb
6.891780, 4.468153
6.797899, 4.534699
6.784889, 4.554238
6.751946, 4.588051
6.693603, 4.626854
6.644484, 4.648176
6.609925, 4.658282
6.571330, 4.666449
6.544173, 4.675255
6.501982, 4.692080
6.460991, 4.711650
6.439482, 4.718602
6.417240, 4.722645
6.280590, 4.782298
6.242565, 4.797264
6.194447, 4.817812
6.155934, 4.829374
6.120488, 4.844706
6.100293, 4.846919
6.070602, 4.845654
6.058560, 4.855398
6.013560, 4.866981
5.971484, 4.879355
5.921736, 4.895546
5.873433, 4.911269
5.834136, 4.922485
5.799535, 4.932362
5.777167, 4.935633
5.690001, 4.952117
5.648416, 4.959981
5.609207, 4.964349
5.569239, 4.968801
5.539248, 4.975153
5.493218, 4.991020
5.455979, 4.999108
5.407481, 5.008110
5.356337, 5.019125
5.315179, 5.024927
5.275806, 5.027454
5.236356, 5.026987
5.204900, 5.032602
5.160805, 5.043514
5.120806, 5.051870
5.069674, 5.067139
5.032145, 5.076784
4.926679, 5.108533
4.886462, 5.120640
4.846246, 5.132747
4.800677, 5.151154
4.749958, 5.174870
4.702249, 5.205442
4.631661, 5.247484
4.595812, 5.267094
4.559864, 5.283346
4.521289, 5.300785
4.483459, 5.316245
4.436431, 5.335464
4.381571, 5.357883
4.325073, 5.384206
4.272080, 5.407245
4.224716, 5.429469
4.200524, 5.439166
3558c2b4-d238-4b3d-b5b2-d5fa378396b8
6.793184, 4.620224
6.953545, 4.785647
639ef9e2-ee8a-4161-94c7-f6c0646975c3
6.833716, 4.810999
6.719742, 4.829014
6.654116, 4.835105
6.596781, 4.837457
6.505671, 4.870417
6.473629, 4.878827
6.443094, 4.880654
6.381134, 4.887363
6.346456, 4.885098
6.250901, 4.884214
6.153364, 4.880232
5.958198, 4.895334
5.787615, 4.916721
07a9bb95-fce2-45ea-8dad-698eb7b11016
6.762921, 7.271679
6.811159, 7.286721
6.876378, 7.313334
6.921413, 7.325250
7.004203, 7.339414
7.056566, 7.354684
7.115846, 7.375089
7.164177, 7.396474
7.248897, 7.420610
7.339975, 7.476138
7.426721, 7.529025
7.508920, 7.571750
7.584628, 7.608763
7.662282, 7.639803
7.741280, 7.669148
7.801491, 7.700362
7.869140, 7.735433
7.906584, 7.756531
2b3d704d-2dc9-4633-bdf8-8cc68be1042d
6.661426, 7.345643
6.623190, 7.346378
6.507090, 7.380057
6.416425, 7.397597
6.342801, 7.410317
6.267716, 7.423288
6.203058, 7.434459
6.166891, 7.446783
6.054756, 7.476824
5.995405, 7.495826
5.942913, 7.509491
5.887714, 7.520771
5.834053, 7.528684
5.777957, 7.533933
5.718961, 7.539456
5.673190, 7.540738
5.631663, 7.538908
5.578711, 7.530586
5.527027, 7.516399
5.466918, 7.512584
5.435215, 7.516571
a7e1cb18-95f1-429f-a8b4-8b2645804aae
6.730869, 6.484666
6.768762, 6.491483
6.840255, 6.507388
6.921760, 6.519381
6.968109, 6.535278
7.033777, 6.551473
7.078682, 6.570952
7.249535, 6.593190
7.340788, 6.613543
7.432373, 6.627502
7.516078, 6.640261
7.601703, 6.657569
7.642886, 6.664366
b49db50b-5740-4e99-b181-72a3645ac298
6.724513, 5.360734
6.752666, 5.388060
6.796102, 5.418448
6.847411, 5.451776
6.875270, 5.484889
7.062162, 5.551723
7.152565, 5.606313
7.209492, 5.647682
7.275694, 5.690241
7.313849, 5.712304
0a7d0695-5564-4184-807d-786fdb59ed81
6.938609, 4.727302
6.997592, 4.783331
7.024036, 4.812585
7.056638, 4.844190
7.098910, 4.891423
7.124326, 4.924311
7.141958, 4.944678
7.323914, 5.072359
7.355061, 5.103359
7.379411, 5.121263
7.407081, 5.139752
7.436184, 5.153803
7.483916, 5.175189
7.536196, 5.193694
7.580008, 5.207615
f46d781c-1dcb-4904-a485-01b72c8c161f
6.586600, 8.782271
6.491020, 8.818843
6.425984, 8.852051
a98c2a6b-52d2-43b3-9730-0545410a7c49
6.593436, 8.884800
6.652939, 8.902131
adfcd2c4-bb2d-4c39-9b32-9f9311dcc5e4
6.692750, 8.456079
6.722314, 8.439006
6.744364, 8.426102
6.766235, 8.422345
6.796155, 8.411130
d13ac93e-1ba4-4368-91b1-0dfc6da51447
6.657943, 8.073037
6.608444, 8.083910
6.548292, 8.100193
6.456878, 8.109499
6.395258, 8.118786
6.348375, 8.124337
fa1f5e87-4eb3-4b87-9576-a61218efbd0c
6.752317, 7.960788
6.791724, 8.001344
6.806663, 8.006624
6.846378, 8.020661
6.876142, 8.028007
6.911078, 8.036629
6.935737, 8.042715
03257f07-4345-4cf6-876c-c56efb032bec
6.760633, 7.581900
6.845903, 7.607639
6.895341, 7.630380
6.972740, 7.663700
7.021255, 7.691103
7.080034, 7.726022
7.130186, 7.755363
