main root
6.688234, 4.682063
6.765838, 5.154512
6.759304, 5.294540
6.768567, 5.410894
6.773399, 5.496870
6.777850, 5.555471
6.763381, 5.655387
6.769673, 5.748576
6.772308, 5.850386
6.768429, 5.944356
6.766355, 6.045873
6.760461, 6.131285
6.754050, 6.224198
6.754365, 6.306600
6.748648, 6.376832
6.736983, 6.446324
6.726827, 6.524916
6.706446, 6.633102
6.689929, 6.726033
6.680527, 6.796047
6.675405, 6.868108
6.667817, 6.911900
6.650182, 6.969841
6.632527, 7.022614
6.625273, 7.058374
6.619921, 7.107199
6.620505, 7.184286
6.616495, 7.247413
6.609029, 7.332202
6.605808, 7.402919
6.604248, 7.470031
6.607601, 7.519062
6.616574, 7.584475
6.630549, 7.653322
6.648053, 7.716986
6.678890, 7.789622
6.688102, 7.830470
6.704791, 7.897676
6.719303, 7.962325
6.728772, 8.025017
6.744001, 8.095760
6.777451, 8.375113
6.794082, 8.586924
6.794152, 8.626047
6.794227, 8.668050
6.797332, 8.730303
6.800283, 8.789494
6.803236, 8.848683
6.810790, 8.910023
6.821371, 8.971446
6.833161, 9.031076
6.849817, 9.099886
6.863762, 9.157492
6.879514, 9.216202
6.889012, 9.263155
6.900764, 9.321249
6.910752, 9.378173
6.921264, 9.429427
6.931471, 9.479193
6.939845, 9.534915
6.946949, 9.592259
6.948185, 9.638772
6.951072, 9.691009
6.954810, 9.758639
6.958080, 9.817812
6.959751, 9.896338
f5ae9f27-4950-4c2d-9f89-b9c4cf2df0e0
6.777347, 6.288614
6.807200, 6.299200
8415364c-2793-4e25-b4bf-ad3ce3eb1023
6.802026, 4.996200
6.851815, 5.001053
6.875734, 5.004637
d84a5e3c-b34e-4113-9470-193795346ea2
6.701847, 4.806895
6.449345, 4.980808
6.414908, 5.002708
6.380612, 5.019200
6.335337, 5.044292
6.295875, 5.067874
6.259802, 5.094661
2dfeb2fd-c9d8-40e6-a6d9-ae2e6bcdfbaf
6.766259, 5.112339
6.648538, 5.180990
6.611123, 5.205979
6.581422, 5.216878
6.557418, 5.230266
e16e05a8-0833-47b5-a131-23caedf94c8c
6.801598, 5.114094
6.856589, 5.143500
6.887047, 5.155571
6.920257, 5.175952
6.956346, 5.195829
6.975583, 5.204055
64da9ce3-2b63-40dd-be49-e252b57cad44
6.771207, 5.541874
6.737857, 5.557059
be9c0114-83cb-4736-a964-e4eccb6377ee
6.784084, 5.745458
6.814506, 5.755671
2fed4c52-689c-400c-89b6-8743db619a5e
6.781789, 5.939895
6.745826, 5.960699
