main root
6.899767, 4.512148
6.776641, 4.641433
6.658915, 4.737869
6.635799, 4.840168
6.603877, 4.972779
6.579906, 5.117122
6.559744, 5.250166
6.548372, 5.363405
6.565447, 5.506620
6.572104, 5.580077
6.522901, 5.755758
6.487727, 5.967332
6.506885, 6.167982
6.508724, 6.230489
6.505785, 6.283258
6.538084, 6.354473
6.548105, 6.421561
6.553599, 6.468454
6.552808, 6.500258
6.550090, 6.549494
6.543640, 6.584922
6.533343, 6.633144
6.526194, 6.688139
6.518230, 6.714597
6.504598, 6.765091
6.488200, 6.808616
6.474662, 6.865782
6.459629, 6.909796
6.449925, 6.961365
6.420594, 6.976015
6.428935, 7.002838
ed960c77-bde1-4339-ab26-5592cdce2d9d
6.727902, 4.827602
6.817124, 4.900796
6.883774, 4.979737
6.911460, 5.024129
6.941168, 5.063280
6.986305, 5.117809
7.009250, 5.145529
feb3e384-366a-4e89-ae7f-a7aabe4d1be8
6.626511, 4.815292
6.584825, 4.799230
6.523672, 4.785299
6.492994, 4.778071
6.464951, 4.774300
6.436674, 4.773282
6.408432, 4.775029
6.381679, 4.778184
280b6275-0572-4b4f-b57b-da950a5acec3
6.773293, 4.665496
6.732101, 4.599541
6.693170, 4.545357
