main root
7.525282, 4.736269
7.219899, 5.119156
7.088953, 5.316284
7.072368, 5.474549
7.057695, 5.634223
7.049946, 5.784597
7.039071, 5.921521
7.033159, 6.049001
7.025189, 6.175505
7.024022, 6.294705
7.025143, 6.396246
7.028379, 6.497741
7.034270, 6.616315
7.043528, 6.717429
7.049947, 6.810595
7.059846, 6.893934
7.065508, 6.966979
7.071397, 7.042948
7.072626, 7.116901
7.077082, 7.236034
7.086841, 7.328157
7.087691, 7.414914
7.086450, 7.500023
7.080736, 7.601709
7.071285, 7.694936
7.064006, 7.787578
7.058164, 7.888952
7.056551, 7.990468
7.052964, 8.083793
7.053890, 8.167710
7.054916, 8.260838
7.053843, 8.354230
7.052675, 8.455830
7.045287, 8.549598
7.038636, 8.634006
7.029204, 8.726929
7.020655, 8.811158
7.019716, 8.903731
7.014560, 8.997289
7.009436, 9.090273
7.003831, 9.164783
6.991981, 9.265935
6.983113, 9.341620
6.972933, 9.415647
6.965411, 9.516929
6.967305, 9.592494
6.956572, 9.642189
6.942467, 9.700413
6.938299, 9.736691
6.936251, 10.099581
6.935821, 10.175755
6.935391, 10.251929
6.941117, 10.362207
6.947555, 10.446232
6.956060, 10.530067
6.964604, 10.614296
6.969013, 10.687424
6.973598, 10.763479
6.982338, 10.873283
6.984989, 10.958854
6.990432, 11.037920
6.989282, 11.108382
6.998061, 11.218897
6.999799, 11.320919
7.001241, 11.405578
7.000729, 11.498967
6.998188, 11.584046
6.991489, 11.669397
6.980027, 11.738932
6.971420, 11.791143
6.969124, 11.841884
6.971390, 11.924261
6.965390, 11.978346
6.949731, 12.063081
6.938578, 12.146256
6.931018, 12.225151
6.918419, 12.334464
6.917242, 12.410041
6.911767, 12.473205
6.900471, 12.534199
6.890535, 12.604284
6.879579, 12.696551
6.868972, 12.760490
6.854193, 12.822152
6.827590, 12.998833
bf00343c-9a82-4435-9796-da89eaa4a1ea
7.422200, 4.809924
7.354565, 4.786760
7.288478, 4.818592
7.107166, 4.828563
a90898cf-8082-4efa-84fa-2d9f02534ab3
7.324660, 4.975867
7.241025, 4.944469
6.995628, 5.286953
6.929966, 5.380567
6.904923, 5.411058
6.902408, 5.431017
6.874358, 5.482165
6.848747, 5.522641
6.829506, 5.553048
6.815722, 5.580431
6.795913, 5.639757
6.773694, 5.683015
e2a33362-33b9-4445-9dfb-aadbbec02a6b
7.481236, 4.759948
7.395427, 4.752024
7.301103, 4.728147
7.239402, 4.729871
7.210629, 4.727623
7.190555, 4.736571
7.158993, 4.752308
7.129484, 4.765380
7.100962, 4.773074
7.092238, 4.785551
7.075519, 4.819908
7.047617, 4.827097
7.015659, 4.845591
6.985073, 4.861523
6.960653, 4.879270
6.845561, 4.993830
595c2037-94d2-4574-b578-23e56db40948
7.035412, 6.502197
6.977506, 6.547892
6.953008, 6.588327
6.912435, 6.643135
ce18f08f-547d-40e0-b3d1-bbffcb1712b0
7.041842, 6.695432
6.996221, 6.705867
6.945048, 6.730571
ccc475ba-ebc0-43ba-aa59-57c039cc5c30
7.224394, 5.042821
7.132705, 4.997452
7.078858, 4.972295
7.009611, 4.955590
6.964835, 4.952090
6.869871, 4.960039
