main root
6.718749, 4.731728
6.736719, 4.935606
6.715464, 5.141493
6.722801, 5.294993
6.709815, 5.467143
6.710627, 5.652101
6.697968, 5.847804
6.689674, 6.049646
6.677784, 6.256157
6.674527, 6.420434
6.657641, 6.576407
6.714240, 6.744214
6.747036, 6.944182
6.778512, 7.086956
6.801514, 7.161815
6.831956, 7.239709
6.852735, 7.301102
6.876350, 7.366202
6.914919, 7.460124
6.939386, 7.515763
6.961271, 7.569249
6.996850, 7.645252
7.017998, 7.697487
7.040241, 7.752422
7.066382, 7.809008
7.091238, 7.862811
7.159732, 7.951615
7.199455, 8.042833
7.264795, 8.146252
7.327801, 8.315180
7.314932, 8.415902
7.300537, 8.513278
7.274877, 8.621300
7.224573, 8.764541
7.187531, 8.917912
7.147660, 9.074272
7.127675, 9.180727
7.119724, 9.319327
7.107742, 9.449827
7.119376, 9.528498
7.123789, 9.670124
7.116321, 9.834317
7.105379, 9.953147
7.064001, 10.084079
7.011709, 10.259963
6.948436, 10.413219
6.860540, 10.576632
6.797889, 10.909395
6.776076, 11.164891
6.798250, 11.329392
6.788058, 11.444024
6.782997, 11.500950
6.763014, 11.542663
be4af603-ce42-4395-a34c-55880f18ec41
6.819264, 4.900741
6.877227, 4.899718
6.913698, 4.912315
6.950525, 4.946431
6.997625, 5.009733
7.047316, 5.087091
7.077105, 5.119618
64a12564-8162-433f-90b8-0542ab095fd5
6.845802, 4.743430
6.898451, 4.805479
6.946169, 4.861382
6.983679, 4.931715
7.032879, 4.985800
7.071902, 5.063378
7.103877, 5.085346
7.142824, 5.119222
7.178591, 5.142237
7.189217, 5.184703
beef7ada-9e07-4be4-a2ef-246a0a0b2607
6.739857, 5.680797
6.730013, 5.826221
6.742064, 5.989866
6.727632, 6.201260
6.701974, 6.414716
6.683181, 6.579771
6.585112, 6.804428
6.542574, 6.910682
6.488618, 7.016259
6.431183, 7.119565
6.381814, 7.208363
6.336559, 7.289760
6.297165, 7.373603
6.254990, 7.448734
6.219593, 7.524502
6.184384, 7.619854
6.136432, 7.719177
6.099620, 7.795424
6.050497, 7.868550
6.002318, 7.947816
5.948185, 8.024728
5.886155, 8.105510
5.825808, 8.177193
5.769347, 8.250790
5.716286, 8.326868
5.656725, 8.419663
5.593770, 8.509913
5.530797, 8.600187
5.477513, 8.676572
5.422367, 8.751949
5.372374, 8.820283
5.327333, 8.871705
5.290238, 8.923146
92c1bd4e-c38c-4ff8-9e45-781dde239fd5
7.377528, 8.388397
7.435783, 8.403125
7.483367, 8.418313
7.588442, 8.412086
4a78ef26-abff-48f3-9361-62b166ad5ba5
7.209367, 9.046633
7.267381, 9.102108
7.297361, 9.129931
7.317923, 9.147334
bec30e97-f565-46cc-8b80-605c0d017970
7.066395, 9.211622
7.017415, 9.218182
6.966592, 9.228007
233422b3-8a7a-4596-b304-7922d0ccde2d
7.053039, 9.468836
7.005413, 9.494005
