main root
6.211565, 3.596937
6.177277, 3.800340
6.151505, 3.975533
6.147110, 4.102573
6.145170, 4.213838
6.101884, 4.407883
6.104068, 4.490646
6.102022, 4.637022
6.087591, 4.786260
6.074198, 4.946042
6.055275, 5.103735
6.025182, 5.268071
5.990450, 5.434713
5.945718, 5.608335
5.914000, 5.781741
5.894911, 5.878316
5.874205, 5.941170
5.842870, 6.127485
5.833040, 6.185906
5.831978, 6.228285
5.837787, 6.295181
5.839672, 6.351481
5.840108, 6.409270
5.843636, 6.479973
5.845864, 6.554659
5.854046, 6.628170
5.862285, 6.721198
5.861898, 6.767724
5.867369, 6.871800
5.870481, 6.930983
5.867188, 6.982388
5.864797, 7.043128
5.865006, 7.113914
5.865231, 7.190113
5.866926, 7.257221
5.865580, 7.312895
9006f4f9-07a4-4abe-a55d-aa65e3ea6a43
6.189133, 3.822700
6.325585, 3.977700
6.363030, 4.032234
6.405469, 4.078177
6.439624, 4.097506
6.502455, 4.131341
6.537238, 4.168899
6.709339, 4.288210
6.782865, 4.346861
6.850014, 4.397773
6.912904, 4.458468
6.962584, 4.482960
7.000374, 4.510112
6b7f3d79-a9c6-41ab-b50b-4e66554dca97
6.040966, 4.152900
5.973739, 4.171053
5.896090, 4.185457
5.846438, 4.214513
5.727607, 4.306457
5.666802, 4.357289
5.608715, 4.401948
5.548303, 4.448393
5.495734, 4.492585
5.464584, 4.522683
5.425256, 4.589882
3271a727-0816-41a7-9b91-4b1c9bea9d5d
6.126950, 3.973217
6.017085, 3.995666
5.980403, 4.007744
5.959138, 4.010018
5.935211, 4.011073
5.925397, 3.991851
5.913889, 3.969241
5.901755, 3.980048
5.830399, 3.986242
5.787125, 4.016320
5.615215, 4.126610
5.592054, 4.141469
5.570676, 4.155184
5.562685, 4.174839
5.523037, 4.223346
5.500263, 4.251195
5.484605, 4.275058
5.465722, 4.309277
5.453450, 4.331515
c83c84ad-8a87-4de1-9270-42a3c258755d
6.147204, 3.718783
6.031037, 3.712173
5.990429, 3.712928
5.890786, 3.699348
5.839059, 3.691006
5.796861, 3.683229
5.773405, 3.688661
5.750925, 3.690763
1eb9bae6-3f24-4380-9a2d-b51dec6ff41a
6.173269, 4.256891
6.239748, 4.293014
6.280874, 4.322427
6.292785, 4.321505
6.308369, 4.329052
6.346422, 4.347482
6.382520, 4.366629
6.419916, 4.386464
6.467431, 4.403195
6.518920, 4.448914
ecf0a03f-3530-4a52-94c8-90368d2f5dce
6.245127, 3.803880
6.352758, 3.997477
6.522727, 4.200219
6.546402, 4.225995
6.560523, 4.250220
6.575244, 4.272673
6.594605, 4.299631
6.607213, 4.319899
