main root
5.835637, 3.457022
5.830219, 3.809315
5.795927, 4.079019
5.749095, 4.286690
5.687470, 4.465931
5.574777, 4.652426
5.384759, 4.866252
5.146303, 5.047834
5.089681, 5.108373
4.946799, 5.379176
4.822056, 5.565937
4.745533, 5.689617
4.726368, 5.746767
4.722926, 5.906364
4.746530, 5.996164
4.871376, 6.218179
4.893451, 6.290712
4.911486, 6.430839
4.967222, 6.628454
4.975504, 6.739858
4.876800, 6.957483
4.781311, 7.065413
4.737345, 7.159835
4.763423, 7.255568
4.919777, 7.508825
5.060828, 7.958467
5.094287, 8.139438
fcf61de1-6798-44c8-98d7-78c13d37315d
5.783596, 3.435795
5.708073, 3.452642
5.533765, 3.562554
5.144419, 3.705467
5.072085, 3.726354
4.852615, 3.815783
4.457031, 3.943502
4.192180, 4.071627
4.013673, 4.172534
3.880614, 4.273675
3.741604, 4.405217
3.561983, 4.601100
3.383788, 4.817429
3.111381, 5.190419
7b10b61d-0d22-4399-9a14-d4528ca5e8c8
5.863159, 3.433585
5.928706, 3.553398
5.948319, 3.616976
5.947261, 3.707147
5.917129, 3.793929
5.870332, 3.861385
5.757288, 3.942926
5.638893, 4.000300
5.531836, 4.031166
5.255193, 4.094194
4.908777, 4.199827
4.685503, 4.294521
4.551478, 4.352639
4.409102, 4.393851
4.297527, 4.436343
4.018577, 4.611492
