main root
6.765554, 5.594523
6.655692, 5.566866
6.576219, 5.673103
6.583736, 5.805917
6.630897, 5.945034
6.712436, 6.103740
6.788524, 6.265021
6.833891, 6.477814
6.833687, 6.752825
6.844799, 6.903792
6.853442, 7.049379
6.849973, 7.199264
6.849127, 7.326551
6.832910, 7.447350
6.817605, 7.577099
6.791425, 7.701579
6.762740, 7.827790
6.730759, 7.959083
6.698701, 8.090694
6.660814, 8.228722
6.625243, 8.350382
6.595579, 8.479023
6.570930, 8.622811
6.546612, 8.764671
6.521322, 8.918009
6.488892, 9.012769
6.443146, 9.156481
6.403188, 9.295065
6.355824, 9.429409
6.309815, 9.547281
6.272925, 9.670661
6.244571, 9.798787
6.218471, 9.942254
6.185216, 10.088887
6.140649, 10.239703
6.112705, 10.367923
6.092720, 10.489987
6.078481, 10.628526
6.057651, 10.773419
6.031144, 10.957797
6.007960, 11.133761
6.002010, 11.305456
5.992426, 11.464331
5.987784, 11.606681
5.977527, 11.760542
5.962668, 11.888943
5.953100, 11.990031
5.949421, 12.050915
5.941762, 12.103208
b3de5047-cfd8-44e3-bf97-89a6258a64d2
6.576096, 8.915769
6.600866, 8.950810
6.624136, 9.000425
6.641372, 9.070527
6.653711, 9.126982
6.664106, 9.174542
6.677135, 9.213124
6.698400, 9.262066
6.716114, 9.302834
f28dbfca-85c3-4bea-8493-aa870048d4ff
6.829499, 7.730221
6.874933, 7.763933
6.914155, 7.800490
6.961741, 7.840752
7.002770, 7.879385
7.037457, 7.920271
7.074652, 7.954858
7.118055, 7.995218
7.165688, 8.035424
7.217307, 8.073118
7.244839, 8.100637
7.294500, 8.154504
7.328252, 8.193324
7.358750, 8.232962
eb56e33e-57bd-4716-aa10-7061774e8bb8
6.896854, 7.255866
6.923785, 7.268858
6.969634, 7.297247
7.031862, 7.320842
7.087257, 7.341850
7.150380, 7.359383
7.185506, 7.392805
7.213151, 7.397724
7.263649, 7.421398
7.330086, 7.455790
7.367753, 7.490360
7.404247, 7.522584
7.439661, 7.539878
b9b4013c-b5d9-4204-b340-c6af23813422
6.803447, 7.270695
6.768623, 7.267588
6.736466, 7.264934
6.711169, 7.262751
6.690992, 7.273385
6.659443, 7.295161
6.639668, 7.303431
6.612820, 7.309724
6.603379, 7.322594
6.553700, 7.355757
6.532575, 7.369859
6.508034, 7.393439
6.477510, 7.422768
6.448595, 7.446399
6.427288, 7.463812
4788b2bb-3822-4750-8221-157a84f2b80c
6.896435, 7.095053
6.932310, 7.117732
6.971818, 7.149622
7.015788, 7.187006
7.080288, 7.241846
7.142558, 7.290860
7.206634, 7.337487
7.272391, 7.386412
7.311634, 7.421497
3b3785ed-302f-4b64-9fc1-5dcfaa2c5130
6.792441, 6.858197
6.711950, 6.874933
6.698255, 6.868590
6.677706, 6.869620
6.642595, 6.872908
6.607658, 6.877709
6.570405, 6.887390
6.538833, 6.894076
6.502373, 6.906416
6.467613, 6.922952
6.439289, 6.931486
6.415964, 6.933795
6.405531, 6.945682
6.352162, 6.978499
6.316098, 7.000675
6.280525, 7.020792
6.236303, 7.045800
6.167936, 7.094469
6.109777, 7.153271
6.062159, 7.203544
6.027224, 7.240426
5.986410, 7.281338
5.961001, 7.311046
5.922974, 7.362417
5.882676, 7.416855
5.861266, 7.445776
5.846153, 7.466191
0dac117a-93f9-45a5-895a-60f2d8e3916d
6.667051, 5.827167
6.699172, 5.863682
6.720142, 5.887522
6.741143, 5.906863
6.776071, 5.930891
6.810948, 5.954883
6.841663, 5.979645
6.885695, 6.017065
6.930977, 6.061439
6.979353, 6.108845
7.021378, 6.156314
7.072612, 6.207414
7.129035, 6.255233
7.174377, 6.299547
7.232634, 6.362281
7.278145, 6.417888
7.334835, 6.477703
7.379502, 6.537135
7.425282, 6.598048
7.468966, 6.658665
7.517034, 6.728911
7.561903, 6.801830
7.599780, 6.866239
7.647714, 6.956097
7.675481, 7.020869
7.703542, 7.090124
7.739763, 7.185152
7.758092, 7.245845
7.772077, 7.307684
7.788805, 7.374878
7.806984, 7.441695
7.832112, 7.511257
7.849376, 7.572262
7.870550, 7.654702
7.893515, 7.735780
7.911974, 7.800950
7.937946, 7.886894
7.963534, 7.961221
7.978617, 8.028023
8.003041, 8.126593
8.013851, 8.213329
8.032344, 8.294636
8.043871, 8.365558
8.059529, 8.443248
8.081277, 8.551145
8.096334, 8.625841
8.104336, 8.695851
8.113178, 8.746854
8.136577, 8.829247
8.161091, 8.904610
8.177115, 8.973231
8.200289, 9.063209
8.208067, 9.123417
8.223450, 9.195757
8.232448, 9.248185
0c9ee0b5-88d5-4781-b0ee-c81df4245c27
6.730484, 6.095033
6.858919, 6.156170
6.892931, 6.188615
6.920431, 6.217700
6.938005, 6.236010
6.956323, 6.241108
6.978965, 6.248951
6.991792, 6.263551
7.008545, 6.282631
7.029516, 6.301992
45cdedb4-e375-40b5-9664-34641da63d99
6.500872, 5.866019
6.440926, 5.846892
6.381412, 5.862901
6.352125, 5.883870
6.302018, 5.924272
6.250514, 5.970777
6.201530, 6.025683
6.157783, 6.068643
6.111256, 6.112855
6.064011, 6.156296
6.016236, 6.194727
5.964661, 6.242546
5.917045, 6.281174
5.867551, 6.311118
5.823225, 6.359919
5.791915, 6.412760
5.771726, 6.460647
5.746947, 6.522131
5.721492, 6.580106
5.705535, 6.633958
5.685695, 6.694087
5.667832, 6.761140
5.649665, 6.821794
5.631658, 6.885591
5.614667, 6.949666
5.598698, 7.014002
5.581568, 7.074957
5.562579, 7.135360
5.543707, 7.198906
5.523831, 7.259022
5.510546, 7.302557
5.501772, 7.365695
5.495346, 7.433678
5.483810, 7.492092
5.461548, 7.583111
5.443443, 7.657132
5.425339, 7.731152
5.405818, 7.837680
5.399021, 7.920791
5.395550, 7.999962
5.389353, 8.072965
5.385639, 8.152125
5.369243, 8.214151
5.347640, 8.284158
5.340986, 8.326027
5.331510, 8.404704
5.327626, 8.487014
5.329732, 8.569388
5.323628, 8.623461
5.308010, 8.724108
5.293826, 8.795994
5.278767, 8.856854
5.274685, 8.951875
5.274276, 9.031127
5.273885, 9.107330
5.273494, 9.183533
5.280549, 9.267257
5.278861, 9.336360
5.278496, 9.437912
5.273777, 9.501132
5.275556, 9.537604
5.280422, 9.606674
5.288377, 9.677012
5.288882, 9.721432
5.284990, 9.774138
3a8ac0c3-dfdb-4d36-985b-a461a84f66d9
6.511472, 5.479984
6.388212, 5.470363
6.274404, 5.487027
6.203192, 5.504765
6.141159, 5.521154
6.079599, 5.532149
6.040653, 5.543531
5.977466, 5.560301
5.925351, 5.575544
5.856067, 5.603466
5.796498, 5.622491
5.751178, 5.635254
5.690823, 5.662700
5.654419, 5.687331
5.597774, 5.730918
5.544983, 5.769484
5.491249, 5.806724
5.436605, 5.842610
5.401636, 5.856462
5.392541, 5.888773
5.325509, 5.947328
5.268489, 5.997027
5.237890, 6.027556
5.194422, 6.083491
5.149273, 6.153784
5.108350, 6.217497
5.062664, 6.296459
5.024499, 6.362419
5.003331, 6.404984
4.980576, 6.464183
4.958957, 6.537119
4.941339, 6.617624
4.925050, 6.692069
4.908760, 6.766513
4.892472, 6.840957
4.878468, 6.918964
4.860168, 6.987019
4.841731, 7.096325
4.826932, 7.196793
4.810024, 7.297085
4.801769, 7.386676
4.781879, 7.487274
4.769689, 7.570309
4.743471, 7.662026
4.713697, 7.750872
4.675827, 7.837403
4.646575, 7.925232
4.621286, 8.014476
4.587540, 8.102698
4.562462, 8.191811
4.528879, 8.280095
4.499866, 8.368198
4.470736, 8.456661
4.441607, 8.545124
4.414465, 8.627554
e298c407-f11c-48e7-b3f8-aa7e04248909
6.532033, 5.524500
6.436945, 5.538482
6.343691, 5.583195
6.241194, 5.663260
6.166806, 5.734373
6.119764, 5.783451
6.062913, 5.822081
6.048871, 5.857463
6.001016, 5.909016
5.923104, 5.986725
5.881911, 6.042666
5.821665, 6.124481
5.755438, 6.193135
5.697492, 6.265321
5.632039, 6.333414
5.574221, 6.405703
5.512471, 6.476171
5.466733, 6.557089
5.413119, 6.634846
5.356523, 6.709516
5.292993, 6.779406
5.220059, 6.840879
5.158068, 6.909633
5.085123, 6.982410
5.019196, 7.048186
4.954920, 7.115284
4.894132, 7.197089
4.820290, 7.261189
4.784829, 7.375392
4.734145, 7.453494
4.672169, 7.514220
4.605742, 7.591152
4.532245, 7.673037
4.457876, 7.743226
4.380657, 7.821924
4.322093, 7.893621
4.264956, 7.966898
4.214787, 8.034610
4.173532, 8.082747
4.147523, 8.115394
4.121016, 8.160675
4.093750, 8.216138
4.062325, 8.247283
790cc202-3a1b-459a-919a-5329357fe32e
6.541632, 5.528888
6.438347, 5.537221
6.373793, 5.565319
6.305923, 5.607958
6.243121, 5.661154
6.195129, 5.826057
6.175537, 5.888746
6.131002, 5.954574
6.093315, 5.999699
6.027048, 6.071383
5.968405, 6.125684
5.899402, 6.178274
5.837658, 6.232856
5.751119, 6.300887
5.686177, 6.354577
5.619275, 6.407197
5.560802, 6.466381
5.510160, 6.532389
5.449106, 6.594934
5.409543, 6.668120
5.328318, 6.716362
5.256168, 6.814716
5.151869, 6.949208
5.122189, 7.039394
5.084141, 7.110199
5.046243, 7.171241
5.007015, 7.240099
4.956151, 7.337932
4.919728, 7.401500
4.882956, 7.471698
4.833731, 7.570230
4.806807, 7.640865
4.778353, 7.694501
4.750953, 7.768504
4.724782, 7.826256
4.699059, 7.893895
4.677580, 7.962999
4.656491, 8.025809
4.635872, 8.091917
4.612754, 8.150958
4.593992, 8.227608
4.577934, 8.261734
4.552679, 8.332983
4.530959, 8.398737
4.508760, 8.461163
4.488791, 8.530721
4.464973, 8.586568
4.443926, 8.662622
4.427812, 8.704017
4.402388, 8.765202
4.378818, 8.833621
4.356970, 8.887851
6165d230-4486-4731-8aeb-e8c3b7a7227a
6.584939, 5.422688
6.421430, 5.263763
6.375438, 5.227637
6.318749, 5.191681
6.289160, 5.166388
6.239890, 5.128207
6.180443, 5.093503
6.121070, 5.065775
6.065381, 5.041419
5.968319, 5.003870
5.917045, 4.965302
5.878545, 4.934471
5.832583, 4.903417
5.796727, 4.873771
5.759685, 4.841202
5.719423, 4.807797
5.688761, 4.774575
5.655896, 4.747794
5.611839, 4.717685
5.567485, 4.690999
5.513926, 4.665761
5.446986, 4.632564
5.410738, 4.617928
5.349938, 4.598224
5.295572, 4.580604
5.269396, 4.572120
5.247119, 4.563326
dd2d48c0-ceaa-49a3-abf6-a06c1f97c1e6
6.574120, 5.448303
6.468533, 5.300133
6.392489, 5.240086
6.373002, 5.225062
6.312403, 5.177938
6.254168, 5.131279
6.208306, 5.097245
6.181506, 5.075490
6.148836, 5.070914
6.049173, 5.035754
5.989550, 5.019480
5.932071, 4.976570
5.893458, 4.945876
5.851590, 4.914505
5.804650, 4.884946
5.763728, 4.857407
5.715350, 4.830264
5.673085, 4.804834
5.625208, 4.781268
5.585118, 4.764871
5.516067, 4.747348
5.473448, 4.739622
5.408176, 4.733872
5.371359, 4.727624
5.304856, 4.712733
5.254581, 4.703900
