main root
6.892675, 4.714925
6.991774, 4.950980
7.031113, 5.058702
7.069367, 5.166944
7.082806, 5.262048
7.112070, 5.378659
7.147187, 5.501342
7.191834, 5.635858
7.239073, 5.760011
7.276150, 5.883197
7.312586, 5.982221
7.347670, 6.077570
7.385508, 6.162129
7.402477, 6.236300
7.427139, 6.316202
7.450254, 6.398124
7.471366, 6.480585
7.492507, 6.580213
7.513847, 6.670645
7.535211, 6.752155
7.556677, 6.834051
7.588190, 6.921093
7.614204, 7.011486
7.639498, 7.091876
7.653802, 7.178796
7.670962, 7.270122
7.684637, 7.354127
7.698240, 7.437695
7.710484, 7.512909
7.717575, 7.584413
7.721310, 7.686375
7.728439, 7.758390
7.733477, 7.824456
7.730686, 7.926960
7.732552, 8.010855
7.731186, 8.084114
7.729767, 8.160304
7.721827, 8.247663
7.712987, 8.311870
7.701189, 8.375600
7.684238, 8.467175
7.669852, 8.520216
7.654228, 8.589262
7.634021, 8.658215
7.612942, 8.719497
7.582434, 8.763085
7.555158, 8.829906
7.516361, 8.902358
7.490156, 8.944955
7.471080, 9.005593
7.471289, 9.044836
7.477611, 9.107939
7.433147, 9.193300
7.400096, 9.291693
7.369069, 9.397352
7.346114, 9.505565
7.319155, 9.612258
7.294229, 9.719544
7.279547, 9.820120
7.265736, 9.929391
7.255103, 10.030383
7.250800, 10.131860
7.248612, 10.233386
7.240074, 10.335058
7.238800, 10.426053
7.241775, 10.509921
7.244475, 10.586071
7.245627, 10.660779
7.240646, 10.731880
7.269552, 11.121683
7.267118, 11.231924
7.262396, 11.350210
7.263973, 11.469407
7.261088, 11.571214
7.264311, 11.681585
7.265165, 11.783278
7.268133, 11.884785
7.262363, 11.971348
7.258285, 12.064186
7.258058, 12.165725
7.249349, 12.275545
7.238542, 12.385048
7.226451, 12.486025
7.220604, 12.569741
7.216684, 12.647353
7.219188, 12.887749
7.415696, 13.041885
7.703156, 13.077380
7.989605, 13.137598
8.330647, 13.227778
8.558650, 13.268633
9.359275, 13.247772
9.353337, 13.263403
9.521568, 13.266359
d952bdd3-ea90-41da-a23b-5e92a6c2b637
7.062068, 4.988029
7.109898, 4.950663
7.152273, 4.942450
7.176162, 4.939167
7.197638, 4.940571
7.221578, 4.943460
7.241994, 4.950272
7.275297, 4.959619
7.309013, 4.967347
7.346650, 4.971188
7.381192, 4.973033
7.405165, 4.975636
7.425468, 4.982358
7.522609, 4.961323
7.568401, 4.958642
7.607850, 4.959331
7.628343, 4.950785
7.652129, 4.944108
7.689750, 4.936658
7.745530, 4.928662
7.802925, 4.921946
7.845761, 4.918441
7.894321, 4.923850
7.992830, 4.932919
8.038229, 4.934094
8.080537, 4.935188
8.136713, 4.939635
8.195794, 4.944312
8.244936, 4.943698
8.299527, 4.937028
8.371759, 4.929711
8.413307, 4.928511
8.467527, 4.929939
8.508891, 4.934023
8.538851, 4.938485
8.716423, 4.929678
8.761542, 4.924443
8.786248, 4.924591
8.828581, 4.924843
8.853086, 4.927982
8.891727, 4.935948
8.933187, 4.944496
8.971111, 4.955372
9.019212, 4.962937
9.064451, 4.967022
9.106612, 4.970829
9.148773, 4.974637
9.190933, 4.978445
9.227736, 4.984774
9.269456, 4.991949
9.307718, 5.001567
9.348773, 5.011888
9.386195, 5.024382
9.424113, 5.033886
29837d47-73f3-401e-a49a-2db1acca5227
7.227271, 5.702980
7.192184, 5.762553
7.169826, 5.792528
7.070443, 6.004443
6.971232, 6.115870
6.942872, 6.143222
6.912516, 6.168326
6.879936, 6.195259
6.858327, 6.216991
6.828518, 6.246961
6.798713, 6.281171
6.746435, 6.310048
6.708256, 6.334545
6.683742, 6.355609
6.660039, 6.383874
6.639639, 6.408217
6.586219, 6.446405
6.566248, 6.457015
6.500022, 6.475853
6.455235, 6.494826
6.416307, 6.511330
6.381585, 6.529313
6.280502, 6.565142
6.242475, 6.575457
6.201670, 6.586536
6.154555, 6.608645
6.117721, 6.622636
6.078197, 6.637660
6.035209, 6.660417
6.014000, 6.668270
5.976120, 6.679116
5.931366, 6.698167
5.894048, 6.710811
5.852132, 6.728185
5.813076, 6.744384
5.774304, 6.763718
7c53c935-d2e1-44f0-8369-d6cd4664dc75
7.473591, 8.945913
7.455788, 8.948448
7.416235, 8.952627
7.317030, 8.979279
7.253603, 9.005651
7.223590, 9.011683
7.163295, 9.026887
7.103810, 9.045009
7.049261, 9.058531
6.987519, 9.080038
6.931704, 9.099516
6.856007, 9.125548
6.803872, 9.137112
6.746217, 9.149864
6.686276, 9.166155
6.633493, 9.174259
6.612701, 9.196297
6.465221, 9.248064
6.359425, 9.278472
6.261421, 9.315422
6.159813, 9.358254
6.088805, 9.389811
6.027322, 9.420409
5.975061, 9.439732
643efccc-67ba-4006-a500-dac2591449c5
7.575762, 8.792636
7.618005, 8.791917
7.699219, 8.842419
7.751366, 8.860645
7.790980, 8.874402
7.830622, 8.888078
7.866485, 8.903525
7.901099, 8.921601
7.925606, 8.934302
8.023355, 8.978741
8.037553, 9.005021
8.057727, 8.995068
8.149632, 9.021893
8.239758, 9.043816
8.329972, 9.067926
8.424201, 9.101867
8.466175, 9.120166
8.501280, 9.125671
fbea28c6-9be7-495b-989e-13a46f9e897d
7.411601, 6.335435
7.363727, 6.351674
7.324584, 6.363371
7.295168, 6.370598
7.249214, 6.387414
7.228034, 6.390384
7.188674, 6.392879
7.145768, 6.403099
7.088113, 6.416831
7.031569, 6.428760
6.980709, 6.441020
6.927359, 6.450800
6.838810, 6.477974
6.801355, 6.487903
6.756506, 6.493597
6.714507, 6.498931
6.669915, 6.507611
6.627176, 6.517455
6.552957, 6.519965
6.494289, 6.527938
6.459915, 6.531100
6.434622, 6.533426
7bc7ab5f-bffa-48b0-a68a-ca6662e1fa42
7.478205, 6.550364
7.448484, 6.558107
7.418874, 6.564209
7.397536, 6.563959
7.385493, 6.577136
7.292905, 6.584162
7.254948, 6.582539
7.212771, 6.580736
7.153556, 6.578205
7.109146, 6.576307
6.982345, 6.581055
6.940253, 6.582631
6.901077, 6.581065
6.872626, 6.582886
6.827831, 6.588715
6.788677, 6.590753
6.746649, 6.592903
6.706520, 6.594918
6.681188, 6.596152
6.662650, 6.606453
e99d507c-4502-420b-970a-d3c0b60e772a
7.117522, 5.407087
7.043026, 5.385947
6.982075, 5.440354
6.879572, 5.474171
6.840427, 5.488661
6.730770, 5.523327
6.671078, 5.534348
6.646960, 5.561849
6.531683, 5.594261
6.463405, 5.615014
6.408813, 5.630362
6.339649, 5.663885
6.298956, 5.685272
6.205355, 5.701068
6.134889, 5.717516
6.072282, 5.727518
6.004158, 5.739917
5.933909, 5.757268
5.868156, 5.773509
5.817611, 5.790619
5.773243, 5.799317
f39d5525-1e3b-4ff9-88d4-a699b0fcbce0
6.958753, 4.961468
6.839631, 5.059619
6.792986, 5.098929
6.699735, 5.158569
6.682713, 5.183873
6.585498, 5.271418
6.473518, 5.342094
6.436863, 5.361690
6.326688, 5.413926
6.267623, 5.436958
6.214146, 5.443354
6.145538, 5.517238
6.015447, 5.579481
5.963377, 5.631094
5.867732, 5.689142
5.808019, 5.725382
2da4f414-6e11-4aef-911a-cfc1f46045f6
6.730290, 5.125799
6.689120, 5.094298
6.673261, 5.078290
6.649053, 5.073674
6.631104, 5.064157
6.611612, 5.051354
6.595478, 5.053204
c7152c75-4667-4e4a-a41b-ffa407a643bd
6.893766, 4.999894
6.787639, 4.978793
6.766247, 4.971487
6.742210, 4.963278
6.721973, 4.953204
6.695222, 4.943230
3f21ec51-f9a8-4882-a7f1-5d96b62ab438
7.268185, 9.840367
7.192510, 9.855435
7.108602, 9.895557
7.039936, 9.928409
6.997834, 9.935277
6.922736, 9.947510
6.868048, 9.959435
6.812477, 9.982274
6.769251, 9.988999
310f09b7-3c33-403e-b53e-0d8ead04e8ef
7.327018, 5.821886
7.393892, 5.815760
7.461952, 5.824363
7.527908, 5.793644
7.570831, 5.785043
7.662149, 5.766744
616726f4-f1f7-46a9-a408-1aac316b3fa6
7.177267, 5.561430
7.235638, 5.557617
7.274441, 5.558083
7.316122, 5.558583
7.376903, 5.557816
7.407172, 5.558930
7.432555, 5.559864
5a4212b6-ef6d-4326-9842-7159e9b266b7
7.326831, 9.400406
7.287199, 9.407653
7.203938, 9.422878
7.111707, 9.437605
7.038551, 9.449286
7.000532, 9.458389
afcdf075-919d-4e0c-b39e-a6415c47737e
7.320480, 10.640519
7.347631, 10.672076
7.376441, 10.675990
7.430313, 10.678778
7.474759, 10.687073
7.541751, 10.691962
7.612750, 10.702649
7.661343, 10.714375
c4acc991-9763-41ce-bd06-658b4d103044
7.276910, 10.703569
7.209759, 10.776875
7.174443, 10.832771
c40f5df3-7331-4445-8a52-3699cd247db2
7.235880, 11.354418
7.198965, 11.391922
7.137982, 11.429215
7.080335, 11.466223
7.043831, 11.486100
9cef9c0d-4740-44ec-8478-971dd41bcb8f
7.311416, 11.416445
7.332439, 11.417159
7.357837, 11.417505
ae5246f7-5339-4d5b-acd9-d3dbca910714
7.301539, 11.821767
7.349587, 11.830320
7.419053, 11.845728
7.458877, 11.857627
8ee3495e-a6a3-414a-9609-47f2123e0d38
7.276493, 12.091432
7.222589, 12.126402
7.211191, 12.143153
7.171678, 12.191322
f0a79c80-087c-47a7-89e0-8f08603405a0
7.318070, 12.084138
7.354938, 12.083398
39cc281c-d1c9-4bc5-bc83-f9c94eddb56d
7.286734, 12.505102
7.344562, 12.532206
bb6482c3-2358-4049-b791-b5d5edc899d6
7.236804, 12.595911
7.176683, 12.647764
