main root
5.999125, 4.944715
6.021959, 5.263437
5.998990, 5.400747
5.940133, 5.631225
5.911846, 5.785072
5.864352, 5.962250
5.816979, 6.131518
5.792657, 6.287157
5.729607, 6.408453
5.666085, 6.566030
5.610420, 6.675983
5.567319, 6.744287
5.468973, 6.863076
5.401334, 6.981825
5.324154, 7.071265
5.220217, 7.186574
5.165344, 7.267360
5.152661, 7.298761
5.129966, 7.343301
f4714d62-ee8c-4ba5-adda-57723c1b11db
6.006325, 5.312428
5.872822, 5.558084
5.840765, 5.606036
5.803951, 5.655719
5.769506, 5.698807
5.738524, 5.750409
8b6fb9ca-77ac-46d0-ac87-3d3defc5ffae
5.992260, 5.415578
5.825895, 5.531850
5.797398, 5.549766
5.693857, 5.605007
5.642297, 5.619632
