main root
6.604279, 4.998805
6.620580, 5.103263
6.636881, 5.207721
6.645561, 5.317723
6.654241, 5.427724
6.657939, 5.538046
6.661637, 5.648369
6.671785, 5.731130
6.681934, 5.813891
6.692746, 5.891144
6.703558, 5.968398
6.722925, 6.071446
6.742292, 6.174494
6.768783, 6.277823
6.795275, 6.381153
6.821286, 6.462663
6.847297, 6.544173
6.877802, 6.615576
6.908307, 6.686979
6.990675, 6.783753
7.073043, 6.880527
7.119529, 7.009279
7.166015, 7.138031
7.184502, 7.230639
7.202989, 7.323246
7.223082, 7.434699
7.243175, 7.546151
7.261952, 7.650306
7.280730, 7.754462
7.347184, 7.960090
7.401444, 8.233633
7.412198, 8.403604
7.430574, 8.630188
7.450048, 8.903512
7.463891, 9.162174
7.467031, 9.379279
7.456861, 9.561423
7.447728, 9.739347
7.440327, 9.924541
7.430276, 10.126720
7.408011, 10.362131
7.387955, 10.575819
7.368855, 10.778812
7.351214, 11.009581
7.320088, 11.244575
7.311326, 11.471778
7.291699, 11.661845
7.260632, 11.808498
7.224894, 11.987335
7.209164, 12.087636
7.195322, 12.137254
7.185628, 12.191523
4a7b6c15-395e-4c88-a36c-0c6dc8f15b35
6.749712, 4.980048
6.950965, 4.997725
7.053565, 5.000355
7.204981, 4.997710
7.377681, 5.011904
7.565279, 5.002777
7.750649, 4.989545
7.970623, 4.967194
8.069403, 4.948266
8.178410, 4.937489
8.326374, 4.914565
8.509335, 4.905544
8.700957, 4.897065
8.871077, 4.877030
9.044254, 4.844001
9.108308, 4.844630
9.200998, 4.841334
9.274259, 4.841724
9.344433, 4.848086
9.414042, 4.856509
9.467717, 4.871062
2cd3d293-aeea-4482-9e59-9bdfda3b6779
6.785274, 5.008007
7.035815, 4.998471
7.164223, 4.997623
7.293795, 5.003706
7.475968, 5.005165
7.656336, 4.991919
7.868440, 4.973949
8.059865, 4.966193
8.156164, 4.940262
8.259709, 4.926920
8.422365, 4.914225
8.580628, 4.895709
8.775115, 4.892597
8.936563, 4.871428
9.115299, 4.860848
a87c3877-f460-42d7-919e-b8498ece5c53
6.676801, 5.003894
6.826703, 5.168884
6.901785, 5.194072
6.983742, 5.266924
7.116168, 5.269941
7.177209, 5.327747
7.197840, 5.391407
7.258946, 5.469431
7.290131, 5.554167
12a07e98-2590-4dd3-82e6-0ee139a0a11f
7.226150, 7.871878
7.164580, 7.888702
7.119347, 7.897341
7.085638, 7.900760
7.059609, 7.902097
6.991779, 7.888108
6.930198, 7.878463
6.868228, 7.871787
6.813967, 7.867447
6.766810, 7.859177
f2fbef12-53bb-41ea-8241-31cb1e81f849
7.323347, 7.686919
7.461002, 7.681501
7.534247, 7.681615
7.607426, 7.684722
7.700188, 7.684449
7.773399, 7.687228
7.833611, 7.686518
7.900907, 7.679738
7.936892, 7.664080
8.006762, 7.633680
8.070037, 7.607781
8.115035, 7.600510
8.196765, 7.585208
8.261261, 7.573133
8.315043, 7.566109
dc5180ae-7a1d-4379-8ce3-aeb8e11ef496
7.089687, 7.169134
7.021298, 7.231993
6.943010, 7.267314
6.904980, 7.283287
6.866696, 7.297424
6.838683, 7.304577
6.799823, 7.311410
6.759345, 7.317007
6.731727, 7.316294
6.677875, 7.317898
6.618637, 7.319663
6.559392, 7.321428
6.500146, 7.323193
6.447376, 7.320272
6.418324, 7.320164
0bc4088a-6b2d-4c4e-b7e8-fa40acbc2067
7.261944, 7.116033
7.357361, 7.104991
7.443989, 7.078457
7.511566, 7.070157
cc77d564-4b7b-4b52-92be-df9b9d4e65f3
7.168601, 6.891566
7.252040, 6.918634
7.319633, 6.932094
7.378974, 6.934472
7.462526, 6.931042
7.545591, 6.921405
7.630354, 6.913660
7.715893, 6.910007
7.789163, 6.909874
7.839590, 6.903795
7.917858, 6.891344
7.998085, 6.872521
8.049936, 6.852948
8.093541, 6.834660
8.171005, 6.813952
8.227460, 6.803239
8.281810, 6.800542
8.346820, 6.795240
8.381313, 6.793928
b1a8fe7f-5b3f-4cca-a268-e9642eb1c3d0
7.102169, 6.791502
7.133353, 6.751101
7.173947, 6.707555
7.202805, 6.676601
7.231662, 6.645646
7.271928, 6.598064
7.310038, 6.550711
7.342572, 6.517448
7.378096, 6.481128
7.419534, 6.438762
7.441664, 6.409715
7.478013, 6.354596
7.505979, 6.312188
7.530876, 6.277155
7.549621, 6.253361
7.570017, 6.234726
e5881cf8-4c4a-42de-a9fa-f9edc013ea66
6.744175, 5.784825
6.832034, 5.967096
6.858527, 6.030380
6.875358, 6.082211
6.897393, 6.140112
6.918307, 6.195067
6.931008, 6.250465
6.947380, 6.301552
6.960299, 6.341865
6.964287, 6.364116
6.968282, 6.403366
6.972568, 6.445479
6.973572, 6.484919
6.977719, 6.530152
6.984838, 6.575016
6.984620, 6.611850
6.994978, 6.626569
7.015788, 6.700339
7bf2f744-cd50-453d-b316-ddad0bb5e1fc
6.766874, 5.376316
6.962674, 5.525005
6.989946, 5.557299
7.136172, 5.692426
7.224243, 5.784951
7.313803, 5.869189
7.400067, 5.935751
7.457754, 5.978193
7.559903, 6.044576
7.669622, 6.116743
7.770763, 6.178902
7.846090, 6.215292
7.966221, 6.261666
8.043802, 6.300506
8.126350, 6.344185
8.215237, 6.393612
8.300199, 6.450537
8.379518, 6.498617
8.457387, 6.550737
8.548859, 6.611963
8.639106, 6.674916
8.724730, 6.729486
8.805127, 6.775736
8.883328, 6.828001
8.964469, 6.889864
9.030878, 6.943104
9.095004, 6.999828
9.163543, 7.063263
9.235349, 7.135487
9.302338, 7.199883
9.372761, 7.273448
9.430794, 7.349369
9.487596, 7.434130
9.549892, 7.534671
9.609695, 7.627172
9.661388, 7.714919
9.712049, 7.792625
9.766750, 7.888154
9.822634, 7.972976
9.876811, 8.059053
9.925691, 8.148626
9.974352, 8.237801
10.017231, 8.320769
10.056103, 8.395984
10.087056, 8.462400
10.121239, 8.532197
10.162197, 8.625451
10.190865, 8.694444
10.217336, 8.762049
10.235818, 8.825670
209cb758-8ff6-4534-9109-95fac5b42940
6.736368, 5.650540
6.919318, 5.657886
7.021750, 5.675988
7.255471, 5.699615
7.369920, 5.691635
7.450043, 5.681150
7.541618, 5.667046
7.623091, 5.648203
7.704703, 5.627199
7.804902, 5.607964
7.883718, 5.601448
7.993884, 5.600834
8.051295, 5.587818
8.157395, 5.557255
8.258330, 5.539186
8.341668, 5.524267
8.432131, 5.503799
8.522272, 5.481247
8.617622, 5.468295
8.719387, 5.460874
8.796335, 5.444658
8.875060, 5.419421
8.978091, 5.379725
9.037871, 5.363493
9.109089, 5.352751
9.183180, 5.343090
9.303689, 5.332251
0f934be2-ba30-4fc0-af3c-a87fd6030a11
6.830718, 6.156932
6.914091, 6.193615
6.956480, 6.206685
6.995214, 6.221761
a729f16a-9152-4159-bb4c-92da978a6589
6.781587, 5.077228
6.901167, 4.920330
7.042989, 4.912268
7.082384, 4.892666
7.111906, 4.884664
7.169113, 4.869157
7.198704, 4.862687
7.267905, 4.864110
7.297772, 4.870711
7.359215, 4.881227
7.412448, 4.894892
7.492309, 4.905935
7.543026, 4.915970
7.596593, 4.926569
7.724346, 4.986399
7.961180, 5.077040
7.971566, 5.085598
8.004925, 5.116962
8.056784, 5.167773
8.094756, 5.210901
8.126870, 5.256434
8.151535, 5.308380
c5c6393b-9f7d-445e-bf57-3a5b4a94cac5
6.584888, 5.378071
6.477149, 5.408740
6.361574, 5.443280
6.305960, 5.458983
6.253940, 5.481448
6.177417, 5.516754
6.132021, 5.536050
6.087216, 5.555093
6.041984, 5.566016
