main root
6.196096, 4.836228
6.129081, 5.068913
6.096302, 5.246094
6.080391, 5.366578
6.059341, 5.447486
6.026606, 5.544126
6.015920, 5.626819
6.002069, 5.687293
5.988071, 5.755112
5.970956, 5.838033
5.954323, 5.889003
5.957089, 5.918450
5.956033, 5.987205
5.956812, 6.071465
5.961971, 6.143642
5.935743, 6.180099
5.945417, 6.212874
5.926689, 6.287955
5.916128, 6.356000
5.915262, 6.458119
5.903822, 6.560016
5.890158, 6.644538
5.890046, 6.682747
5.892806, 6.761947
5.885531, 6.817488
5.863550, 6.851118
5.812324, 6.887086
5.769382, 6.915412
5.748179, 6.929397
5.727636, 6.976283
5.714645, 7.060307
5.707456, 7.093558
5.702088, 7.118384
5.729282, 7.172223
5.763673, 7.255748
5.776125, 7.318146
5.799926, 7.345144
5.822268, 7.410628
5.830574, 7.467721
5.805785, 7.544587
5.750207, 7.607397
5.650510, 7.672849
5.623969, 7.690274
5.592083, 7.761515
5.587331, 7.801752
5.583430, 7.847558
5.596756, 7.954533
5.600414, 8.059337
2610b80f-2305-4ee4-85d7-7571388c0e0a
6.119325, 5.351118
6.164670, 5.367932
6.200314, 5.380782
6.238433, 5.400902
6.264714, 5.394725
6.334022, 5.406968
6.415540, 5.429791
6.487071, 5.451372
6.552560, 5.477385
6.627263, 5.503837
6.710554, 5.523803
6.790020, 5.568751
6.831901, 5.603188
e3b52e6e-c52a-4896-a6c9-0b14208d52c3
6.210810, 5.054631
6.256458, 5.115631
6.386147, 5.266892
6.427327, 5.319066
6.442614, 5.337076
6.466011, 5.369274
6.485107, 5.390497
6.517639, 5.422181
6.547957, 5.451709
6.658700, 5.546106
6.676009, 5.562745
6.682814, 5.579583
6ea9352b-4013-4993-816f-1b2eed5d4be3
6.184529, 5.181604
6.219360, 5.189069
6.312892, 5.223685
6.380848, 5.263076
6.447072, 5.278093
6.491546, 5.291604
6.529961, 5.307900
6.562856, 5.320161
6.578956, 5.332551
6.603327, 5.353274
6.624700, 5.369563
6.646911, 5.384689
6.681580, 5.393321
6.704826, 5.400302
6.723984, 5.410387
6.750516, 5.425662
6.766861, 5.439860
6.797790, 5.460331
6.822826, 5.478287
6.841851, 5.493357
6.857557, 5.509615
8fe0bcd7-46bb-4679-a5d8-de9247171c14
6.241732, 4.930753
6.406442, 5.020389
6.463100, 5.059719
6.515917, 5.089246
6.563839, 5.113888
6.595443, 5.135188
6.639645, 5.163174
6.682567, 5.190350
6.738838, 5.220663
6.785590, 5.244149
6.824957, 5.268949
6.867937, 5.296025
6.922214, 5.326681
6.978093, 5.353084
7.020275, 5.371360
7.055313, 5.381648
7.105914, 5.394945
7.161726, 5.418499
7.200717, 5.436579
7.229723, 5.445079
d731e33d-b103-4362-b9ee-4d6beb7d48f5
6.239337, 4.930186
6.315638, 5.012952
6.384674, 5.049597
6.518896, 5.125650
6.596436, 5.176003
6.650596, 5.209011
6.683099, 5.227779
6.723816, 5.247822
6.748085, 5.266442
6.777419, 5.292733
6.800548, 5.309456
6.838977, 5.333559
6.878909, 5.355083
6.920182, 5.373928
6.954677, 5.392970
7.004525, 5.422196
7.046303, 5.448426
7.099914, 5.471481
7.138738, 5.493065
7.175553, 5.515244
7.197068, 5.529954
16fc1111-c474-48ba-981c-76b6b7620f23
6.134355, 4.760399
6.088936, 4.739578
6.060973, 4.733938
6.038032, 4.734778
5.985832, 4.737236
5.930875, 4.744319
5.866280, 4.749626
5.804469, 4.757708
5.744408, 4.767070
5.674982, 4.780922
5.612983, 4.790239
5.558148, 4.793939
5.507467, 4.797358
5.445551, 4.804535
5.391410, 4.807798
5.351963, 4.807176
5.312671, 4.803563
5.277799, 4.803362
5.232451, 4.806095
5.193000, 4.805474
5.164562, 4.808021
5.135191, 4.815159
fce23f12-255e-4d65-8de2-df0b14275f35
6.086024, 4.975136
5.890721, 4.895712
5.854541, 4.881213
5.818829, 4.863969
5.771067, 4.844012
5.733959, 4.828507
5.698773, 4.823539
5.657187, 4.826737
5.600846, 4.828068
5.540136, 4.830999
5.468213, 4.838966
5.411410, 4.845259
5.388811, 4.844751
5.351078, 4.839412
5.309163, 4.833481
5.253715, 4.837728
5.217017, 4.834535
5.172419, 4.842674
5.127026, 4.837265
5dca1f35-d1d9-4088-98d0-e83a67ca00ff
6.158361, 4.912428
5.943123, 4.959810
5.909242, 4.973384
5.868780, 4.985832
5.743892, 4.992484
5.687772, 4.983467
5.606536, 4.976718
5.554427, 4.967883
5.494237, 4.971244
187ffa90-a08b-4500-bb81-6d55c982b37e
6.040817, 5.128678
5.965321, 5.126082
5.891694, 5.131467
5.852254, 5.131350
5.812940, 5.128238
5.784402, 5.128979
5.756098, 5.132706
5.714143, 5.138228
5.669608, 5.147109
5.613607, 5.141356
5.588342, 5.138759
5.556510, 5.141502
5.523648, 5.150341
5.480668, 5.165000
5.444348, 5.171063
5.389694, 5.183222
5.336493, 5.202724
5.254780, 5.228260
5.215356, 5.239011
5.166345, 5.252378
5.111092, 5.273653
5.056641, 5.293016
5.001285, 5.309668
dfa7de1f-544b-4a92-8fc1-3845d8f87337
6.057153, 5.165453
5.984290, 5.178344
5.954177, 5.223780
5.921258, 5.266643
5.877179, 5.312819
5.852185, 5.332499
5.812022, 5.366029
5.772835, 5.400693
5.721973, 5.447681
5.685795, 5.491293
5.660315, 5.524354
815ff4df-6b72-43f9-b1df-b7025d55ef00
6.049943, 5.300164
6.021925, 5.328889
5.987218, 5.361140
5.965053, 5.374785
5.939606, 5.385818
5.909110, 5.394875
5.859403, 5.411199
5.810183, 5.428938
5.745751, 5.456932
5.684403, 5.481957
5.620042, 5.511442
5.553226, 5.522961
5.504381, 5.529863
5.454079, 5.536971
5.422641, 5.541414
02ef122f-1b96-4eba-b2e2-4b8db08329c5
5.999065, 5.513911
5.942814, 5.542220
5.911645, 5.554122
5.856439, 5.574701
5.804642, 5.587174
5.748829, 5.606602
5.715191, 5.624596
5.674790, 5.649543
