main root
6.819180, 4.577204
6.756530, 4.801325
6.716546, 4.933131
6.669694, 5.051444
6.636016, 5.242590
6.608450, 5.321706
6.592036, 5.407389
6.567192, 5.514589
6.556638, 5.615920
6.543138, 5.725119
6.530672, 5.825951
6.523477, 5.918426
6.517566, 5.994396
6.513239, 6.104570
6.507377, 6.177601
6.505547, 6.237789
6.497430, 6.307785
6.515498, 6.344816
6.521190, 6.479984
6.539467, 6.600027
6.554373, 6.711973
6.571955, 6.811966
6.590115, 6.903099
6.606661, 6.986131
6.628896, 7.076188
6.651219, 7.166601
6.665600, 7.259948
6.692856, 7.367386
6.707957, 7.452211
6.714928, 7.538691
6.729863, 7.620730
6.731728, 7.701435
6.730037, 7.811458
6.739374, 7.887038
6.747652, 7.988551
6.752232, 8.063129
6.762672, 8.164120
6.773793, 8.242588
6.786179, 8.319309
6.796142, 8.420847
6.805602, 8.538855
6.817925, 8.639636
6.833345, 8.731095
6.843263, 8.840820
6.844119, 8.966907
6.851257, 9.085913
6.864552, 9.161726
6.898632, 9.270398
6.943307, 9.408361
6.964386, 9.500813
6.984701, 9.608950
6.997549, 9.718161
6.970538, 10.066731
6.952597, 10.215802
6.932278, 10.331657
6.905751, 10.446250
6.877002, 10.561090
6.842866, 10.645318
6.789634, 10.759901
6.741535, 10.868437
6.704306, 10.962890
6.661981, 11.047323
6.605736, 11.162867
6.530609, 11.402376
6.512120, 11.496669
6.499500, 11.615854
6.473010, 11.747123
6.443880, 11.870250
6.410679, 11.992345
6.395095, 12.087178
6.386146, 12.206697
6.377294, 12.324904
6.371181, 12.434884
6.365542, 12.536325
6.364600, 12.629076
6.357903, 12.699232
6.350661, 12.775092
6.462474, 13.001305
7.586133, 13.178367
cc46fce0-7aa6-48b4-810a-16598807fb71
6.799374, 4.872053
6.867888, 4.897512
6.963651, 4.951825
7.001520, 4.980186
7.129030, 5.036169
7.175405, 5.063069
7.202869, 5.079001
7.259081, 5.101231
7.321961, 5.119659
7.371232, 5.138779
7.410809, 5.158952
7.449546, 5.183210
7.617316, 5.251783
7.693749, 5.276515
7.776940, 5.330924
7.844727, 5.371637
7.922239, 5.407673
7.999145, 5.436782
8.074118, 5.461918
8.142420, 5.487935
8.217339, 5.513228
8.281744, 5.541291
8.345847, 5.562732
8.393028, 5.583969
69477500-6720-4ae3-ade5-494d424b63ad
6.800431, 4.851095
6.874946, 4.971438
6.892129, 4.997923
d0f7abb6-bc01-4ef6-b1cd-ff43935e16bb
6.929703, 10.591797
6.943034, 10.600750
7.012729, 10.651383
0ccca5a6-a3e5-479c-8449-125f0c1f7d55
6.969422, 10.401051
7.006282, 10.404795
7.047031, 10.421113
bb05cd75-58fe-4721-acc6-3b25b0739be7
6.921232, 9.679142
7.030378, 9.676118
9d4f4fe3-79d8-461e-b2c4-e10b73ec69b4
6.820158, 9.192852
6.797443, 9.204219
6.721246, 9.242349
6.660852, 9.263761
6.579063, 9.288362
6.488208, 9.311295
6.408912, 9.333481
6.356914, 9.349584
6.304683, 9.374156
c6263048-7b5d-4d59-bedd-7654274f29b9
6.793990, 8.432769
6.865875, 8.453486
7.004126, 8.492373
e1d7ead3-b457-49e5-97f2-5333bf3679f0
6.790140, 8.887559
6.718909, 8.950829
6.693386, 8.956429
6.665019, 8.967429
