main root
5.430235, 2.488784
5.422900, 2.878667
5.781333, 3.524346
5.909867, 3.872403
5.914157, 4.185188
5.791086, 4.536662
5.399568, 5.122745
5.247172, 5.438427
5.096330, 5.885965
5.055855, 6.408584
4cd743d0-6fd5-410e-a91a-a202fc34aea1
5.665971, 3.335077
5.791114, 3.342830
44bd1dcd-b865-49e5-adc9-6f411e5d9d3d
5.452391, 2.906402
5.766313, 3.128565
5.862654, 3.253398
d9eadb78-4e1a-4e85-9f60-356a2d32058c
5.665971, 3.335077
5.581282, 3.360307
5.391478, 3.588945
5.188959, 3.902810
3bbbcb23-0cd3-48c9-a975-ccbee23feaf3
5.425006, 2.823422
5.382105, 2.891981
5.314338, 3.105486
5.140665, 3.671338
599bd213-0289-414b-870e-3cfb718c7ccb
5.477872, 2.957446
5.355784, 2.987594
19711e53-41f3-448a-84c7-b1370c4e7468
5.426487, 2.594108
4.998027, 2.747524
