main root
5.705130, 3.509994
5.930494, 3.859482
5.987107, 4.011527
6.088240, 4.489664
6.147538, 4.631853
6.234586, 4.756182
6.313782, 4.911110
6.501952, 5.166680
6.638016, 5.409975
6.678739, 5.978368
6.595990, 6.160379
6.540627, 6.418604
6.551967, 6.558797
6.641861, 6.699866
6.705256, 6.853423
6.719629, 6.983879
6.698623, 7.137065
6.576023, 7.305627
6.504283, 7.441789
6.360805, 7.965213
6.300003, 8.638703
6.317588, 9.002252
6.376912, 9.143134
6.509645, 9.264791
6.582314, 9.371487
6.616099, 9.522703
6.620204, 9.699579
6.612965, 9.854135
67eb9cb5-75c2-4d69-8ffd-83d7a7be4644
5.685522, 3.592488
5.622114, 3.671726
5.560856, 3.757946
5.426968, 3.869522
5.439017, 4.073799
5.466198, 4.165696
5.460310, 4.232429
5.491851, 4.352738
5.502963, 4.402985
5935f62b-bcee-4279-9795-f1658889a027
5.789657, 3.558837
5.925298, 3.520293
6.164669, 3.360089
6.288061, 3.391286
6.634237, 3.464260
2fc00a11-29e7-467a-b2aa-17c98f411207
5.914222, 3.752866
6.153386, 3.703777
6.192990, 3.731187
6.273755, 3.831382
6.349781, 3.962092
6.352694, 4.211634
6.402252, 4.317155
0998ba42-f858-46d5-ba3a-81e77108a0e9
5.903739, 3.903517
5.789574, 3.983717
5.617221, 4.080771
5.479884, 4.153216
5.336117, 4.255559
5.284586, 4.349277
5.235414, 4.417780
5.212319, 4.513472
5.198493, 4.621528
5.153440, 4.762039
5.098661, 4.986537
5.074209, 5.082815
63dd1cd6-9c7e-45c4-82af-b701d1cde356
6.002655, 4.147420
5.772442, 4.274989
5.669352, 4.348653
5.585867, 4.419957
5.520009, 4.467857
5.337496, 4.640715
5.137855, 4.849989
4.953000, 5.065889
4.848578, 5.293078
4.742744, 5.561189
4.621388, 5.750278
4.457700, 5.947833
4.383616, 6.117166
4.349750, 6.292850
4.357511, 6.625166
4.428067, 7.006166
4.483378, 7.345617
bde29c2f-65ba-4c53-b2ec-21f19a41c8b6
6.041494, 4.309489
6.157576, 4.405256
6.283945, 4.487351
6.367846, 4.536035
6.465226, 4.585646
6.498335, 4.617555
6.523840, 4.658498
6.565046, 4.800533
6.595374, 4.889904
6.606144, 4.949520
6.630373, 5.035288
c0f3dd36-6100-49d5-ba64-1f8453e4f8b3
6.652809, 5.534232
6.790643, 5.555241
7.029833, 5.549606
7.240322, 5.564300
7.408572, 5.614115
7.566866, 5.689775
d4c67d31-80ff-47a6-ad6f-22924859b39b
6.684433, 5.600700
6.919123, 5.693219
6.989290, 5.713923
7.048410, 5.738899
7.153810, 5.777850
7.213528, 5.807486
7.262120, 5.848770
7.471753, 6.134441
e0a0679d-9b3e-4c83-8b64-76319b7bb225
6.686964, 5.874214
6.959000, 5.899094
7.085033, 5.949647
7.205833, 6.004416
412f4268-21ba-45a1-acf8-a890a2743f7f
6.667284, 5.828634
6.609771, 5.849276
6.467559, 5.906213
6.356414, 5.925494
6.239801, 5.937327
6.167413, 5.951198
6.093604, 5.975887
c458ba4c-1a9d-4341-bcc0-9f467c2cdc97
6.679171, 5.982474
6.854049, 6.112181
6.949558, 6.166846
efbe8912-f378-40ec-84cc-5f70a6650001
6.678096, 6.014950
6.851265, 6.152666
6.935154, 6.220091
6c9e9597-e245-49be-b650-ebb60cfa2268
5.990196, 4.058359
6.048842, 4.092168
6.075989, 4.175902
6.133450, 4.307783
6.142870, 4.476811
6ad42db7-1f82-4706-838a-2e6f191e0497
5.745125, 3.786444
5.842865, 3.702685
41a7bde4-bf31-4964-8dc9-6e670aef71c9
5.848893, 3.792127
5.655672, 3.981815
5.332154, 4.283440
5.194772, 4.458567
5.062925, 4.561917
4.978552, 4.649382
4.760192, 4.914639
4.598021, 5.110763
4.505940, 5.254580
4.443555, 5.392171
4.404149, 5.539609
4.325581, 5.933265
4.307343, 6.171485
4.320822, 6.623755
4.358922, 6.738055
4.437542, 7.229907
4.399675, 7.473383
4.374291, 7.696448
4.303788, 7.971393
326593c1-537a-4c9c-944d-37b45f7cf58c
6.033943, 4.413084
5.831412, 4.511141
5.626279, 4.638162
5.519684, 4.720101
5.448462, 4.737372
5.378221, 4.750259
5.249093, 4.800953
5.173523, 4.817565
4.966835, 5.074261
4.855329, 5.308629
4.762722, 5.551371
4.638871, 5.747138
4.473508, 5.962922
4.400976, 6.124468
4.370234, 6.268515
4.365540, 6.634359
4.438650, 7.004050
4.485351, 7.346701
52b60089-fd19-4092-a135-3ade9aa3f71b
6.156352, 4.701354
5.927982, 4.895500
5.778161, 4.999502
5.596151, 5.061609
5.318444, 5.191168
5.245213, 5.252366
5.096598, 5.355001
4.912170, 5.438203
4.804833, 5.528733
4.645378, 5.755922
4.478867, 5.967588
4.387145, 6.256867
4.397022, 6.650567
4.433160, 6.824722
