main root
6.443197, 4.763768
6.435704, 5.077694
6.481954, 5.195064
6.482167, 5.333926
6.491540, 5.519358
6.502036, 5.643662
6.501567, 5.738111
6.509523, 5.830341
6.511302, 5.924375
6.506706, 6.010416
6.506377, 6.094341
6.501803, 6.187927
6.495144, 6.281079
6.489108, 6.365533
6.478129, 6.435143
6.469080, 6.511746
6.465384, 6.594072
6.461966, 6.670198
6.467118, 6.755700
6.464474, 6.811356
6.453717, 6.904790
6.442023, 6.967104
6.433114, 7.038914
6.426077, 7.107800
6.420530, 7.176823
6.413733, 7.242725
6.402777, 7.305172
6.392289, 7.373618
6.388673, 7.426858
6.391043, 7.502407
6.388539, 7.565759
6.381555, 7.628774
6.375416, 7.697747
6.373488, 7.770083
6.373138, 7.839326
6.374285, 7.908562
6.373885, 7.974812
6.369013, 8.038026
6.362430, 8.103950
6.359721, 8.176261
6.355746, 8.242394
6.354482, 8.288346
6.401886, 8.431478
6.424040, 8.640762
6.431403, 8.750522
6.437211, 8.895944
6.427466, 9.046596
6.442745, 9.201224
6.423870, 9.312704
6.413998, 9.353080
6.399573, 9.533146
6.401723, 9.618769
6.400569, 9.692027
6.393478, 9.762137
6.385811, 9.837951
6.375465, 9.910483
6.367248, 9.989305
6.359346, 10.065093
6.348778, 10.137593
6.337787, 10.212996
6.326797, 10.288400
6.318339, 10.367198
6.299168, 10.452000
6.276727, 10.600780
6.273706, 10.720791
6.255681, 10.786544
6.216525, 10.897453
6.181996, 10.995254
6.176716, 11.079580
6.160107, 11.176872
6.133952, 11.280478
6.104975, 11.386620
6.080563, 11.468163
6.062959, 11.526968
6.041600, 11.582663
bf725318-5012-4f8d-8c80-22b52bf1952d
6.399744, 5.061558
6.221571, 5.144408
6.131710, 5.174595
6.054635, 5.207051
5.992214, 5.233336
5.941140, 5.251594
5.894029, 5.263667
5.782343, 5.288837
5.692426, 5.304951
5.614020, 5.327392
5.544223, 5.336366
5.443801, 5.351408
5.361519, 5.367928
5.271493, 5.390294
5.196449, 5.410480
5.121806, 5.432107
5.058782, 5.450369
5.023199, 5.462237
4.838552, 5.521615
4.777195, 5.523669
4.682643, 5.549907
4.589877, 5.593211
4.510006, 5.616485
4.418963, 5.638632
4.329923, 5.664622
4.254741, 5.689685
4.183399, 5.711891
4.139937, 5.723248
307cf110-3ac4-4f63-89a3-7ab53d11ddfd
6.387793, 4.853513
6.241571, 4.896412
6.164292, 4.927729
6.110703, 4.942986
6.037416, 4.963851
5.994759, 4.963547
5.954543, 4.963260
5.862649, 4.990760
5.762287, 5.001231
5.680626, 5.018092
5.626832, 5.022755
5.567491, 5.019572
5.484689, 5.008812
5.428475, 5.007781
5.363640, 5.010741
5.310779, 5.013154
5.276156, 5.022226
5.156705, 5.057821
5.050613, 5.048528
4.974822, 5.041871
4.899013, 5.035213
4.836567, 5.019210
4.771657, 5.009126
4.707584, 5.002201
4.650783, 5.000293
abcaf56d-4e34-48b7-b02f-411406b97520
6.390774, 5.083843
6.272717, 5.197337
6.237243, 5.229362
6.201019, 5.255651
6.189383, 5.273698
6.156072, 5.317073
6.114544, 5.368690
6.072087, 5.421461
6.034254, 5.461323
5.987683, 5.512566
5.957585, 5.541232
5.919422, 5.571379
5.881884, 5.623999
5.828463, 5.660679
5.793574, 5.684637
5.757914, 5.712758
5.724186, 5.743170
5.692537, 5.775741
5.662984, 5.801862
5.630754, 5.838342
5.603472, 5.857918
5.571149, 5.870057
5.564423, 5.893536
5.536530, 5.913689
5.503599, 5.930085
5.480861, 5.941405
5.437588, 6.000364
5.411283, 6.026088
5.368912, 6.067523
5.326446, 6.117424
5.287358, 6.154115
5.284082, 6.190031
5.109631, 6.388221
5.068670, 6.427962
5.050400, 6.472406
5.022901, 6.528392
4.990683, 6.575669
6b02b70d-3247-470b-bb9b-c7b74ec1bc39
6.377490, 8.260555
6.298437, 8.318224
6.275553, 8.338624
6.185295, 8.401422
6.137392, 8.431103
6.087011, 8.462319
6.037599, 8.489414
5.983261, 8.526037
5.936541, 8.546696
5.874702, 8.590404
5.827020, 8.620441
5.776872, 8.652030
5.726725, 8.683619
5.676578, 8.715206
5.637730, 8.730833
58f97ae4-d0f0-4630-9510-868d0bc822fc
6.403987, 7.893012
6.458259, 7.907910
6.499687, 7.923939
6.544010, 7.949978
6.652055, 8.045071
6.674842, 8.069114
6.703370, 8.069534
6.785195, 8.103517
6.853572, 8.127051
6.895998, 8.147986
6.968588, 8.188497
7.005367, 8.210735
cac13ab9-8824-4382-a656-216c4840682d
6.381644, 7.769660
6.338390, 7.802792
6.309268, 7.828871
6.275340, 7.873320
6.233057, 7.913641
6.159960, 7.972708
6.119919, 7.995443
6.044902, 8.035652
5.968926, 8.074024
5.908881, 8.095056
5.835124, 8.124062
5.787854, 8.131392
5.735562, 8.139504
5.669497, 8.158842
5.590264, 8.191393
5.545232, 8.209893
9779e0cb-1ddb-4eed-98d9-b1ddb099d80d
6.388276, 7.454902
6.358688, 7.483082
6.319965, 7.510047
6.236646, 7.582053
6.197439, 7.625826
6.162231, 7.627164
6.112844, 7.698914
6.030346, 7.785600
6.001058, 7.812034
5.981986, 7.833280
5.965474, 7.860636
5.942582, 7.892767
5.907765, 7.941840
b20b6c29-be02-471e-a96b-d8411a058af7
6.471949, 6.347936
6.431356, 6.357851
6.375977, 6.368296
6.334069, 6.379246
6.276636, 6.397347
6.218152, 6.418920
6.160771, 6.443277
6.125269, 6.463225
6.053379, 6.506775
6.017884, 6.519527
5.957391, 6.536392
5.898850, 6.560044
5.810982, 6.615532
5.734460, 6.644310
5.652961, 6.670527
5.580425, 6.693861
5.505957, 6.720961
5.445968, 6.742894
896be3b8-fa1e-4af7-a084-26edd19fb04f
6.445924, 6.652849
6.397270, 6.655455
6.344433, 6.658282
6.288051, 6.667284
6.258003, 6.678141
6.211704, 6.702827
6.103352, 6.745061
6.041369, 6.767677
5.993040, 6.775752
5.930297, 6.781624
5.857786, 6.794424
5.810531, 6.796686
5.717505, 6.801139
5.663184, 6.809733
2d13431d-1d1d-4ad2-a5f9-629ac8f616dc
6.498921, 5.833466
6.438900, 5.863167
6.395266, 5.884757
6.369248, 5.900970
6.317512, 5.938500
6.264678, 5.965732
6.235812, 5.982294
6.189535, 6.015747
6.166932, 6.043165
6.147547, 6.076091
6.118541, 6.131260
6.099911, 6.157045
6.069486, 6.194043
6.038565, 6.231646
5.939907, 6.321192
5.910131, 6.348169
5.891101, 6.369399
5.863213, 6.404938
5.837204, 6.438023
5.811669, 6.475288
5.787471, 6.507954
5.761463, 6.535521
5.708650, 6.608259
936e2437-ec0e-4e5a-802d-2e86fb5e7a75
6.476997, 5.740902
6.427865, 5.755900
6.354080, 5.779987
6.271506, 5.802581
6.193812, 5.830046
6.143921, 5.847683
6.097680, 5.857679
6.036602, 5.887928
5.989584, 5.896181
5.928778, 5.909895
5.877964, 5.908991
5.818705, 5.907938
5.759703, 5.912878
ccbfa783-d7dc-4ddb-b5d2-3852c33d501b
6.557283, 6.043078
6.595162, 6.062125
6.632792, 6.084796
6.730215, 6.141211
6.904793, 6.182529
8a013e37-d677-4041-bddc-f30c2d4af52c
6.556428, 5.232441
6.582713, 5.157557
6.617004, 5.102123
6.641321, 5.075056
6.663510, 5.047988
6.684454, 5.019946
6.699939, 5.001571
6.721621, 4.978033
6.744145, 4.951244
6.761029, 4.938009
6.780779, 4.924318
6.865665, 4.837775
6.883470, 4.821638
6.908105, 4.801212
6.933618, 4.781893
6.959958, 4.763718
6.987433, 4.744759
7.013162, 4.728928
7.035775, 4.711499
b7371e19-58f7-4c41-8168-c623c47b9427
6.407116, 8.825123
6.144315, 8.849110
