main root
6.570443, 5.205843
6.620190, 5.374217
6.614095, 5.607202
6.576761, 5.850940
6.577336, 5.987209
6.601212, 6.186962
6.653876, 6.475476
6.664530, 6.714346
6.685599, 6.949887
6.677988, 7.068876
6.670385, 7.216201
6.672907, 7.290563
6.671724, 7.362945
ee9d22ce-a1dc-468a-8b63-7b7d537355ca
6.631965, 5.312496
6.759472, 5.311187
6.806324, 5.308279
6.870156, 5.344243
6.909366, 5.351944
6.969436, 5.353065
94008451-c376-4b8a-8c28-bea61057c762
6.623088, 5.548050
6.708510, 5.511550
6.774775, 5.477100
db0e34ee-eda7-4f7f-8e75-e6ed35a5a834
6.557190, 5.637671
6.512642, 5.655958
6.465426, 5.676861
d73a2bbf-2dcf-40f5-9c8c-dd12414ca67a
6.581574, 5.780101
6.493457, 5.756913
59cb8934-8f00-4c18-8bb5-bf9fd9101369
6.604297, 5.712325
6.648375, 5.728137
6.680200, 5.748867
