main root
6.928891, 4.230284
6.936653, 4.536751
6.935376, 4.700174
6.971263, 4.825430
7.000162, 4.956594
7.036658, 5.112728
7.079658, 5.268350
7.094787, 5.361273
7.096036, 5.447240
7.093403, 5.557248
7.078440, 5.651834
7.061242, 5.760545
7.044045, 5.869255
7.022684, 5.977193
7.003383, 6.085626
6.989771, 6.186239
6.988969, 6.286857
6.992323, 6.397063
6.995671, 6.507075
6.992670, 6.617123
6.987782, 6.718711
6.975789, 6.836288
6.957514, 6.953062
6.941804, 7.053446
6.932402, 7.154579
6.911002, 7.270787
6.883403, 7.385711
6.856260, 7.533253
6.833488, 7.691019
6.804061, 7.821853
6.769142, 7.943272
6.743072, 8.071842
6.722074, 8.206897
6.702262, 8.306791
6.694178, 8.379991
6.686742, 8.447314
6.686992, 8.573690
6.690146, 8.652852
6.685872, 8.695758
6.675641, 8.768281
6.662460, 8.840327
6.648756, 8.915259
6.632144, 8.972845
6.608989, 9.042330
6.589029, 9.092769
6.531077, 9.187358
6.458246, 9.279010
6.412303, 9.351269
6.372356, 9.419684
6.339331, 9.505946
6.317277, 9.588683
6.308269, 9.680608
6.298776, 9.746860
6.288734, 9.795858
6.313826, 9.892760
6.291398, 10.061460
6.263958, 10.221262
6.247136, 10.353036
6.217948, 10.500443
6.181747, 10.629554
6.137522, 10.756361
6.111050, 10.876899
6.085624, 10.992673
6.059028, 11.084181
6.022457, 11.179689
5.985055, 11.265606
5.968312, 11.319873
5.949820, 11.382581
ff7f5ad1-7be2-4c3b-ba32-77340ee32cde
6.929493, 5.014604
6.906813, 5.023245
6.875368, 5.027611
6.847658, 5.034478
6.818766, 5.044719
6.777058, 5.062676
6.714168, 5.095504
6.636094, 5.093848
6.596957, 5.110397
6.559568, 5.122954
6.517566, 5.140217
6.478423, 5.156303
6.440910, 5.168479
6.400657, 5.181543
6.360404, 5.194604
6.318227, 5.211434
6.277248, 5.231012
6.250009, 5.240710
6.210139, 5.254908
6.180227, 5.265562
0b7c2e44-8e02-49ba-b00f-32cf01ad78cf
6.922368, 4.311375
6.847430, 4.403876
0b3e3f30-8e4e-40dd-9e88-8954216b934d
6.937010, 4.439905
6.882798, 4.610704
