main root
6.877052, 4.982545
6.935026, 5.269385
6.942067, 5.311782
6.947998, 5.374908
6.935395, 5.450190
6.927351, 5.560555
6.930665, 5.807899
6.922643, 5.933299
6.929740, 6.053676
6.915741, 6.201111
6.914631, 6.293523
6.919914, 6.394321
6.883903, 6.530763
6.864187, 6.629747
6.861187, 6.731409
6.846178, 6.809850
6.820302, 6.933922
6.794072, 7.049355
6.767808, 7.164938
6.745629, 7.290969
6.710389, 7.414343
6.684753, 7.534760
6.647546, 7.684405
6.633823, 7.817738
6.608397, 7.921526
6.570025, 8.069695
6.536309, 8.183050
6.496881, 8.285926
6.447712, 8.384654
6.422357, 8.449798
6.407887, 8.504127
6.400607, 8.555635
6.390063, 8.608839
6.347933, 8.785736
6.332499, 8.863471
6.310602, 8.927654
6.287864, 9.003571
6.268010, 9.080294
6.242477, 9.143119
6.220373, 9.229315
6.199289, 9.299482
6.177360, 9.372457
6.157437, 9.449160
6.133989, 9.515612
6.112287, 9.595106
6.092220, 9.668617
6.074255, 9.745803
6.056982, 9.820021
6.039709, 9.894236
6.024672, 9.972042
6.010213, 10.046855
5.998124, 10.125175
5.986499, 10.200481
5.964868, 10.262129
5.945082, 10.300434
5.955129, 10.336899
5.939493, 10.459331
5.924546, 10.543627
5.910399, 10.635460
5.901698, 10.691943
5.892915, 10.753481
5.917120, 10.904330
5.910070, 10.989058
5.902294, 11.045305
5.896585, 11.107800
5.888355, 11.163986
5.884668, 11.229825
5.881240, 11.289421
5.877720, 11.349010
5.871297, 11.405430
5.867089, 11.468039
5.862994, 11.527592
5.858808, 11.587137
5.848977, 11.640285
5.845227, 11.709433
5.839076, 11.765883
5.837821, 11.831813
5.828000, 11.871243
5.824389, 11.947281
5.818617, 12.003770
5.809785, 12.059863
5.805393, 12.125664
5.798540, 12.182033
5.796465, 12.247946
5.788700, 12.301434
5.785096, 12.367278
5.778916, 12.423723
5.772328, 12.483052
5.773582, 12.552286
5.759751, 12.643493
5.755732, 12.709316
5.749197, 12.765722
5.742234, 12.825007
5.737802, 12.887604
5.730722, 12.943945
5.728382, 13.009848
5.718209, 13.040651
5.707017, 13.112425
5.644081, 13.198911
5.610201, 13.255486
5.561841, 13.298336
5.507103, 13.334407
5.482513, 13.364842
5.450205, 13.353998
5.346538, 13.372262
5.271301, 13.359032
5.197688, 13.356764
5.113427, 13.356243
5.028768, 13.355720
4.935636, 13.355144
4.842510, 13.354568
4.749384, 13.353993
4.656258, 13.353417
4.563132, 13.352841
4.470006, 13.352266
4.376880, 13.351690
4.283753, 13.351114
e817fa4b-a288-4cd7-9bbe-b8948c55973b
6.919364, 5.517003
6.753674, 5.563518
6.639591, 5.610296
6.596349, 5.616703
6.526749, 5.627621
6.485714, 5.640723
6.403107, 5.678097
6.332839, 5.704961
6.258217, 5.740283
6.213502, 5.763104
6.141784, 5.790155
6.003573, 5.858572
5.957506, 5.878031
5.938283, 5.910115
5.840792, 5.986272
5.770906, 6.032970
5.692987, 6.072565
5.620141, 6.114234
5.552888, 6.156152
5.486788, 6.202642
5.407527, 6.266148
5.355134, 6.304289
5.316105, 6.330852
beba12d4-3a6c-4ebf-a425-46ebbf3cccdb
6.943594, 5.449882
7.038858, 5.469232
7.127235, 5.464882
7.238942, 5.484172
7.310572, 5.499579
7.363472, 5.517080
7.428477, 5.545234
7.482758, 5.575267
7.542025, 5.608059
7.589246, 5.637309
7.754609, 5.693792
7.788660, 5.705423
7.853046, 5.752194
7.900996, 5.787026
7.948945, 5.821858
7.996895, 5.856690
8.049026, 5.890860
8.094447, 5.924212
8.146401, 5.958647
8.195804, 5.991388
8.241056, 6.024971
8.288650, 6.060288
8.332056, 6.096226
8.381921, 6.133625
8.425143, 6.169783
8.470601, 6.207810
8.500296, 6.250877
63810b72-30a0-4cf6-a83c-7edc027c4794
6.734154, 5.251358
6.631797, 5.495018
6.499562, 5.713439
6.407122, 5.872227
6.389875, 5.929360
6.374251, 5.960397
6.288941, 6.297044
6.249858, 6.579484
6.244186, 6.631455
6.234935, 6.674909
6.230133, 6.733438
6.227360, 6.785645
6.220430, 6.831614
6.221669, 6.893730
6.215057, 6.937150
6.203645, 6.982199
6.197965, 7.010681
6.194166, 7.037341
c431b25a-49b2-46dc-a3d4-f0faa528a7d9
6.871518, 5.615464
6.757264, 5.804987
6.737286, 5.895124
6.705337, 5.975374
6.683631, 6.046078
6.662762, 6.108959
6.638581, 6.167568
6.615999, 6.237996
6.594351, 6.300610
6.567592, 6.355104
6.537056, 6.413897
6.485082, 6.842804
6.435106, 6.977606
6.425113, 7.009648
6.416115, 7.034382
6.380944, 7.101499
6.357559, 7.143484
6.336587, 7.197073
6.319633, 7.245241
9f558df3-a022-44b9-b6cd-b61992ad8320
6.902073, 6.463839
6.851437, 6.484711
6.809361, 6.514666
0376daf9-877d-46ca-93f1-e5ecca693690
6.863740, 6.381690
6.717814, 6.401508
6.578019, 6.421307
6.503052, 6.435592
6.434116, 6.445680
6.388143, 6.454789
6.352790, 6.467249
6.297875, 6.492090
af6c7fe7-c889-4f13-b9a9-95d2b9c5db02
6.809592, 7.002284
6.855990, 7.037615
6.886605, 7.078596
6.901808, 7.098944
