main root
7.007482, 4.008599
6.932135, 4.114292
6.884049, 4.239779
6.827414, 4.366159
6.787446, 4.494410
6.743065, 4.601322
6.699501, 4.711769
6.659590, 4.831551
6.622255, 4.930211
6.595448, 5.018879
6.564621, 5.099345
6.532245, 5.178058
6.502117, 5.256758
6.480197, 5.337217
6.455965, 5.403388
6.425987, 5.509864
6.407406, 5.586907
6.387331, 5.657373
6.368512, 5.734357
6.310688, 5.817805
6.284699, 5.876773
6.271545, 5.921467
6.253019, 5.984415
6.239609, 6.072385
6.224363, 6.142602
6.204961, 6.203740
6.170560, 6.291281
6.143764, 6.370810
6.117552, 6.439228
6.089429, 6.508453
6.063800, 6.588062
6.034469, 6.645330
5.977328, 6.713082
5.967409, 6.748334
5.953602, 6.783910
5.932311, 6.882649
5.933026, 6.929469
5.933102, 7.002285
5.945169, 7.083525
5.980815, 7.201728
6.031328, 7.332133
6.058895, 7.442346
6.051194, 7.597328
6.033805, 7.691498
6.013818, 7.799729
5.998630, 7.914938
5.974866, 7.981868
5.948633, 8.061952
5.920175, 8.142165
5.901745, 8.200310
5.894628, 8.243349
5.890268, 8.307847
5.899669, 8.384006
5.910042, 8.468032
5.913217, 8.562435
5.912684, 8.672479
5.918499, 8.782744
5.934389, 8.883255
5.959230, 8.999847
5.968087, 9.102321
5.973029, 9.176868
5.978068, 9.252894
5.948415, 9.291553
5.960601, 9.333583
5.948014, 9.454098
5.955476, 9.544240
5.943350, 9.653025
5.943659, 9.746699
5.943935, 9.830424
5.948447, 9.923076
5.938384, 9.991238
5.924764, 10.115686
5.916837, 10.226993
5.912337, 10.319802
5.925336, 10.400201
5.937926, 10.517718
5.944559, 10.619350
5.956875, 10.711163
5.964134, 10.796468
5.972212, 10.873758
5.982774, 10.974804
5.992883, 11.042730
6.002205, 11.085029
b397df36-7b09-44df-a403-eef20fd5a296
6.980767, 4.212167
7.051411, 4.256797
7.099024, 4.289654
7.168559, 4.333506
7.247429, 4.382635
7.303930, 4.435176
7.354412, 4.470567
7.420975, 4.513577
7.473436, 4.552819
