main root
6.670600, 4.408911
6.643889, 4.655342
6.644617, 4.766459
6.641109, 4.876433
6.616468, 4.985208
6.588211, 5.042929
6.584896, 5.117012
6.612316, 5.267850
6.602712, 5.380673
6.602070, 5.438086
6.603799, 5.551166
6.617629, 5.625379
6.646152, 5.732244
6.684827, 5.836119
6.695708, 5.901730
6.709783, 5.948027
6.710198, 5.994400
6.731369, 6.157368
6.802590, 6.337933
6.838264, 6.433709
6.842778, 6.477464
6.947301, 6.440346
6.697605, 6.434951
6.645909, 6.442552
6.573014, 6.457809
6.511106, 6.467708
6.440456, 6.469227
6.385926, 6.476388
6.351209, 6.474909
6.325828, 6.491111
6.286618, 6.509039
6.233275, 6.533428
6.166929, 6.557180
6.095186, 6.582863
6.021634, 6.612373
5.950954, 6.645264
5.902978, 6.667590
5.858894, 6.697980
e15bd723-8632-4f59-8edf-f072aa0aa08b
6.687128, 4.808142
6.799052, 4.871028
6.857684, 4.900549
6.940105, 4.944404
7.015447, 4.982143
7.045149, 5.005390
7.214434, 5.050828
7.287034, 5.085407
7.378723, 5.147827
7.451762, 5.153482
7.526442, 5.186831
7.569311, 5.275210
7.648726, 5.336790
7.745835, 5.402441
7.855080, 5.452483
7.954301, 5.464641
7.995087, 5.472653
1c11b355-592e-408c-a983-3757eb182f78
6.559596, 4.867229
6.508997, 4.864365
6.477052, 4.865168
6.451146, 4.859831
6.424197, 4.854278
6.399323, 4.849149
6.299881, 4.863694
6.211482, 4.855769
6.169527, 4.852007
6.113745, 4.844000
6.056772, 4.834310
5.985179, 4.828207
5.916069, 4.823817
5.850057, 4.818124
5.792476, 4.817666
5.731502, 4.819254
5.695531, 4.820191
5.580821, 4.822888
5.533761, 4.824326
5.488556, 4.828704
5.449121, 4.829517
5.400943, 4.836502
5.356523, 4.845968
5.317435, 4.851238
5.278061, 4.853523
5.249891, 4.858155
5.205664, 4.868459
5.164445, 4.878061
5.125464, 4.884069
5.068140, 4.891389
4.999659, 4.901643
4.933929, 4.909971
4.864136, 4.921831
4.794048, 4.935259
4.758708, 4.942030
b8cd1236-23f0-4941-9579-e0d24c4e10e2
6.590755, 4.699035
6.502111, 4.718058
6.467387, 4.719387
6.427957, 4.717902
6.397355, 4.719744
6.355093, 4.722290
6.310023, 4.728005
6.262836, 4.740022
6.216800, 4.734750
6.095444, 4.749439
6.046247, 4.755394
5.987404, 4.762516
5.927256, 4.771304
5.862757, 4.777701
5.806467, 4.780278
5.748692, 4.781424
5.685374, 4.778190
5.613014, 4.778989
5.542324, 4.782765
5.464822, 4.788403
5.407823, 4.792550
5.353790, 4.799295
5.271803, 4.796429
5.233154, 4.791999
5.189977, 4.789978
5.148252, 4.787940
5.103396, 4.788663
5.061627, 4.789252
5.019856, 4.789756
4.983958, 4.790106
4.955679, 4.793291
4.911518, 4.801192
4.870383, 4.808466
4.829165, 4.815755
4.797370, 4.816817
4.748044, 4.816967
4.692769, 4.821624
4.655305, 4.817271
4.605288, 4.812965
4.564578, 4.813968
4.512333, 4.816752
4.457361, 4.824178
4.409584, 4.827611
4.351856, 4.830259
4.294765, 4.832878
4.240278, 4.835238
1754c93d-3a7e-4f91-a97b-b0b7f243bd34
6.650144, 6.218631
6.603393, 6.251972
6.576308, 6.263938
6.545250, 6.281977
