main root
6.990410, 5.248692
6.986130, 5.350808
6.969832, 5.452319
6.957070, 5.579813
6.943129, 5.781936
6.900293, 6.109275
6.903213, 6.314696
6.929908, 6.554144
6.942381, 6.794179
6.930769, 7.046578
6.927855, 7.293117
6.941191, 7.537552
6.938226, 7.784401
6.924715, 8.033508
6.923825, 8.245374
6.908379, 8.463784
6.873447, 8.671032
6.853198, 8.880300
6.833069, 9.068536
6.816701, 9.162064
6.807822, 9.204114
6.806453, 9.326455
6.804219, 9.392658
6.800492, 9.458794
6.793764, 9.498441
6.793463, 9.580741
6.788814, 9.624921
6.777733, 9.687334
6.767110, 9.755749
6.755471, 9.820959
6.742363, 9.885891
6.730137, 9.954036
6.719389, 10.022431
6.707633, 10.087621
6.694409, 10.152528
6.677388, 10.213591
6.662326, 10.284357
6.649279, 10.338484
6.628636, 10.382059
2771e50d-ce88-495c-96d5-8a54e45461eb
7.067272, 5.516749
7.120260, 5.533008
7.164404, 5.546660
7.222313, 5.572124
7.293939, 5.602207
7.387614, 5.641552
7.457869, 5.671060
7.514432, 5.701310
7.553947, 5.719047
7.646359, 5.748903
7.719182, 5.785368
7.795010, 5.816641
7.865101, 5.845549
7.965138, 5.891386
8.026482, 5.926077
8.100972, 5.961325
8.175835, 5.991781
8.236670, 6.024610
8.327949, 6.069061
8.377234, 6.096391
8.424246, 6.115615
c16b85cf-9187-4cac-b7d8-df582bc43433
7.079130, 5.638344
7.148921, 5.678426
7.221807, 5.698457
7.331516, 5.681821
7.454449, 5.674102
7.582784, 5.686787
7.642080, 5.689035
7.730846, 5.683935
7.771489, 5.683099
7.813602, 5.682231
7.855112, 5.684371
7.900587, 5.689712
7.956129, 5.699249
8.011084, 5.711722
8.076043, 5.720329
8.136060, 5.725260
8.180984, 5.724446
8.234068, 5.718994
8.302781, 5.710432
8.365293, 5.705659
8.421628, 5.704359
8.479418, 5.704524
8.527216, 5.707655
8.589538, 5.708736
8.650317, 5.708294
8.701116, 5.707924
8.758894, 5.709001
8.809686, 5.709948
8.862253, 5.715419
8.911139, 5.722012
8.959805, 5.730086
9.009914, 5.738399
9.063105, 5.742672
9.133839, 5.745352
9.196159, 5.744718
9.259870, 5.739578
9.327387, 5.734132
9.386461, 5.729367
9.445536, 5.724602
9.501867, 5.723062
9.590047, 5.718473
9.636370, 5.721955
9.718770, 5.721773
9.832562, 5.719783
9.874837, 5.719044
9.917111, 5.718304
9.976364, 5.717268
10.032678, 5.719276
10.088803, 5.724273
10.146214, 5.730887
10.196682, 5.736701
10.255565, 5.743485
10.313108, 5.745594
10.383904, 5.745193
10.441285, 5.740377
10.512878, 5.729862
10.579896, 5.720019
10.638539, 5.711406
10.691292, 5.708197
10.757504, 5.705669
10.823749, 5.704638
10.892947, 5.702064
10.960636, 5.699546
10.998034, 5.696657
fbc7f694-9297-478b-b0f7-cd2e57ed1b15
7.102249, 5.656930
7.092696, 5.738642
7.089746, 5.763870
7.096669, 5.780263
7.094695, 5.820391
7.088351, 5.857969
7.087451, 5.890276
7.088944, 5.944130
7.085033, 6.026101
7.089517, 6.057737
7.093801, 6.109021
0cd838cf-52be-42bf-a218-f6438a37eec4
6.895789, 5.265709
6.758284, 5.255401
6.597902, 5.230071
6.492083, 5.234082
6.430454, 5.246723
6.370189, 5.262530
6.326920, 5.273390
6.266970, 5.257687
6.236540, 5.269342
6.176135, 5.284572
6.101994, 5.304809
6.002079, 5.325503
5.920841, 5.346565
5.848933, 5.371393
5.783205, 5.400422
5.725525, 5.429169
5.611787, 5.433506
5.455533, 5.453366
5.282141, 5.459234
5.171402, 5.461711
5.053462, 5.474663
4.902046, 5.505974
0b580c95-507d-4d77-8509-4627bb0eca9b
6.882967, 5.269522
6.852137, 5.356327
6.808738, 5.394500
6.753648, 5.448756
6.668865, 5.515669
6.617142, 5.553402
6.583598, 5.574168
6.547605, 5.596451
6.526009, 5.609821
6.517093, 5.629648
6.475701, 5.676630
6.451911, 5.703587
6.431428, 5.735797
6.392117, 5.795237
6.361659, 5.833152
6.329386, 5.868546
6.296389, 5.900292
6.261647, 5.941567
6.247384, 5.992467
6.148029, 6.144215
6.132031, 6.175984
6.111004, 6.207754
6.091145, 6.237761
6.051611, 6.325941
6.011340, 6.468135
5.974438, 6.550017
5.956300, 6.586622
5.936156, 6.620532
5.905367, 6.669433
5.878298, 6.712424
5.851041, 6.761332
5.827016, 6.813663
5.800964, 6.881175
5.783437, 6.926594
9b3f6eb7-af28-44cf-89ad-1dde9b4c81bd
6.879572, 5.435343
6.761991, 5.445158
6.616896, 5.453674
6.538012, 5.448638
6.434113, 5.449846
6.348516, 5.447889
6.255217, 5.443653
6.170961, 5.441903
6.086695, 5.442227
6.003758, 5.450841
5.910666, 5.458396
5.825690, 5.463211
5.755037, 5.461742
5.670393, 5.459983
5.577475, 5.460155
5.478486, 5.473032
5.369113, 5.485125
5.266884, 5.487915
5.156854, 5.488802
5.073064, 5.493624
4.981517, 5.507320
4.890495, 5.525192
4.801649, 5.551211
4.713088, 5.579338
4.634462, 5.608661
4.545292, 5.637426
4.456650, 5.666021
4.366274, 5.690755
4.259604, 5.717754
4.200158, 5.748073
4.092954, 5.798014
4.009634, 5.839149
3.929823, 5.871613
3.850221, 5.901753
3.771042, 5.931733
3.694564, 5.970295
3.627854, 6.000579
3.558473, 6.032078
3.489093, 6.063577
3.422689, 6.087149
3.356865, 6.110514
3.319316, 6.130194
3.212195, 6.195589
3.080110, 6.258746
2.999449, 6.304308
2.910988, 6.354277
2.815160, 6.408407
2.720315, 6.464413
2.636258, 6.521417
2.554672, 6.581858
2.479837, 6.637297
2.402120, 6.689635
2.322128, 6.738434
2.242620, 6.786937
2.163111, 6.835441
2.086196, 6.887290
2.006225, 6.936127
1.926743, 6.984664
1.847261, 7.033203
1.770374, 7.085085
1.694548, 7.138789
1.615493, 7.202556
1.536415, 7.266341
1.466936, 7.327789
1.409599, 7.382494
1.331496, 7.457014
1.293309, 7.489309
1.272505, 7.522586
f191fae4-5cbe-4558-b204-85c6c624388f
6.871061, 5.641532
6.795740, 5.664861
6.730172, 5.674024
6.652841, 5.718853
6.595702, 5.757228
6.557958, 5.783052
6.502068, 5.815867
6.469439, 5.840230
6.436608, 5.868483
6.386079, 5.921835
6.327862, 5.983306
6.298755, 6.014040
6.204667, 6.161717
6.177126, 6.207491
6.140247, 6.267620
6.067649, 6.427471
6.061130, 6.498613
6.058229, 6.530227
6.058614, 6.558773
6.062072, 6.593470
6.069546, 6.638261
6.074788, 6.678772
6.077953, 6.726568
6.087541, 6.780723
6.104812, 6.843934
6.122271, 6.902156
6.139414, 6.943689
6.171118, 7.008733
6.198793, 7.068927
6.244006, 7.116677
6.276740, 7.170002
6.306073, 7.244925
6.351922, 7.313396
6.388690, 7.369268
6.434695, 7.433703
6.466391, 7.493551
6.509240, 7.555271
6.548842, 7.617529
6.584424, 7.657642
6.619021, 7.701459
6.693140, 7.809853
6.750494, 7.907329
6.807899, 8.004892
6.922191, 8.136870
6.997765, 8.482528
7.020278, 8.527345
7.053749, 8.587310
7.106275, 8.745136
7efffe96-0552-4e7b-8217-d9bbb1feeff4
6.838168, 5.861515
6.754421, 5.892755
6.597070, 5.951035
6.499968, 5.994637
6.410882, 6.034757
6.307409, 6.060151
6.191496, 6.087321
6.127330, 6.108360
6.036219, 6.131595
5.935976, 6.150608
5.837570, 6.175733
5.754615, 6.194773
5.674727, 6.219491
5.589776, 6.237093
5.497263, 6.251966
5.406449, 6.270827
5.317893, 6.297812
5.225450, 6.317185
5.133635, 6.334277
5.037689, 6.360745
4.949480, 6.389443
4.877020, 6.413017
4.799396, 6.440483
4.761482, 6.453898
4.690161, 6.464169
4.590115, 6.490264
4.499931, 6.511614
4.412489, 6.536662
4.346109, 6.568805
4.261158, 6.607602
4.184147, 6.642774
4.115862, 6.658696
4.034349, 6.681970
3.944792, 6.707541
3.857653, 6.738985
3.764457, 6.779360
3.686773, 6.813015
3.616855, 6.843305
3.546937, 6.873595
3.476128, 6.906564
3.439669, 6.923540
6191968a-d9a5-4571-82b9-6e9e3c60d0c7
6.847822, 5.855952
6.684104, 5.967259
6.593878, 6.046790
6.515537, 6.099238
6.456441, 6.127993
6.390690, 6.153328
6.349213, 6.169309
6.319365, 6.200634
6.272477, 6.231635
6.193436, 6.281372
6.118850, 6.323404
6.037713, 6.369129
5.957816, 6.416570
5.887864, 6.462930
5.824343, 6.505028
5.760822, 6.547125
5.669077, 6.607927
5.590090, 6.657751
5.529825, 6.708270
5.453384, 6.775109
5.382913, 6.825709
5.322389, 6.861795
5.275899, 6.892998
5.211814, 6.939615
5.148876, 6.992800
5.090675, 7.041980
5.031410, 7.103816
4.978597, 7.154596
4.905534, 7.226051
4.870752, 7.257975
4.829443, 7.315396
4.786281, 7.366010
4.731497, 7.430251
4.676328, 7.504670
4.624547, 7.592277
4.572848, 7.679745
4.518637, 7.775623
4.470506, 7.865045
4.428355, 7.938982
4.388434, 8.013195
4.348324, 8.087759
4.300275, 8.168200
4.256372, 8.249906
4.218181, 8.334311
4.176298, 8.426877
4.139920, 8.512380
4.106771, 8.590290
4.072338, 8.676593
4.040962, 8.755233
4.009383, 8.818233
3.988903, 8.865774
3.961883, 8.943625
3.942437, 9.027044
3.928188, 9.074985
0f03f669-7825-45b2-adf9-c01369bd4f88
6.802149, 6.898269
6.690139, 6.904264
6.645770, 6.902142
6.609357, 6.904895
6.575400, 6.889577
6.554244, 6.878377
6.532890, 6.881684
6.491951, 6.888025
6.416656, 6.851474
6.239485, 6.795328
6.193603, 6.783421
63a60cd0-4077-4630-bfab-9d26fe0b9e22
6.993917, 6.628968
7.176347, 6.674048
7.275635, 6.686125
7.304294, 6.695028
7.323742, 6.702869
7.336292, 6.689231
7.372392, 6.687335
7.488234, 6.654574
7.533933, 6.617807
7.587162, 6.571137
7.605984, 6.558616
7.654079, 6.535171
