main root
7.306119, 4.513564
7.260734, 4.561051
7.216541, 4.609509
7.144423, 4.700143
7.089188, 4.783009
7.041566, 4.867653
6.997053, 4.966793
6.963362, 5.046982
6.943175, 5.184267
6.931334, 5.293883
6.927681, 5.386453
6.934566, 5.478750
6.955647, 5.607510
6.983885, 5.741245
7.003322, 5.900641
7.000278, 6.036193
6.999245, 6.174937
6.984081, 6.316950
6.961635, 6.415910
6.901256, 6.587017
6.867004, 6.710562
6.760539, 6.884278
6.676405, 7.022227
6.622318, 7.120830
6.568302, 7.232432
6.520315, 7.341261
6.481651, 7.444679
6.445890, 7.558406
6.381284, 7.673416
6.363721, 7.757569
6.371590, 7.890494
6.366796, 7.975011
6.317780, 8.113572
6.248684, 8.270082
6.252542, 8.385736
6.254096, 8.495759
6.240733, 8.598109
6.267619, 8.748139
6.285540, 8.848146
6.304954, 8.956478
6.309722, 9.067055
6.316208, 9.168394
6.338142, 9.246832
6.363678, 9.353868
6.385078, 9.461796
6.397138, 9.555068
6.395933, 9.644161
6.388098, 9.753965
6.372858, 9.848684
6.353440, 9.916085
6.316987, 9.989530
6.269885, 10.079670
6.214987, 10.184731
6.160311, 10.280229
6.109957, 10.351143
6.037764, 10.434538
5.990338, 10.502251
5.955618, 10.573954
5.911405, 10.674970
5.871106, 10.777599
5.828927, 10.879225
5.779725, 10.986766
5.730128, 11.085000
5.673069, 11.179233
5.614276, 11.272244
5.550938, 11.372446
5.488610, 11.463130
5.431404, 11.557569
5.378764, 11.644469
5.338731, 11.726892
5.308021, 11.814194
5.276328, 11.910661
5.252754, 12.009523
5.238760, 12.095573
5.240559, 12.163379
5.249323, 12.254361
5.269555, 12.354087
5.282601, 12.418393
59c90d1a-b7f1-40e3-a1cb-b6059a21b81a
6.404734, 7.992522
6.441165, 8.007441
6.477640, 8.019168
6.499728, 8.053412
ce006489-8de8-4f7c-a93e-b6e79ca2b048
6.514380, 7.535272
6.533110, 7.557014
6.550162, 7.580972
6.570288, 7.614846
2bee6a13-08e6-42ad-a44d-b24498f22cef
6.506457, 7.260165
6.472474, 7.258279
6.401739, 7.242725
6.332046, 7.230301
6.270048, 7.219227
638c12f1-0ce3-44f7-a73d-3c032fdc2112
6.909795, 6.763360
6.942850, 6.812575
6.971584, 6.864515
7.002493, 6.918571
7.036029, 6.963385
7.079944, 7.015602
7.136057, 7.066045
7.165546, 7.117890
115f9cfc-763d-4b9b-b3cc-8469003f79bf
6.800872, 6.730585
6.753058, 6.739879
6.720686, 6.747724
6.699286, 6.748319
6.664111, 6.750821
6.626303, 6.758040
6.594361, 6.762643
6.557172, 6.772568
6.533671, 6.777320
6.509923, 6.780624
9a34c0d1-a06c-4b05-beac-2aa63a064bc5
6.726919, 6.833247
6.699181, 6.829001
6.642817, 6.822467
6.590013, 6.807903
64021f03-4b1f-4d7b-b495-aa79ee973130
6.854147, 6.819255
6.887540, 6.856898
6.901563, 6.877229
6.920199, 6.884462
6.938067, 6.896215
6.955143, 6.911029
3f4beac1-fa0b-47df-bd38-779e873cb4fb
6.911788, 5.048655
6.868277, 5.061104
6.827114, 5.087945
6.806108, 5.116325
6.788867, 5.149941
6.761933, 5.202337
6.737563, 5.262842
6.704640, 5.313768
6.661499, 5.349940
6.644232, 5.379985
6.623554, 5.408713
6.619855, 5.429621
6.603497, 5.478765
6.582539, 5.540885
6.550581, 5.609287
6.516159, 5.672356
6.482039, 5.747366
6.437342, 5.845628
6.414422, 5.899631
cd263e7d-f6bd-4c04-911f-c02c8a1acad5
7.184651, 4.544370
7.133126, 4.539142
7.081117, 4.540119
7.033368, 4.545164
6.994907, 4.558288
6.929944, 4.582023
6.876841, 4.623084
6.851432, 4.684360
