main root
6.597219, 5.214778
6.678617, 5.372195
6.729514, 5.583983
6.732379, 5.752952
6.720923, 5.948975
6.693164, 6.131237
6.692547, 6.347752
6.680403, 6.598898
6.677769, 6.835593
6.680753, 7.027675
6.685938, 7.225322
6.697581, 7.372414
6.714594, 7.508024
6.715270, 7.631324
6.707944, 7.797125
6.639571, 7.995143
6.604619, 8.151888
6.568855, 8.281773
6.527597, 8.408821
6.520835, 8.519609
6.517257, 8.647163
6.517879, 8.774767
6.529001, 8.903055
6.537123, 9.021167
6.541022, 9.139374
6.542533, 9.249388
6.537826, 9.367490
6.524699, 9.484918
6.510374, 9.594014
6.514800, 9.657536
6.522450, 9.767332
6.523758, 9.877405
6.522849, 9.979098
6.511381, 10.078874
6.485386, 10.194178
6.455467, 10.317345
6.425477, 10.431866
6.405937, 10.531528
6.391282, 10.650134
6.381973, 10.759991
6.381094, 10.870597
6.378105, 10.980592
6.384213, 11.067258
6.405713, 11.161617
6.427855, 11.277794
6.436808, 11.369705
6.432700, 11.480305
6.434607, 11.599493
6.438615, 11.718154
6.446267, 11.819397
6.440123, 11.906560
6.432384, 12.016354
6.433073, 12.126967
6.433757, 12.237034
6.436438, 12.329912
6.437258, 12.431612
6.435962, 12.533302
6.443198, 12.616376
6.442980, 12.710827
6.451182, 12.803040
6.456621, 12.864181
a370efa2-e8c5-42f6-b9a8-80ec4af2db32
6.738226, 5.178276
6.835791, 5.129847
6.908923, 5.099972
6.940909, 5.089788
6.969119, 5.074804
7.009555, 5.044852
7.047594, 5.043176
7.084115, 5.047561
7.146288, 5.052010
7.194271, 5.059944
7.244387, 5.068232
7.278167, 5.075335
7.344612, 5.105039
7.389015, 5.126529
7.425027, 5.147284
7.472291, 5.177980
7.521994, 5.210257
7.565486, 5.243856
7.605686, 5.274912
7.658882, 5.310335
7.717332, 5.347457
7.764346, 5.373771
7.816060, 5.402715
7.867779, 5.431661
7.891411, 5.448318
7.915277, 5.466970
7.935289, 5.482612
7.974898, 5.516011
8.005062, 5.543403
8.036329, 5.577863
8.074696, 5.615693
8.105128, 5.649904
8.131153, 5.681411
8.157183, 5.719976
8.191836, 5.763291
8.234150, 5.816183
8.265585, 5.848288
8.319323, 5.896753
8.357534, 5.935246
8.395054, 5.977290
8.432401, 6.021390
8.461014, 6.059809
8.502698, 6.108261
8.546874, 6.159609
8.574563, 6.187204
a40f0747-f1f9-4076-9461-38f553248f62
6.488952, 5.238723
6.419196, 5.265311
6.340376, 5.286390
6.269745, 5.301692
6.195438, 5.318085
6.112002, 5.348751
6.046785, 5.361561
5.949032, 5.389384
5.879865, 5.402845
5.821402, 5.417272
5.771949, 5.432558
5.725530, 5.453172
5.654369, 5.488048
5.580465, 5.537603
5.452580, 5.582076
5.384293, 5.599484
5.308289, 5.621950
5.233188, 5.647272
5.162858, 5.667826
5.087680, 5.692916
5.017639, 5.722604
4.953349, 5.752935
4.886126, 5.784495
4.804411, 5.821234
4.712993, 5.848498
4.629538, 5.888752
4.540020, 5.920255
4.444186, 5.953979
4.353575, 5.979177
4.255043, 6.004381
4.198575, 6.029742
4.107768, 6.075162
4.026783, 6.120375
3.960245, 6.157521
3.891863, 6.195697
3.838993, 6.220600
a8337dc3-4e7e-46f7-8b67-aa2e49235f8d
6.686504, 5.509769
6.539684, 5.604481
6.460805, 5.648490
6.378945, 5.714282
6.308611, 5.773046
6.226505, 5.833618
6.146060, 5.895593
6.092784, 5.947316
6.029234, 6.014878
5.976765, 6.061923
5.946591, 6.092999
5.903956, 6.145504
5.855920, 6.204661
5.820333, 6.253240
5.782847, 6.314539
5.744084, 6.383666
5.707961, 6.454207
5.668026, 6.505920
5.630508, 6.554503
5.570979, 6.733804
5.483571, 6.908669
5.401421, 7.093489
5.367510, 7.208321
5.337226, 7.295462
5.316986, 7.385742
5.274768, 7.466974
5.244742, 7.532837
5.202098, 7.616239
5.154668, 7.690519
5.098843, 7.766221
5.036795, 7.846796
4.976530, 7.928523
4.912737, 8.007907
4.856186, 8.081635
4.794354, 8.162251
4.732232, 8.232874
4.663489, 8.307822
4.593203, 8.381324
4.545408, 8.443546
4.503748, 8.515143
4.454519, 8.603953
4.401487, 8.690898
4.347233, 8.767730
4.283311, 8.847251
4.217957, 8.925177
4.152673, 9.003020
4.098114, 9.077896
4.036521, 9.158834
3.990971, 9.228964
3.944850, 9.299973
3.902906, 9.361801
3.853021, 9.442871
3.829470, 9.492574
52697bce-8b25-4c66-91ac-fb27a3706ce4
6.579101, 5.590235
6.487848, 5.733812
6.413426, 5.826363
6.361582, 5.883534
6.306101, 5.946962
6.254038, 6.012781
6.185481, 6.079111
6.126712, 6.150604
6.055457, 6.223963
5.987218, 6.288180
5.922626, 6.354741
5.869432, 6.400960
5.816113, 6.455220
5.762742, 6.513804
5.711621, 6.574362
5.662467, 6.632589
5.508780, 6.855320
5.287244, 7.160905
5.254310, 7.205060
5.230227, 7.247366
5.206969, 7.270070
5.187330, 7.285056
5.183711, 7.303853
5.143627, 7.356134
5.112716, 7.396451
5.082081, 7.438867
5.043438, 7.500040
5.007732, 7.559365
4.971782, 7.613291
4.938908, 7.662603
4.905616, 7.709843
4.865873, 7.761038
4.829794, 7.809955
4.789272, 7.862375
4.747580, 7.913863
4.704732, 7.964398
4.660929, 8.016060
4.622256, 8.057043
4.594778, 8.090526
4.554396, 8.153887
4.512524, 8.214017
4.479401, 8.266820
4.438547, 8.318160
a6253c97-980e-4fdb-b77d-7690f3775dca
6.811732, 5.588011
6.857217, 5.612649
6.922635, 5.645444
6.974727, 5.691082
7.019304, 5.730135
7.042146, 5.754126
7.074547, 5.796840
7.110260, 5.836491
7.156963, 5.879396
7.213080, 5.930950
7.254612, 5.971139
7.286889, 6.006536
7.324708, 6.050233
7.357951, 6.088642
7.394627, 6.133305
7.413829, 6.163765
7.440923, 6.206739
7.480786, 6.258743
7.514741, 6.305502
7.532102, 6.337048
7.554561, 6.380966
7.573664, 6.424893
7.595330, 6.478470
7.618775, 6.540436
7.644674, 6.604656
7.671957, 6.668302
7.688815, 6.726625
7.713183, 6.794760
7.728339, 6.854915
7.746452, 6.914559
7.758074, 6.968279
7.770616, 7.033334
7.779933, 7.097468
7.791846, 7.158647
7.799664, 7.214452
7.806196, 7.271866
7.818822, 7.343119
7.830640, 7.409813
7.843934, 7.484840
7.856008, 7.544406
7.867700, 7.609617
7.878402, 7.660827
7.885251, 7.708233
7.895421, 7.768155
7.898743, 7.814562
7.903969, 7.866619
7.910682, 7.918500
7.917202, 7.968880
7.920957, 8.009569
7.923220, 8.050368
7.924455, 8.099683
7.927261, 8.151923
7.927389, 8.182214
7.928999, 8.209104
7.918614, 8.251789
7.921124, 8.299642
7.920196, 8.339085
7.922371, 8.373889
7.929774, 8.420341
7.930963, 8.456328
7.932640, 8.507101
7.933051, 8.564891
7.930397, 8.612719
7.931348, 8.676625
7.932356, 8.744350
7.930201, 8.800664
7.927934, 8.859889
7.924228, 8.917563
7.922368, 8.969851
7.920561, 9.020621
7.922782, 9.084492
7.925134, 9.152177
7.927193, 9.211407
7.929252, 9.270637
7.931311, 9.329865
7.933370, 9.389095
7.932333, 9.445436
7.934180, 9.507740
7.936376, 9.581791
7.937317, 9.613528
ae94def6-c4b0-4a09-825c-43d45bab73a8
6.786033, 5.770033
6.832768, 5.792401
6.877647, 5.827981
6.911650, 5.854196
6.944882, 5.880230
6.989435, 5.917034
7.036553, 5.950133
7.096147, 5.988338
7.146043, 6.020325
7.184960, 6.047051
7.210460, 6.068195
7.246023, 6.105462
7.286943, 6.148341
7.327861, 6.191218
7.364547, 6.233997
7.403130, 6.278987
7.441711, 6.323976
7.482402, 6.369127
7.517156, 6.414395
7.543894, 6.454139
7.573719, 6.501151
7.594737, 6.542663
7.611647, 6.586005
7.630110, 6.633328
7.651653, 6.688541
7.669318, 6.742055
7.687897, 6.798336
7.702694, 6.852712
7.718258, 6.909901
7.730148, 6.964987
7.742652, 7.022916
7.751598, 7.078551
7.761005, 7.137063
7.770411, 7.195575
7.776387, 7.251607
7.782672, 7.310543
7.790603, 7.370806
7.794404, 7.434095
7.799033, 7.486207
7.803528, 7.536808
7.807148, 7.594479
7.810331, 7.645175
7.815632, 7.705723
7.816674, 7.769114
7.819031, 7.821379
7.819756, 7.870701
7.820503, 7.921498
7.822894, 7.982233
7.825558, 8.049914
7.825419, 8.084433
7.815346, 8.121554
7.814253, 8.155674
7.810002, 8.194903
7.809235, 8.229768
7.811231, 8.275154
7.813090, 8.317451
7.813390, 8.358317
7.810746, 8.406144
7.808887, 8.466898
7.804434, 8.514587
7.800273, 8.575228
7.792855, 8.639610
7.787386, 8.700151
7.784004, 8.770861
7.778326, 8.826924
7.777707, 8.892441
7.775505, 8.967115
7.776412, 9.037908
7.772624, 9.092731
7.771903, 9.146603
7.774737, 9.193827
7.777271, 9.236068
7.776636, 9.275496
7.779065, 9.310280
7.786805, 9.356661
7.788257, 9.392639
7.788750, 9.441960
7.789152, 9.482175
c0be16bd-94e5-4221-996f-e249bd05ad2f
6.762920, 6.122071
6.802894, 6.140474
6.829338, 6.157324
6.855551, 6.177577
6.898251, 6.214351
6.941045, 6.253182
6.976549, 6.287419
7.017348, 6.322603
7.060123, 6.361466
7.093494, 6.395832
7.130552, 6.438291
7.169522, 6.482941
7.204269, 6.527303
7.238711, 6.573705
7.264801, 6.613875
7.295013, 6.663139
7.319512, 6.705950
7.342700, 6.749485
7.364559, 6.793707
7.383060, 6.837891
7.407910, 6.893363
7.437578, 6.955928
7.466600, 7.017133
7.485106, 7.066638
7.502893, 7.114223
7.517126, 7.165121
7.530806, 7.214044
7.544923, 7.270089
7.557333, 7.319354
7.569992, 7.375739
7.579331, 7.424171
7.582489, 7.464259
7.588088, 7.516278
7.588352, 7.560698
7.590161, 7.612984
7.590370, 7.662310
7.590585, 7.713108
7.590835, 7.772372
7.591086, 7.831636
7.591337, 7.890901
7.591587, 7.950166
7.590334, 8.007940
7.592161, 8.061785
7.589315, 8.110334
7.587210, 8.146256
7.572567, 8.202046
7.568001, 8.249779
7.564015, 8.291516
7.557299, 8.330339
7.550085, 8.371989
7.542861, 8.413636
7.535628, 8.455283
7.528387, 8.496927
7.521136, 8.538570
7.513876, 8.580212
7.506608, 8.621852
7.501763, 8.666954
7.497240, 8.708982
7.492707, 8.751007
7.490828, 8.796339
7.486210, 8.835466
7.479263, 8.894328
7.472316, 8.953190
7.467992, 9.015375
7.463880, 9.074502
7.455601, 9.128835
7.450457, 9.182465
7.444797, 9.241466
7.437792, 9.298832
7.435546, 9.354261
7.428501, 9.417271
7.422855, 9.467751
7.418911, 9.529956
7.413301, 9.571139
