main root
6.730161, 4.326990
6.705573, 4.557957
6.727644, 4.660327
6.750980, 4.817016
6.787120, 5.032707
6.805335, 5.211061
6.814146, 5.378596
6.820816, 5.505418
6.826597, 5.615332
6.831488, 5.708334
6.833916, 5.783018
6.831759, 5.854841
6.832942, 5.956364
6.832317, 6.031081
6.830195, 6.105771
6.827789, 6.190405
6.821745, 6.245035
6.810326, 6.329385
6.799955, 6.394823
6.796819, 6.471998
6.792043, 6.537710
6.787900, 6.594710
6.754425, 6.752820
6.743350, 6.790685
6.735278, 6.828934
6.728849, 6.873900
6.717790, 6.940205
6.704350, 6.993498
6.692543, 7.052547
6.685692, 7.109720
6.677727, 7.193615
6.674274, 7.245818
6.672317, 7.298097
6.669783, 7.365783
6.664686, 7.421904
6.657970, 7.479299
6.654283, 7.549453
6.653559, 7.620243
6.651299, 7.694933
6.649250, 7.762637
6.644556, 7.818794
6.642352, 7.881087
6.643987, 7.961886
6.642303, 8.026672
6.639306, 8.084387
6.640389, 8.144572
6.648902, 8.228633
6.653166, 8.270740
6.652512, 8.308831
6.653109, 8.361146
6.656716, 8.414903
6.655904, 8.469860
6.653679, 8.519134
6.656334, 8.593048
6.657520, 8.667752
6.663156, 8.739894
6.670041, 8.808807
6.680216, 8.865482
6.699134, 8.936976
6.720454, 9.011700
6.737190, 9.075810
6.754298, 9.141345
6.769267, 9.198689
6.778758, 9.252822
6.787531, 9.302858
6.796032, 9.360019
6.801806, 9.409007
6.806089, 9.458144
6.808880, 9.507395
6.814913, 9.560939
6.820130, 9.620616
6.828901, 9.755660
6.826188, 9.783153
6.817168, 9.828804
6.809678, 9.882163
6.800164, 9.939168
6.788459, 9.982017
6.774024, 10.029188
6.758165, 10.075893
6.739023, 10.118298
6.718121, 10.164603
6.691496, 10.212675
6.667471, 10.259142
6.649000, 10.294866
6.626829, 10.340644
eb828a0e-6221-452d-bbfb-660ca8f2fd40
6.761114, 6.855828
6.788106, 6.868346
6.817501, 6.883225
447653dc-a294-449a-a9e9-923ce9e0e0e7
6.639712, 7.271141
6.658734, 7.264389
eb079a2b-0869-4cd4-8b74-50e88a480e5c
6.786048, 6.370462
6.848151, 6.423825
