main root
6.226246, 6.366754
6.583502, 6.189446
6.721473, 6.264732
6.719406, 6.346927
6.820504, 6.512628
6.801993, 6.664379
6.813157, 6.761264
6.812989, 6.924302
6.817035, 7.057635
6.810069, 7.191848
6.800272, 7.328680
6.782712, 7.456563
6.751453, 7.592810
6.717095, 7.714397
6.668877, 7.853585
6.624536, 7.975181
6.587775, 8.088305
6.549768, 8.191569
6.517649, 8.297215
6.488094, 8.394425
6.470429, 8.488899
6.460131, 8.590009
6.451077, 8.699778
6.435067, 8.816885
6.429729, 8.918390
6.426952, 9.011266
6.426507, 9.095536
6.423984, 9.180615
6.424374, 9.237379
6.413092, 9.285861
6.396621, 9.462906
6.378183, 9.515666
6.371032, 9.593614
6.368905, 9.665921
6.368362, 9.735142
6.366343, 9.801339
6.365724, 9.870557
6.360667, 9.933735
6.351142, 9.996394
6.346352, 10.037856
6.345151, 10.113409
6.342601, 10.179591
6.344305, 10.251910
6.347430, 10.321063
6.348918, 10.387275
6.348907, 10.453505
6.353386, 10.525709
6.354555, 10.568675
6.348081, 10.605834
6.330368, 10.663879
6.323374, 10.723754
6.322081, 10.799306
6.322390, 10.868528
6.318093, 10.912734
6.354933, 11.131281
6.362720, 11.186417
6.358882, 11.234103
6.343844, 11.290278
6.331962, 11.339719
6.357555, 11.361240
6.362733, 11.480661
6.365025, 11.582343
6.364868, 11.667457
6.366787, 11.751703
6.368716, 11.836346
6.372935, 11.929174
6.382936, 12.012197
6.393063, 12.096259
6.402142, 12.189214
6.410372, 12.273479
6.423566, 12.365290
6.432717, 12.458543
6.448023, 12.549912
6.462012, 12.633413
6.474601, 12.708564
6.487191, 12.783712
6.494437, 12.877888
6.492556, 12.931467
6.497438, 12.963043
6.506493, 13.021609
6.519055, 13.073470
6.505795, 13.257597
6.575054, 13.438454
6.690340, 13.559348
bd09bfc9-be5d-45ad-b894-446d8e628bad
6.198881, 6.218927
6.212222, 6.093939
6.205831, 6.043265
6.191723, 5.979269
6.215608, 5.894385
a59ecdb0-074e-468e-88a3-76cea4f93659
6.404381, 6.184171
6.565647, 6.206132
6.630202, 6.228918
6.726606, 6.286000
6.954693, 6.585325
7.082793, 6.684168
7.158725, 6.737443
7.235979, 6.789076
7.288137, 6.827537
7.344741, 6.867417
7.397533, 6.907149
7.440321, 6.942795
7.577647, 6.988697
7.607762, 6.998760
7.628068, 7.008700
7.666081, 7.027305
7.682790, 7.042146
7.718660, 7.070001
7.752091, 7.095956
7.789722, 7.121382
7.833105, 7.143465
7.866799, 7.163972
7.907067, 7.184974
7.948632, 7.203275
7.979476, 7.223393
8.023210, 7.244770
8.065238, 7.261980
8.104406, 7.278015
8.129902, 7.294919
8.173475, 7.316624
8.207346, 7.336837
8.243691, 7.358524
8.280038, 7.380209
8.316384, 7.401891
8.352733, 7.423572
8.389082, 7.445252
8.408613, 7.460383
8.428697, 7.475938
15ad6a88-b6c3-47e3-8e62-08edb2f6f36a
6.572067, 6.175286
6.852251, 6.104340
6.935071, 6.114173
7.093475, 6.146573
7.173823, 6.159940
7.225346, 6.169564
7.325987, 6.167049
7.406596, 6.174499
7.453735, 6.187875
7.534412, 6.204545
7.642683, 6.224756
7.712754, 6.234791
7.774719, 6.248200
7.855377, 6.267777
7.911913, 6.287659
7.951938, 6.303320
b68137f4-5d98-4068-9804-0ab4b3b89218
6.853858, 6.472825
6.791379, 6.490838
6.758959, 6.503788
6.728398, 6.514780
6.689594, 6.536958
6.583736, 6.608407
6.507232, 6.634909
6.454978, 6.650017
6.400868, 6.662716
6.346181, 6.672643
6.293737, 6.675911
6.262937, 6.683664
6.231909, 6.700567
6.199712, 6.719811
5.746075, 6.857896
5.688189, 6.884811
5.619096, 6.916938
5.561983, 6.946796
5.533846, 6.961506
d453b62f-eb19-4d32-95ff-e21d7f0699e8
6.733650, 7.607033
6.809537, 7.667148
6.860642, 7.701903
6.925313, 7.721774
6.973937, 7.754180
7.031097, 7.797672
7.091715, 7.843799
7.135471, 7.869578
7.217496, 7.904008
7.268218, 7.930168
7.324240, 7.968395
7.373527, 8.000214
7.409707, 8.030698
2afdebc4-18cb-464a-8237-daf54e467a60
6.424719, 8.356008
6.381254, 8.365800
6.336897, 8.377623
6.265636, 8.376987
6.227382, 8.374702
6.200917, 8.374172
6.177028, 8.393664
6.096201, 8.391583
6.052588, 8.397914
5.984492, 8.409281
5.916652, 8.422091
5.853336, 8.443186
5.813449, 8.440064
55db61ef-ae8e-4c27-b8e3-122471e7ee33
6.603651, 7.794957
6.496920, 7.795478
6.450409, 7.777197
6.428358, 7.778560
6.386348, 7.781119
6.338689, 7.790020
6.254086, 7.775769
6.209160, 7.763649
6.134381, 7.749675
6.058349, 7.750375
6.035915, 7.747589
888009c0-b359-40a4-b60a-678f40be8652
6.781846, 7.475172
6.850190, 7.510454
6.926120, 7.545676
7.049132, 7.587283
7.132510, 7.643470
7.182375, 7.671876
7.246225, 7.703287
7.346093, 7.746887
7.382828, 7.769456
7.431012, 7.802573
4e5ec5fd-b86e-477a-8ce9-e1ffb96a9c52
6.847049, 7.077254
6.900018, 7.119159
6.947825, 7.151256
7.026399, 7.174078
7.082162, 7.207009
7.136153, 7.241056
7.172278, 7.258962
7.240649, 7.284906
7.290221, 7.306919
7.322945, 7.328000
7.385223, 7.368122
7.432687, 7.402261
28f03e29-838a-4c89-bd37-8a0a3126352d
6.402129, 6.203226
6.283899, 6.106543
6.244094, 6.083404
6.148055, 6.028663
6.060140, 5.991073
6.030947, 5.982954
5.921812, 5.914503
5.873661, 5.871632
5.821004, 5.838815
5.813307, 5.809782
5.792426, 5.754379
ff61b3ea-a766-40eb-9534-6a3ed30a2149
6.509407, 6.171453
6.723854, 6.161153
6.837758, 6.146504
6.988190, 6.135832
7.070637, 6.131070
7.131804, 6.096414
7.182715, 6.086037
7.270752, 6.058379
7.331199, 6.033112
7.384262, 6.014173
7.443693, 5.986599
7.482560, 5.971865
7.514471, 5.962966
7.576705, 5.967320
7.610542, 5.963689
7.654515, 5.954454
b00c57ab-93b4-4f21-a00a-8d178b4cc657
6.129517, 6.306212
6.089139, 6.192698
6.065454, 6.135041
6.054380, 6.076362
6.061875, 6.049846
6.109067, 5.972293
1186d81e-cfbc-4f9d-9865-b73122d2414c
6.139828, 6.375887
6.047394, 6.333147
6.021902, 6.323382
6.009189, 6.308606
5.990560, 6.289195
5.965190, 6.278150
5.933492, 6.259451
5.859927, 6.186291
5.800192, 6.184597
5.760954, 6.180491
5.726811, 6.175412
5.705089, 6.169155
5.669968, 6.154367
5.623146, 6.134651
5.584103, 6.123083
5.538101, 6.115697
5.478243, 6.109119
5.429105, 6.108235
5.394651, 6.106118
5.367712, 6.105963
21af64a0-698c-4ea8-92ae-7689af949ac9
6.466429, 8.571883
6.539081, 8.517207
6.558681, 8.510468
6.579915, 8.507915
6.620241, 8.504576
6.646296, 8.503919
e2aed7af-51e7-4094-942e-1cc3c8722d76
6.785314, 7.128872
6.749831, 7.132587
6.705109, 7.140287
6.665885, 7.144003
6.643304, 7.143127
6.628890, 7.154894
6.586215, 7.168980
6.561990, 7.173825
6.529053, 7.177359
6.489619, 7.178579
6.448752, 7.178347
6.397952, 7.178059
6.342026, 7.180735
6.282136, 7.182102
