main root
6.632379, 6.394685
6.435721, 6.839940
6.358369, 7.007798
6.290091, 7.172684
6.239641, 7.347012
6.159717, 7.554698
6.109654, 7.718235
6.072559, 7.904225
6.031042, 8.080127
5.971444, 8.259378
5.966381, 8.347805
5.952878, 8.473428
5.932673, 8.641997
5.905849, 8.764214
5.878624, 8.888256
5.853160, 8.948423
5.872703, 8.985333
5.864199, 9.056585
5.860045, 9.116661
5.865318, 9.170585
5.860133, 9.225499
5.868553, 9.393846
5.872529, 9.445356
5.880668, 9.493715
5.894179, 9.546947
5.902902, 9.593484
5.912074, 9.650542
5.922824, 9.717416
5.932230, 9.775928
5.938205, 9.831958
5.946137, 9.892217
5.956657, 9.960667
5.963531, 10.025106
5.966524, 10.081379
5.969671, 10.140557
5.972818, 10.199741
5.974392, 10.257509
5.975775, 10.308290
5.977388, 10.367535
5.979001, 10.426778
5.979077, 10.484566
5.977626, 10.519053
5.974056, 10.568250
5.954269, 10.776751
5.947572, 10.815632
5.945703, 10.844121
5.945722, 10.889545
5.948733, 10.934868
5.954725, 10.979897
5.955266, 11.018002
5.960541, 11.073218
5.958843, 11.118393
5.961333, 11.171697
5.969188, 11.243637
5.971590, 11.306999
5.975708, 11.376115
5.976571, 11.440919
5.977360, 11.500176
5.978149, 11.559434
5.975904, 11.615737
5.973544, 11.674953
5.971183, 11.734172
5.968822, 11.793390
5.966463, 11.852610
5.961230, 11.908720
5.958429, 11.970989
5.955767, 12.030194
5.972882, 12.174092
5.951526, 12.325371
5.943063, 12.363894
5.934432, 12.403173
5.931261, 12.431544
5.929200, 12.476910
5.927277, 12.519187
5.925352, 12.561463
5.926279, 12.606868
5.927142, 12.649179
5.928003, 12.691492
5.928862, 12.733805
5.932774, 12.779049
5.936418, 12.821213
5.940060, 12.863378
5.945323, 12.906906
5.945041, 12.929508
5.868811, 13.181190
5.861448, 13.205497
5.865816, 13.224471
5.859871, 13.285354
5.853590, 13.334273
5.848415, 13.386333
5.845274, 13.417927
da740e13-2b7d-41a1-852f-55c5af59f343
6.492993, 6.690174
6.351042, 6.732684
6.328718, 6.736245
6.289400, 6.739484
6.245844, 6.744575
6.197243, 6.742831
6.146934, 6.776651
6.078574, 6.782654
6.051026, 6.780564
6.001979, 6.775343
5.946527, 6.773956
5.895744, 6.772685
5.826574, 6.776563
5.591870, 6.755246
5.566575, 6.752948
5.548891, 6.766166
5.502529, 6.773187
5.454814, 6.777385
5.398494, 6.779336
5.342150, 6.778291
5.281370, 6.778661
5.210668, 6.782084
5.146511, 6.788188
5.110690, 6.791596
4.872701, 6.802784
4.822646, 6.806636
4.763727, 6.820178
4.730149, 6.820216
4.680842, 6.818777
4.648718, 6.822331
4.592933, 6.834528
4.544447, 6.843597
4.476671, 6.857797
4.411533, 6.869916
4.345826, 6.883664
4.306461, 6.891900
fe1f8e0c-070d-4bd4-b181-0c1d3d7a63a8
6.443123, 6.777183
6.276429, 6.795900
6.235680, 6.798969
6.186403, 6.801179
6.106461, 6.823221
6.042052, 6.838003
6.000795, 6.847471
5.959537, 6.856940
5.911333, 6.863397
5.862271, 6.868458
5.815180, 6.871810
5.785685, 6.878411
5.757699, 6.886207
5.593349, 6.885751
5.491949, 6.940332
5.453456, 6.964449
5.428445, 6.973055
5.390273, 6.983023
5.353318, 6.995767
5.311444, 7.013373
5.272421, 7.029781
5.234197, 7.044229
5.184934, 7.066049
5.138484, 7.086624
5.087813, 7.113978
5.051818, 7.135112
5.005917, 7.167136
4.863885, 7.254316
4.821903, 7.281837
4.778141, 7.315891
4.738325, 7.344973
4.696991, 7.377013
4.657121, 7.406021
4.617707, 7.425439
4.592879, 7.442672
4.550787, 7.473707
4.508964, 7.510117
4.470517, 7.545569
4.433269, 7.577875
4.395057, 7.609034
4.355915, 7.639016
4.327071, 7.662991
4.307344, 7.681331
0144a542-6c76-41ef-bc49-f97fe8d0eac0
6.413632, 6.878650
6.527914, 7.004414
6.578302, 7.044285
6.606852, 7.072603
6.641418, 7.106886
6.661568, 7.124764
6.714464, 7.156202
6.731964, 7.171827
6.765645, 7.199892
6.800872, 7.243908
6.830512, 7.283340
6.858938, 7.323646
6.892386, 7.365880
6.927083, 7.412100
6.953392, 7.452133
6.988015, 7.502093
7.014870, 7.543471
7.039304, 7.583867
7.064890, 7.627086
7.132008, 7.731429
7.215769, 7.837191
7.237663, 7.869719
7.255948, 7.891591
7.287132, 7.924281
7.322555, 7.954911
7.348085, 7.982922
7.382307, 8.020469
7.426458, 8.064467
7.466322, 8.106307
7.489027, 8.132307
7.521200, 8.171709
7.680322, 8.342688
7.705507, 8.367551
7.722973, 8.386896
7.743552, 8.411920
7.762953, 8.437867
7.785327, 8.465288
7.808839, 8.491736
7.829224, 8.516919
7.852636, 8.543459
7.872925, 8.568719
7.896235, 8.595348
7.916426, 8.620688
7.939633, 8.647406
7.963950, 8.673118
7.985102, 8.697660
8.005099, 8.723153
8.032304, 8.750556
8.054045, 8.774577
8.074655, 8.799578
8.102514, 8.826312
8.118727, 8.843942
98bf4a2f-298e-4b86-9ae3-08164eaa8009
6.428870, 6.936804
6.457924, 7.157616
6.455232, 7.214497
6.447303, 7.286969
6.433036, 7.384203
6.426637, 7.443298
6.417990, 7.563259
6.401379, 7.633156
6.389370, 7.670740
6.373574, 7.705422
6.354745, 7.757601
6.336602, 7.803468
6.319599, 7.854592
6.302789, 7.914621
6.290906, 7.951503
6.284083, 7.977562
6.179874, 8.195589
6.168921, 8.218507
6.173917, 8.236461
6.162626, 8.290622
6.149939, 8.336811
6.137680, 8.375792
6.124001, 8.414299
6.109724, 8.467902
6.097711, 8.518823
6.079932, 8.581145
6.063672, 8.638142
6.052640, 8.676816
5.988803, 8.907727
5.978571, 8.950358
5.966481, 8.987899
5.948315, 9.044311
5.930147, 9.100729
5.911012, 9.155263
5.893275, 9.201295
5.875867, 9.250633
5.858052, 9.296632
5.839704, 9.344003
5.793022, 9.446824
5.771588, 9.490410
5.757578, 9.518901
8a396351-d7b4-4a42-9129-ef7270c23778
6.666402, 6.520380
6.928430, 6.874781
6.953597, 6.908820
6.978764, 6.942859
7.003930, 6.976899
7.033282, 7.011567
7.064855, 7.044225
7.085634, 7.070023
7.105872, 7.102312
7.134917, 7.145829
7.156890, 7.186839
7.180881, 7.231617
7.213951, 7.283828
7.250727, 7.333499
7.296053, 7.387172
7.343975, 7.439280
7.384095, 7.482905
7.404974, 7.512241
7.432343, 7.553275
7.460529, 7.595534
7.493416, 7.644842
7.524228, 7.693735
7.551313, 7.736715
7.568626, 7.769802
7.582192, 7.805412
7.601125, 7.846703
7.618993, 7.896441
7.636165, 7.944247
7.654288, 7.999126
7.672110, 8.048321
7.695165, 8.098780
7.724642, 8.156090
7.751019, 8.197556
7.787891, 8.247156
7.832486, 8.302128
7.867718, 8.347933
7.902885, 8.388744
7.941573, 8.433640
7.967825, 8.464106
8.086989, 8.611464
8.109390, 8.643926
8.129263, 8.677994
8.159126, 8.729191
8.191033, 8.780920
8.226590, 8.838567
8.257704, 8.889008
8.290876, 8.939940
8.330352, 8.989576
8.377778, 9.049212
8.414666, 9.095595
8.449452, 9.141740
8.477934, 9.182009
8.498713, 9.211387
