main root
6.785285, 4.301502
6.705063, 4.434177
6.606396, 4.644078
6.513151, 4.846425
6.443957, 4.981804
6.367669, 5.122922
6.302097, 5.246437
6.230734, 5.350561
6.137240, 5.462954
6.096058, 5.618593
6.098585, 5.836323
6.105848, 5.968965
6.121428, 6.114410
6.148700, 6.244608
6.178751, 6.397416
6.194593, 6.510822
6.192538, 6.572483
6.188590, 6.690943
6.178584, 6.800569
6.159819, 6.914331
6.123835, 7.009722
6.059649, 7.156771
6.038813, 7.360584
5.965921, 7.483584
5.862453, 7.598803
5.847888, 7.776293
5.847517, 7.898824
5.826231, 8.069396
5.816661, 8.196961
5.820322, 8.326654
5.825781, 8.445255
5.820725, 8.518969
5.809625, 8.588055
5.784150, 8.653502
5.741297, 8.746104
5.694723, 8.836674
5.640676, 8.932521
5.586610, 9.028401
5.548655, 9.112843
5.505438, 9.214147
5.463600, 9.306830
5.427681, 9.401825
5.397767, 9.498882
5.369884, 9.596530
5.346096, 9.695245
5.314179, 9.800600
5.286767, 9.898376
5.265513, 9.997697
5.237998, 10.095947
5.204424, 10.192303
5.170993, 10.288248
5.136757, 10.392935
5.105174, 10.489512
5.076226, 10.578028
5.055567, 10.668269
5.034782, 10.759059
5.018419, 10.868464
5.000051, 10.976960
4.987291, 11.077682
4.981935, 11.170161
4.978176, 11.271632
4.976533, 11.373160
4.981236, 11.474613
4.988050, 11.575926
4.996975, 11.677081
4.992575, 11.795274
4.997262, 11.896809
4.998105, 12.006844
4.992599, 12.116784
4.986671, 12.235175
4.972303, 12.354180
4.951111, 12.424616
4.926407, 12.484862
654c9e0d-dbb8-4de1-accb-c4ba8f55439f
6.759570, 4.555451
6.784884, 4.613049
6.810314, 4.649980
6.838695, 4.691198
6.861822, 4.727425
6.870062, 4.770769
6.871992, 4.797373
6.875046, 4.839478
6.878101, 4.881582
6.883991, 4.942080
6.884214, 4.990714
6.882934, 5.037906
6.877190, 5.084075
6.869878, 5.130716
6.867190, 5.157519
6.868675, 5.187708
6.871491, 5.214499
e8013cca-0a6d-4231-b6e4-dcaadf2b35b1
6.201534, 6.993456
6.236451, 7.017187
6.259537, 7.031068
6.276125, 7.033085
6.299681, 7.037449
6.325001, 7.043655
6.356052, 7.052799
6.390367, 7.061338
6.425014, 7.068410
6.456399, 7.076336
6.481270, 7.084154
6.503634, 7.092744
ef6f2718-8475-452e-b439-9d86e49f0699
6.024691, 7.425245
6.141794, 7.498642
6.195682, 7.528804
6.246082, 7.555179
6.297976, 7.583315
6.333161, 7.604093
6.371661, 7.625091
6.418286, 7.648815
6.463561, 7.671853
6.505190, 7.691355
6.544421, 7.716232
e1dc383b-7be5-491f-a2a3-c05ac3a8d9d4
5.796188, 7.738465
5.754556, 7.738327
5.708876, 7.735183
5.677152, 7.738999
5.644603, 7.748945
5.554591, 7.786245
97997b03-d035-41cf-89d8-168435637a11
5.780009, 8.047431
5.745703, 8.068834
5.725108, 8.078155
