main root
7.107774, 4.618214
7.381173, 4.774712
7.512689, 4.846759
7.576376, 4.898407
7.649831, 4.966145
7.697409, 5.024409
7.731009, 5.075562
7.772457, 5.187607
7.783971, 5.249215
7.791294, 5.333550
7.792841, 5.403271
7.785750, 5.465140
7.773124, 5.535876
7.756132, 5.619271
7.746114, 5.690934
7.706035, 5.752085
7.709789, 5.789148
7.675687, 5.878151
7.641886, 5.954833
7.612401, 6.042583
7.579574, 6.100423
7.521620, 6.193959
7.478306, 6.275849
7.432708, 6.366580
7.399539, 6.451422
7.373809, 6.540341
7.352094, 6.630520
7.332392, 6.721328
7.314438, 6.804075
7.298903, 6.895515
7.287530, 6.987576
7.273995, 7.079984
7.255064, 7.180047
7.244082, 7.272035
7.236155, 7.355931
7.230295, 7.439996
7.228603, 7.523903
7.228533, 7.601617
7.232673, 7.703066
7.235057, 7.817981
5074f0d9-9dd8-4548-9823-9de71362ed68
7.176247, 4.692659
7.174705, 4.790083
7.150233, 4.835249
d687c76d-d53b-4ec0-a112-a9bca44f1684
7.268571, 4.727566
7.236800, 4.800013
