main root
6.417577, 4.888056
6.448783, 5.261960
6.432824, 5.514150
6.418087, 5.647887
6.405105, 5.765710
6.397020, 5.858276
6.388182, 5.959491
6.380079, 6.052274
6.371976, 6.145060
6.363873, 6.237845
6.360003, 6.330526
6.360339, 6.423288
6.354370, 6.517153
6.346901, 6.601935
6.345779, 6.685555
6.336328, 6.771796
6.332530, 6.864354
6.320703, 6.950304
6.310121, 7.042625
6.298373, 7.126921
6.284571, 7.210915
6.270843, 7.294464
6.256020, 7.366218
6.242929, 7.444381
6.233849, 7.516717
6.229554, 7.599011
6.231249, 7.681400
6.225180, 7.750257
6.216260, 7.851468
6.212289, 7.930613
6.205633, 8.003572
6.197733, 8.113434
6.193760, 8.197611
6.191859, 8.281856
6.189949, 8.366507
6.189693, 8.444213
6.192425, 8.523414
6.196219, 8.633413
6.195752, 8.706681
6.208655, 8.776269
6.229141, 8.853906
6.248581, 8.927587
6.271678, 9.003398
6.305094, 9.082264
6.330898, 9.150840
6.363697, 9.238003
6.390534, 9.309322
6.415443, 9.379767
6.449316, 9.475564
6.467076, 9.543753
6.493582, 9.621771
6.525687, 9.697661
6.547526, 9.764652
6.576395, 9.853202
6.598539, 9.911470
6.607257, 9.959690
6.610845, 10.013186
6.627804, 10.033968
6.638511, 10.108039
6.649800, 10.144505
6.663492, 10.198957
6.674232, 10.254070
6.687017, 10.304194
6.708863, 10.365752
6.722107, 10.436330
6.728968, 10.497237
6.733239, 10.561904
6.741444, 10.640732
6.744403, 10.683610
6.741795, 10.725973
6.736153, 10.957327
6.728736, 11.009379
6.730099, 11.041117
6.735558, 11.102138
6.740584, 11.160124
6.750484, 11.222355
6.756228, 11.277509
6.760833, 11.350631
6.765622, 11.426681
6.771999, 11.504134
6.776916, 11.589111
6.785571, 11.660957
6.798667, 11.732127
6.802210, 11.792740
6.815530, 11.866684
6.824059, 11.930923
6.839132, 12.010324
6.858840, 12.091904
6.870952, 12.148413
6.886923, 12.215791
6.908371, 12.297283
6.919473, 12.345342
6.936292, 12.398201
6.960589, 12.464692
6.984824, 12.535371
7.014109, 12.614387
7.037645, 12.677895
7.066050, 12.750228
7.093902, 12.821157
7.144080, 12.919993
7.179561, 13.017925
7.192709, 13.163838
7.319518, 13.392838
7.767480, 13.390336
8.278489, 13.418059
8.606369, 13.402800
9.112859, 13.407276
9.371994, 13.419556
10.078573, 13.426479
56f7f1e5-759c-4ed7-8880-f25274989f57
6.429320, 5.009692
6.562025, 5.070388
6.594892, 5.082106
6.605111, 5.104620
6.633095, 5.131155
6.692554, 5.183408
6.753946, 5.233375
6.825915, 5.289223
6.873467, 5.346855
7.027972, 5.488726
7.071348, 5.542458
7.124535, 5.608342
7.185025, 5.668976
7.238217, 5.763469
7.290788, 5.826349
7.324442, 5.875936
7.369960, 5.950497
7.395327, 5.992049
7.719975, 6.443801
7.760213, 6.504920
7.797916, 6.567635
7.856465, 6.660918
7.896884, 6.737016
7.938231, 6.810443
7.977581, 6.871169
7.991867, 6.912483
8.015905, 6.977419
8.041341, 7.041821
8.064278, 7.103973
8.081589, 7.146559
8.164686, 7.340529
8.181521, 7.398840
8.205862, 7.466965
8.234382, 7.533450
8.255178, 7.593326
8.275487, 7.656369
8.298131, 7.721788
8.318374, 7.784853
8.340948, 7.850295
8.361124, 7.913382
8.383629, 7.978848
8.415158, 8.047533
8.407116, 8.104590
8.420134, 8.170333
8.442078, 8.242645
8.458008, 8.305449
8.467382, 8.366755
8.478580, 8.439987
8.481037, 8.495653
8.506962, 8.600484
8.519543, 8.680439
8.527892, 8.774094
8.537437, 8.857814
8.547030, 8.941937
8.555517, 9.034944
8.560552, 9.136665
8.565156, 9.229686
8.571850, 9.322370
8.577949, 9.406820
8.582576, 9.500096
8.590872, 9.583607
8.593868, 9.677613
8.594506, 9.762730
8.595140, 9.847394
8.592696, 9.920623
8.587263, 9.993695
8.588240, 10.061325
f1833896-6174-46e4-b1e3-fe73a2f6ae17
6.492925, 5.213352
6.534389, 5.237421
6.561455, 5.280670
6.583298, 5.287471
6.624050, 5.317164
6.755174, 5.369792
6.844959, 5.432862
6.882711, 5.461210
6.912489, 5.496055
7.012522, 5.528181
7.190397, 5.678313
7.401861, 5.996698
7.598066, 6.293332
7.742431, 6.501713
7.908633, 6.770139
8.099766, 7.010366
8.176175, 7.140431
8.199626, 7.200680
8.225906, 7.279556
8.259312, 7.357871
8.294097, 7.434143
8.334364, 7.507437
8.376745, 7.580275
8.416168, 7.656275
8.451255, 7.723914
8.483418, 7.785918
8.499645, 7.833451
79aefcd1-3233-4dfa-add1-41de2f0e3aad
6.393287, 5.333936
6.362713, 5.331991
6.315180, 5.331962
6.274571, 5.349915
6.268695, 5.353716
6.091927, 5.433963
6.065249, 5.441142
6.026485, 5.448473
5.999143, 5.456690
5.970809, 5.471457
5.945742, 5.491271
5.920834, 5.510960
5.899923, 5.535120
5.883909, 5.562769
5.869085, 5.594334
5.858288, 5.617325
5.786439, 5.762718
5.749051, 5.845431
5.723006, 5.870316
5.692601, 5.891085
5.659222, 5.906631
5.622310, 5.920520
5.596789, 5.933319
5.560842, 5.951344
5.536804, 5.966744
5.506505, 5.986152
5.484211, 6.003984
5.463442, 6.028262
5.334450, 6.367884
5.317689, 6.403586
5.298265, 6.437913
5.269080, 6.489493
5.239892, 6.541077
5.210140, 6.590620
5.184498, 6.636226
5.157887, 6.674394
5.129577, 6.720231
5.098434, 6.770653
5.064370, 6.808717
5.054061, 6.849307
4.954237, 6.989619
4.903157, 7.050595
4.858916, 7.094084
4.812656, 7.151356
4.774967, 7.193254
4.735329, 7.237318
4.705602, 7.270363
4.679151, 7.308718
4.645504, 7.357511
4.613003, 7.412548
4.580228, 7.453334
4.538261, 7.510337
4.481210, 7.584282
4.450719, 7.628702
4.423132, 7.676827
4.398254, 7.705177
4.364610, 7.741247
4.334512, 7.780098
4.304468, 7.828658
4.276284, 7.865676
4.234684, 7.915374
4.186334, 7.980132
4.137596, 8.048877
4.107858, 8.088232
4.076940, 8.126668
4.059921, 8.150213
4.039851, 8.185646
4.022682, 8.218996
4.011701, 8.243595
3582ac01-b2cf-41fc-9b73-989a0145e572
6.350331, 5.010164
6.311649, 5.038738
6.282708, 5.060099
6.277599, 5.063870
6.253228, 5.140103
6.231286, 5.179203
6.238706, 5.218613
6.251892, 5.254809
6.237543, 5.284584
6.221871, 5.316855
6.218213, 5.352388
6.197910, 5.379396
6.182054, 5.395508
6.164219, 5.411494
6.143862, 5.520292
6.135603, 5.540020
6.124174, 5.563445
6.089554, 5.602705
6.054821, 5.646621
6.035371, 5.673626
6.025283, 5.723488
6.014701, 5.783339
6.005750, 5.825375
6.001611, 5.851993
5.947441, 5.968537
5.885278, 6.222543
5.875527, 6.262384
5.866244, 6.319213
5.856557, 6.387784
5.848179, 6.436396
5.840772, 6.488185
5.833579, 6.538474
5.827727, 6.600528
5.816765, 6.653007
5.810328, 6.731490
5.798123, 6.780369
5.775619, 6.985262
5.768641, 7.007660
5.754086, 7.044316
5.746387, 7.071807
5.737050, 7.116249
5.730660, 7.161208
5.724705, 7.203109
5.717478, 7.243318
5.704868, 7.288101
5.691100, 7.336998
5.674001, 7.392199
5.660944, 7.444468
5.643313, 7.496518
5.629828, 7.550327
5.617477, 7.599604
5.599807, 7.651641
5.584411, 7.701638
5.567479, 7.746449
5.525370, 7.831987
5.506905, 7.878950
5.474153, 8.004231
5.461323, 8.041392
5.453021, 8.065375
5.448398, 8.096966
5.444796, 8.142105
5.441420, 8.184162
5.432535, 8.219769
5.409220, 8.238924
5.393402, 8.320656
5.302061, 8.503913
5.280494, 8.533758
5.276775, 8.538905
5.260615, 8.665471
5.252638, 8.680323
5.224275, 8.793836
5.214266, 8.858592
5.202714, 8.913746
5.197514, 8.982386
5.163150, 9.133389
d3eea949-f7be-4306-a726-64675360e66c
6.409720, 5.684036
6.365317, 5.713829
6.190399, 5.842968
6.147827, 5.874382
6.139262, 5.902976
6.092447, 5.948885
6.062176, 5.986969
6.034905, 6.011657
6.005302, 6.034406
5.984067, 6.058265
5.967425, 6.081451
5.943457, 6.119978
5.875382, 6.179101
5.729681, 6.267568
5.672989, 6.323003
5.630827, 6.345391
5.608087, 6.367983
5.560259, 6.419716
5.518506, 6.462673
5.478583, 6.497304
5.267001, 6.706914
5.159224, 6.785438
5.076794, 6.822470
4.876377, 6.959219
4.805095, 6.991934
4.780951, 7.009398
4.789953, 7.073580
a5126b96-2d5d-4d11-8a92-4da32fd09256
6.391239, 5.253704
6.219574, 5.378156
6.097713, 5.539649
6.068240, 5.586274
6.038950, 5.612880
6.030692, 5.637567
6.003367, 5.670543
5.912683, 5.772277
5.862061, 5.812803
5.470677, 6.159434
1dfd2976-e259-4525-b57a-ff00865eefdc
6.383302, 5.682811
6.232819, 5.733525
6.196776, 5.739355
6.161255, 5.745098
6.136180, 5.749153
6.106153, 5.760072
5.809111, 5.847445
5.749570, 5.887555
5.714501, 5.911192
5.688980, 5.924796
5.652898, 5.940644
5.612644, 5.961605
5.575138, 5.981144
5.535092, 6.008769
5.501051, 6.028626
5.463448, 6.054038
5.428817, 6.075633
5.398284, 6.094675
5.234474, 6.237859
5.204763, 6.255879
5.168564, 6.277832
5.117889, 6.308566
5.067718, 6.337244
5.025285, 6.356327
4.978956, 6.377161
4.923406, 6.405425
4.869277, 6.436324
4.816695, 6.469787
4.766695, 6.501607
4.716693, 6.533428
4.690367, 6.548408
4.598142, 6.608558
4.563554, 6.627542
4.530826, 6.648922
4.494515, 6.676218
4.461269, 6.697464
4.427381, 6.719121
4.405067, 6.736933
4.383089, 6.758307
4.352682, 6.792057
4.324125, 6.819281
4.293382, 6.852724
4.264731, 6.883890
4.236258, 6.919286
4.209038, 6.945960
4.172735, 6.983631
4.125653, 7.028172
4.082539, 7.071021
4.044979, 7.116789
3.996639, 7.175693
3.959246, 7.223618
3.918355, 7.283325
3.880084, 7.339207
3.852965, 7.381455
3.824379, 7.425985
f1957ff0-d825-4aa1-9473-b9e28096354b
6.355510, 6.410719
6.310792, 6.433795
6.236081, 6.470022
6.200588, 6.485569
6.047080, 6.529096
5.975752, 6.555543
5.920249, 6.582893
5.860171, 6.610830
5.804344, 6.644975
5.749004, 6.689350
5.704686, 6.712550
5.652164, 6.801121
5.618151, 6.861422
5.584314, 6.918369
5.546592, 6.964277
5.502981, 7.010274
5.456446, 7.061526
5.412642, 7.116445
5.372437, 7.174048
5.350531, 7.213274
5.291534, 7.358739
5.273977, 7.404975
5.241724, 7.464599
5.206474, 7.529753
5.187335, 7.565120
5.201140, 7.610845
5.170346, 7.728483
5.154947, 7.829065
5.129059, 7.928278
5.116719, 7.991995
5.126426, 8.068352
5.109910, 8.106840
5.102377, 8.164592
e140b4c0-82b6-4bc9-910b-1772da5bd101
6.349590, 6.102374
6.300894, 6.119634
6.250020, 6.127302
6.218210, 6.127557
6.168900, 6.126454
6.121759, 6.123903
6.091561, 6.127990
6.068955, 6.128029
6.056775, 6.141530
6.018591, 6.160665
6.007473, 6.177751
5.935053, 6.317488
5.864584, 6.624335
5.860103, 6.804092
5.855378, 6.825184
5.849693, 6.858751
5.840549, 6.876892
5.758925, 7.133675
db2be489-3978-44b5-86d2-5dafde3da917
6.299335, 6.860105
6.270019, 6.879379
6.242646, 6.895719
6.219497, 6.907922
6.197609, 6.917898
6.066211, 7.009193
6.046448, 7.017593
6.018183, 7.024851
5.982686, 7.038718
5.952521, 7.049016
5.922941, 7.055952
5.899582, 7.056702
5.886552, 7.067695
5.830779, 7.092511
5.824977, 7.095093
5.777837, 7.162313
5.679722, 7.483122
9e7dbdfa-ecf5-4a1b-8bed-76ed6ae46c4a
6.236555, 7.640365
6.286156, 7.658127
6.301292, 7.672838
6.319507, 7.690540
6.337722, 7.708243
6.421289, 7.763565
6.463348, 7.775082
6.493130, 7.792551
6.523229, 7.803268
6.547155, 7.811789
6.563922, 7.798377
6.583914, 7.799991
6.622508, 7.798603
6.635925, 7.804462
6.681090, 7.817903
6.708945, 7.835805
6.728712, 7.834879
6.776675, 7.841260
6.857271, 7.867363
6.893636, 7.882310
6.917101, 7.891978
6.940559, 7.901665
7.085189, 7.926211
7.145543, 7.946479
7.189465, 7.958071
7.232226, 7.967809
7.267856, 7.978993
7.304493, 7.993631
7.359532, 8.015621
7.406727, 8.036089
7.431998, 8.045418
7.455826, 8.054214
143282db-f02d-45e8-8a5d-e605e4060766
6.177646, 8.069443
6.144142, 8.076923
6.113154, 8.083842
6.087231, 8.091163
5.959112, 8.185799
5.896960, 8.204123
5.847227, 8.223468
5.813691, 8.236512
5.695727, 8.282108
5.654359, 8.305077
5.605557, 8.328748
5.562449, 8.347994
5.536483, 8.353029
5.490184, 8.368108
5.452809, 8.375558
5.400636, 8.389009
5.306349, 8.417975
b3cf8df1-a587-4801-b604-751a7df46057
6.189526, 8.495679
6.125139, 8.525145
6.066950, 8.548480
5.969640, 8.623361
5.924621, 8.656117
5.801525, 8.780148
5.745882, 8.854129
5.698427, 8.906727
5.654672, 8.945935
5.583121, 8.996130
5.534408, 9.032837
5.486338, 9.074506
5.427733, 9.158818
5.393847, 9.213807
5.357036, 9.258436
5.334688, 9.291896
5.311118, 9.334473
5.281800, 9.389607
5.254086, 9.456725
5.230814, 9.520926
5.203202, 9.570749
5.163918, 9.654648
5.119937, 9.748578
0d0fb7c5-ad23-4e56-ad62-5d0fd0050079
6.189507, 8.364940
6.157688, 8.389672
6.141443, 8.560706
6.071951, 8.592911
6.000910, 8.634152
5.888608, 8.640529
5.856154, 8.649641
5.819509, 8.656818
5.805316, 8.670141
5.749032, 8.697654
5.696474, 8.721680
5.648795, 8.746765
5.605504, 8.759454
81691588-5b86-4bde-9378-d50f5d01c7a4
6.553373, 9.728141
6.583986, 9.740171
6.643345, 9.791236
6.693876, 9.805492
6.722587, 9.815146
6.741085, 9.827684
6.775682, 9.843900
6.802440, 9.858095
6.828926, 9.868756
6.930640, 9.893870
6.953731, 9.902656
6.987458, 9.918690
7.023695, 9.937575
7.059216, 9.957775
7.111540, 9.980643
7.159936, 10.006696
7.204669, 10.030776
7.239914, 10.051449
7.272555, 10.072330
7.298087, 10.085110
46f1b952-8fc1-4759-8ebc-a09821b0a165
6.679413, 10.223557
6.698294, 10.228883
6.722741, 10.235776
6.919584, 10.298759
6.983618, 10.305232
7.045998, 10.322754
7.091217, 10.338564
7.147163, 10.358124
7.185126, 10.371397
7.263409, 10.388988
7.297487, 10.394934
7.317516, 10.402809
7.350284, 10.413897
7.379753, 10.425263
7.412591, 10.436138
7.437042, 10.445628
7.460982, 10.456338
7.485293, 10.471942
7.515274, 10.489198
7.541965, 10.506085
7.576186, 10.522218
7.600184, 10.538303
7.633968, 10.555335
7.661553, 10.570722
7.683922, 10.588540
7.700717, 10.590239
7.760383, 10.613831
7.801031, 10.628294
7.845068, 10.647141
7.895643, 10.670412
7.930067, 10.691195
7.971501, 10.717958
7.999657, 10.737928
ec34fd3a-a80c-41cf-91b7-6ad2f6c3dfc8
6.681898, 10.386947
6.648671, 10.403591
6.518924, 10.530073
6.499188, 10.551753
6.479783, 10.555320
6.454480, 10.566683
6.414397, 10.587965
6.375804, 10.611846
6.347835, 10.632674
6.273541, 10.700101
6.252160, 10.734625
6.234403, 10.760056
6.220180, 10.782672
6.208003, 10.810075
6.195385, 10.841632
6.183971, 10.873643
6.160836, 10.920694
6.145462, 10.945180
6.122481, 10.978966
6.101056, 11.002481
6.066938, 11.042149
6.033811, 11.080666
6.001278, 11.130020
35ae1b41-208b-4c2c-9012-66596ecfde90
6.338779, 6.614068
6.301562, 6.617462
6.259456, 6.621302
6.218704, 6.623515
6.173633, 6.619968
5.948874, 6.617903
d608076f-ad58-4759-96cf-4501e8f30808
6.450953, 5.544399
6.525824, 5.590830
6.557668, 5.614101
6.573990, 5.629739
6.593837, 5.632279
6.614007, 5.639388
6.651856, 5.654313
6.702995, 5.671261
6.751333, 5.688859
6.783086, 5.698826
6.874614, 5.702992
6.895298, 5.708429
6.914599, 5.719692
6.947070, 5.742106
6.985011, 5.761023
7.023010, 5.778295
7.116933, 5.806045
7.151442, 5.816241
7.175801, 5.823438
7.211317, 5.824567
8c9294b9-abd7-45f1-9cbc-8c878e0ff3dc
6.492563, 9.738733
6.448502, 9.766561
6.440412, 9.774690
6.348382, 9.832021
6.282404, 9.871264
6.266975, 9.884418
6.243151, 9.900797
6.233563, 9.920781
6.216591, 9.949220
6.214391, 9.972348
6.207766, 10.010387
6.199285, 10.050365
6.197474, 10.080536
6.195834, 10.132827
6.188508, 10.178699
ec74a3e9-3679-4868-b2d2-439f57b29b8f
6.524590, 10.032911
6.491406, 10.048865
6.458956, 10.073566
6.370200, 10.126837
6.253948, 10.228370
6.199299, 10.262334
6.156252, 10.292006
55bba87f-7a41-491a-a508-8a3feda8335d
6.631807, 10.403338
6.572367, 10.608583
6.559728, 10.636386
6.540727, 10.670944
6.528488, 10.693197
6.518606, 10.723582
6.510750, 10.747737
bb7ff01c-13c7-4f71-a1d6-2200aaf1d3a8
6.695722, 10.709675
6.735948, 10.735246
6.751124, 10.750264
6.769592, 10.750452
6.793655, 10.752019
6.814413, 10.757696
6.848184, 10.765198
6.882277, 10.771061
6.916615, 10.775270
6.954451, 10.775207
6.990858, 10.770482
7.017487, 10.765344
7.084580, 10.751763
7.120449, 10.739744
7.149720, 10.731330
7.179330, 10.724194
7.205105, 10.719341
7.233971, 10.718298
7.271318, 10.712279
7.305160, 10.705132
7.340928, 10.692811
7.373047, 10.679976
7.395897, 10.672270
7.419262, 10.668943
7.455770, 10.659033
7.476260, 10.664280
7.511794, 10.664111
cbd5d14e-b4ab-45bc-bbed-4f95a95d8f9e
6.701443, 10.984107
6.584827, 11.025864
6.524914, 11.051785
6.472530, 11.084711
6.348460, 11.155617
6.265449, 11.212797
6.202130, 11.251276
6.140520, 11.276457
6.073258, 11.297479
6.008338, 11.330552
6294e2b4-6927-4e12-93ca-d6501cf13bc8
6.774569, 11.828875
6.739821, 11.879121
6.726769, 11.900909
6.707925, 11.915733
6.686578, 11.930400
6.665302, 11.946623
6.545346, 11.996366
6.499277, 12.028466
6.458712, 12.051260
6.417283, 12.065952
6.392435, 12.076354
6.352928, 12.097758
6.308866, 12.119930
6.278512, 12.140230
6.247364, 12.166461
6.226137, 12.186295
6.207362, 12.209983
6.192558, 12.238300
dbe23d13-1668-45c2-ada8-e1e7aca570c7
6.879412, 12.202120
6.806334, 12.239019
6.643484, 12.304270
6.599366, 12.331584
6.550735, 12.382709
6.472303, 12.459631
6.428396, 12.511077
6.403353, 12.573153
71b3c609-1773-498f-98c4-5fb94b7499a6
6.956853, 12.575509
6.925959, 12.592156
6.717306, 12.672174
6.678411, 12.696955
6.618318, 12.760539
6.584989, 12.816343
f626c819-7e17-4c34-847c-afd20856811e
6.298698, 7.346832
6.245986, 7.353733
6.226744, 7.363915
69fe5573-a062-4243-bb34-4bbf8b8ed9d3
6.628741, 10.387598
6.560333, 10.501127
6.498769, 10.614649
6.479416, 10.663643
6.468190, 10.696521
6.458454, 10.720842
6.442832, 10.743757
6.438765, 10.758903
6.430061, 10.779767
6.419478, 10.801251
0e041258-de10-4662-9e48-2eaffad2d8cc
6.678276, 10.975940
6.636456, 11.056056
6.566956, 11.086654
6.532436, 11.113788
6.499701, 11.135698
6.477773, 11.153966
6.470446, 11.173395
6.423478, 11.235042
3a30d16b-25aa-4135-bd86-8cdbb5a31b96
6.769100, 11.391900
6.816441, 11.427194
6.842209, 11.440746
6.866239, 11.456790
6.887854, 11.458834
6.913740, 11.462672
6.945041, 11.468712
6.979554, 11.473734
7.014263, 11.477159
7.038026, 11.480895
7.058112, 11.488483
7.080088, 11.498265
919ebed8-8916-4a7d-ba8b-878107e22319
6.713829, 11.100870
6.679131, 11.169650
6.667500, 11.233856
6.681386, 11.250520
6.687330, 11.282925
6.741270, 11.424763
7dba706b-2f56-423a-b0d6-b73bf73da1fc
6.838356, 11.903656
6.786033, 11.990211
6.806088, 12.005744
6.897147, 12.027947
d0b8fe86-9349-4648-a104-4fd8e1f1d6cb
7.069735, 12.864378
7.144103, 12.885557
7.177968, 12.888974
7.234655, 12.890975
d9ebb05b-ce7e-4aee-ba6e-040e0c040b60
6.370832, 5.249347
6.204997, 5.266874
6.100591, 5.285466
6.016151, 5.279001
5.948810, 5.304224
5.900470, 5.360024
5.828810, 5.386910
5.745669, 5.424884
5.687883, 5.455927
5.638759, 5.478919
5.599449, 5.503928
5.576181, 5.525827
