main root
6.050946, 4.611642
6.049660, 4.825184
6.084000, 5.000082
6.112908, 5.282353
6.152943, 5.472928
6.069538, 5.798322
6.025743, 6.009462
5.972963, 6.188934
5.947761, 6.351133
5.926997, 6.526643
5.915494, 6.668261
5.950848, 6.811795
5.966214, 6.977638
5.993067, 7.130769
6.030822, 7.297864
6.086957, 7.458922
6.107595, 7.586111
6.132766, 7.717409
6.173195, 7.879872
6.236106, 8.067796
6.265969, 8.354339
6.277825, 8.517823
6.286977, 8.731812
6.297028, 8.917572
6.311552, 9.029815
6.313314, 9.078416
95c774a5-b93a-40da-a8fc-c79dbf31af56
6.146244, 4.689212
6.253563, 4.646423
6.323715, 4.614077
6.386373, 4.595130
6.455615, 4.580166
6.539443, 4.575036
6.649606, 4.576773
6.760280, 4.563705
6.862486, 4.560156
6.955559, 4.556923
7.049872, 4.562067
7.142986, 4.569252
7.244377, 4.574954
7.363292, 4.577414
7.472743, 4.592378
7.583846, 4.594753
7.683004, 4.603222
7.781414, 4.626486
7.898713, 4.647712
8.016979, 4.662681
8.126540, 4.685054
8.231990, 4.717386
8.331858, 4.736945
8.448187, 4.759727
8.539241, 4.781846
8.604811, 4.796234
8.654478, 4.814255
e7ecfdc0-7c92-49c5-a741-7cffffb6ef17
6.219451, 5.416436
6.274993, 5.424030
6.324630, 5.426499
6.410030, 5.415316
6.451805, 5.410067
6.495071, 5.402967
6.543967, 5.396460
6.594321, 5.389759
6.651783, 5.383621
6.720463, 5.374780
6.773435, 5.364942
6.836503, 5.347141
6.891477, 5.334733
6.947032, 5.325262
7.058304, 5.340983
7.138326, 5.322236
7.212651, 5.312865
7.249956, 5.311179
7.287952, 5.313956
7.340217, 5.316275
7.377270, 5.320916
7.406244, 5.323036
79ba4562-d467-48b5-b5fe-5f9622428752
6.087366, 5.164488
6.270469, 5.138080
6.349744, 5.130176
6.455037, 5.127667
6.532844, 5.118973
6.578964, 5.146731
6.696452, 5.199643
6.884899, 5.280081
6.976679, 5.310896
7.128500, 5.371408
7.266399, 5.433014
7.412597, 5.506807
7.514378, 5.574275
7.640259, 5.662553
7.713785, 5.702091
5efc3e2f-e799-4e02-a2a2-5480a948f6ee
6.168971, 4.961426
6.249472, 5.001172
6.279607, 5.014903
6.342451, 5.050358
6.403026, 5.060891
6.445234, 5.076421
6.491168, 5.093321
6.666397, 5.161083
6.710535, 5.179405
6.758123, 5.197184
6.802468, 5.214997
6.842471, 5.235552
6.847913, 5.238348
6.962169, 5.307260
7.217946, 5.411448
7.333608, 5.465982
7.464346, 5.537473
7.578305, 5.621747
7.774445, 5.730924
7.816071, 5.752602
7.911916, 5.804902
8.011330, 5.868762
8.116815, 5.939019
8.226654, 6.017190
8.331560, 6.089272
8.435846, 6.173589
8.528023, 6.248114
8.629843, 6.325037
8.735613, 6.397049
8.828276, 6.470347
8.930909, 6.546179
9.016834, 6.614928
9.086174, 6.678487
9.146404, 6.739323
9.187080, 6.788919
9.217747, 6.814509
5a284517-0186-4be0-a2e7-96d7cb13bdb6
6.142525, 5.780745
6.231320, 5.815086
6.291986, 5.827293
6.382027, 5.850864
6.470118, 5.854247
6.576617, 5.871434
6.689715, 5.885404
6.778952, 5.902816
6.826734, 5.912139
0d8b4196-93be-4e1e-8334-83e392168848
5.947833, 6.083300
5.867965, 6.072217
5.830663, 6.060264
5.794115, 6.045409
5.760779, 6.031860
5.733348, 6.023943
5.703205, 6.018357
5.676149, 6.013344
ed6512f8-b35e-460e-a600-5009facb7f0e
5.848286, 6.656576
5.821500, 6.663640
5.757107, 6.688145
5.720435, 6.700661
aa4a0f23-322d-4b30-ba30-7a9eb0af0818
5.962107, 4.716873
5.872851, 4.767601
5.770297, 4.809441
5.678955, 4.853017
5.556002, 4.901281
5.449965, 4.931539
5.285647, 5.016980
5.215864, 5.062615
5.158531, 5.090197
5.085700, 5.108797
4.987853, 5.135970
4.890597, 5.165173
4.776622, 5.197196
4.662908, 5.231338
4.552926, 5.281983
4.440160, 5.317653
4.312458, 5.360048
4.184208, 5.404823
4.033938, 5.446615
3.937339, 5.477871
3.871419, 5.490357
3.823587, 5.499418
7610988c-f9e0-4d65-8a8d-d8e2ff1dc4ab
5.963376, 4.904162
5.908720, 4.915717
5.869981, 4.918879
5.825050, 4.925549
5.770186, 4.936722
5.707438, 4.955610
5.634472, 4.977572
5.579728, 4.990925
5.522153, 5.004968
5.467445, 5.022933
5.419282, 5.041901
5.379331, 5.062460
5.309353, 5.107798
5.260942, 5.133815
5.215586, 5.159889
5.172649, 5.181119
5.119521, 5.207388
5.066395, 5.233657
5.014625, 5.255916
4.960962, 5.277359
4.914619, 5.294266
4.887876, 5.305617
4.852373, 5.325565
4.806367, 5.356565
4.765943, 5.360065
4.749675, 5.332821
4.775343, 5.298634
4.783421, 5.278752
4.775586, 5.258554
4.755639, 5.253034
4.736461, 5.264328
4.710317, 5.308983
4.680724, 5.296493
4.648888, 5.291920
4.613146, 5.286785
4.573032, 5.275489
4.504608, 5.296071
4.410466, 5.325601
4.360890, 5.341680
4.263292, 5.376366
4.170033, 5.409455
4.103278, 5.470903
e49779e8-3780-430a-b702-5dab9fefb38a
5.816597, 4.906610
5.816144, 4.874828
5.801191, 4.825046
5.760596, 4.768500
5.742400, 4.731221
5.734056, 4.706523
5.722686, 4.696329
5.705848, 4.679261
5.688600, 4.659686
5.669656, 4.640492
