main root
6.775008, 4.794780
6.648833, 5.211439
6.567420, 5.400006
6.501491, 5.565008
6.439818, 5.793339
6.363534, 6.020432
6.297421, 6.209043
6.264273, 6.359043
6.200440, 6.546264
6.130379, 6.757950
6.051069, 7.009824
5.973611, 7.264606
5.914194, 7.449301
5.911098, 7.560395
5.807726, 7.604597
5.770046, 7.776040
5.759680, 7.943246
5.721814, 8.179237
5.686757, 8.332252
5.703863, 8.435719
5.674132, 8.619796
5.631260, 8.863720
5.615138, 8.955441
5.611495, 9.024763
5.627738, 9.116506
5.639916, 9.209405
5.629546, 9.292136
5.626430, 9.384648
5.624243, 9.511909
5.624157, 9.639190
5.636487, 9.805999
5.640370, 9.915961
5.640742, 9.986077
64723b12-dfa6-4513-9be7-ac9cd76475e7
6.537727, 5.244815
6.409388, 5.239524
6.327920, 5.246511
6.265888, 5.245823
6.195754, 5.239056
6.113414, 5.241203
6.031418, 5.249329
5.955596, 5.256842
5.881115, 5.262717
5.819727, 5.258553
5.709918, 5.251101
5.616811, 5.240568
5.524266, 5.232215
5.440885, 5.233017
5.364690, 5.233750
5.287013, 5.235994
5.217046, 5.234694
4.973232, 5.162654
4.934073, 5.169608
4.856940, 5.186412
4.789719, 5.191867
4.714205, 5.197927
4.646115, 5.206328
4.567439, 5.222000
4.490779, 5.240254
4.412582, 5.265028
4.353929, 5.277330
4.246378, 5.289079
4.162211, 5.298273
4.069625, 5.308386
3.977512, 5.320564
3.896347, 5.339662
3.826628, 5.349917
3.767560, 5.361631
3.681046, 5.394047
3.623107, 5.409363
3.571947, 5.422887
fc3211d8-31b7-4023-95d4-3c384fd8a041
6.677713, 5.345505
6.788384, 5.430399
6.873872, 5.485314
6.954103, 5.531852
7.035517, 5.576644
7.109703, 5.617458
7.227683, 5.668676
7.467797, 5.746102
7.601277, 5.826031
7.673914, 5.869526
7.731080, 5.910736
7.776240, 5.932222
7.857020, 5.960709
7.925068, 5.987880
8.025608, 6.032582
8.110072, 6.072438
8.185637, 6.112681
8.269406, 6.152528
8.334230, 6.186677
8.399627, 6.222819
8.467330, 6.252986
8.513775, 6.272041
58aee4ec-ac03-4594-aaf7-0cc2b8f8e199
6.466619, 5.740182
6.669554, 5.821354
6.721794, 5.843861
6.758637, 5.866254
6.821698, 5.906333
6.876802, 5.943127
6.926909, 5.981984
6.978373, 6.016209
7.035712, 6.048946
7.096580, 6.081976
7.158147, 6.113681
7.220387, 6.144048
7.279265, 6.174439
7.337443, 6.206152
7.394892, 6.239170
7.503222, 6.291591
7.545830, 6.324697
7.698075, 6.389926
7.796064, 6.457309
7.832309, 6.519747
7.883937, 6.565575
7.949370, 6.615653
8.005677, 6.662520
8.081103, 6.709722
8.137443, 6.752042
8.229387, 6.813168
8.299895, 6.860042
8.380360, 6.905957
8.453233, 6.949928
8.525724, 6.993669
8.603692, 7.045627
8.678287, 7.102921
8.748211, 7.148784
8.817439, 7.199150
8.879057, 7.243980
8.938584, 7.289138
9.020743, 7.348812
9.057287, 7.380904
45c084d1-39ed-4f91-a064-595fd4ad9d5a
6.266170, 6.535803
6.350983, 6.578970
6.384559, 6.601097
6.439043, 6.638795
6.488494, 6.678470
6.540580, 6.716423
6.580364, 6.749068
6.726254, 6.811388
6.745684, 6.822943
6.782069, 6.844579
6.822556, 6.865171
6.843058, 6.878957
6.874032, 6.903391
6.915677, 6.928617
6.951884, 6.950548
6.988091, 6.972480
7.020188, 6.995420
7.054628, 7.020034
7.089068, 7.044648
7.127685, 7.068566
7.159552, 7.091824
7.193746, 7.116778
7.227940, 7.141733
7.262135, 7.166687
7.300511, 7.190987
7.336277, 7.213633
7.372042, 7.236278
7.403677, 7.259849
7.441811, 7.284529
7.463135, 7.298330
e1964382-abf2-4f97-8454-ae7b09ec6a8f
6.410434, 5.620170
6.323434, 5.627174
6.216597, 5.642223
6.105513, 5.667757
5.916950, 5.660277
5.860175, 5.673235
5.832955, 5.646895
5.763154, 5.642621
5.606085, 5.641188
5.480532, 5.629544
5.430428, 5.626399
5.393978, 5.628612
5.336948, 5.636571
5.293489, 5.630397
a48cb46c-032f-4010-970a-70b10513be08
6.540536, 5.514271
6.631353, 5.569573
6.659533, 5.600524
6.693891, 5.628172
6.829855, 5.711837
6.866616, 5.732316
6.891287, 5.743973
6.933722, 5.798942
7.076576, 5.900767
7.145165, 5.936340
7.193856, 5.969611
7.258980, 6.004600
7.310739, 6.037505
7.366149, 6.072731
7.419010, 6.112959
7.477533, 6.159377
7.521745, 6.203997
2e3b6e81-928b-42f6-aae6-02c5adccc24e
6.101324, 7.116163
6.181843, 7.150522
6.247976, 7.181996
6.330720, 7.209773
6.403767, 7.238757
6.439206, 7.254428
b6243afd-c766-4e15-ace5-0f330335fee7
6.184135, 6.843137
6.221322, 6.866714
6.267522, 6.897780
6.298669, 6.911506
bbba2320-e6cb-427f-9bf4-82acd19e406b
5.973919, 7.446887
6.047862, 7.501419
6.099332, 7.566059
6.142147, 7.612619
6.170119, 7.645250
8cebe712-79b4-4375-b2e8-341688668dd9
6.477263, 5.709504
6.142428, 5.642626
5.912905, 5.646907
5.652992, 5.640502
5.532549, 5.641572
98c7d378-46bf-4379-9a33-83a442604822
6.727101, 5.283186
6.797534, 5.308475
6.841625, 5.334897
