main root
6.907164, 4.582276
6.800652, 4.754275
6.745135, 4.879019
6.682277, 5.030403
6.656159, 5.122119
6.629829, 5.238006
6.627534, 5.322465
6.620868, 5.490817
6.618442, 5.605510
6.618408, 5.707061
6.628124, 5.799766
6.626141, 5.902605
6.630649, 5.998125
6.648828, 6.114836
6.670490, 6.240257
6.680956, 6.325231
6.696459, 6.416683
6.705744, 6.489361
6.715480, 6.598964
6.725794, 6.691306
6.733180, 6.776101
6.742555, 6.859842
6.753988, 6.943327
6.757488, 7.030017
6.763337, 7.122749
6.766623, 7.207797
6.767837, 7.292906
6.768531, 7.341584
6.785585, 7.516128
6.799535, 7.597343
6.797405, 7.637994
6.779254, 7.698358
6.793508, 7.831271
6.790636, 7.987065
6.786812, 8.080355
6.778418, 8.181850
6.763033, 8.290855
6.750939, 8.391681
6.736823, 8.509365
6.723714, 8.618647
6.708511, 8.727617
6.704530, 8.847766
6.692433, 8.957266
6.682444, 9.066960
6.676869, 9.151042
6.669170, 9.235812
6.663616, 9.319897
6.655938, 9.404671
6.650783, 9.461588
6.640685, 9.509088
5eaeb170-9ac7-4e8e-b48f-16f5da6fda69
6.904781, 4.674235
7.031423, 4.732862
7.109174, 4.760431
7.155280, 4.779355
7.192474, 4.791385
7.238277, 4.799908
7.271908, 4.807688
9b68b13f-73c5-44dd-b36d-581c10ae051d
6.830326, 4.757658
6.882590, 4.835361
6.895882, 4.874360
6.904133, 4.903985
6.912483, 4.929320
6.925105, 4.939999
6.936057, 4.957109
6.947644, 4.978039
