main root
6.682340, 4.347950
6.616964, 4.635991
6.588935, 4.768905
6.528609, 4.893269
6.508082, 4.978614
6.492560, 5.096356
6.480055, 5.223346
6.475570, 5.333672
6.474219, 5.417934
6.470782, 5.502978
6.456917, 5.589268
6.449831, 5.672588
6.451064, 5.755969
6.452442, 5.849090
6.460118, 5.941407
6.473229, 6.023996
6.486505, 6.107622
6.501108, 6.199605
6.509589, 6.293278
6.525050, 6.393660
6.533968, 6.478811
6.539534, 6.572343
6.539312, 6.644191
6.538998, 6.745783
6.535778, 6.818977
6.532430, 6.895101
6.519353, 6.953955
6.507336, 7.036723
6.488831, 7.120878
6.474283, 7.187036
6.458595, 7.251411
6.432465, 7.349699
6.410816, 7.407830
6.384538, 7.465522
6.358079, 7.527217
6.346156, 7.574003
6.299169, 7.716853
6.274112, 7.783447
6.258975, 7.840689
6.257244, 7.882362
6.256950, 7.961616
6.256668, 8.037821
6.256386, 8.114024
6.262110, 8.185651
6.271401, 8.264358
6.280335, 8.340035
6.275898, 8.391818
6.271452, 8.493258
6.265256, 8.566259
6.264583, 8.609567
6.272337, 8.688526
6.282002, 8.741004
ae1959dd-bd3f-496e-af81-9ff72aeb3215
6.678998, 4.498417
6.790089, 4.554401
6.931787, 4.609067
