main root
6.298729, 4.440867
6.413345, 4.690890
6.429127, 4.787254
6.446802, 4.919798
6.386881, 5.146738
6.347879, 5.310698
6.293884, 5.474958
6.248915, 5.627174
6.204123, 5.755405
6.166131, 5.876906
6.116500, 5.993962
6.027301, 6.155602
5.942928, 6.265072
5.872748, 6.368718
5.796192, 6.465476
5.712674, 6.556294
5.653360, 6.625931
5.586301, 6.786853
5.551634, 6.967115
5.469449, 7.159279
5.451742, 7.236553
5.422725, 7.377739
5.412293, 7.491518
5.393836, 7.600138
5.383875, 7.676626
5.369669, 7.737247
5.333810, 7.877027
5.310564, 7.943547
5.287383, 8.010760
5.278307, 8.074556
5.272659, 8.156763
5.267436, 8.232779
5.253867, 8.299220
5.240739, 8.363511
5.236308, 8.430100
5.234036, 8.509312
5.212755, 8.610018
5.194276, 8.667250
5.165859, 8.888249
5.164629, 8.939789
5.160230, 8.972049
5.153481, 9.016838
5.148620, 9.064935
5.143435, 9.109933
5.137620, 9.154852
5.128592, 9.196334
5.120628, 9.244015
5.110081, 9.285134
5.104682, 9.339776
5.096911, 9.381511
5.090393, 9.429412
5.086219, 9.477571
5.084400, 9.525878
5.079181, 9.568009
5.078190, 9.619554
5.073748, 9.661772
5.073705, 9.713325
5.070041, 9.755619
5.071074, 9.805696
5.086475, 10.041646
5.088792, 10.086882
5.086606, 10.115152
5.085236, 10.163475
5.080409, 10.205651
5.085163, 10.263833
5.083837, 10.292157
5.083938, 10.340501
5.083396, 10.385792
5.085178, 10.434101
5.086214, 10.479384
5.086614, 10.524676
5.086380, 10.569972
5.085511, 10.615259
5.084007, 10.660527
5.084760, 10.708863
5.084832, 10.754159
5.090265, 10.805428
5.090513, 10.842195
5.090185, 10.887488
5.089221, 10.932772
5.093480, 10.984149
5.096588, 11.029336
5.092681, 11.068999
5.103722, 11.133642
5.104878, 11.161973
5.102978, 11.204383
5.108887, 11.258971
5.113129, 11.304067
5.113478, 11.346518
5.116231, 11.394779
5.118178, 11.440032
5.122609, 11.488169
5.126129, 11.533327
5.129014, 11.578528
5.128088, 11.620970
5.135247, 11.675411
5.137165, 11.717819
5.141703, 11.765948
5.145323, 11.811099
5.151533, 11.859040
5.153367, 11.901453
5.160928, 11.952450
5.160842, 11.976610
5.160119, 12.001373
5.164573, 12.032270
b99ee0c6-6068-49e0-9246-ff99fff941b6
6.396633, 4.537772
6.473836, 4.572869
6.512053, 4.601606
6.564092, 4.642610
6.599540, 4.661013
6.654018, 4.689296
6.717816, 4.748220
6.767264, 4.783704
6.894558, 4.824061
6.949387, 4.861800
6.985355, 4.899145
7.030220, 4.947885
7.082431, 4.997979
7.137651, 5.044738
7.166366, 5.076898
7.212891, 5.133499
7.245911, 5.171313
7.369054, 5.367699
7.411791, 5.418954
7.508971, 5.482853
7.566419, 5.526001
7.632308, 5.580678
7.675808, 5.618719
7.730527, 5.669328
7.756945, 5.693761
7.908457, 5.860881
7.951148, 5.910395
7.980790, 5.938101
8.066451, 6.008514
8.099447, 6.046527
8.140953, 6.103480
8.194200, 6.166378
8.266966, 6.249059
8.311714, 6.299904
8.356462, 6.350749
8.416564, 6.422226
8.455940, 6.473705
8.501288, 6.528066
8.556556, 6.604166
8.600536, 6.659631
8.629209, 6.700609
d08324b1-6f31-42af-b8ec-559ef3236826
6.465834, 4.868621
6.583183, 4.883071
6.637247, 4.895868
6.682159, 4.922237
6.699979, 4.936160
6.729107, 4.962705
6.760371, 4.991184
6.800097, 5.019263
6.834638, 5.043665
6.869183, 5.068059
6.899560, 5.093165
6.940593, 5.119298
6.976269, 5.142007
7.002504, 5.162246
7.035996, 5.188069
7.069491, 5.213884
7.111390, 5.238606
7.133954, 5.276502
7.153583, 5.284087
7.209756, 5.334117
7.249485, 5.367496
7.282384, 5.393184
7.367986, 5.463432
7.438834, 5.524293
7.502879, 5.567471
7.539716, 5.608408
7.556418, 5.646079
7.576632, 5.786784
7.585054, 5.845427
7.593555, 5.883580
7.606790, 5.929234
7.628937, 5.984139
7.654996, 6.040742
7.665643, 6.078184
7.684634, 6.150445
7.708053, 6.231391
7.726965, 6.291378
7.737557, 6.345192
7.819556, 6.548732
7.833732, 6.613283
7.842031, 6.673715
7.850996, 6.708693
7.874584, 6.776611
7.885714, 6.826906
7.898609, 6.899028
7.915000, 6.990703
7.924938, 7.063295
7.935274, 7.138794
7.945855, 7.231586
7.951872, 7.297569
7.956397, 7.363671
7.972197, 7.419146
7.981503, 7.479145
7.996465, 7.562075
8.008491, 7.628733
8.022256, 7.696599
8.025636, 7.750910
1a79107f-ed32-4118-a168-7a14c8284869
6.465815, 4.497871
6.508564, 4.482132
6.556311, 4.484064
6.626347, 4.506173
6.706869, 4.533766
6.749225, 4.553026
6.846967, 4.567843
6.899288, 4.645690
6.922415, 4.754047
6.945813, 4.921485
7.020061, 5.016045
7.039586, 5.085370
7.035271, 5.139617
9a05949a-0f67-427d-a9a5-f158bb48c9f6
6.405018, 4.867112
6.293387, 5.022335
6.249801, 5.088066
6.203575, 5.161610
6.183340, 5.209391
6.154419, 5.281520
6.126892, 5.354194
6.098928, 5.451909
6.075908, 5.521464
6.051968, 5.593804
6.020637, 5.681779
5.997912, 5.745587
5.972466, 5.803658
5.942625, 5.882090
5.919816, 5.933623
5.906777, 5.970478
5.895188, 6.012213
5.885380, 6.058728
5.877775, 6.123816
5.869583, 6.181025
5.853863, 6.234370
5.608866, 6.728895
5.516978, 7.210920
5.503959, 7.253982
5.499448, 7.283598
5.498870, 7.315648
5.496276, 7.363341
5.494780, 7.414059
5.491640, 7.461718
5.489564, 7.512416
5.491821, 7.561253
5.495421, 7.611866
5.502665, 7.686876
5.537273, 8.003633
5.543351, 8.060342
5.553647, 8.101330
5.575188, 8.162513
5.587013, 8.214129
5.599776, 8.269836
5.605103, 8.322210
5.664636, 8.498789
5.674236, 8.531946
5.677710, 8.602564
5.681775, 8.654722
5.684115, 8.703990
5.688092, 8.756155
5.687136, 8.802669
5.693420, 8.861090
5.694716, 8.887120
5.683472, 8.928142
4df636b6-696d-40af-8aef-4d7868caf824
5.834985, 6.095691
5.793119, 6.097226
5.760044, 6.095441
5.734293, 6.112595
c00005f0-43d1-4709-bb52-fd90dd8061f9
6.082836, 5.357232
6.054697, 5.358992
94639ded-500e-4253-8bec-0a9e4d1d16f0
6.421882, 4.837009
6.098193, 5.064415
6.052409, 5.092369
6.004663, 5.117889
5.954911, 5.157640
5.859335, 5.282006
5.807712, 5.331918
5.758949, 5.383231
5.712184, 5.428095
5.643354, 5.491213
5.593708, 5.530647
5.554700, 5.583456
5.531750, 5.622083
5.499241, 5.688518
5.468099, 5.745353
5.441040, 5.798026
5.380567, 5.880100
5.361099, 5.901474
5.364660, 5.926190
5.330577, 6.013180
5.311574, 6.078092
5.300374, 6.138946
5.287960, 6.181599
5.307932, 6.272280
5.344643, 6.399426
5.359033, 6.460052
5.374096, 6.523521
5.391130, 6.613509
5.398655, 6.669358
5.404038, 6.720517
5.401055, 6.769559
5.393890, 6.985372
5.395330, 7.024741
5.420616, 7.186077
5.361740, 7.477258
5.310903, 7.840982
5.236248, 8.501777
5.190566, 8.765212
5.125645, 9.202375
5.085484, 9.488252
5.068969, 9.854421
e11b8afe-f784-43b0-98c4-0780ce2803d9
5.249184, 6.283810
5.220763, 6.302651
cde0716f-8c46-40e4-b3a1-9f4fb5618fb1
5.446909, 5.835496
5.469467, 5.854700
2e76443f-2fe3-4585-9a98-a774219e4f38
6.439332, 5.099045
6.421967, 5.630333
6.422054, 5.682425
6.419110, 5.711187
6.409452, 5.746735
6.402793, 5.771246
6.408068, 5.793450
6.411964, 5.822802
6.418197, 5.856474
6.422523, 5.886695
6.424712, 5.910782
6.405208, 6.049037
6.400773, 6.080476
6.420645, 6.138339
6.433404, 6.170116
6.442037, 6.194959
6.444977, 6.216339
6.466475, 6.455622
6.472727, 6.498213
6.480710, 6.532135
6.490353, 6.573208
6.499732, 6.600150
6.517392, 6.641845
6.529903, 6.679113
6.547100, 6.721002
6.567009, 6.761671
6.578795, 6.792607
6.591701, 6.818075
36ac12d7-1e34-42c8-b4da-5cf113d80401
5.676912, 6.614568
5.296047, 7.320154
5.261795, 7.373899
5.238287, 7.405111
5.221721, 7.427009
5.206967, 7.451378
5.186202, 7.491344
5.168750, 7.534674
5.155153, 7.552408
5.128842, 7.581806
5.112137, 7.604960
5.088046, 7.643467
5.067494, 7.687604
5.049067, 7.720085
5.037662, 7.746260
4.954899, 7.996449
4.938855, 8.030655
4.921017, 8.068684
4.897289, 8.126319
4.876356, 8.185028
4.858266, 8.244675
4.841064, 8.301394
4.824863, 8.359974
4.807852, 8.427093
4.793206, 8.472699
4.780262, 8.513004
4.761174, 8.567548
4.742558, 8.611680
4.725307, 8.648725
4.705310, 8.698758
4.685621, 8.743988
4.666122, 8.792532
4.648015, 8.841620
4.626350, 8.909010
4.609176, 8.967320
4.595055, 9.025858
4.587721, 9.062645
9c62bab9-1f80-4b1a-9e71-3d713b40615d
5.304112, 7.677135
5.262038, 7.690477
5.216324, 7.690841
5.192410, 7.689535
ea6f9d46-6216-4d89-b85a-c94b9eda0fba
5.592233, 6.650567
5.541201, 6.658866
5.422839, 6.650624
