main root
6.673789, 4.553057
6.475586, 4.863682
6.384413, 5.385024
6.341425, 5.558116
6.298416, 5.714287
6.252449, 5.858303
6.201242, 6.007541
6.158472, 6.138134
6.112838, 6.284082
6.080791, 6.412145
6.039286, 6.541515
6.000055, 6.656902
5.956449, 6.785160
5.916459, 6.921135
5.862876, 7.067619
5.810525, 7.210736
5.767900, 7.363051
5.733633, 7.523389
5.684198, 7.684003
5.634170, 7.826195
5.587563, 7.962174
5.555566, 8.062049
5.533946, 8.143135
5.509558, 8.351624
5.418585, 8.653664
5.383904, 8.776090
5.349613, 8.889396
5.321191, 9.005163
5.288914, 9.118937
5.262916, 9.226086
5.243090, 9.334714
5.221807, 9.451327
5.202045, 9.559611
5.178139, 9.667029
5.158333, 9.775501
5.146850, 9.885517
5.135424, 9.994983
5.121897, 10.104186
5.109407, 10.205022
5.095875, 10.314260
5.088660, 10.406739
5.077184, 10.499729
5.065779, 10.592156
5.054370, 10.684594
5.045080, 10.777055
5.035991, 10.846767
5.026371, 10.910995
4.966851, 11.157430
4.976470, 11.339023
4.979674, 11.527774
4.979260, 11.627960
4.972494, 11.729771
4.972103, 11.831339
4.969596, 11.933001
4.967092, 12.034563
4.966906, 12.127479
4.964587, 12.229156
4.962270, 12.330730
4.959516, 12.436351
4.961307, 12.529086
4.948615, 12.639033
4.943294, 12.740460
4.934071, 12.835514
4.916413, 12.907954
4.893650, 12.974543
4.868426, 13.022175
4.833802, 13.069577
4.784731, 13.111795
4.697640, 13.167193
4.614316, 13.225207
4.577155, 13.256207
4.532040, 13.283227
4.475310, 13.302493
4.385326, 13.328609
4.307673, 13.344576
4.241736, 13.353898
4.192635, 13.366884
4.119593, 13.345131
4.107066, 13.367879
4.018399, 13.395894
3.851767, 13.391667
3.724477, 13.390538
3.588651, 13.391420
3.453520, 13.390210
3.309413, 13.392172
3.196652, 13.387363
3.077443, 13.388613
2.959363, 13.383522
2.813983, 13.380690
8041e854-ab7e-4f64-8580-043e695b7076
6.410804, 4.896136
6.207331, 4.984657
6.124152, 5.025431
6.068428, 5.040964
5.987832, 5.065582
5.918082, 5.094712
5.857994, 5.114943
5.798630, 5.130191
5.741485, 5.162513
5.650671, 5.221604
5.440481, 5.311159
5.395703, 5.330218
5.338563, 5.368212
5.274361, 5.414476
5.211941, 5.463147
5.168431, 5.485684
5.088088, 5.532039
5.024280, 5.561940
4.990258, 5.581191
4.946755, 5.609243
4.896044, 5.652631
4.837488, 5.710608
4.783351, 5.762103
4.712763, 5.835083
4.659754, 5.887737
4.605686, 5.943553
4.564550, 5.989057
4.526012, 6.027223
4.423100, 6.127270
4.380739, 6.160097
4.355644, 6.179540
4.330013, 6.203179
4.286120, 6.251800
4.246419, 6.295773
4.206501, 6.335515
4.164525, 6.373076
4.120375, 6.412579
4.076459, 6.447854
4.030268, 6.484948
3.984994, 6.513622
3.934944, 6.545318
3.885820, 6.572879
3.834152, 6.601863
3.801625, 6.623539
3.766497, 6.654136
3.721824, 6.693044
3.677147, 6.731948
3.632467, 6.770848
3.587784, 6.809747
3.543099, 6.848643
3.497828, 6.895984
3.456881, 6.938797
3.415837, 6.977375
3.372667, 7.017945
3.329363, 7.062745
3.288187, 7.105337
3.254277, 7.136099
3.234951, 7.163735
3.065763, 7.344458
3.025274, 7.387715
2.984647, 7.426743
2.942008, 7.463561
2.896546, 7.510728
2.855510, 7.557625
2.816496, 7.602216
2.777484, 7.646810
2.738476, 7.691406
2.699753, 7.740229
2.662453, 7.782447
2.623748, 7.835301
2.587453, 7.874739
2.547508, 7.922568
2.509153, 7.963830
2.468816, 8.007229
2.428482, 8.050632
2.388463, 8.102500
2.351189, 8.141014
2.310196, 8.196291
2.273663, 8.235509
2.233580, 8.287327
2.196795, 8.329994
2.158735, 8.383316
2.124315, 8.431542
2.089899, 8.479771
2.056184, 8.532177
2.024130, 8.582007
1.992978, 8.635978
1.963362, 8.687294
1.932653, 8.734522
1.901235, 8.788338
1.871366, 8.839506
1.840423, 8.886581
1.809596, 8.944385
1.783464, 8.987033
1.764666, 9.017721
4fc03f1c-4d94-4b63-b679-a7d8ec979b9f
5.693833, 5.228167
5.714131, 5.274038
5.736095, 5.320410
91832c04-7980-44c1-8be3-1dc169b6afcb
6.470415, 5.102483
6.533359, 5.140043
6.580514, 5.163344
6.611209, 5.174703
6.648985, 5.190279
6.680297, 5.204809
6.705325, 5.214773
6.773333, 5.245100
6.798464, 5.256307
6.829570, 5.263624
6.873595, 5.266293
6.922714, 5.270770
6.974931, 5.274026
7.050281, 5.284136
7.091803, 5.295747
7.150531, 5.309062
7.175302, 5.314678
7.260655, 5.333976
7.300919, 5.359230
7.347811, 5.386874
7.377663, 5.399261
7.412857, 5.409003
7.467143, 5.417819
7.525642, 5.427318
7.569143, 5.432866
7.601489, 5.440009
7.635408, 5.452097
7.685168, 5.468242
7.731602, 5.484880
7.779427, 5.502018
7.819277, 5.516297
7.855223, 5.530767
7.878802, 5.541873
b65648df-7a54-4aac-bc7e-d7dffc5293cc
6.340497, 5.214821
6.257239, 5.186895
6.238414, 5.176749
6.220076, 5.181485
6.198708, 5.182367
6.160570, 5.188434
6.125881, 5.195468
6.089183, 5.207491
6.060826, 5.210481
6.037456, 5.208431
6.026359, 5.219525
6.003800, 5.226210
5.941115, 5.240100
5.914250, 5.246053
5.891726, 5.247978
5.820436, 5.297998
5.791711, 5.314496
5.765837, 5.324179
5.718259, 5.341983
5.677505, 5.355636
5.603877, 5.365313
5.546407, 5.371357
5.494555, 5.378315
5.449217, 5.385908
5.392972, 5.402915
5.341350, 5.423216
5.291540, 5.447630
5.245241, 5.471991
5.084762, 5.552486
4.995433, 5.604270
4.898297, 5.686836
4.746160, 5.826071
1e1e1d30-890e-4da0-b4c1-0aecfa9621da
6.417404, 5.030838
6.301120, 4.988864
6.236821, 4.991339
6.165140, 4.982397
5.973043, 5.010183
5.937130, 5.002855
5.895857, 4.994434
5.864792, 4.988057
5.836420, 4.985251
5.804636, 4.988085
5.757248, 4.998321
5.720663, 5.000098
5.670617, 5.007332
5.564437, 5.029332
5.525308, 5.034382
5.502702, 5.034283
5.489893, 5.047820
5.370765, 5.083123
5.343352, 5.086564
5.300051, 5.093506
5.253613, 5.096404
5.202907, 5.099569
5.167016, 5.106307
5.105181, 5.122486
5.040724, 5.137803
4.990190, 5.151351
4.938669, 5.157930
128560e3-e55e-43f0-bb0d-be63474cf19a
6.266902, 5.758401
6.164191, 5.747381
6.134861, 5.746036
6.119986, 5.739869
6.094566, 5.730951
5.993432, 5.717341
5.953157, 5.710411
5.922882, 5.700645
5.872654, 5.686017
5.823880, 5.671812
5.773428, 5.660236
5.728849, 5.654614
5.647096, 5.644674
5.528869, 5.639030
5.409435, 5.630606
5.175500, 5.610153
5.115513, 5.605633
4.891511, 5.625471
4.864090, 5.623250
4.851711, 5.634950
4.765474, 5.659239
4.724739, 5.670712
4.684003, 5.682185
4.645228, 5.699326
4.591024, 5.723287
4.535291, 5.751197
4.467825, 5.783308
4.421248, 5.807134
4.386095, 5.823435
4.340965, 5.839418
88dd5e88-d2c3-4f4f-a908-5aa4a5a9debb
6.070203, 6.278256
6.010873, 6.298040
5.961261, 6.304438
5.822161, 6.328844
5.771372, 6.328636
5.714275, 6.328352
5.683804, 6.331141
5.646819, 6.340486
5.587515, 6.358504
5.529842, 6.380718
5.483421, 6.389298
5.412014, 6.419042
5.360545, 6.433991
5.275983, 6.474980
5.223361, 6.498825
5.142831, 6.510328
5.066012, 6.537197
5.005315, 6.563184
4.946526, 6.593238
4.884264, 6.630110
4.825705, 6.671748
4.783461, 6.689534
43f34cec-f8bb-423e-a639-be509111eb27
6.083220, 6.413283
6.111133, 6.480274
5.965599, 7.065520
21c9e262-0290-4fa4-9787-2967e3d4c4e1
6.123369, 6.184591
6.057888, 6.188798
6.033224, 6.187384
6.004685, 6.182748
5.966335, 6.173486
5.934971, 6.162831
5.916007, 6.165342
5.893401, 6.165317
5.841032, 6.158297
5.814175, 6.156208
5.728433, 6.163999
5.701029, 6.166489
5.673022, 6.172040
5.643398, 6.184014
5.600841, 6.207674
5.569973, 6.223123
5.549933, 6.226457
5.517760, 6.230292
5.485444, 6.232635
5.453054, 6.233484
5.429120, 6.232613
5.412592, 6.243287
5.351246, 6.262099
5.311293, 6.275917
5.282212, 6.284390
5.257826, 6.291495
6fae16ba-0627-446e-82d7-b3576d5826de
6.047531, 6.585680
6.132173, 6.600542
6.150347, 6.604853
fc6e7532-24c0-4747-8b21-fd74d1c69622
5.779890, 7.237037
5.740959, 7.260684
5.719346, 7.260459
5.678577, 7.258539
5.637907, 7.255124
5.585665, 7.252240
5.547656, 7.256137
5.485256, 7.264039
5.441467, 7.274111
5.390734, 7.282748
871509df-040d-42e1-b77b-2ff39054058b
5.772170, 7.530130
5.915008, 7.664652
5.968742, 7.717305
5.994743, 7.746975
6.020531, 7.778670
6.049150, 7.816217
6.082234, 7.881592
6.103162, 7.926259
6.122724, 7.971540
6.140903, 8.017393
6.163511, 8.066298
6.184151, 8.107375
6.212815, 8.154090
ca81efc8-6d28-40de-8c2e-195e11c8d82c
5.573394, 8.185139
5.673486, 8.199030
5.763145, 8.211709
144a902b-f50a-4f3b-ad53-8f9cdc4f9120
5.465175, 8.662186
5.488628, 8.684226
5.515844, 8.704136
bac9a352-8bc1-4e18-9c27-7c6625734cfd
5.309482, 8.752802
5.373232, 8.737754
