main root
6.330652, 7.175732
6.585109, 7.256209
6.702693, 7.366096
6.605050, 7.300848
7.071631, 7.556969
7.227990, 7.641373
7.338510, 7.710548
7.443487, 7.781207
7.507783, 7.832077
7.548708, 7.877909
7.581158, 7.930087
7.621698, 8.011255
7.644915, 8.076533
7.656561, 8.140608
7.645671, 8.261840
7.631456, 8.325761
7.604892, 8.386732
7.555178, 8.484944
7.506382, 8.562610
7.450334, 8.636001
7.388358, 8.706758
7.332573, 8.770447
7.264259, 8.835668
7.183222, 8.910110
7.095931, 8.990298
6.999969, 9.072750
6.887052, 9.164578
6.769819, 9.263586
6.674545, 9.352277
6.615261, 9.424849
6.542910, 9.513417
6.481295, 9.605563
6.432036, 9.694453
6.396923, 9.801471
6.372372, 9.895508
6.403845, 10.058541
6.408642, 10.162633
6.391063, 10.312881
6.386230, 10.431202
6.400737, 10.555755
6.428179, 10.780795
6.455432, 11.030369
6.471646, 11.282123
6.477156, 11.527270
6.475349, 11.784370
6.457168, 12.027301
6.453277, 12.236965
6.435669, 12.443108
6.423545, 12.608084
6.435225, 12.773955
6.421366, 12.957783
6.418539, 13.091201
6.411179, 13.244612
6.396626, 13.355323
6.386243, 13.466448
6.381320, 13.519135
ed31b6bc-7674-4d33-82a9-672bd1c13665
6.381626, 7.136846
6.499238, 7.049720
6.623445, 6.981409
6.685376, 6.961810
9b373303-68e1-42bf-8ee2-8c407b6acc9f
6.461200, 7.080593
6.574470, 6.941190
6.638677, 6.874991
6.674292, 6.848354
6.728849, 6.837912
6.737234, 6.811868
6.784416, 6.758017
6.835363, 6.680714
6.884602, 6.656303
6.927441, 6.614961
4cf3aff5-d575-49c3-96ad-f1ca04c16234
6.629644, 7.179026
6.652958, 7.066700
6.688331, 6.905946
6.701962, 6.871257
6.724319, 6.847556
6.753581, 6.825275
6.773789, 6.809887
7b2f7ec9-d767-4d75-86ae-6cf98beda0e1
6.995904, 7.488701
7.088008, 7.372083
7.125547, 7.334214
7.167044, 7.288025
7.191314, 7.265412
7.230182, 7.225034
7.266786, 7.203376
d7f00a8a-adae-4add-b4f2-e10b34292f7c
6.438355, 9.872169
6.541665, 9.907546
6.640092, 9.946385
6.745097, 9.980494
6.853759, 10.026879
6.947189, 10.066763
7.024327, 10.095118
7.099850, 10.113915
7.171976, 10.133411
7.214886, 10.145010
02844ead-ecec-40f3-b30b-0620a5b1398e
6.463904, 10.124012
6.602399, 10.191390
6.700111, 10.229988
6.880403, 10.284379
7.063584, 10.334724
7.290860, 10.406662
7.493708, 10.517769
7.620912, 10.623321
7.726337, 10.692253
7.841086, 10.755885
7.950431, 10.820239
8.050098, 10.873989
8.145910, 10.928064
8.218337, 10.973704
8.284869, 11.013860
8.344671, 11.049953
8.387435, 11.081008
ae3b2b5a-e872-4892-966e-7f2f3fdf8d49
6.330469, 9.888961
6.258546, 9.893236
6.157002, 9.888027
6.036762, 9.897670
5.901609, 9.889369
5.772455, 9.894057
5.662425, 9.893817
5.552292, 9.895689
5.456958, 9.907892
5.372439, 9.928327
5.257887, 9.960362
5.134654, 9.988285
5.017844, 10.006099
4.908494, 10.018495
4.801964, 10.039088
4.711144, 10.058787
4.628397, 10.076735
4.506121, 10.102230
57dc4b2b-bd99-4af0-89d7-c97787ec2cd7
6.482366, 10.134754
6.669561, 10.219194
6.895018, 10.283351
7.003612, 10.314996
7.288172, 10.403802
7.569781, 10.557404
7.717256, 10.565587
7.825925, 10.581844
7.942183, 10.603501
8.033581, 10.622667
8.135082, 10.643951
b29f5982-20c3-4f68-9425-df07ba0688bc
6.318953, 10.342796
6.247705, 10.355229
6.162733, 10.380687
6.089073, 10.396198
6.011632, 10.406037
5.933940, 10.415909
5.895340, 10.419305
55fe32f8-c823-4721-af69-d186e1d2f045
6.380881, 10.477784
6.239300, 10.549496
6.134719, 10.596356
6.072012, 10.613556
5.994341, 10.641067
5.922519, 10.666506
5.880273, 10.675118
5.807947, 10.686812
5.747352, 10.696608
5.638563, 10.695196
5.568439, 10.688298
5.501751, 10.690760
5.445406, 10.704592
400ebea9-8543-4e1f-9453-8176a3605aa9
6.321725, 10.481710
6.169377, 10.493900
6.051550, 10.499093
5.941515, 10.499708
5.831449, 10.500323
5.721259, 10.507286
5.625351, 10.504869
5.572082, 10.508019
5.526287, 10.503229
2f13eb96-20c8-4169-9637-3a48a5f73040
6.492698, 10.525990
6.582484, 10.574409
85345ddc-a5ae-470c-8a72-de15d65a1ab8
6.330400, 10.811632
6.250866, 10.839291
6.155483, 10.870222
6.064103, 10.911352
6.007342, 10.925706
5.937873, 10.937105
5.865387, 10.931858
5.751539, 10.949335
5.712215, 10.959914
f171cc99-6c4d-49aa-ad30-ddb69bf86867
6.509651, 10.748160
6.627274, 10.768874
6.724832, 10.786055
6.836591, 10.788545
6.906014, 10.798555
7.012802, 10.826779
7.115639, 10.867090
7.221398, 10.899457
7.341962, 10.938549
7.436305, 10.978033
7.512467, 11.005040
7.579472, 11.026828
67b39adc-b2b5-4071-a31c-dff10bfd36dc
6.427861, 11.110443
6.272886, 11.118104
6.217419, 11.095494
6.188003, 11.080268
6.166555, 11.080988
6.132144, 11.076151
6.093603, 11.067711
6.050467, 11.059797
5.972899, 11.028502
dbf309b1-8e6c-4843-b371-1669161fd572
6.558438, 11.345293
6.633167, 11.353782
6.698664, 11.370246
6.782124, 11.393410
6.878861, 11.416957
6.926163, 11.428471
e924ac06-1b23-4b05-895b-9d735a777360
6.410304, 11.479153
6.301824, 11.514380
6.210380, 11.541552
6.128840, 11.572404
6.045356, 11.608514
6.005339, 11.624192
b7810e91-7183-47c0-b414-00300c0a4d6b
6.509447, 11.717866
6.656744, 11.726989
6.684354, 11.727576
6.714223, 11.704026
6.716532, 11.674581
6.687850, 11.654446
6.657298, 11.651661
0032720b-8f1f-4861-95d6-7d8af56b303d
6.403872, 11.897986
6.313971, 11.918683
6.229988, 11.941569
6.187101, 11.953257
d575ce09-59cb-44c3-99a0-356da20a320a
6.532393, 12.050214
6.575389, 12.063020
6.602297, 12.070497
6.630386, 12.075547
6.650811, 12.070658
6.674406, 12.066546
6.695778, 12.067379
4cea0453-506d-4557-a0da-66787228703f
6.516539, 12.264091
6.558513, 12.276686
6.601415, 12.292685
6.648522, 12.313408
0c04df96-b552-471e-8776-24ad64f4a8a3
6.369970, 12.619525
6.320529, 12.651751
