main root
6.753812, 5.184167
6.714868, 5.425867
6.684894, 5.604248
6.650534, 5.765073
6.646876, 6.003492
6.644723, 6.206347
6.652973, 6.383242
6.654808, 6.552661
6.646754, 6.769463
6.633999, 6.932583
6.606389, 7.152480
6.525957, 7.290873
6.470131, 7.452247
6.364720, 7.667765
6.301985, 7.821722
6.214634, 7.989962
6.124910, 8.160527
6.051884, 8.336087
5.980735, 8.491343
5.910424, 8.659236
5.874364, 8.771422
5.842301, 8.905272
5.812675, 9.019889
5.765258, 9.144973
5.727066, 9.257624
5.689738, 9.361133
5.657288, 9.457355
5.632333, 9.537845
5.607261, 9.618707
5.582722, 9.687744
5.559025, 9.767048
5.547304, 9.811500
5.536224, 9.875195
5.520266, 9.931400
5.499007, 10.021684
5.473779, 10.128819
5.444457, 10.234879
5.409053, 10.339114
5.386516, 10.438352
5.361934, 10.537040
5.339450, 10.636061
5.319033, 10.735529
5.292343, 10.834003
5.263703, 10.931583
5.232299, 11.046081
5.205422, 11.144069
5.172254, 11.248993
5.133074, 11.351875
5.098916, 11.447512
5.066763, 11.543825
5.036620, 11.640799
5.010550, 11.738921
4.980255, 11.844708
4.961168, 11.926422
4.937881, 12.016870
4.914658, 12.098753
4.893667, 12.180368
4.870464, 12.262260
4.849493, 12.343879
4.809982, 12.468228
994b32b5-ffbd-424e-b56c-c3ed02381019
6.569022, 5.218644
6.476758, 5.203074
6.344333, 5.227607
6.235634, 5.241288
6.133464, 5.245620
6.023569, 5.254516
5.931548, 5.266185
5.838650, 5.275846
5.753167, 5.280566
5.658772, 5.277352
5.567973, 5.276365
5.470130, 5.296055
5.392685, 5.310526
5.299925, 5.323578
5.205062, 5.326306
5.103643, 5.331338
5.002171, 5.336372
4.910517, 5.349343
4.818837, 5.364441
4.736054, 5.380177
4.652873, 5.395988
4.560125, 5.409337
4.469008, 5.426700
4.376263, 5.440092
4.291973, 5.458638
4.218142, 5.485713
4.124356, 5.524611
4.035261, 5.554733
3.936010, 5.579357
3.844878, 5.599799
3.760532, 5.614468
3.669968, 5.634489
3.561688, 5.654093
3.473086, 5.680823
3.375125, 5.708166
3.292610, 5.729045
3.211447, 5.751721
3.133764, 5.782038
3.046018, 5.814024
2.963149, 5.837611
2.879764, 5.857031
2.787640, 5.874168
2.697934, 5.897273
2.617801, 5.922196
2.530573, 5.953731
2.447673, 5.994885
2.352628, 6.032621
2.266064, 6.066990
2.176517, 6.095753
2.078339, 6.122846
1.987779, 6.145655
1.888072, 6.166405
1.797555, 6.187391
1.700239, 6.216467
1.604256, 6.249560
1.515297, 6.278008
1.435692, 6.305640
1.358950, 6.338864
1.283681, 6.375969
1.215334, 6.409664
1.145625, 6.447366
1.088867, 6.480470
1.037617, 6.497346
cae7a259-042c-4716-a663-31f6ed38e4dd
6.751773, 5.175743
6.831818, 5.181363
6.914486, 5.199812
7.007718, 5.188887
7.060643, 5.180529
7.105307, 5.170039
7.127821, 5.167906
7.169918, 5.163907
7.214712, 5.156638
7.253969, 5.153299
7.297460, 5.148098
7.331880, 5.145490
7.405633, 5.154155
7.461173, 5.163693
7.516782, 5.170208
7.565912, 5.171443
7.627645, 5.168504
7.698146, 5.162150
7.759892, 5.153580
7.816039, 5.148809
7.871619, 5.145589
7.903318, 5.148250
7.953941, 5.152499
8.011386, 5.158823
8.065186, 5.161735
8.121218, 5.167765
8.180141, 5.174106
8.239067, 5.180448
8.294699, 5.189445
8.354921, 5.197671
8.408174, 5.207964
8.452466, 5.219574
8.488077, 5.215362
8.528596, 5.225946
8.585039, 5.247410
8.639532, 5.270523
8.694940, 5.291667
8.752858, 5.325693
8.813558, 5.339857
8.871283, 5.353325
8.929005, 5.366794
8.990323, 5.378029
9.045143, 5.391115
9.099186, 5.407094
9.156023, 5.423899
9.212867, 5.440704
9.269710, 5.457511
9.324693, 5.475328
9.358923, 5.486421
9.404828, 5.504538
9.452997, 5.509430
9.498464, 5.522324
9.536408, 5.528371
9.556401, 5.536061
9.589771, 5.547244
9.619809, 5.558842
9.653164, 5.570068
9.679395, 5.583587
9.719415, 5.595747
9.749767, 5.606489
9.783427, 5.616766
9.802170, 5.627138
9.833680, 5.642815
9.865843, 5.657096
9.894650, 5.671479
9.922780, 5.687146
9.950175, 5.704067
9.980898, 5.721233
10.008267, 5.738191
10.034843, 5.756368
10.060575, 5.775726
10.085406, 5.796225
10.109285, 5.817823
10.140624, 5.840052
10.166020, 5.859847
10.194697, 5.880247
10.224241, 5.899372
10.254592, 5.917185
10.285693, 5.933653
10.313441, 5.949989
10.344520, 5.966499
10.376293, 5.981633
10.404709, 5.996777
10.436461, 6.011954
10.468846, 6.025727
10.497879, 6.039653
10.530247, 6.053470
10.567117, 6.064279
10.591720, 6.073006
10.621549, 6.085129
10.650802, 6.098586
10.683389, 6.111879
10.712625, 6.125374
10.745194, 6.138711
10.774410, 6.152244
10.806960, 6.165624
10.840064, 6.177567
10.873657, 6.188050
10.892336, 6.198536
10.923746, 6.214405
10.959844, 6.227563
10.989566, 6.239945
11.018699, 6.253655
11.047185, 6.268666
11.079009, 6.283695
11.111460, 6.297316
11.140557, 6.311104
11.165015, 6.327614
11.186586, 6.347644
11.202952, 6.349730
11.259645, 6.375450
11.300123, 6.393814
528950d3-40f9-4e71-8506-5b36ae1eb5aa
6.718311, 5.340827
6.822108, 5.366240
6.909117, 5.369336
6.965148, 5.369398
7.010467, 5.366454
7.051304, 5.365301
7.082912, 5.368901
7.110440, 5.353694
7.154941, 5.355467
7.194010, 5.360019
7.232620, 5.367530
7.289039, 5.380031
7.336850, 5.392158
7.387912, 5.403564
7.435705, 5.415775
7.481281, 5.430508
7.533906, 5.450667
7.587321, 5.472731
7.634269, 5.492123
7.690997, 5.513936
7.740344, 5.531307
7.792081, 5.546346
7.854555, 5.559830
7.922542, 5.572971
7.967155, 5.586168
8.017731, 5.599568
8.063178, 5.614706
8.117517, 5.634382
8.163362, 5.652574
8.210582, 5.671311
8.265673, 5.693172
8.322708, 5.714193
8.370377, 5.731762
8.422141, 5.754031
8.476581, 5.777451
8.517369, 5.798256
8.554696, 5.822337
8.595314, 5.850321
8.630901, 5.880293
8.669761, 5.913020
8.719310, 5.950836
8.770616, 5.986229
8.823570, 6.019120
8.869798, 6.051359
8.918064, 6.077721
8.970086, 6.106133
9.024128, 6.133943
9.067279, 6.157832
9.109695, 6.183024
9.151325, 6.209490
9.194191, 6.236741
9.244205, 6.268538
9.292154, 6.300795
9.330149, 6.329963
9.375064, 6.366331
9.414541, 6.398296
9.456396, 6.436039
9.500416, 6.475734
9.538093, 6.515758
9.584526, 6.565085
9.631495, 6.608428
9.677039, 6.654532
9.714461, 6.696673
9.755927, 6.741115
9.802138, 6.790643
9.831892, 6.829114
9.862974, 6.869302
9.895035, 6.915648
9.935001, 6.965529
9.979461, 7.018624
10.025050, 7.070736
10.071759, 7.121855
10.119566, 7.171956
10.168444, 7.221011
10.216255, 7.268995
10.253854, 7.310971
10.293396, 7.355117
10.330828, 7.399149
10.376809, 7.450929
10.417564, 7.501331
10.452728, 7.547197
10.496033, 7.601223
10.534193, 7.653615
10.566990, 7.701188
10.607513, 7.757331
10.642971, 7.811570
10.675404, 7.861183
10.707832, 7.910788
10.725695, 7.943582
10.750051, 7.989010
fbf818e3-cded-4ec8-adae-258c0544a488
6.530866, 5.421220
6.449323, 5.429398
6.376042, 5.430706
6.303045, 5.428978
6.227119, 5.427142
6.166960, 5.428644
6.082253, 5.430976
5.994438, 5.430038
5.913191, 5.435372
5.830937, 5.449087
5.750852, 5.468507
5.687377, 5.477739
5.609434, 5.492099
5.532091, 5.509391
5.471331, 5.504571
5.442728, 5.533016
5.401249, 5.556481
5.317066, 5.594440
5.227849, 5.625437
5.142619, 5.661731
5.047335, 5.697708
4.947150, 5.744582
4.863898, 5.785855
4.789345, 5.825131
4.715778, 5.866231
4.641861, 5.907527
4.559326, 5.951229
4.484498, 5.990849
4.402189, 6.034430
4.318688, 6.076263
4.241678, 6.112524
4.165076, 6.148593
4.079707, 6.186465
4.015706, 6.224113
3.940512, 6.278108
3.866285, 6.333998
3.783787, 6.393467
3.701370, 6.452879
3.627243, 6.508907
3.548870, 6.573448
3.470897, 6.626760
3.396784, 6.682529
3.325275, 6.741604
3.251953, 6.799448
3.179010, 6.846427
3.100710, 6.896856
3.025089, 6.950564
2.949155, 7.004493
2.873224, 7.058421
2.797290, 7.112352
2.725591, 7.171014
2.660060, 7.224630
2.589492, 7.285085
2.513769, 7.352741
2.440945, 7.423480
2.374141, 7.488371
2.310609, 7.555949
2.250207, 7.626339
2.194808, 7.700589
2.134049, 7.782025
2.076529, 7.855601
2.015669, 7.936884
1.954772, 8.018215
1.898950, 8.092770
1.843129, 8.167324
1.785482, 8.240806
1.719344, 8.318257
1.664124, 8.392641
1.601819, 8.473020
1.548172, 8.559492
1.485681, 8.660218
1.432760, 8.737541
1.376422, 8.812408
1.320419, 8.886826
1.266245, 8.962315
1.216881, 9.031101
1.171764, 9.088834
1.148031, 9.128924
1.110262, 9.198600
1.076960, 9.275740
1.043633, 9.337832
1.002592, 9.414298
0.968594, 9.474739
e29e8bd2-447c-4f3a-9756-5bbfed006c67
6.585294, 5.830832
6.490810, 5.839106
6.362877, 5.866569
6.305714, 5.885000
6.239471, 5.902483
6.194667, 5.916622
6.154102, 5.920006
6.078279, 5.926315
6.025561, 5.930684
5.970117, 5.938232
5.934714, 5.955119
5.862493, 5.997857
5.819976, 6.015788
5.795420, 6.024520
c781f4c6-a87f-4989-85a7-20064fbfb28c
6.506293, 6.962164
6.421056, 6.988708
6.377667, 7.006078
6.325688, 7.038218
6.261924, 7.070328
6.199384, 7.094857
6.115952, 7.118669
6.040627, 7.143280
5.967241, 7.168831
5.878366, 7.201361
5.813708, 7.223331
5.741654, 7.247816
5.665847, 7.279915
5.595761, 7.309612
5.531519, 7.328703
5.460589, 7.346660
5.367322, 7.361591
5.292077, 7.373638
5.224278, 7.375400
5.168462, 7.379848
5.058331, 7.426117
4.994031, 7.445014
4.912800, 7.468887
4.871167, 7.479562
ee37f4d7-3d51-435e-a6ec-26333dd48855
6.646673, 6.909613
6.697408, 6.919467
6.764440, 6.931144
6.833626, 6.940159
6.888426, 6.950076
6.950783, 6.932050
6.992565, 6.947208
7.064201, 6.973196
7.135837, 6.999184
7.203638, 7.026965
7.316522, 7.047597
7.429758, 7.072562
7.485851, 7.086462
7.528029, 7.090745
36f8e9cb-2b15-405e-bdb6-af93ac8f51f4
6.701490, 7.238998
6.719390, 7.250248
6.755903, 7.284732
6.778652, 7.315778
6.799691, 7.337048
6.825987, 7.337075
6.906610, 7.384595
6.969336, 7.416313
7.002678, 7.441598
7.036030, 7.440035
7.064849, 7.446176
7.123813, 7.457211
7.196702, 7.475072
7.236255, 7.487846
