main root
6.458612, 5.003946
6.447424, 5.323882
6.400139, 5.505497
6.368067, 5.663795
6.361000, 5.823000
6.323085, 5.967418
6.302605, 6.132083
6.276744, 6.283029
6.239777, 6.408378
6.236245, 6.553671
6.219217, 6.644851
6.206848, 6.745653
6.196558, 6.864153
6.178011, 7.016030
6.180924, 7.104515
6.189501, 7.208269
6.213948, 7.273065
6.252154, 7.390543
6.292143, 7.471386
0a5754ae-f775-474f-b48f-c959eaf89489
6.523347, 5.128681
6.593838, 5.241693
6.616954, 5.290065
6.645757, 5.339925
6.677511, 5.386603
6.721242, 5.437581
6.854933, 5.578469
6.909600, 5.634488
6.934896, 5.664696
6.962041, 5.697112
6.984254, 5.730631
7.010241, 5.772555
7.037005, 5.815733
7.070289, 5.866588
7.108047, 5.918814
9d091591-4ae4-440b-800d-169c9fe47112
6.488653, 5.378412
6.599958, 5.430342
6.705372, 5.469480
6.838245, 5.516254
5cc9acd1-6dac-4a18-b0a2-2ae80d2ec6e8
6.421817, 5.619745
6.500258, 5.678103
6.520752, 5.700811
6.556079, 5.744468
6.597745, 5.786487
6.639317, 5.828453
6.683730, 5.869074
5edb860d-c9db-497e-b877-36bc4bf8f492
6.505629, 5.105440
6.606571, 5.157444
6.696555, 5.179852
6.761446, 5.169320
90a26d49-1ed5-4eaa-89c1-3c84ccc6ca99
6.376024, 5.113686
6.222928, 5.022716
6.156240, 5.007520
6.094503, 4.996508
1aeba57d-4dac-4dcd-81c5-b9a682d60f62
6.360703, 5.280158
6.115107, 5.186909
6.058810, 5.188258
5.994531, 5.188003
5.954338, 5.192036
9e7bdd06-dd2c-4073-b116-b0b7a63458b2
6.338467, 5.460836
6.191836, 5.443761
6.133902, 5.441804
6.064953, 5.439902
30ae1d95-a44f-40f2-bf0d-f40c4ca89a9f
6.311856, 5.704416
6.259535, 5.714101
6.213158, 5.728784
6.192886, 5.723941
6.170378, 5.723574
