main root
6.526709, 5.106795
6.590488, 5.442479
6.576955, 5.547545
6.561657, 5.681239
6.541951, 5.797781
6.536563, 5.893074
6.529873, 6.011414
6.526729, 6.104277
6.523865, 6.188890
6.529956, 6.274324
6.519382, 6.336467
6.508057, 6.385181
6.510410, 6.476204
6.524659, 6.564040
6.528276, 6.633070
6.531482, 6.734712
6.536212, 6.818845
6.551197, 6.900677
6.559164, 7.002901
6.563708, 7.087899
6.575456, 7.188785
6.575194, 7.276193
6.579121, 7.377653
6.583378, 7.487632
6.583402, 7.597664
6.585541, 7.707780
6.585401, 7.809477
6.593678, 7.928704
6.603415, 8.038421
6.612927, 8.122147
6.628851, 8.196039
6.634631, 8.288330
6.641764, 8.412794
6.648060, 8.522652
6.666179, 8.618635
6.698250, 8.749141
6.731576, 8.867097
6.744286, 8.935252
6.748831, 9.005776
6.753125, 9.149597
6.743554, 9.289797
6.740867, 9.391282
6.731229, 9.517262
6.716790, 9.651305
6.701148, 9.804713
6.679024, 9.939568
6.650352, 10.062463
6.625464, 10.187618
6.601932, 10.295110
6.585942, 10.377847
6.574111, 10.460927
6.562097, 10.534678
6.554825, 10.588624
6905f821-0d0a-49b6-8f10-0a55426c163f
6.627945, 5.300279
6.674460, 5.304897
6.752163, 5.346540
6.827019, 5.381856
6.874723, 5.407671
6.938922, 5.421776
6.992466, 5.421281
7.059204, 5.419195
7.153173, 5.422571
7.238135, 5.427698
7.324139, 5.443276
7.405224, 5.451640
7.443586, 5.457102
7.482634, 5.483896
36568a99-67a3-457d-bfcc-c29cab046f8b
6.637588, 5.372700
6.721244, 5.440873
6.802029, 5.496963
6.847394, 5.548439
cdc145bb-c5ad-4fef-8660-f173be07fedc
6.589737, 5.138597
6.680905, 5.157842
6.697143, 5.176384
