main root
7.059073, 4.330489
7.055099, 4.578486
7.031700, 4.685132
7.063517, 4.829896
7.080068, 5.001805
7.097387, 5.160192
7.104572, 5.302169
7.101388, 5.444284
7.102509, 5.580527
7.097250, 5.706766
7.087470, 5.841234
7.081592, 5.951223
7.071071, 6.069022
7.065975, 6.196887
7.054752, 6.334776
7.030327, 6.482696
7.006165, 6.633776
6.993087, 6.755557
6.986772, 6.892548
6.987177, 7.020505
6.991775, 7.139363
6.996029, 7.249353
6.994682, 7.373652
356fb391-a41c-44ce-98f3-1787947acdbb
7.075118, 4.497326
7.153513, 4.510949
7.244657, 4.507445
7.294568, 4.502980
