main root
6.402938, 4.643668
6.398413, 4.846845
6.374642, 5.011251
6.341458, 5.228910
6.312425, 5.459793
6.293578, 5.700257
6.280791, 5.881081
6.242659, 6.065448
6.222219, 6.229418
6.204845, 6.408353
6.199087, 6.532958
6.190765, 6.667829
6.189751, 6.787040
6.196934, 6.923985
6.203586, 7.050812
6.217814, 7.160508
6.246711, 7.268135
6.260297, 7.375858
6.270900, 7.493655
6.276543, 7.603551
6.286419, 7.713359
6.300502, 7.822708
6.302141, 7.918255
6.297543, 8.020178
6.303643, 8.119645
6.317247, 8.238082
6.317357, 8.349963
6.313233, 8.459919
6.304884, 8.569633
6.300744, 8.679808
6.285534, 8.804975
6.275384, 8.923496
6.268096, 9.033390
6.264440, 9.152280
6.261057, 9.262291
6.264014, 9.372672
6.260848, 9.490827
6.255568, 9.609088
6.257387, 9.710636
6.265433, 9.805522
6.286624, 9.905223
6.297017, 10.015193
6.300926, 10.088362
6.309370, 10.134182
6.326669, 10.211529
6.360637, 10.331059
6.360620, 10.382023
76becac4-9836-4f82-acda-7d392816979e
6.337300, 4.779433
6.268061, 4.752542
6.153432, 4.710061
6.058742, 4.686770
5.942227, 4.661809
5.881420, 4.673293
5.826677, 4.695667
5.757802, 4.702911
5.708054, 4.709649
5.656744, 4.713615
5.622071, 4.756646
5.595057, 4.785402
5.565938, 4.812026
5.534694, 4.840593
5.503072, 4.877620
5.475246, 4.905591
5.445388, 4.935605
5.415531, 4.965618
5.385696, 5.004098
5.360257, 5.029581
5.324368, 5.065531
5.282499, 5.111708
5.231729, 5.176614
5.185039, 5.238733
5.144638, 5.294977
5.110196, 5.353186
5.072445, 5.422866
5.037956, 5.495952
5.006903, 5.551235
4.982022, 5.595530
4.952426, 5.645163
4.917737, 5.703337
4.879748, 5.772891
4.851934, 5.826937
4.820296, 5.885144
4.807755, 5.911350
e68ed126-9281-470e-9e0c-3c49097d9444
6.293920, 4.972012
6.261202, 4.996852
6.226744, 5.025272
6.206166, 5.060037
6.190048, 5.075517
6.193788, 5.103644
6.175654, 5.175225
6.155858, 5.247273
6.087258, 5.368963
6.055701, 5.434087
6.028245, 5.501043
5.993671, 5.596510
5.962707, 5.683755
4c3ef40c-af5b-4792-b9d6-df6a7881e182
6.360314, 5.056247
6.235077, 5.259473
6.227728, 5.345235
6.224085, 5.402619
6.216025, 5.427460
6.205458, 5.461847
6.195013, 5.505994
6.187501, 5.550743
6.180490, 5.574432
6.164433, 5.607587
6.144592, 5.641686
6.144225, 5.663044
6.129885, 5.724852
6.120074, 5.774964
6.110644, 5.801172
6.093227, 5.845960
6.077952, 5.881856
6.031005, 5.957624
6.004660, 5.997814
5.979887, 6.049753
5.959513, 6.096576
5.942694, 6.139661
a3b3f7fd-3d9f-4a34-83ab-898db3bb9f9e
6.439920, 5.177429
6.505186, 5.247877
6.553446, 5.282690
6.621208, 5.334580
6.659745, 5.372399
6.695934, 5.419536
6.745263, 5.497604
6.779771, 5.560624
6.806211, 5.624489
6.850038, 5.713762
6.874433, 5.793912
6.922896, 5.858271
6.942759, 5.896385
6.962318, 5.933915
6.993994, 5.975259
7.009088, 6.020721
7.024270, 6.036916
7.037410, 6.055310
7.052062, 6.083547
7.075462, 6.128640
7.100744, 6.180610
7.124968, 6.226985
7.150510, 6.272649
7.189684, 6.333487
7.230489, 6.391329
7.264652, 6.439756
7.294643, 6.487461
7.330312, 6.538573
7.366313, 6.587545
391df63a-96dd-4105-b138-81156dd66b3e
6.447031, 4.986880
6.521945, 5.024703
6.578762, 5.051039
6.669683, 5.094555
6.720675, 5.123160
6.782558, 5.187238
6.818225, 5.249827
6.835487, 5.297111
6.847506, 5.354569
6.858534, 5.448383
6.871468, 5.540393
6.879257, 5.609398
6.879118, 5.656892
6.862060, 5.745753
6.859558, 5.836752
6.843162, 5.904910
6.825475, 5.987299
6.805588, 6.070056
6.792149, 6.152601
6.769524, 6.252090
6.750747, 6.334652
6.736404, 6.426175
6.720674, 6.526553
6.705714, 6.635681
6.685480, 6.752202
6.675884, 6.844351
6.676091, 6.964569
6.676281, 7.074628
6.676442, 7.167766
6.678705, 7.260655
6.678705, 7.345769
6.680779, 7.430009
6.687504, 7.531315
6.696910, 7.641050
6.700682, 7.759176
6.698123, 7.877342
6.703979, 7.996706
6.706453, 8.090061
6.716944, 8.172781
6.726531, 8.248377
6.737791, 8.325269
b6a4e6f7-b286-4141-a965-a445d64c78ec
6.508430, 4.699411
6.646766, 4.716225
6.712004, 4.730475
6.797717, 4.755420
6.888297, 4.789756
6.927793, 4.854198
6.942709, 4.915622
6.954184, 4.994414
6.976069, 5.072577
7.025884, 5.186255
7.054258, 5.225440
7.115087, 5.313057
7.171705, 5.416803
7.226316, 5.512456
7.276687, 5.600683
7.308057, 5.672700
7.340241, 5.778373
7.365429, 5.868300
7.384771, 5.968718
7.401411, 6.077486
7.409365, 6.171203
7.417956, 6.272441
7.428651, 6.373423
7.448690, 6.524204
7.452411, 6.652589
7.451307, 6.781620
7.458995, 6.898170
7.469637, 7.027679
7.477958, 7.128936
7.479354, 7.222979
7.495659, 7.323805
7.505652, 7.425348
7.523993, 7.525320
7.548034, 7.632920
7.564339, 7.725185
7.589772, 7.832626
7.607057, 7.933189
7.622918, 8.050385
7.633472, 8.159917
7.646140, 8.269329
7.662010, 8.369612
7.672485, 8.462722
7.684791, 8.572103
7.695203, 8.664654
7.709744, 8.756269
7.718263, 8.829043
7.724723, 8.920403
7.727858, 8.964742
cffb1bb7-ffd4-45ad-8855-9422d5746076
6.461114, 4.783193
6.565628, 4.856953
6.612284, 4.889844
6.673943, 4.934709
6.751041, 4.972868
6.859548, 5.015391
6.919589, 5.035036
7.005403, 5.115347
7.100183, 5.162138
7.147438, 5.202559
7.213462, 5.270107
7.325770, 5.369652
7.386774, 5.466816
7.439837, 5.563271
7.485181, 5.654471
7.508567, 5.725270
7.528507, 5.805868
7.534090, 5.890092
7.545022, 5.991036
7.543824, 6.058117
7.530007, 6.124916
7.505652, 6.232220
7.476924, 6.330126
7.446267, 6.427096
7.440977, 6.585406
7.431445, 6.704393
7.374655, 6.917924
7.367309, 6.971875
7.356958, 7.063472
7.343440, 7.164272
7.335958, 7.283556
7.309301, 7.406714
7.298411, 7.526846
7.280783, 7.627583
7.259737, 7.735578
7.245659, 7.818667
7.235745, 7.902004
7.226744, 7.977666
7.215301, 8.045070
