main root
6.678796, 4.699001
6.784335, 4.924917
6.827119, 5.109796
6.866619, 5.241612
6.888961, 5.339856
6.881012, 5.455358
6.873668, 5.589677
6.846775, 5.790584
6.815729, 5.884258
6.750640, 6.047242
6.719413, 6.174917
6.709930, 6.265085
6.703502, 6.297579
6.712255, 6.467925
6.712045, 6.522163
6.717779, 6.587437
6.715922, 6.634710
6.715032, 6.695483
6.717113, 6.757777
6.719658, 6.833935
6.725294, 6.912986
6.733912, 6.991768
6.738898, 7.064868
6.742930, 7.123994
6.748558, 7.184511
6.756457, 7.253302
6.769158, 7.324538
6.782782, 7.392428
6.787171, 7.429513
6.835729, 7.557317
6.862690, 7.686856
6.867770, 7.725966
6.873218, 7.767930
6.882018, 7.812479
6.890216, 7.853994
6.898412, 7.895511
6.906608, 7.937029
6.911288, 7.976191
6.921648, 8.037657
6.928049, 8.093642
6.934781, 8.152526
6.941512, 8.211406
6.948244, 8.270287
6.954975, 8.329167
6.960050, 8.386731
6.971186, 8.444881
6.987270, 8.520914
7.003065, 8.588339
7.010571, 8.633508
7.013399, 8.687049
7.022708, 8.749781
7.025832, 8.791227
e80b6d63-05fe-418c-81b2-cf495a139265
6.725589, 4.957871
6.577786, 5.001868
6.547341, 5.018178
6.510070, 5.038143
6.448707, 5.068315
6.395909, 5.087533
6.362097, 5.099837
6.338230, 5.108520
6.310784, 5.124875
6.274428, 5.146536
6.217811, 5.175044
6.149424, 5.189592
6.123428, 5.196652
6.095759, 5.208818
6.056642, 5.230923
6.011851, 5.257952
5.983143, 5.280520
