main root
7.437183, 5.666467
7.172363, 5.905503
7.139615, 5.999731
7.115883, 6.095983
7.098639, 6.174730
7.101463, 6.266469
7.100978, 6.392362
7.104690, 6.519264
7.106048, 6.673831
7.096832, 6.810017
7.090350, 6.953993
7.085268, 7.066848
7.084540, 7.177100
7.085928, 7.287229
7.093758, 7.406188
7.088844, 7.524277
7.084972, 7.617327
7.082507, 7.727445
7.076001, 7.829078
7.064752, 7.938537
7.057348, 8.031165
7.045801, 8.143944
7.033340, 8.244883
7.027217, 8.346266
7.006280, 8.447341
6.991932, 8.547888
6.967054, 8.647365
6.946547, 8.746800
6.916071, 8.852667
6.895714, 8.961626
6.867817, 9.076480
6.839688, 9.174363
6.805250, 9.278879
6.774793, 9.384841
6.732279, 9.486793
6.687987, 9.587510
6.649426, 9.690966
6.606111, 9.801133
6.576189, 9.910283
6.551964, 10.041180
6.529993, 10.189710
6.507504, 10.341753
6.487477, 10.491539
6.476225, 10.635723
6.450798, 10.775082
6.444327, 10.956717
6.426634, 11.097121
6.399165, 11.231907
6.372426, 11.371384
6.347963, 11.506276
6.318344, 11.646123
6.297362, 11.775518
6.277455, 11.920837
6.259208, 12.074443
6.241836, 12.202914
6.225756, 12.347432
6.209428, 12.475222
6.190234, 12.608969
6.177524, 12.727240
6.161569, 12.836111
6.143524, 12.944647
6.124760, 13.044607
6.101830, 13.143833
6.072948, 13.250013
6.042588, 13.353570
5.990388, 13.456918
5.925571, 13.520492
209127c6-4bc4-4c75-9797-3119ced65013
7.270905, 5.725005
7.274718, 5.598603
7.334975, 5.495753
7.412562, 5.448062
7.486472, 5.455001
7.540492, 5.479122
7.567710, 5.488846
7.593173, 5.500450
7.682760, 5.509590
7.749879, 5.522112
7.788285, 5.524680
7.812065, 5.527743
7.832261, 5.534842
7.862188, 5.546919
7.895429, 5.558690
7.929149, 5.569011
7.961379, 5.578877
8.002863, 5.593670
8.034612, 5.604991
8.101631, 5.625033
8.189429, 5.642553
8.296426, 5.668218
8.385949, 5.698345
8.473318, 5.732184
8.556218, 5.764293
8.605124, 5.782826
8.658565, 5.803078
8.770638, 5.829393
8.841360, 5.869076
8.891771, 5.892215
8.935952, 5.914141
8.987474, 5.934696
9.032709, 5.954355
9.083267, 5.971430
9.147113, 5.988256
9.216274, 6.003387
9.270611, 6.018339
9.327751, 6.034061
9.384895, 6.049786
9.438360, 6.067603
9.494590, 6.086340
9.548916, 6.106022
9.590920, 6.126016
9.646758, 6.144304
9.679314, 6.159690
9.723244, 6.182107
9.770500, 6.204540
9.829690, 6.234296
9.888207, 6.265389
9.948029, 6.297175
10.000370, 6.324987
10.048664, 6.354037
10.101508, 6.384079
10.154274, 6.419240
10.210634, 6.456797
10.257875, 6.490074
10.299402, 6.519327
10.349943, 6.553099
10.412491, 6.589494
10.473075, 6.623015
10.536409, 6.654636
10.608592, 6.687330
10.662576, 6.711781
10.716559, 6.736232
10.764600, 6.762920
10.827875, 6.794649
10.880851, 6.821212
10.929809, 6.849109
10.981298, 6.878449
11.030745, 6.908347
11.092812, 6.942378
11.142745, 6.971463
11.201272, 7.005553
11.256572, 7.034300
11.309153, 7.061633
11.352347, 7.084086
11.397282, 7.109131
220fdba2-beac-4b44-899d-d3413e731f57
7.473079, 5.450011
7.495822, 5.408789
7.518692, 5.376290
7.540372, 5.351821
7.564630, 5.323211
258f9940-fb79-4839-bb0f-eeffa76c133b
7.437966, 5.634567
7.492434, 5.619145
7.570725, 5.631197
7.633828, 5.639681
7.662341, 5.642881
7.686066, 5.634902
7.707316, 5.632493
7.751868, 5.624399
7.793369, 5.616826
7.837273, 5.605740
7.859613, 5.606274
7.904820, 5.604359
7.938524, 5.611920
7.983407, 5.618921
8.025234, 5.625446
8.068771, 5.630722
8.114206, 5.640751
8.167381, 5.649424
8.219003, 5.663908
8.279755, 5.677846
8.333932, 5.693348
8.383506, 5.713762
8.446121, 5.733071
8.485461, 5.754599
8.529215, 5.768304
8.582019, 5.787981
8.637551, 5.808676
8.691163, 5.830252
8.738284, 5.849215
8.789368, 5.873001
8.841104, 5.898741
8.884577, 5.922040
8.927808, 5.941814
8.983689, 5.965728
9.034327, 5.984143
9.095776, 6.001712
9.144621, 6.015676
9.203457, 6.030941
9.248981, 6.045845
9.309086, 6.062371
9.364396, 6.079133
9.413017, 6.093867
9.453533, 6.106144
9.492184, 6.119421
9.542132, 6.134996
9.585007, 6.153069
9.633775, 6.172002
9.675318, 6.192947
9.726706, 6.213827
9.767913, 6.235420
9.814927, 6.258366
9.858576, 6.281335
9.899485, 6.306246
9.929407, 6.317456
e0fe44e2-722b-4742-a36b-1098e2d0396a
7.448422, 5.608441
7.454379, 5.583220
7.457966, 5.553056
7.450952, 5.510540
7.451803, 5.485186
7b5163d7-9ecb-4034-bbde-eb57fc4df094
7.155336, 5.893512
7.121388, 5.810461
7.046196, 5.791374
6.945784, 5.788243
6.852897, 5.787451
6.751123, 5.780237
6.649701, 5.775169
6.563864, 5.762574
6.486163, 5.757550
6.442352, 5.750217
6.389778, 5.746344
25f68f9a-e7b7-4538-89a6-1aa7f26ead89
7.236463, 5.898300
7.411798, 5.895824
7.501942, 5.883598
7.600728, 5.848115
7.678467, 5.813256
7.727089, 5.824044
7.761376, 5.806975
7.860602, 5.802531
7.954959, 5.806728
8.038895, 5.802969
8.105819, 5.802969
ee4ac972-e081-461b-a4c6-962126464223
7.211369, 5.967207
7.304683, 5.981769
7.403373, 5.999947
7.491840, 6.010878
7.588415, 6.011522
7.673716, 6.012010
7.801602, 6.038547
7.883622, 6.088117
7.946714, 6.105904
8.027433, 6.130813
8.108125, 6.157883
8.168552, 6.181311
8.211860, 6.193285
b70edc19-414e-4df1-ae93-d0d660d02087
7.188452, 5.962326
7.384123, 6.001925
7.599342, 6.012618
7.713321, 6.024036
7.819226, 6.044357
7.889490, 6.026141
7.946596, 6.022107
8.039500, 6.015544
8.133551, 6.015227
8.217355, 6.010797
8.309718, 5.990929
8.357779, 6.012030
8.439859, 6.052660
c3c1cf87-fca6-4069-919d-5f6f2a54e6cb
7.158559, 5.998986
7.425421, 6.006065
7.650426, 6.012405
7.935052, 5.969603
8.031046, 5.961752
8.061828, 5.961147
8.131540, 5.960095
8.194428, 5.962807
8.292080, 6.003558
8.449617, 6.054644
8.508845, 6.055335
8.552359, 6.068468
8.640734, 6.095352
8.721361, 6.122630
8.802091, 6.145565
8.890632, 6.177278
8.970640, 6.203733
9.051023, 6.230312
9.139008, 6.261620
9.214273, 6.277395
9.297156, 6.292647
9.374387, 6.317401
9.468849, 6.356564
9.555468, 6.390197
9.635098, 6.416667
9.724360, 6.441906
9.813983, 6.467246
9.903599, 6.492585
9.992188, 6.524190
10.071631, 6.554735
10.149965, 6.589296
10.219681, 6.620055
10.279640, 6.649781
10.326614, 6.679751
348af8f7-2040-4a6f-9ba4-706eba23496e
7.167781, 6.318277
7.321550, 6.305550
7.409396, 6.304746
7.467174, 6.307982
7.494645, 6.309524
7.526315, 6.305307
7.623256, 6.292448
7.666368, 6.292769
7.728651, 6.290238
7.786428, 6.289389
7.832539, 6.282723
7.876143, 6.271883
7.911321, 6.256969
7.963937, 6.234661
8.031054, 6.225055
8.095570, 6.218846
8.149177, 6.219700
8.183965, 6.217261
8.216244, 6.207494
8.292176, 6.179830
ca4da0da-fcc9-41a6-bef2-f9d7ee71778e
7.167482, 6.449500
7.219344, 6.475841
7.281375, 6.506633
7.366967, 6.542077
7.446797, 6.566156
7.512288, 6.592163
7.579219, 6.621963
7.682510, 6.661003
7.790674, 6.708652
7.869049, 6.738646
7.956560, 6.769884
8.050338, 6.810096
8.143714, 6.850137
8.231139, 6.880760
8.289339, 6.905905
8.330291, 6.913816
c07a3359-0ae7-4e93-8ed0-8cbd1683f08d
7.151850, 6.775204
7.210256, 6.778334
7.250508, 6.785770
7.280810, 6.791376
7.312759, 6.791195
7.341133, 6.788044
7.371664, 6.778632
7.410097, 6.766784
7.431402, 6.764914
7.470852, 6.764459
7.504283, 6.758086
7.539041, 6.746888
7.572159, 6.731502
7.609153, 6.704413
7.670924, 6.661485
7.777122, 6.613023
7.816452, 6.596752
7.853936, 6.584484
7.896070, 6.567545
7.928020, 6.549861
7.957552, 6.528383
7.998576, 6.489295
8.036886, 6.452793
8.111035, 6.408961
8.140958, 6.394750
8.188270, 6.370914
50291614-c65f-4aad-af36-ac3763da42c3
7.124550, 6.991345
7.167188, 7.014599
7.200269, 7.027327
7.226034, 7.040446
7.257718, 7.061618
7.288760, 7.085964
7.317151, 7.100625
7.339719, 7.112279
7.370353, 7.121361
7.416520, 7.130363
7.447683, 7.136441
7.471181, 7.144073
7.511443, 7.157148
7.547933, 7.172146
7.587085, 7.188239
7.636003, 7.198636
7.672084, 7.210894
7.720183, 7.227236
7.776298, 7.246301
7.834310, 7.264430
7.868946, 7.278390
7.906278, 7.296664
7.949599, 7.324535
8.001507, 7.356150
8.052871, 7.382178
8.119322, 7.410816
8.185454, 7.436058
8.240824, 7.457191
8.300054, 7.476593
8.336631, 7.493300
8.398242, 7.521443
8.438559, 7.543150
8.475669, 7.564830
f32f7fd9-de59-4a0c-bbc4-c34e69ef0df5
7.126209, 7.387031
7.153435, 7.399780
7.191336, 7.414355
7.226870, 7.431227
7.268992, 7.447914
7.324090, 7.469741
7.373362, 7.494091
7.434088, 7.524100
7.491228, 7.548998
7.551467, 7.570350
7.599345, 7.587320
7.659029, 7.605299
7.693807, 7.618902
7.727383, 7.635249
ca0c0037-eaa2-4158-9117-81f11da58099
7.038623, 7.487188
7.009376, 7.496583
6.944142, 7.513270
6.880971, 7.529524
6.809977, 7.549963
6.768287, 7.560408
6.717318, 7.577800
6.703116, 7.609878
6.632667, 7.655866
6.569498, 7.707006
6.510051, 7.757057
6.435177, 7.825629
6.366491, 7.888534
6.299406, 7.952823
6.238275, 8.011408
6.167786, 8.073132
6.080922, 8.140760
6.004844, 8.208033
5.939723, 8.262846
5.876607, 8.318684
5.837232, 8.349521
e8607ddb-d284-4be5-a4da-5d78303a8ee4
7.124700, 7.641167
7.172469, 7.638076
7.212114, 7.632996
7.253187, 7.625115
7.318863, 7.639772
7.374922, 7.653816
7.413458, 7.660385
7.451665, 7.660824
7.529378, 7.660221
7.591173, 7.665727
7.651824, 7.669630
7.704111, 7.671494
7.753334, 7.674746
7.800839, 7.680885
7.862969, 7.685896
7.918815, 7.693404
7.980921, 7.698732
8.041591, 7.702436
8.107615, 7.707967
8.158241, 7.712207
8.195085, 7.718298
8.245021, 7.731383
d98d6c11-48cf-46f2-9b80-8ab59f58b057
7.083387, 8.123829
7.151078, 8.141319
7.224907, 8.160459
7.294965, 8.181041
7.367825, 8.202482
7.440672, 8.223960
7.513510, 8.245474
7.563872, 8.257266
7.614301, 8.262965
7.701392, 8.262264
7.805323, 8.283359
7.871918, 8.287711
7.931678, 8.296745
1a8148d2-7b19-4c26-aeb2-7f6a7e014643
7.006159, 8.369653
6.933954, 8.318515
6.882034, 8.301311
6.850053, 8.288847
6.795806, 8.248105
6.762843, 8.227092
6.679234, 8.197162
6.632800, 8.184944
6.591863, 8.174171
6.547271, 8.165532
6.505713, 8.157481
6.471036, 8.153811
6.422357, 8.154678
6.385086, 8.152349
6.334396, 8.143185
6.274333, 8.133845
6.200564, 8.128434
6.143963, 8.124283
2b1279b8-9c56-4840-83f1-8d6ebaaba1a2
6.960496, 8.878877
7.016315, 8.916495
7.069570, 8.953136
7.123806, 8.997760
7.156701, 9.017118
7.238591, 9.051420
7.298896, 9.084793
7.339054, 9.102277
a9e83e32-67bf-45f9-950d-685581d32267
6.804890, 9.139545
6.752916, 9.125318
6.718119, 9.101553
6.649855, 9.089315
6.622291, 9.084828
6.593815, 9.082882
6.542059, 9.088346
6.506664, 9.084558
6.480953, 9.080299
6.458214, 9.086387
6.430721, 9.089099
6.387827, 9.091826
6.360337, 9.089074
6.313071, 9.081335
6.247701, 9.076697
6.196516, 9.071566
6.169839, 9.064379
6.122625, 9.050108
6.079597, 9.032413
6.032615, 9.013092
5.987599, 8.997817
5.947829, 8.989062
5.896150, 8.977688
bbd20ef1-68d0-4855-b8a3-58608a8586ab
6.727066, 9.364143
6.687268, 9.363796
6.648228, 9.360262
6.606074, 9.356574
6.528274, 9.338213
6.485532, 9.331202
6.443146, 9.330316
6.357799, 9.337512
6.301676, 9.332664
6.251753, 9.317560
6.208731, 9.299854
6.161765, 9.285380
6.111349, 9.271409
6.053642, 9.250757
6.005812, 9.233640
5.951924, 9.212765
5.904592, 9.196034
5.863108, 9.175130
b6f82184-c3f7-4c02-b6a2-4efcafb6dcf0
6.575805, 9.757957
6.501569, 9.775504
6.431453, 9.786054
6.351067, 9.804082
6.281267, 9.813605
6.205789, 9.823907
6.130312, 9.834211
6.047151, 9.854629
5.973172, 9.872797
5.897000, 9.894588
5.825815, 9.911843
5.751781, 9.929793
5.679953, 9.944133
5.605249, 9.959051
5.525849, 9.981013
5.454514, 9.997645
5.375855, 10.022135
5.307059, 10.037287
5.225827, 10.064375
5.159240, 10.077118
5.074909, 10.105453
5.002698, 10.129720
4.928605, 10.157782
4.857367, 10.184765
4.782652, 10.219469
4.734415, 10.218952
8b91bcd0-b6b1-46b0-9e72-85dadf314bf5
6.708135, 9.662352
6.744690, 9.692587
6.774961, 9.715465
6.803850, 9.741547
6.839615, 9.769459
6.877140, 9.794957
6.907942, 9.819520
6.932577, 9.846834
6.960885, 9.878233
6.984968, 9.904958
7.007604, 9.925618
7.043053, 9.953931
7.076081, 9.980321
7.100689, 10.007658
7.117670, 10.026534
7.138872, 10.045640
7.166674, 10.066674
7.204575, 10.091607
7.235744, 10.115705
7.264985, 10.142107
7.296357, 10.170445
7.331952, 10.198573
7.360912, 10.225284
7.379583, 10.242504
7.408460, 10.233949
7.478334, 10.282111
7.546882, 10.331876
7.612765, 10.387393
7.676488, 10.443801
7.736187, 10.493877
7.766999, 10.519723
70ba9fb9-92a3-46f3-ac04-3d9da8a091cb
6.482365, 10.136614
6.437777, 10.146357
6.384849, 10.157807
6.308449, 10.177401
6.232849, 10.199879
6.127899, 10.233290
6.049297, 10.262666
5.966845, 10.304709
5.872206, 10.343467
5.788044, 10.382482
5.700244, 10.416226
5.629953, 10.441019
5.592940, 10.452489
05315ec8-9cb5-4345-955a-79f6785921f5
6.523866, 10.549477
6.568816, 10.606389
6.584569, 10.631992
6.598815, 10.645471
6.614531, 10.661683
6.637405, 10.664243
6.675332, 10.671499
6.716086, 10.679296
6.749022, 10.684074
d88e6c42-a2a1-4815-89c9-ae44c911c031
6.438900, 10.519834
6.390086, 10.526436
6.332122, 10.532661
6.289647, 10.535272
6.219703, 10.556488
6.152582, 10.584207
6.089610, 10.615550
6.039027, 10.620047
5.993583, 10.628262
5.947557, 10.639503
5.875426, 10.652336
5.767787, 10.696698
5.713267, 10.712720
26d26aec-1924-472f-9e54-02ab15ef83ef
6.402360, 10.808090
6.370744, 10.860684
6.345702, 10.898381
6.321466, 10.929794
6.294986, 10.959018
6.276093, 10.970948
6.277510, 10.992448
6.261710, 11.016885
6.238033, 11.047863
6.223156, 11.072141
6.202210, 11.111915
6.182641, 11.148926
6.163011, 11.185904
6.143319, 11.222848
6.125606, 11.262293
6.109896, 11.304412
6.095200, 11.343612
6.085765, 11.377103
6.074394, 11.417466
6.059017, 11.498883
6.045414, 11.545354
1bbc0a36-558b-49ea-9278-907a345f8eca
6.314163, 11.404395
6.275058, 11.419640
6.192293, 11.450118
6.130194, 11.463951
6.037220, 11.478196
5.971107, 11.496719
5.909528, 11.508750
ffb14e39-cd13-407e-b7ea-fa21f66af0e9
6.454442, 11.220297
6.500658, 11.254682
6.545037, 11.283989
6.604470, 11.326827
6.648886, 11.351462
6.731797, 11.383757
6.796982, 11.413967
6.885077, 11.466452
6.937118, 11.502682
6.981927, 11.517465
e4e22601-1174-41b2-8192-386797badbd4
6.362850, 11.652255
6.393525, 11.662165
6.419559, 11.669019
6.445931, 11.674432
6.476093, 11.676054
6.508231, 11.679299
6.543459, 11.681369
6.568815, 11.682858
47fbeacf-a57b-4c4a-a61b-a38d00d5919e
6.109945, 12.875278
6.058071, 12.882705
6.013821, 12.883393
