main root
6.736852, 5.218337
6.781862, 5.332282
6.829749, 5.447407
6.870223, 5.550541
6.914402, 5.651526
6.946233, 5.740033
6.976695, 5.818601
7.010860, 5.895249
7.033977, 5.961816
7.058974, 6.033798
7.076352, 6.102088
7.100601, 6.179177
7.133081, 6.275382
7.154748, 6.339556
7.174517, 6.402792
7.197927, 6.484620
7.218407, 6.550772
7.238441, 6.615479
7.264047, 6.705296
7.288166, 6.773521
7.293106, 6.856204
7.308952, 6.951627
7.311605, 7.004642
7.314457, 7.063291
7.317228, 7.121944
7.319916, 7.180602
7.319395, 7.236410
7.318765, 7.295126
7.321014, 7.356865
7.323068, 7.415548
7.331319, 7.480086
7.335427, 7.535822
7.345835, 7.615959
7.358742, 7.699234
7.371649, 7.753183
7.374449, 7.797051
7.379273, 7.849145
7.379073, 7.895671
7.398002, 7.914992
7.389568, 8.069527
7.370216, 8.157950
7.258772, 8.234286
7.234800, 8.329947
7.208692, 8.469377
7.188953, 8.552281
7.170556, 8.616626
7.155670, 8.664805
7.182523, 8.702766
7.186009, 8.854447
7.179419, 8.933881
7.169602, 9.026758
7.161035, 9.127947
7.147584, 9.213054
7.140711, 9.296397
7.131651, 9.381031
7.115032, 9.438859
7.089538, 9.520064
7.064350, 9.575306
7.062288, 9.611807
7.051081, 9.650941
7.032679, 9.726076
6.996283, 9.830203
6.970444, 9.910411
6.944482, 9.991001
6.918002, 10.080065
6.889654, 10.160850
6.863506, 10.230847
6.834204, 10.296454
6.796140, 10.360933
6.741069, 10.437669
6.690460, 10.515404
6.623433, 10.602843
6.581226, 10.668277
6.544692, 10.736394
6.513785, 10.811567
6.484811, 10.882041
6.458250, 10.946643
6.444587, 10.987744
6.426348, 11.061599
6.407869, 11.184597
907c2bd7-8b6e-4f82-92fe-d5bc16961c49
6.745261, 5.398929
6.695472, 5.446922
6.632437, 5.521612
6.578873, 5.598599
6.535977, 5.656216
6.505963, 5.699005
6.466722, 5.751325
6.414508, 5.827951
6.360196, 5.903921
6.309026, 5.971931
6.268009, 6.023957
6.227136, 6.073383
beed3448-5180-472e-af9b-6f649b1cee5c
7.020877, 6.029752
6.982923, 6.064300
6.950040, 6.101405
6.924826, 6.128125
6.889092, 6.160848
