main root
6.946463, 4.706443
6.884233, 5.172815
6.874717, 5.375592
6.841021, 5.545409
6.797071, 5.682505
6.760490, 5.876932
6.740135, 6.032646
6.711852, 6.201007
6.698021, 6.401171
6.684745, 6.593329
6.676291, 6.696867
6.685736, 6.776651
6.694783, 6.827617
6.700952, 7.024116
6.698714, 7.095938
6.687645, 7.162852
6.672743, 7.234595
6.670071, 7.276906
6.668065, 7.356138
6.666139, 7.432321
6.664213, 7.508504
6.663089, 7.552940
6.694190, 7.679584
6.699786, 7.776214
6.703729, 7.868571
6.716429, 7.933017
6.724830, 8.099644
6.729270, 8.229293
6.726983, 8.347469
6.718372, 8.465344
6.710969, 8.566675
6.706298, 8.659481
6.699950, 8.744361
6.692009, 8.822727
6.710845, 8.887423
6.711274, 9.009357
6.712568, 9.098136
6.713937, 9.214284
6.721742, 9.341969
6.723872, 9.467278
6.726738, 9.594164
6.725452, 9.722902
6.722087, 9.849615
6.712626, 9.967433
6.697181, 10.093080
6.688606, 10.214665
6.677686, 10.358920
6.671260, 10.471820
6.660331, 10.589581
6.643854, 10.698429
6.615811, 10.813204
6.593706, 10.930345
6.573766, 11.047383
6.555909, 11.164762
6.540628, 11.265205
6.521989, 11.373651
6.512163, 11.493100
6.504533, 11.611576
6.498004, 11.712967
6.497254, 11.823381
6.502775, 11.942458
6.510381, 12.060941
6.515858, 12.179193
6.527687, 12.297819
6.541129, 12.432612
6.566426, 12.559336
6.582844, 12.684472
6.599266, 12.793382
6.613468, 12.887567
6.620096, 12.931520
bc35a258-9e6f-4f5e-87d4-de425e4ec3ed
6.900862, 5.090632
6.960084, 5.217256
7.021328, 5.232095
7.066992, 5.245090
7.120185, 5.302895
7.120718, 5.338574
7.134646, 5.427900
7.310643, 5.654907
7.326899, 5.685629
7.358823, 5.726736
7.384767, 5.760124
7.410705, 5.793504
7.456239, 5.887650
7.504003, 5.962884
7.544508, 6.019321
7.586420, 6.085770
7.603192, 6.111900
7.651488, 6.156999
7.678043, 6.193794
7.698618, 6.227399
7.724822, 6.264445
7.736554, 6.286198
7.744570, 6.307346
7.787414, 6.362165
7.820227, 6.409201
7.871966, 6.472717
7.922186, 6.566498
7.941205, 6.614470
7.969204, 6.684811
7.989524, 6.751763
8.015347, 6.826172
8.032149, 6.892533
8.050837, 6.965900
8.065985, 7.037078
8.081847, 7.111106
8.097812, 7.185111
8.099525, 7.249836
8.101418, 7.325312
8.112266, 7.403789
8.124304, 7.479958
8.125716, 7.527247
8.120115, 7.621537
8.118407, 7.700767
8.110953, 7.768718
8.099996, 7.841167
8.090182, 7.906046
8.084178, 7.935736
8.101803, 7.987788
8.081800, 8.042730
8.059834, 8.140770
8.047894, 8.232539
8.040112, 8.324968
8.032298, 8.417778
8.017710, 8.484011
8.016432, 8.590923
8.021816, 8.641429
8.036483, 8.722521
8.043088, 8.792679
8.050232, 8.868546
8.060637, 8.947113
8.070643, 9.022656
8.084010, 9.100774
8.093407, 9.173439
8.099827, 9.246427
8.106505, 9.322337
8.126162, 9.409123
8.132252, 9.476669
8.142688, 9.568999
8.151952, 9.637626
8.159330, 9.703469
8.170773, 9.786956
8.177996, 9.850685
8.181403, 9.908913
6bf8515e-ee8b-4a8e-9130-cc7ad431530a
6.811868, 6.057777
6.857054, 6.073052
6.897481, 6.091460
6.948955, 6.116563
7.010984, 6.118148
7.059185, 6.126660
7.140899, 6.138941
7.274703, 6.130042
7.368387, 6.128027
7.441646, 6.129447
7.514784, 6.133853
7.580282, 6.137799
7.727164, 6.126080
7.757419, 6.115644
7.797291, 6.098723
7.821580, 6.101310
7.851778, 6.100012
7.884309, 6.091123
7.936458, 6.072218
7.984215, 6.054906
8.039934, 6.034707
8.067402, 6.018381
8.116605, 5.999006
ab2ac538-8e12-4843-ae15-04c332ca1065
6.914166, 5.113406
6.992287, 5.223018
7.031792, 5.302055
7.060988, 5.498937
7.292156, 5.896391
7.345283, 6.012852
c1f9814a-e6eb-4197-9f17-d50d77147bc0
6.885982, 5.006081
7.026823, 4.978247
7.078502, 4.930863
7.129908, 4.881672
7.150351, 4.896701
7.160734, 4.912648
7.166457, 4.944724
7.180268, 4.982492
7.196664, 5.009912
7.233230, 5.062309
7.261767, 5.108433
7.274940, 5.177613
7.295754, 5.222879
7.331482, 5.273870
7.391602, 5.325551
7.425309, 5.354527
7.512117, 5.401817
7.558075, 5.431967
7.612636, 5.469550
7.660428, 5.507924
7.715345, 5.550099
7.766967, 5.591629
7.821841, 5.633855
7.877613, 5.674887
7.921706, 5.716616
7.968780, 5.763230
7.992231, 5.788559
8.052021, 5.803915
8.121743, 5.809388
8.191020, 5.804277
8.291873, 5.792596
8.358960, 5.793295
8.429449, 5.800341
8.500030, 5.817816
8.599078, 5.840161
8.681663, 5.858792
8.768180, 5.901691
8.856594, 5.952613
8.931466, 5.983769
9.009637, 6.016298
9.083902, 6.043959
9.185063, 6.081637
9.226952, 6.103629
9.288355, 6.140936
9.359290, 6.188888
9.397544, 6.216554
9.429956, 6.251695
1d8197ec-dd2c-409d-92ba-57d348787535
6.862433, 5.684090
6.910252, 5.734620
6.955444, 5.778039
6.992518, 5.815834
7.033513, 5.849996
7.091869, 5.892781
7.146496, 5.932830
7.196384, 5.967551
7.254062, 6.005868
7.306332, 6.044188
7.374061, 6.088273
7.416637, 6.115986
6d2335eb-55c5-441e-99b8-3cf87c232134
6.816620, 5.191175
6.782423, 5.358791
6.737196, 5.467100
33d4554e-73f9-4ac7-bf4f-b9c66f2befa2
6.954903, 5.458832
7.050343, 5.489168
7.150874, 5.525805
7.219107, 5.578183
7.377494, 5.640586
7.461221, 5.682862
7.558346, 5.734274
7.649980, 5.777994
7.747391, 5.829157
7.843805, 5.882188
7.930924, 5.934935
8.008737, 5.999421
8.079516, 6.049833
8.156019, 6.091337
8.246263, 6.137889
8.339254, 6.178719
8.417673, 6.208620
8.505748, 6.237701
8.593745, 6.268972
8.672637, 6.303610
8.748825, 6.343854
8.812550, 6.384551
8.880105, 6.439998
8.945550, 6.493712
9.017544, 6.552801
9.089535, 6.611888
9.163830, 6.667425
9.233075, 6.732317
9.324269, 6.809105
9.404592, 6.871208
9.475398, 6.912658
9.549150, 6.953430
9.624512, 6.990353
9.688940, 7.025250
9.764061, 7.059129
9.829567, 7.091955
9.897695, 7.126095
9.969839, 7.158900
10.029298, 7.194156
10.115667, 7.247828
10.173203, 7.283582
10.226614, 7.320298
10.285172, 7.357999
10.326313, 7.395601
c4b2c8c3-6503-49e4-90f2-e7a7abbbe0bd
6.669579, 6.440750
6.582893, 6.501653
6.540077, 6.572360
6.523308, 6.597429
6.502659, 6.642740
6.480559, 6.668687
6.462707, 6.689516
6.446494, 6.712905
6.433513, 6.741994
6.421877, 6.782761
6a910d5d-f5f9-4894-bb1e-48d20ff3b4d8
6.726770, 6.534043
6.815667, 6.582833
6.882195, 6.619997
6.960942, 6.653700
7.027069, 6.685257
7.086313, 6.704153
7.160789, 6.726335
7.230095, 6.750100
7.301091, 6.769997
7.339816, 6.780850
3aa7a7f2-3511-47cd-86ec-25898599bc48
6.725869, 7.238967
6.785890, 7.247575
6.868618, 7.257349
6.937546, 7.263986
7.006603, 7.269130
7.091573, 7.279620
7.177941, 7.293642
641861be-f3a4-4bd7-80dd-910cfbe8ea72
6.634398, 7.304663
6.582543, 7.304466
6.523993, 7.294593
210d8092-402c-4c60-aa94-a0da49090e9f
6.624191, 7.554622
6.587721, 7.556128
6.543760, 7.560704
6.503204, 7.563470
6.437186, 7.565536
