main root
5.948684, 5.000627
5.900107, 5.174549
5.850893, 5.365940
5.823602, 5.465448
5.797156, 5.562187
5.768433, 5.659232
5.740718, 5.775172
5.721250, 5.874816
5.706340, 5.984226
5.696834, 6.085310
5.688115, 6.178030
5.681511, 6.270721
5.672175, 6.371997
5.670716, 6.455607
5.671320, 6.539877
5.673997, 6.624107
5.675112, 6.725797
5.676227, 6.827398
5.685651, 6.919494
5.699268, 7.011242
5.717032, 7.102276
5.738906, 7.192413
5.760871, 7.282922
5.782836, 7.373432
5.800825, 7.465391
5.822742, 7.555525
5.842759, 7.646749
5.853166, 7.732879
5.864337, 7.825338
5.877569, 7.917307
5.893610, 7.999680
5.909393, 8.091731
5.925674, 8.174411
5.940079, 8.258303
5.959343, 8.357998
5.971315, 8.475548
5.988650, 8.608105
6.015553, 8.715927
6.048403, 8.838902
6.062678, 8.957028
6.071303, 9.096711
6.062632, 9.223160
6.044451, 9.367944
6.027359, 9.487166
6.017378, 9.546235
6.000779, 9.596569
5.983939, 9.777191
5.977763, 9.886331
5.966429, 10.012318
5.950917, 10.137891
5.927144, 10.261830
5.899995, 10.436674
5.880202, 10.536577
5.863313, 10.656429
5.847296, 10.828244
5.834421, 10.921038
5.821049, 11.047951
5.811861, 11.175236
5.814648, 11.346009
5.804703, 11.471043
5.790490, 11.596779
5.782146, 11.689319
5.770336, 11.774115
5.754007, 11.897946
26787a91-272f-4167-ae7a-cefd6dd0e7a1
5.975307, 5.108916
6.055861, 5.151616
6.113682, 5.183959
6.154133, 5.208301
6.190275, 5.217820
6.250287, 5.238271
6.320097, 5.257316
6.420177, 5.316358
6.553809, 5.386320
6.596748, 5.389196
6.661321, 5.397149
6.753320, 5.444496
6.781284, 5.462254
6.810761, 5.460119
6.895532, 5.479345
6.952252, 5.499657
7.016309, 5.528960
7.076916, 5.543483
7.208567, 5.557538
7.257780, 5.571134
7.304706, 5.584099
16421022-6fc2-4682-a980-487d66037666
5.976940, 5.206607
6.041646, 5.239844
6.137400, 5.293787
6.213439, 5.343909
6.259694, 5.372606
6.295539, 5.403295
6.345365, 5.439596
6.401503, 5.456358
6.475081, 5.490012
6.547874, 5.521224
6.601497, 5.553407
6.656660, 5.581277
6.697857, 5.607122
6.776834, 5.616267
6.807043, 5.615244
6.825375, 5.645682
6.896020, 5.683869
6.972341, 5.718051
7.050078, 5.750596
7.127355, 5.787444
7.194225, 5.819330
7.251617, 5.846193
4ebdafb1-fac1-4489-b314-0e6a98a61a7b
5.846268, 5.148653
5.759023, 5.177762
5.685841, 5.188260
5.645275, 5.199975
5.570947, 5.224400
5.497460, 5.251698
5.427713, 5.276010
5.385740, 5.290640
5.317170, 5.328610
5.236023, 5.350614
5.160342, 5.379685
5.060422, 5.427132
4.965874, 5.469686
4.919120, 5.487446
4.869166, 5.500018
4.769228, 5.528959
4.720463, 5.533730
4.661524, 5.583544
4.589036, 5.621444
4.524669, 5.646654
4.445837, 5.677528
4.374888, 5.705316
4.300549, 5.740861
4.252809, 5.763688
a8f6a816-273f-48f9-afc1-4338187fd3dd
5.862286, 8.024634
5.843363, 8.035923
5.795618, 8.076266
5.706494, 8.166210
5.644006, 8.209984
5.596215, 8.239801
5.527994, 8.302100
29b9ab76-2916-4658-b988-56760fde2b75
5.859634, 7.622852
5.874788, 7.621742
5.929073, 7.640370
5.980756, 7.635028
6.031544, 7.649356
6.099133, 7.673088
6.170826, 7.698261
6.239777, 7.726931
6.274960, 7.739939
e29d798b-aa70-48c1-acdf-5a1582925fcb
5.708103, 6.368751
5.769468, 6.386727
5.835137, 6.412205
5.888124, 6.419921
5.945383, 6.439893
6.041557, 6.437705
6.105489, 6.449354
6.176968, 6.465421
6.245117, 6.480740
6.301429, 6.496467
a56734fc-d0ff-43f4-ab2f-7263a438ae10
5.671106, 6.006112
5.635103, 6.024157
5.575477, 6.065622
5.517190, 6.097993
5.449727, 6.116267
5.384620, 6.121494
5.362356, 6.154019
5.296641, 6.176747
5.240215, 6.202959
5.203742, 6.219903
aa4ee71b-e6b4-4531-81f9-4bfa99f7047c
5.764039, 5.933949
5.789523, 5.949215
5.853076, 5.987286
5.899575, 6.020374
5.963536, 6.040186
5.997090, 6.061251
6.069883, 6.099879
6.121774, 6.132498
6.171172, 6.163091
13eee986-b65c-47f8-a889-877fe75addf1
6.030537, 5.021974
6.108357, 5.034733
6.261043, 5.042071
6.328144, 5.046808
6.364976, 5.049488
6.405595, 5.053944
6.446023, 5.059884
6.494586, 5.068533
6.549807, 5.073807
6.602010, 5.077290
6.628911, 5.083584
6.680170, 5.094041
6.711279, 5.100388
6.734401, 5.106632
d7982de1-69e9-4569-8d2d-7d072160652b
5.924108, 8.517400
5.888933, 8.543329
5.792393, 8.584722
5.734178, 8.614261
5.697656, 8.634470
349e67da-8602-465a-b3c1-75c6e27fffcb
6.001274, 8.400813
6.030708, 8.414015
6.159317, 8.399123
41573742-bc36-4c50-b5e2-5b35fdf48689
5.806531, 5.481434
5.727852, 5.469186
5.608493, 5.471633
5.554369, 5.467117
