main root
6.545687, 4.479975
6.599970, 4.606791
6.669065, 4.729341
6.704142, 4.825898
6.769704, 4.958981
6.794861, 5.024416
6.812317, 5.087457
6.831140, 5.170979
6.837015, 5.224275
6.850117, 5.288482
6.861967, 5.346555
6.877345, 5.458916
6.876872, 5.550163
6.876437, 5.634176
6.880165, 5.726858
6.875539, 5.821198
6.872637, 5.880389
6.865293, 6.005536
6.861821, 6.064696
6.876518, 6.124925
6.878811, 6.180294
6.858148, 6.283902
6.837181, 6.399460
6.827841, 6.535880
6.813931, 6.708099
6.782538, 6.888595
6.789863, 7.090259
6.695297, 7.389821
6.660173, 7.582310
5987824a-471e-4acf-abf3-0e0bcccaad29
6.582918, 7.623038
6.566498, 7.678633
6.552713, 7.719066
6.557248, 7.740275
6.549501, 7.818569
6.541997, 7.894399
6.535836, 7.971867
6.533325, 8.055753
6.530100, 8.113453
6.526321, 8.181081
6.522069, 8.257161
6.519228, 8.334821
6.520308, 8.418735
6.519556, 8.476522
6.520150, 8.545771
6.519222, 8.612023
6.521224, 8.682788
6.520303, 8.756057
6.521036, 8.816831
6.515793, 8.878637
6.514879, 8.942542
6.511588, 9.027597
6.508186, 9.076807
6.503293, 9.125891
6.497915, 9.194921
6.491280, 9.260834
6.484497, 9.328218
6.478203, 9.405674
6.467143, 9.490571
6.464255, 9.535906
6.459172, 9.568640
6.452673, 9.610473
6.443677, 9.648889
6.438487, 9.697302
6.431317, 9.736100
6.426023, 9.781218
6.418465, 9.819942
6.407990, 9.857982
6.403339, 9.886152
6.398910, 9.931364
6.394782, 9.973497
6.387969, 10.012361
6.383088, 10.057526
6.378540, 10.099615
6.371336, 10.138408
6.361211, 10.176543
6.354101, 10.214984
6.348800, 10.260101
6.346483, 10.305470
6.338650, 10.341467
6.329481, 10.404719
6.318497, 10.470056
6.304811, 10.533406
6.293445, 10.593110
6.279586, 10.657907
6.268869, 10.729474
6.256321, 10.793057
6.246025, 10.852957
6.234552, 10.919705
6.224512, 10.978114
6.213251, 11.034795
6.201228, 11.102989
6.190682, 11.171426
6.177863, 11.234950
6.166139, 11.293051
6.153245, 11.349382
6.140383, 11.418994
6.123323, 11.486613
6.109811, 11.534049
6.094866, 11.581054
6.078233, 11.653125
6.062218, 11.729171
6.049418, 11.797216
6.040478, 11.869026
6.032110, 11.936244
6.024788, 11.995060
6.017466, 12.053876
6.010144, 12.112692
6.001522, 12.169838
5.992673, 12.238520
5.981431, 12.302349
5.972364, 12.362457
5.961003, 12.427734
5.951825, 12.497929
5.939366, 12.570130
5.929289, 12.628531
5.919210, 12.686938
5.912371, 12.726569
4485259c-8324-405b-a7be-5e718f549083
6.612760, 7.395227
6.564883, 7.442217
6.546755, 7.459995
6.541172, 7.478849
6.506867, 7.514983
6.487811, 7.530706
6.468420, 7.544765
d4425fca-032b-469f-9681-47fb2b3e104e
6.846067, 7.156594
6.881415, 7.171258
6.941968, 7.213333
6.991661, 7.258411
7.043866, 7.309810
7.090622, 7.355845
7.124727, 7.381025
7.194395, 7.425021
7.262949, 7.464772
7.322726, 7.504624
7.406156, 7.562787
7.471418, 7.620923
7.535702, 7.675412
7.617129, 7.736112
7.698587, 7.796835
7.775392, 7.848842
7.851520, 7.902931
7.922253, 7.948099
7.990614, 7.988200
8.043560, 8.019258
8.080709, 8.053510
039c54f6-2f3b-4099-bd97-02942af8d944
6.754075, 6.428194
6.713904, 6.471891
6.689908, 6.506842
6.657132, 6.559865
6.637726, 6.588413
6.600282, 6.626689
6.580994, 6.642125
6.548639, 6.662267
6.505033, 6.691175
6.448578, 6.728602
6.399519, 6.752147
6.315511, 6.778663
6.231843, 6.818304
6.138767, 6.843784
6.054114, 6.875680
5.968891, 6.912287
5.894436, 6.950188
5.810403, 6.988252
5.730975, 7.035776
5.640327, 7.082619
5.566439, 7.123135
5.492202, 7.163842
5.426573, 7.196415
5.368944, 7.227366
5.320426, 7.248325
11cb0c8e-b07e-4deb-8e1f-7a8fc2da8263
6.901686, 6.402226
6.933805, 6.454286
6.953226, 6.489541
6.974875, 6.527302
6.997273, 6.578737
7.012200, 6.605514
7.037889, 6.642378
7.066060, 6.685420
7.081374, 6.711553
7.096449, 6.740237
7.106142, 6.768328
7.119091, 6.801269
7.129540, 6.831942
7.144112, 6.860790
fc95a261-4770-4628-9881-7c44337f2b18
6.921036, 5.408031
7.009992, 5.422448
7.112151, 5.427556
7.197383, 5.435594
7.265219, 5.429968
7.331979, 5.422930
7.434452, 5.453647
7.521770, 5.490801
7.600526, 5.519804
7.687916, 5.551987
7.774297, 5.588281
7.829098, 5.618151
7.873054, 5.658583
7.931003, 5.723156
7.973396, 5.760948
8.024534, 5.792645
8.114032, 5.840652
8.202634, 5.890580
8.276399, 5.932147
8.327449, 5.966068
8.364470, 5.990668
b4434b77-6829-4d29-9474-15f692e6c259
6.938433, 5.693833
7.002686, 5.677049
7.061101, 5.670475
7.156939, 5.674505
7.204906, 5.672371
7.294516, 5.659964
7.380163, 5.684911
7.463088, 5.743369
7.547282, 5.800132
7.600413, 5.830850
7.706381, 5.873159
7.823251, 5.943534
7.882620, 5.989161
7.926912, 6.033812
7.992098, 6.123563
8.113856, 6.222003
8.177076, 6.275783
8.211095, 6.312889
8.252637, 6.362632
8.288059, 6.400377
3ab177b8-64ff-44d8-9403-f95e63268ca0
6.922002, 5.911830
7.025854, 5.900166
7.096296, 5.898279
7.205647, 5.863444
7.334048, 5.849356
7.420155, 5.846166
7.502254, 5.832749
7.685285, 5.832781
7.744047, 5.842411
bdc436e5-f5d5-4802-b401-91665b48c2b9
6.649006, 4.456271
6.735950, 4.428956
6.791067, 4.423291
6.819571, 4.423846
6.840020, 4.413144
6.875451, 4.398146
6.902301, 4.383692
6.939990, 4.360174
6.963334, 4.345607
6.983976, 4.336079
7.006740, 4.341373
7.033186, 4.346065
7.054181, 4.338170
7.140635, 4.325435
7.190843, 4.318039
7.249909, 4.322565
7.300968, 4.333982
7.376003, 4.343090
7.466928, 4.369700
7.512953, 4.376932
7.572121, 4.386837
0bd9cb81-932b-497b-9fc7-75381192eaca
6.524698, 4.574015
6.434963, 4.607545
6.395306, 4.622363
6.357406, 4.633328
6.297406, 4.655362
6.233828, 4.678710
6.177515, 4.704173
6.121271, 4.734531
6.068556, 4.769790
6.004391, 4.816307
5.965643, 4.840700
5.930755, 4.859127
5.893323, 4.878897
5.845907, 4.905633
5.812287, 4.931461
5.751859, 4.977887
5.705683, 5.007700
5.663003, 5.035255
5.613659, 5.065332
5.571281, 5.087656
5.534456, 5.105365
5.497006, 5.121712
5.449674, 5.144007
5.402282, 5.169638
5.357549, 5.188726
5.310824, 5.208664
5.272679, 5.223313
5.224398, 5.243458
5.179931, 5.257147
5.130386, 5.273964
5.080408, 5.294090
5.013955, 5.324077
4.967335, 5.350040
4.911390, 5.388050
4.848363, 5.430871
4.800529, 5.457941
4.755184, 5.487042
4.712880, 5.512412
4.669827, 5.536487
4.625489, 5.561279
4.573183, 5.592243
4.522953, 5.625455
4.457704, 5.675777
4.397903, 5.718115
4.348459, 5.758623
4.296062, 5.801550
4.250634, 5.834898
4.203177, 5.867877
4.161464, 5.896866
4.112799, 5.930687
4.063758, 5.966590
4.020091, 6.004124
3.972139, 6.053546
3.936764, 6.090006
3.895462, 6.130424
3.863761, 6.155163
3.823711, 6.186418
3.777768, 6.216577
3.734872, 6.246526
3.693222, 6.275606
3.644624, 6.309535
3.596027, 6.343465
3.547430, 6.377395
3.499944, 6.405073
3.456053, 6.430655
3.404847, 6.460501
3.352562, 6.494441
3.311727, 6.520948
3.269558, 6.546537
482c09b8-38cd-4b34-af99-b4db9eff520d
6.536673, 4.625224
6.493437, 4.656527
6.465355, 4.671632
6.452114, 4.697972
6.433291, 4.722084
6.408803, 4.755885
714af48f-fae2-488c-8c08-b14d5184ea74
6.665806, 4.722223
6.583857, 4.818050
6.544082, 4.883370
6.497702, 5.070736
6.427675, 5.152797
6.333810, 5.212905
6.233702, 5.255542
6.040089, 5.360482
5.911040, 5.397463
5.860591, 5.418091
5.824889, 5.418582
5.797835, 5.458293
5.740942, 5.482741
5.655424, 5.503727
5.577574, 5.531544
5.495585, 5.569773
5.416697, 5.618161
5.327744, 5.667760
5.267719, 5.703652
5.137037, 5.834465
5.069625, 5.919913
5.001449, 6.006330
4.947360, 6.081684
4.907724, 6.126633
4.889349, 6.204913
4.869980, 6.282761
4.856204, 6.385097
4.848694, 6.462582
4.856010, 6.544467
4.850732, 6.600507
07e2ab6d-7d3d-4973-835e-793ca9f989ab
6.656918, 4.779345
6.622214, 4.852519
6.587312, 4.913906
6.504555, 5.001614
6.447992, 5.057476
6.382427, 5.110652
6.308584, 5.167832
6.252181, 5.235585
6.182148, 5.309792
6.117191, 5.387866
6.043829, 5.459506
5.975747, 5.534861
5.894829, 5.621277
5.820927, 5.715637
5.746560, 5.798454
5.660080, 5.878970
5.569383, 5.954764
5.487173, 6.015197
5.406629, 6.077029
5.304561, 6.136766
5.222110, 6.192374
5.162374, 6.245387
5.077537, 6.329139
5.011694, 6.385245
4.943412, 6.424027
4.843026, 6.488324
4.751709, 6.536789
4.668248, 6.578705
4.591279, 6.615039
4.525554, 6.648359
4.491658, 6.660508
ebd8f4f8-8db8-47bb-8d15-8df8a5d237cd
6.813299, 5.254566
6.766278, 5.320781
6.658630, 5.382431
6.577367, 5.454254
6.476702, 5.486187
6.302333, 5.542105
6.210263, 5.581832
6.093539, 5.595230
6.025689, 5.616914
5.945667, 5.642121
5.770516, 5.684509
5.733630, 5.689921
5.696366, 5.692365
5.671019, 5.694027
5.658567, 5.709849
5.629480, 5.717163
5.590649, 5.723841
5.551431, 5.727539
5.517130, 5.733770
5.473127, 5.744798
5.432122, 5.755064
5.391114, 5.765321
5.350103, 5.775570
5.311268, 5.782180
5.246906, 5.797967
733ad5dc-1c90-46b2-af60-6c5e57dfe5ce
6.825438, 5.391865
6.743510, 5.429741
6.678910, 5.439862
6.530173, 5.469624
6.388154, 5.507681
6.287259, 5.547450
6.159805, 5.604720
6.054792, 5.680817
5.968938, 5.718106
5.900067, 5.747199
5.778396, 5.792457
5.620812, 5.881967
5.530361, 5.897820
5.449943, 5.931100
5.331628, 5.975520
5.227204, 6.010204
5.098331, 6.056669
5.015264, 6.088844
4.851647, 6.150981
4.818296, 6.164228
4.770122, 6.181431
4.719669, 6.206584
