main root
6.256049, 4.952734
6.191815, 5.145232
6.154321, 5.270827
6.146673, 5.347823
6.149195, 5.476827
6.141154, 5.602664
6.139881, 5.721867
6.139329, 5.811810
6.138709, 5.912928
6.138136, 6.006057
6.133355, 6.099636
6.132828, 6.192390
6.138614, 6.284846
6.140747, 6.386673
6.142697, 6.479785
6.146746, 6.572618
6.150434, 6.657205
6.147511, 6.727610
6.148708, 6.770906
6.159396, 6.832529
6.179339, 6.912482
6.186146, 6.970698
6.197946, 7.071616
6.206796, 7.147298
6.213986, 7.221667
6.223762, 7.322791
6.237631, 7.404018
6.218804, 7.455218
6.231453, 7.488618
6.232929, 7.585230
6.230087, 7.670723
6.233341, 7.753060
6.239803, 7.863016
6.242726, 7.948083
6.245633, 8.032702
6.245156, 8.105971
6.250786, 8.160680
6.268442, 8.244495
6.280602, 8.316749
6.303061, 8.424694
6.315043, 8.496982
6.327506, 8.572161
6.343046, 8.629293
6.374070, 8.709137
6.395858, 8.777608
6.422683, 8.875860
6.446429, 8.951469
6.473014, 9.026128
6.499759, 9.126465
6.523048, 9.202213
6.521692, 9.315320
6.514508, 9.384922
6.503767, 9.445264
6.486150, 9.587450
6.483180, 9.679846
6.473303, 9.789493
6.459962, 9.890459
6.460708, 9.965564
6.470332, 10.084682
6.468116, 10.188637
6.461764, 10.288163
6.449152, 10.352886
6.420965, 10.431155
6.387613, 10.536254
6.374791, 10.604475
6.368222, 10.673592
6.368629, 10.756979
6.362983, 10.827215
6.364231, 10.886407
d95526f0-06ca-4553-895c-bab6ca84d78a
6.159801, 5.116415
6.124731, 5.119244
6.102671, 5.131555
6.057060, 5.152013
5c12194c-4279-4255-8690-3e3ce3ca0644
6.143987, 5.381025
6.093548, 5.398399
5.973627, 5.439996
5.941556, 5.452894
5.911808, 5.463438
5.879824, 5.476553
5.850148, 5.487298
5.818253, 5.500629
5.789667, 5.511150
5.766611, 5.518233
c0a4c231-9fda-4be7-a288-f39fbdbd05b5
6.111154, 5.458725
6.091771, 5.485229
6.053215, 5.511146
6.029692, 5.537779
