main root
6.945478, 5.462926
6.906930, 5.675597
6.827565, 5.884241
6.696245, 6.096626
6.650351, 6.313086
6.635626, 6.562436
6.623875, 6.832555
6.599678, 7.145216
6.583524, 7.394455
6.584128, 7.636861
6.588948, 7.879961
6.609463, 8.133498
6.633417, 8.433648
6.659643, 8.648491
6.667183, 8.849831
6.671566, 9.023696
6.687957, 9.187546
6.688080, 9.353477
6.696392, 9.512218
6.700668, 9.671971
6.704973, 9.832787
6.725919, 10.006856
6.718958, 10.102852
6.703345, 10.296516
6.689235, 10.419188
6.677895, 10.491571
6.674819, 10.530540
6.667485, 10.621125
6.634082, 10.708091
6.616980, 10.809180
6.606926, 10.919300
6.601119, 11.029372
6.591091, 11.138921
6.576848, 11.248002
6.570338, 11.367171
6.564329, 11.477042
6.570971, 11.587935
6.577551, 11.697774
6.568277, 11.756122
6.555374, 11.850739
6.549191, 11.911420
6.543480, 11.973276
06229b60-4592-4ace-b0ba-b3e79cac5b73
6.723821, 5.821818
6.629651, 5.801726
6.542116, 5.778354
6.429814, 5.755219
6.357871, 5.730055
6.322161, 5.724949
6.287599, 5.718743
6.216876, 5.697251
6.126609, 5.676413
6.044218, 5.653138
5.953908, 5.631997
5.863223, 5.610769
5.771040, 5.602152
5.660944, 5.596112
5.533361, 5.593317
5.422917, 5.599364
5.361325, 5.592140
5.243179, 5.580408
5.141949, 5.572481
5.042248, 5.577403
4.949231, 5.581995
4.856887, 5.590767
4.762434, 5.591288
4.669796, 5.596005
4.576094, 5.596563
4.482960, 5.597118
4.406138, 5.610197
4.297335, 5.626572
4.196476, 5.639613
4.111136, 5.646465
4.016280, 5.643529
3.914724, 5.640387
3.804466, 5.641208
3.694396, 5.642029
3.584246, 5.647082
3.456854, 5.659232
3.329735, 5.692446
3.152641, 5.725748
3.017209, 5.771310
2.913592, 5.788847
2.771829, 5.808636
2.646006, 5.821960
2.537566, 5.846209
2.413434, 5.871816
2.339253, 5.897917
2.258300, 5.924201
2.177770, 5.950349
2.137415, 5.960305
2.082662, 5.975980
da181a43-9dff-4679-94db-d7ebb754c394
6.605705, 6.037480
6.501631, 6.023085
6.433579, 6.024036
6.356107, 6.034879
6.230325, 6.048242
6.120207, 6.051427
6.039830, 6.062215
5.932107, 6.089480
5.827740, 6.126808
5.741066, 6.139845
5.628998, 6.154564
5.494118, 6.187010
5.375921, 6.195913
5.293537, 6.214813
5.169752, 6.243212
5.066566, 6.256030
4.964384, 6.260197
4.890455, 6.269565
4.817539, 6.291563
4.712171, 6.323354
4.620507, 6.344418
4.538864, 6.365306
4.440435, 6.390490
4.337130, 6.403816
4.227533, 6.413686
4.120557, 6.431819
3.995693, 6.461500
3.887308, 6.480739
3.769185, 6.486707
3.650610, 6.499035
3.532815, 6.515524
3.415058, 6.525617
3.296946, 6.533623
3.212471, 6.539349
3.133660, 6.547691
3.065529, 6.553397
6cc840ca-ae58-4031-868d-842868bbf2e8
7.002220, 5.562500
7.091984, 5.608700
7.130073, 5.614903
7.177812, 5.630749
7.249139, 5.657383
7.314023, 5.661376
7.387412, 5.696858
7.453987, 5.712641
7.584435, 5.737688
7.701971, 5.755958
7.817129, 5.782400
7.918141, 5.823054
8.005840, 5.842006
8.165448, 5.884806
8.278778, 5.899371
8.416912, 5.917123
8.569953, 5.935905
8.650837, 5.959125
8.765887, 5.998727
8.905229, 6.038838
9.002933, 6.082233
9.142889, 6.137781
9.238024, 6.173265
9.336547, 6.198724
9.433551, 6.230345
9.530148, 6.261833
9.635496, 6.293949
9.733229, 6.321531
9.831011, 6.349128
9.928793, 6.376725
10.054335, 6.403431
10.141961, 6.426364
10.208088, 6.458861
10.329678, 6.516490
10.430956, 6.547605
10.552359, 6.584900
10.656232, 6.621238
10.759374, 6.659561
10.856598, 6.688916
10.952791, 6.722378
11.040292, 6.755043
11.119937, 6.782563
11.199409, 6.814411
11.274036, 6.841093
11.343879, 6.867653
11.417081, 6.895492
11.452740, 6.910654
069e9157-7d7d-4ab7-9cd7-45f9daef7b2b
6.784317, 6.010010
6.875838, 6.028727
6.956322, 6.054562
7.033787, 6.047884
7.123510, 6.073329
7.177898, 6.090445
7.240328, 6.106706
7.282463, 6.096715
7.347945, 6.113576
7.425273, 6.130414
7.496057, 6.148906
7.569672, 6.168156
7.635978, 6.191698
7.711500, 6.215353
7.787859, 6.236151
7.853921, 6.260365
7.903451, 6.275348
7.980010, 6.295398
8.053613, 6.314692
8.134521, 6.329730
8.202348, 6.348443
8.269760, 6.379569
8.343834, 6.396835
8.459126, 6.423709
8.579117, 6.462456
8.705378, 6.489989
8.809305, 6.529843
8.943098, 6.596253
9.070501, 6.648834
9.179864, 6.684825
9.266769, 6.724564
9.377247, 6.787636
9.491191, 6.850276
9.592731, 6.910911
9.693926, 6.986013
9.781012, 7.053278
9.872141, 7.113004
9.989364, 7.169751
10.097877, 7.233944
10.201119, 7.292569
10.284592, 7.352129
10.370792, 7.405841
10.459126, 7.455897
10.539330, 7.503764
10.625551, 7.557685
10.712741, 7.609718
10.798965, 7.663637
10.886167, 7.715672
10.986733, 7.778140
11.070948, 7.835430
11.148938, 7.885942
11.217680, 7.937877
11.283408, 7.992732
11.337701, 8.041942
11.387821, 8.093432
11.424732, 8.131351
11.459493, 8.176586
a8bbaffb-4851-4282-b492-c9f007889aa0
6.721699, 6.781458
6.819650, 6.807210
6.909386, 6.832975
7.009577, 6.850740
7.093163, 6.873985
7.181879, 6.905207
7.276464, 6.942978
7.382855, 6.974073
7.485908, 7.013012
7.590462, 7.047995
7.691944, 7.090875
7.808936, 7.140308
7.932675, 7.201984
8.013010, 7.242027
8.079203, 7.276692
8.147141, 7.307203
8.200766, 7.346201
8.297643, 7.402409
8.422117, 7.472355
8.605133, 7.561975
8.740564, 7.646294
8.888257, 7.742988
9.025117, 7.842435
9.126081, 7.913196
9.211963, 7.991421
9.302692, 8.068355
9.372549, 8.130347
9.449885, 8.196149
9.513347, 8.252869
9.574345, 8.312948
9.665690, 8.396360
eb901b48-9fb3-407d-8047-4e4c3145cc28
6.660912, 7.454377
6.764346, 7.447440
6.825364, 7.438089
6.882450, 7.429131
6.933882, 7.419545
6.987412, 7.405000
7.035382, 7.393517
7.080514, 7.385793
7.130227, 7.380320
7.178853, 7.379486
7.229648, 7.378613
7.285961, 7.380640
7.337712, 7.379507
