main root
6.638898, 5.001055
6.589981, 5.194637
6.538660, 5.467988
6.498024, 5.706679
6.481830, 5.908191
6.456938, 6.070447
6.440464, 6.217113
6.419337, 6.329468
6.406403, 6.444000
6.388207, 6.587584
6.377472, 6.754775
6.378222, 6.940062
6.372739, 7.099291
6.379770, 7.240859
6.381647, 7.363495
6.398399, 7.510207
6.407615, 7.628112
6.416192, 7.737837
6.410979, 7.833086
6.413401, 7.943676
6.415813, 8.053713
6.413657, 8.147388
6.409405, 8.240687
6.407641, 8.324941
6.401705, 8.410356
6.399478, 8.503088
6.393267, 8.574674
6.383247, 8.620909
6.383970, 8.815449
6.372236, 8.879722
6.366787, 8.942909
6.362968, 9.022074
6.356449, 9.095053
6.344238, 9.164458
6.331037, 9.239513
6.315405, 9.311100
6.299151, 9.385553
6.276039, 9.449318
6.250072, 9.520962
6.238163, 9.562607
6.221905, 9.641238
6.209229, 9.717324
6.203691, 9.768790
6.203792, 9.823788
6.209932, 9.905969
6.218820, 9.984725
6.220745, 10.055172
6.222827, 10.131350
6.231059, 10.213347
6.229419, 10.271936
6.220226, 10.373561
6.215840, 10.422046
6.212279, 10.482983
6.156112, 10.645523
6.138944, 10.718524
6.116923, 10.772936
6.095095, 10.842829
6.052343, 10.911488
6.003633, 10.969818
5.905802, 11.060925
5.784511, 11.168283
5.640513, 11.283985
5.583090, 11.354415
5.492649, 11.456283
5.438801, 11.548441
5.417711, 11.601215
5.390267, 11.673922
5.364550, 11.753798
5.347351, 11.812099
5.336653, 11.880104
5.321611, 11.917930
5.299711, 11.973008
5.288092, 12.010334
5.275044, 12.072400
5.266320, 12.135720
5.256951, 12.192750
5.244739, 12.257860
5.234644, 12.327925
5.223774, 12.403351
5.216711, 12.483852
5.209495, 12.566087
5.211421, 12.612636
5.265396, 12.863359
5.279612, 12.922283
5.311569, 12.990794
5.332573, 13.042907
5.349860, 13.069779
5.371395, 13.100492
5.387193, 13.123022
5.557505, 13.259409
5.598513, 13.286495
5.619400, 13.302084
5.650229, 13.315755
5.708521, 13.331779
5.761990, 13.349581
5.958582, 13.410700
6.128391, 13.469775
6.316714, 13.477382
6.451090, 13.486732
6.555409, 13.485502
6.653672, 13.492172
6.717146, 13.494981
6.801077, 13.494541
6.866300, 13.488214
5d0d70b7-5b22-4cba-99cb-0ae00a82297b
6.624610, 5.164629
6.493125, 5.150666
6.464386, 5.143099
6.447598, 5.149026
6.392779, 5.149734
6.361350, 5.156253
6.254092, 5.159677
6.226610, 5.160533
6.195443, 5.167473
6.131734, 5.179327
6.057476, 5.178686
6.001543, 5.181196
5.951426, 5.189439
5.874622, 5.206621
5.810588, 5.220947
5.777337, 5.231453
5.753117, 5.239106
5.649978, 5.280138
5.609014, 5.299668
5.572265, 5.313871
5.534547, 5.325230
5.508230, 5.336272
5.469248, 5.352617
5.430263, 5.368953
5.391275, 5.385281
5.352283, 5.401599
5.313287, 5.417910
5.274288, 5.434210
5.235285, 5.450503
5.196573, 5.469908
5.157446, 5.492858
5.120444, 5.516296
5.098126, 5.526891
5.075180, 5.537783
4.963020, 5.634343
4.936225, 5.651489
4.893890, 5.676800
4.850808, 5.700815
4.805859, 5.727583
4.760654, 5.759729
4.718903, 5.791254
4.678072, 5.823962
4.644077, 5.845440
4.602065, 5.868443
4.550082, 5.896905
4.499284, 5.921307
4.445859, 5.946971
4.392435, 5.972634
4.339011, 5.998297
4.286287, 6.021963
4.239187, 6.044745
4.177514, 6.076239
4.115884, 6.111072
4.077187, 6.132942
4.031005, 6.155650
b0ca1db3-8416-48f0-b389-752b2cbb709b
6.669499, 5.304436
6.710929, 5.319629
6.774545, 5.333995
6.824758, 5.357671
7.001007, 5.385728
7.027222, 5.394449
7.067189, 5.407744
7.123425, 5.426452
7.175877, 5.447055
7.227161, 5.470416
7.287038, 5.492757
7.346475, 5.513335
7.370573, 5.523263
7.564886, 5.610113
7.623543, 5.653194
7.661461, 5.679185
7.694560, 5.692802
7.737630, 5.713758
7.796925, 5.737615
7.859764, 5.762897
7.914745, 5.785018
7.959943, 5.806429
7.996288, 5.823646
8.075788, 5.894211
8.114046, 5.928340
8.140779, 5.952300
8.163802, 5.969029
8.194309, 5.983899
8.235939, 6.000862
8.274814, 6.016611
8.294566, 6.027752
8.322870, 6.050591
8.355329, 6.076890
8.391947, 6.102813
8.430285, 6.126286
8.465984, 6.148145
8.514471, 6.179587
8.572185, 6.211662
8.635459, 6.243403
8.688432, 6.269976
8.741412, 6.296553
8.792384, 6.323797
8.852126, 6.355728
8.902374, 6.384282
8.961269, 6.417749
8.988472, 6.436650
9.028978, 6.468394
5eed89f2-b4e5-44ae-ac7e-43b71faa5abc
6.687990, 4.999528
6.848122, 5.069490
6.926463, 5.101286
6.997395, 5.120995
7.038380, 5.133935
7.122350, 5.142559
7.205917, 5.159446
7.297022, 5.180001
7.379566, 5.200751
7.434613, 5.223142
7.479164, 5.251789
7.598132, 5.266568
7.664701, 5.287573
7.754140, 5.313589
7.802888, 5.336582
7.882473, 5.383420
7.940622, 5.419379
7.991262, 5.461551
8.082013, 5.552780
8.197526, 5.617924
8.287960, 5.681070
8.381858, 5.736342
8.480079, 5.786793
8.571345, 5.831294
8.647450, 5.868402
8.731874, 5.907226
8.807833, 5.946721
8.870086, 5.975718
8.918335, 6.008727
d6b80e49-683c-4a65-a6b4-69e9c9c507dd
6.721833, 5.123203
6.766936, 5.144279
6.823877, 5.188121
6.842257, 5.203844
48d985ff-22af-49f6-97bc-ec4aaf4a8bd1
6.758542, 4.957561
6.812262, 4.978934
6.843632, 4.990119
e4fa2458-f818-4673-818e-d2574b30dc95
6.335612, 8.670945
6.428763, 8.709755
6.530802, 8.765077
6.581328, 8.789108
6.629397, 8.805385
6.705114, 8.827904
6.789113, 8.843514
6.857788, 8.856276
6.911525, 8.877515
27e318ce-2142-4eb5-b6be-3dcde77a11b3
6.306044, 8.553604
6.234929, 8.616836
6.214489, 8.633006
6.163753, 8.716404
6.115296, 8.742214
6.074727, 8.741519
4a25a1e5-df8f-4f40-9dc7-2f3159c3c5e8
6.369813, 8.403331
6.496141, 8.439526
d037159d-f37e-440c-bb5f-200378e3ffa0
6.580909, 5.989816
6.628475, 6.027117
6.685500, 6.061079
6.750023, 6.097059
6.779415, 6.115163
6.883885, 6.202655
6.933166, 6.247880
7.033053, 6.302811
7.095516, 6.340620
7.168741, 6.377944
7.228384, 6.415066
7.290370, 6.456121
7.318296, 6.476413
83a88229-5247-4e05-b055-547154031eee
6.521053, 5.440560
6.420924, 5.436831
6.393545, 5.435696
6.365171, 5.437401
6.320860, 5.442948
6.276900, 5.451469
6.239532, 5.454138
6.199417, 5.457004
6.150133, 5.459024
5.995031, 5.525214
5.960409, 5.535108
5.919715, 5.546737
5.864789, 5.559320
5.809271, 5.568967
5.750877, 5.579115
5.692485, 5.589262
5.637749, 5.594215
5.585800, 5.600420
5.531432, 5.611435
5.487867, 5.620262
5.438079, 5.630349
f53ce2ae-81d8-45cf-97e0-ad18ee78a3b2
6.609312, 5.856909
6.643333, 5.916731
6.691277, 5.993540
