main root
6.612679, 3.531846
6.653188, 3.735354
6.694556, 3.896486
6.750088, 4.024835
6.780243, 4.123840
6.804824, 4.239795
6.827032, 4.382094
6.836682, 4.484253
6.830825, 4.579284
6.821438, 4.697290
6.812038, 4.815455
6.794297, 4.905069
6.774566, 5.004731
6.750149, 5.095566
6.723777, 5.193678
6.701691, 5.283943
6.687914, 5.366427
6.678196, 5.449784
6.677252, 5.535434
6.663093, 5.598015
6.653284, 5.641371
6.661168, 5.761839
6.662961, 5.835089
6.663145, 5.928487
6.661778, 5.994726
6.661847, 6.063972
6.663411, 6.133201
6.672258, 6.193416
6.683803, 6.261693
6.688194, 6.323573
6.703113, 6.414933
6.708521, 6.485196
6.714369, 6.561174
6.726483, 6.640549
6.741392, 6.718388
6.759230, 6.795607
6.776381, 6.869854
6.800713, 6.948588
6.834446, 7.027321
6.852664, 7.092648
6.888390, 7.197125
6.913960, 7.278311
6.937544, 7.360098
6.966629, 7.438506
6.996078, 7.517892
7.026579, 7.606167
7.056052, 7.685115
7.085665, 7.764438
7.122013, 7.849775
7.160353, 7.934421
7.197001, 8.010305
7.235506, 8.085264
7.269236, 8.164546
7.311093, 8.236446
7.348949, 8.313840
7.387828, 8.388606
7.425244, 8.465055
7.465816, 8.538515
7.500623, 8.604634
7.538142, 8.672692
7.585378, 8.762758
7.618858, 8.823376
7.647540, 8.881495
7.690536, 8.963868
7.727936, 9.025816
7.746504, 9.079736
7.770461, 9.144706
7.793986, 9.186870
7.831060, 9.247174
7.868591, 9.305365
7.894959, 9.360053
7.934366, 9.424556
7.971736, 9.482852
8.000018, 9.538065
8.028885, 9.597699
8.068392, 9.662139
8.097620, 9.718402
8.134899, 9.780422
8.163631, 9.836940
8.188287, 9.895350
8.204823, 9.953767
8.221425, 10.017905
8.230740, 10.059863
8.277150, 10.113393
8.317171, 10.242746
8.341067, 10.428994
8.331109, 10.533194
8.313893, 10.691100
8.337915, 10.901356
8.341936, 10.992484
8.346321, 11.044835
8.340107, 11.090247
88f56fbd-ea80-48d6-88e6-79dd42c2da33
6.719296, 3.949265
6.659170, 3.985192
6.632540, 4.004353
6.565862, 4.054376
6.555289, 4.058912
7a014c5f-4c14-4611-a8f0-5e88bb38b221
6.779459, 4.141361
6.738287, 4.223878
6.707486, 4.381284
6.692212, 4.413876
6.679095, 4.434812
6.665608, 4.456336
6.651175, 4.473735
08250a4c-4e12-4e3b-b992-23d03521ae29
6.798715, 4.272313
6.681081, 4.368986
6.655157, 4.392364
