main root
7.072394, 5.072222
6.939531, 5.307581
6.883932, 5.418787
6.865075, 5.693778
6.834696, 5.906039
6.821431, 6.087649
6.815185, 6.275488
6.793431, 6.371882
6.759495, 6.540122
6.742560, 6.645489
6.727175, 6.754545
6.716814, 6.873298
6.685515, 7.019063
6.676941, 7.106998
6.669908, 7.265468
6.658197, 7.340303
6.654474, 7.383457
1485a7fa-ab6c-4cca-9bc9-12396a8145b4
6.819177, 5.368692
6.773438, 5.401401
6.655269, 5.438415
6.583168, 5.454368
6.510300, 5.468324
6.476148, 5.473340
d7ce3316-fcab-4958-8d70-f4bdf5d593b5
6.866513, 5.687269
6.951365, 5.764911
07d187e1-8433-47f8-858f-7cb482249ff0
6.828367, 5.499100
6.765890, 5.538384
6.698580, 5.591320
6.647832, 5.590727
6.618328, 5.616683
6.566508, 5.640072
9d369e85-5a69-4053-8859-f35ba93c9083
6.945567, 5.499970
6.987724, 5.562586
7.030788, 5.632460
7.070113, 5.684855
7.114584, 5.744106
7.129898, 5.771989
7.150287, 5.815333
7.173525, 5.868247
7.202151, 5.925986
7.220141, 5.958901
8e2e0c6f-2e25-48dc-a572-b7e39de68899
6.863204, 5.340936
6.710007, 5.288804
6.618659, 5.272481
6.557580, 5.257177
