main root
6.134016, 5.574226
6.155385, 5.742630
6.166280, 5.965182
6.185299, 6.197264
6.169722, 6.303315
6.148116, 6.479196
6.147593, 6.654992
6.142291, 6.939057
6.134380, 7.177897
6.141327, 7.389593
6.142666, 7.557576
6.145441, 7.640162
6.140971, 7.706685
6.189657, 7.857696
6.196884, 7.946431
6.195069, 7.997910
6.192385, 8.074065
6.186813, 8.147122
6.179388, 8.205114
6.168564, 8.242505
6.152984, 8.285560
6.102254, 8.398167
6.073954, 8.475561
6.051749, 8.545003
6.042730, 8.583040
43b3d6e9-10f8-4edc-a470-ff49237b3ee3
6.150695, 5.804928
6.055000, 5.862546
5.975476, 5.923277
5.906451, 5.969103
5.850877, 6.045201
5.794711, 6.092805
5.743423, 6.138410
5.704488, 6.163195
5.645647, 6.209679
5.592324, 6.257693
5.542427, 6.304817
5.493662, 6.353113
5.446059, 6.402553
5.400671, 6.456358
5.364985, 6.481312
feac1782-5607-408d-ab43-4577be73f4d8
6.153000, 5.747923
6.013782, 5.962345
5.992999, 5.991302
5.964939, 6.062283
5.916247, 6.127378
5.894106, 6.152115
5.854424, 6.187594
5.809633, 6.243811
5.772048, 6.281506
5.730537, 6.331731
5.695655, 6.360042
913c60ac-4cd1-4748-bf60-bb1a19beee29
6.195632, 5.894863
6.283526, 5.926338
6.312666, 5.943661
6.332187, 5.958773
6.354899, 5.964715
6.401465, 5.983172
6.446098, 6.022845
6.488278, 6.062340
6.510313, 6.087073
6.543400, 6.130962
6.573898, 6.163958
6.614724, 6.201510
6.664577, 6.247367
6.706084, 6.287579
6.736221, 6.323029
6.773345, 6.362076
6.812065, 6.404971
6.836898, 6.434716
6.864006, 6.474180
addc4926-3110-43f2-ae1f-43f695aec221
6.197838, 6.086462
6.311687, 6.128325
6.333096, 6.138930
6.353430, 6.174736
6.373601, 6.176839
6.392779, 6.194188
6.434634, 6.228016
6.482835, 6.265048
6.542841, 6.305488
6.601090, 6.342938
6.641465, 6.372456
6.678673, 6.401512
6.697395, 6.421829
6.733936, 6.459274
6.765821, 6.494091
6.782975, 6.512823
185c8ca8-d28c-419e-837d-5606ca7232e9
6.198764, 6.435981
6.290409, 6.481228
6.336713, 6.518957
6.380555, 6.556610
6.416984, 6.589869
6.448153, 6.624408
6.475044, 6.645269
6.505965, 6.673044
6.549880, 6.717755
5573e40f-d6c6-40a2-bfdf-c2f4c75cf9aa
6.042057, 5.532896
5.966970, 5.549912
5.862134, 5.591883
5.774914, 5.616875
5.703711, 5.634163
5.644870, 5.653071
