main root
6.872409, 4.740121
6.970557, 4.974763
7.014544, 5.132162
7.060110, 5.278194
7.064826, 5.495309
7.098666, 5.721428
7.110813, 5.845208
7.111808, 5.963352
7.108435, 6.065142
7.100563, 6.174892
7.086370, 6.284052
7.069057, 6.384412
7.029834, 6.518799
7.008593, 6.684212
6.997922, 6.781761
6.990184, 6.891433
6.982437, 7.001233
6.976796, 7.111234
6.972824, 7.229894
6.967268, 7.355699
6.957737, 7.475996
6.940347, 7.629213
6.919542, 7.756779
6.900463, 7.873768
6.891814, 7.966001
6.881805, 8.050528
6.873959, 8.134432
6.868725, 8.235824
6.866038, 8.328704
6.865674, 8.412970
6.887533, 8.502178
6.887074, 8.590996
6.887825, 8.657659
6.888302, 8.699987
6.888780, 8.742317
6.889256, 8.784646
6.883679, 8.821055
6.877270, 8.862901
6.872464, 8.894285
6.870805, 8.924897
6.871342, 8.970319
6.870328, 9.011169
6.866149, 9.058889
6.862338, 9.119547
6.860891, 9.190321
6.858214, 9.248045
6.856502, 9.317271
6.854827, 9.384977
6.853363, 9.444225
6.848979, 9.500407
6.851024, 9.551157
6.853409, 9.610376
6.857351, 9.671023
6.860152, 9.737210
6.862300, 9.787962
6.866365, 9.848602
6.869301, 9.914784
6.871553, 9.965532
6.869495, 10.020452
6.869032, 10.072768
6.868582, 10.123571
6.869541, 10.184345
6.870343, 10.235140
6.875838, 10.298812
6.876801, 10.362202
6.877573, 10.412998
6.883031, 10.476681
6.885578, 10.541440
6.884798, 10.597783
6.888405, 10.661594
6.889070, 10.726399
6.889678, 10.785659
6.889312, 10.846637
6.886358, 10.899736
6.886886, 10.955205
6.881326, 11.000070
6.880023, 11.059263
6.878718, 11.118517
6.877413, 11.177765
6.872044, 11.217618
6.863978, 11.266276
6.852901, 11.333093
6.843209, 11.391561
6.839096, 11.434680
6.840667, 11.481242
6.847876, 11.561729
6.855544, 11.630554
6.863042, 11.697865
6.867951, 11.755445
6.873885, 11.807425
6.879646, 11.857897
6.888024, 11.918094
6.893337, 11.967131
6.898809, 12.017632
6.903544, 12.075224
6.904478, 12.123111
6.907159, 12.183831
6.905463, 12.247203
6.904104, 12.297984
6.903975, 12.358772
6.903866, 12.409577
6.902246, 12.467338
6.899367, 12.516576
6.899217, 12.570448
6.896066, 12.626711
6.895574, 12.689035
6.898076, 12.751322
6.897344, 12.807670
6.896876, 12.843650
7c2dbd5f-0914-4aa4-97e0-2d039dee9ee7
6.893176, 4.902750
6.805781, 4.936507
6.753451, 4.956606
6.725541, 4.975152
6.699696, 5.004904
6.633599, 5.050818
6.570673, 5.080142
6.542620, 5.091564
6.514987, 5.110895
6.491335, 5.132920
6.468026, 5.156673
6.431407, 5.181362
6.396318, 5.205020
6.362442, 5.222445
6.327325, 5.238823
6.302135, 5.255527
6.258118, 5.291899
6.230981, 5.308499
6.188639, 5.330890
6.152463, 5.346634
6.129174, 5.356770
6.117536, 5.374968
6.102033, 5.388097
6.076069, 5.412064
6.051323, 5.432887
6.030448, 5.448514
6.013232, 5.490944
5.974310, 5.526166
5.942932, 5.554563
5.911448, 5.585073
5.875000, 5.618310
5.837657, 5.648312
5.805346, 5.668511
5.760842, 5.701628
5.720394, 5.729861
5.678740, 5.758936
5.630516, 5.790771
5.587699, 5.820830
5.545754, 5.852105
5.495629, 5.895081
5.461884, 5.924013
5.423318, 5.957078
f176fe16-a8d3-4d39-99b4-7b51520e2dec
6.953392, 5.221701
6.867293, 5.251336
6.796663, 5.271324
6.761422, 5.276143
6.709917, 5.288765
6.681402, 5.290951
6.654859, 5.294312
6.625921, 5.302326
6.593314, 5.312728
6.561131, 5.324383
6.529424, 5.337272
6.496399, 5.355732
6.475889, 5.362254
6.443469, 5.374314
6.411670, 5.387927
6.375479, 5.421242
6.305851, 5.451548
6.268599, 5.464495
6.240918, 5.480451
6.203155, 5.505674
6.181927, 5.512654
6.141713, 5.525876
6.099590, 5.542878
6.060336, 5.558721
6.021081, 5.574564
5.980169, 5.594302
5.942042, 5.612697
5.902520, 5.635088
5.864559, 5.660035
5.829182, 5.683283
5.801790, 5.704864
5.768539, 5.731062
5.734788, 5.761462
5.703114, 5.794022
5.673508, 5.818015
5.633822, 5.852103
5.594968, 5.889423
5.552179, 5.932598
5.509008, 5.984663
5.460370, 6.043322
5.413673, 6.106674
5.374116, 6.165387
5.331941, 6.230661
5.295182, 6.287556
5.263463, 6.339406
5.228116, 6.397187
5.197188, 6.447743
5.169574, 6.492883
5.143589, 6.540735
8b246922-5616-4b23-8496-758e6e3af200
6.998551, 5.119504
7.146466, 5.116075
7.199619, 5.155936
7.235733, 5.199084
7.278089, 5.266752
7.328851, 5.338339
7.377676, 5.398871
7.403241, 5.445752
7.453336, 5.529063
7.475183, 5.571595
7.499161, 5.628617
7.525245, 5.679669
7.551194, 5.721105
7.578404, 5.756537
7.624813, 5.809985
7.670127, 5.860249
7.712143, 5.909441
7.755269, 5.959932
7.779087, 5.999338
7.813028, 6.055495
7.821835, 6.074542
7.846055, 6.107129
7.876883, 6.144999
7.913989, 6.187171
7.952966, 6.236863
7.980263, 6.280932
8.012135, 6.343754
8.046600, 6.411688
8.090666, 6.512573
8.126284, 6.588938
8.165471, 6.663145
8.197007, 6.729272
8.211804, 6.774209
8.229678, 6.826748
8748b851-9854-41e7-a5b2-789c0db049e8
7.023266, 5.308209
7.200594, 5.323151
7.239473, 5.336292
7.264744, 5.344771
7.339731, 5.357346
7.448060, 5.444773
7.487655, 5.467448
7.514795, 5.486440
7.547385, 5.511074
7.566424, 5.531092
7.605665, 5.568009
7.655176, 5.608422
7.696635, 5.640331
7.738989, 5.671040
7.784293, 5.700190
7.836203, 5.731812
7.872108, 5.755435
7.899486, 5.778823
7.931173, 5.807861
7.951459, 5.826451
7.978632, 5.859836
7.996004, 5.881176
8.020461, 5.901739
8.059192, 5.928435
8.093708, 5.954044
8.134427, 5.998923
8.166446, 6.036440
8.201532, 6.075246
8.239833, 6.113143
8.284080, 6.154820
8.321060, 6.189651
8.372663, 6.230032
8.417234, 6.266811
8.458526, 6.298943
8.494418, 6.330666
8.524552, 6.357300
8.563648, 6.392233
72b4431c-b687-426b-b8be-654603dab472
6.990798, 5.534449
6.927144, 5.518855
6.901797, 5.525315
6.869404, 5.536715
6.835218, 5.548766
6.802677, 5.554103
6.770276, 5.558721
6.737813, 5.565234
6.702531, 5.572312
6.675281, 5.580832
6.661620, 5.596304
6.622291, 5.615064
6.585062, 5.631165
6.554373, 5.639545
6.503270, 5.656602
6.447052, 5.675366
6.406893, 5.688770
6.365787, 5.704068
6.325890, 5.715723
6.282229, 5.759975
6.222651, 5.782624
6.200518, 5.788085
6.163663, 5.794092
6.133650, 5.805048
6.104232, 5.822158
6.066567, 5.847527
6.031871, 5.869091
5.991486, 5.890667
5.955376, 5.906566
5.918162, 5.919679
5.892377, 5.931939
5.852726, 5.954108
5.815772, 5.974768
5.777668, 5.999503
5.741717, 6.024623
5.697908, 6.051629
1e3eafb9-e398-404c-9ffc-8f74baa872a7
7.142178, 5.494832
7.220662, 5.486883
7.226066, 5.486338
7.266451, 5.490986
7.309721, 5.492952
7.378305, 5.487080
7.487393, 5.515950
7.520328, 5.535919
7.537936, 5.550097
7.559912, 5.571633
7.592868, 5.599740
7.625081, 5.627212
7.656681, 5.650226
7.690903, 5.675149
7.729306, 5.699415
7.760968, 5.722962
7.789727, 5.736889
7.808588, 5.749350
