main root
7.126943, 3.993295
7.182612, 4.198659
7.219924, 4.369669
7.257894, 4.542830
7.290415, 4.662822
7.322062, 4.784719
7.350379, 4.902180
7.378159, 5.017404
7.397745, 5.125727
7.417889, 5.225248
7.433930, 5.325826
7.446559, 5.418366
7.454012, 5.503653
7.460046, 5.596858
7.464503, 5.698456
7.464737, 5.800305
7.458641, 5.894158
7.451056, 5.978939
7.435098, 6.064221
7.417969, 6.155762
7.398728, 6.247149
7.379168, 6.329987
7.363943, 6.412517
7.345317, 6.480477
7.329368, 6.561322
7.309235, 6.609238
7.278118, 6.675568
7.247194, 6.748533
7.219048, 6.822613
7.191985, 6.893843
7.166657, 6.968934
7.144184, 7.044928
7.124597, 7.121716
7.112244, 7.206471
7.096194, 7.275085
7.071085, 7.354718
7.032239, 7.442753
6.998056, 7.520217
6.965764, 7.585982
6.949109, 7.660969
6.933147, 7.742105
6.926090, 7.832340
6.920283, 7.933715
6.919632, 8.017632
6.916802, 8.110986
6.917957, 8.212515
6.919017, 8.305644
6.917976, 8.399034
6.912612, 8.500738
6.909821, 8.593613
6.901019, 8.679330
6.894477, 8.763346
6.883703, 8.848284
6.875411, 8.925549
6.867280, 9.001310
6.855735, 9.049746
6cb431a7-334b-4c8c-a735-0ea5f99a84a8
7.127017, 4.249576
7.090424, 4.262610
7.058344, 4.270855
7.041245, 4.290562
837a6f95-ee25-49c9-a934-ca6d7c047d68
7.175500, 4.406900
7.134669, 4.431810
7.097065, 4.453311
