main root
6.864341, 4.161807
7.037336, 4.654866
7.068063, 4.787665
7.101790, 4.914855
7.125951, 5.038731
7.151197, 5.146059
7.176399, 5.253200
7.197457, 5.361207
7.213261, 5.453257
7.229021, 5.545050
7.246813, 5.636254
7.261071, 5.720169
7.267359, 5.806701
7.274109, 5.899587
7.276697, 5.993249
7.272653, 6.063599
7.271095, 6.142831
7.272531, 6.222065
7.276959, 6.301189
7.287527, 6.382911
7.259065, 6.425132
7.272445, 6.458394
7.261393, 6.569478
7.253447, 6.670712
7.249726, 6.772172
7.239981, 6.865718
7.233314, 6.949725
7.227392, 7.051097
7.218264, 7.136228
7.210452, 7.228817
7.203333, 7.313186
7.193387, 7.406051
7.178050, 7.490840
7.162060, 7.591114
7.140604, 7.673001
7.112808, 7.762480
7.078941, 7.850230
7.040355, 7.944332
6.997838, 8.036872
6.948903, 8.118188
6.892810, 8.203194
6.839627, 8.279970
6.792184, 8.359544
6.736543, 8.475214
6.693515, 8.602477
6.647077, 8.748727
6.607786, 8.872465
6.567431, 8.992618
6.557753, 9.168045
6.542429, 9.293323
6.529006, 9.385749
6.518949, 9.469419
6.508504, 9.538942
6.502374, 9.586108
f0250859-7359-4bd8-95c3-3b4b026d6cf4
7.141379, 5.130151
7.096292, 5.154015
7.093763, 5.160323
