main root
6.328951, 4.061488
6.359899, 4.232601
6.387216, 4.457200
6.402275, 4.641876
6.412993, 4.773322
6.419825, 4.883145
6.428240, 4.984345
6.427049, 5.070353
6.425643, 5.171948
6.421789, 5.298641
6.411874, 5.416413
6.390816, 5.499212
6.354330, 5.599731
6.343432, 5.750814
6.326314, 5.821933
6.318121, 5.868760
6.314598, 5.923644
6.309715, 5.999687
6.307315, 6.060424
6.306479, 6.134108
6.306023, 6.174322
6.314624, 6.284765
6.314399, 6.339706
6.317103, 6.410443
6.315354, 6.482272
6.316626, 6.553051
6.311902, 6.623362
6.312107, 6.687279
6.307819, 6.750534
6.303239, 6.818111
6.299479, 6.895732
6.293290, 6.980623
6.285445, 7.026484
6.282028, 7.055335
6.282224, 7.091853
6.287013, 7.147117
6.291398, 7.197727
6.293273, 7.254049
6.293700, 7.311836
6.297216, 7.382541
6.299430, 7.457226
6.299898, 7.523477
6.298868, 7.589722
6.299289, 7.658966
6.296689, 7.723724
6.281456, 7.783912
6.288405, 7.848972
6.287560, 7.929782
6.285371, 7.996000
6.281687, 8.062154
6.279331, 8.131361
6.275582, 8.197513
6.268930, 8.261977
6.265517, 8.324216
6.265097, 8.386547
6.261610, 8.459733
6.258790, 8.518931
6.254546, 8.576566
6.255103, 8.650527
6.252661, 8.723753
6.253578, 8.786074
6.255969, 8.846803
6.261741, 8.917349
6.266574, 8.976418
6.271408, 9.035483
6.276241, 9.094550
6.276984, 9.140332
6.277843, 9.193241
6.285516, 9.408267
6.283927, 9.447677
6.276478, 9.483735
6.273663, 9.512145
6.274856, 9.560805
6.278959, 9.606031
6.277333, 9.637801
6.273317, 9.686964
6.269182, 9.737597
6.265727, 9.798275
6.261877, 9.865893
6.255690, 9.921904
6.253153, 9.985765
6.247592, 10.050342
6.243870, 10.111011
6.242527, 10.181785
6.238145, 10.254917
6.233195, 10.312500
6.227394, 10.379981
6.220954, 10.437412
6.214729, 10.506381
6.209995, 10.575466
6.202583, 10.639850
6.198436, 10.702048
6.194760, 10.779681
6.192980, 10.848908
6.192698, 10.918153
6.192421, 10.985889
6.192179, 11.045156
6.193428, 11.105926
6.194819, 11.173644
6.196036, 11.232895
6.195725, 11.290679
6.198340, 11.361417
6.201153, 11.437564
6.203341, 11.496789
6.205530, 11.556013
6.207719, 11.615237
6.206805, 11.671581
6.210261, 11.735399
6.210774, 11.800210
6.215767, 11.863920
6.219449, 11.930064
6.223852, 11.982198
6.229743, 12.034183
6.237369, 12.101478
6.240017, 12.151420
6.241697, 12.183125
6.235426, 12.401864
6.231239, 12.440543
6.231086, 12.469001
6.233754, 12.513784
6.239320, 12.558301
6.244419, 12.599762
6.252864, 12.643913
6.253724, 12.680271
6.256656, 12.740988
6.254814, 12.795923
6.254345, 12.854588
6.264199, 12.932878
6.284098, 13.007068
6.319951, 13.022665
6.341268, 13.041366
6.362400, 13.057983
6.379250, 13.059476
6.402996, 13.063019
6.436142, 13.067964
6.617219, 13.090148
6.689374, 13.090705
6.725667, 13.096973
6.757616, 13.096418
6.799937, 13.095684
6.842258, 13.094951
6.884580, 13.094216
6.926901, 13.093483
6.992633, 13.090787
7.046121, 13.094586
7.111638, 13.093238
b7866466-2cb8-4412-87ce-b13b5cc1fe12
6.354862, 4.544256
6.296197, 4.563099
6.234363, 4.586306
6.046880, 4.621327
5.974634, 4.639586
5.902944, 4.654618
5.834583, 4.668948
5.744472, 4.699204
5.696438, 4.718486
5.642344, 4.749874
5.575365, 4.792199
5.512361, 4.826701
5.471029, 4.851699
5.398364, 4.903153
5.317796, 4.943467
5.253685, 4.965501
5.195455, 4.995405
5.164622, 5.017964
5.101847, 5.071309
5.043969, 5.118528
4.997475, 5.146802
4.923696, 5.189242
4.850307, 5.231457
4.784256, 5.269452
4.705720, 5.324392
4.643284, 5.368070
4.579742, 5.418001
4.519532, 5.468005
4.488203, 5.497914
7b4505e7-4469-48ac-a0d5-2313206093a1
6.345599, 4.684190
6.300327, 4.727684
6.246586, 4.745014
6.195927, 4.769915
6.167793, 4.796788
6.123455, 4.837071
6.084330, 4.861013
5.993562, 4.920832
5.942368, 4.961740
5.915197, 4.975786
5.861261, 5.007038
5.811068, 5.032661
5.758278, 5.059609
5.705488, 5.086558
5.651393, 5.117533
5.599959, 5.146983
5.550190, 5.170307
5.519046, 5.181597
5.491579, 5.197922
e5ceb01d-cf3f-4de2-833a-4d0df2212b67
6.479865, 4.521427
6.534539, 4.522973
6.603903, 4.518946
6.662364, 4.514053
6.732285, 4.524565
6.779120, 4.534632
6.838836, 4.545939
6.890502, 4.554197
6.938950, 4.563457
6.990596, 4.571804
7.039028, 4.581149
7.085076, 4.591558
7.111641, 4.596027
7.262681, 4.639893
7.301482, 4.652719
7.345931, 4.670567
7.393020, 4.684635
7.455228, 4.696972
7.511601, 4.709678
7.564737, 4.718587
7.621467, 4.729615
7.671334, 4.739310
7.727761, 4.751804
7.780933, 4.760512
7.837700, 4.771325
7.884104, 4.783211
7.945157, 4.795760
7.974490, 4.803317
09843461-2b29-4868-ac72-046adeae6d56
6.269566, 7.429500
6.286493, 7.412919
2fbb118b-f528-44ab-b65d-bd618501f56b
6.282263, 7.785276
6.252350, 7.789712
9d9f8bb6-8b88-4b62-a287-14fd7ef73f71
6.329018, 6.597648
6.359586, 6.605448
6.427064, 6.614634
6.485205, 6.618392
6.527331, 6.621115
6.567986, 6.625243
6.616887, 6.631712
6.668928, 6.637087
6.717816, 6.643641
6.778019, 6.653808
ee897aef-a17f-43e8-8010-2d443fb0e88f
6.288622, 6.091502
6.178511, 6.263411
6.142872, 6.313623
6.117670, 6.343957
6.091014, 6.380720
6.066172, 6.414981
6.041330, 6.449243
6.007207, 6.501405
5.982287, 6.550433
5.949483, 6.618122
56c740eb-83cf-4280-98be-ced32670a7b1
6.372707, 5.829543
6.465060, 5.855912
6.511178, 5.879839
6.586908, 5.916791
6.639960, 5.951908
6.703498, 5.993965
6.756977, 6.036544
6.791751, 6.064230
77a0d5d6-6567-49b1-8643-72bbaefff4ac
6.463702, 5.431345
6.513962, 5.430618
6.576089, 5.443255
6.615431, 5.451316
6.650914, 5.449420
6.691443, 5.448752
6.740760, 5.449438
6.791552, 5.450144
6.842946, 5.452355
6.880006, 5.456945
6.908176, 5.463451
6.939112, 5.470595
6.962065, 5.477432
1d10b51d-cfba-451f-82b9-495874ab380a
6.311892, 6.252986
6.264229, 6.189613
6.196188, 6.148211
6.176608, 6.134493
6.158923, 6.139643
6.137135, 6.137394
6.106940, 6.138792
6.087271, 6.133710
a419006d-c49b-491d-aba2-bf09b6a9356c
6.367365, 4.954685
6.325258, 4.974958
6.300503, 4.980645
6.244688, 5.049116
6.222666, 5.074190
6.194463, 5.101761
6.176252, 5.123748
6.149653, 5.160555
6.133871, 5.184946
