main root
6.694160, 4.188425
6.614538, 4.510796
6.610420, 4.622487
6.596273, 4.833802
6.581866, 4.993572
6.555073, 5.128592
6.524751, 5.259957
6.498659, 5.399263
6.480101, 5.540617
6.457998, 5.676993
6.437993, 5.805938
6.418343, 5.950495
6.408364, 6.023903
6.399523, 6.092323
6.408915, 6.154059
6.405119, 6.294846
6.396014, 6.354873
6.385857, 6.421842
6.419982, 6.605362
6.423252, 6.663884
6.427057, 6.736638
6e8b7807-bd34-41eb-aea0-8d3c6edfa4f6
6.726767, 4.250267
6.861189, 4.297005
6.882905, 4.312103
6.902981, 4.308446
6.973268, 4.322376
7.013752, 4.325900
7.065555, 4.328906
7.091445, 4.331908
c32e87dc-1607-4dac-b3e4-9d231ad33efc
6.638150, 4.375202
6.496612, 4.397906
6.431824, 4.408299
6.391332, 4.420858
52a426fd-6063-4c3c-8a44-2aaf508a8b2a
6.677699, 4.274767
6.590607, 4.246882
6.560591, 4.240454
6.528287, 4.225882
6.491576, 4.212566
6.436590, 4.205398
6.402331, 4.179290
6.384380, 4.184501
6.354768, 4.173170
6.334910, 4.162366
6.314290, 4.149727
