main root
7.204095, 4.648891
7.112105, 4.745376
7.026877, 4.826121
6.922684, 4.935436
6.828870, 5.054813
6.799081, 5.250030
6.821833, 5.416926
6.847199, 5.524683
6.878605, 5.630388
6.923491, 5.759484
6.972868, 5.912923
6.999989, 6.031577
7.029136, 6.149597
7.070059, 6.280491
7.115724, 6.429852
7.172391, 6.572793
7.191903, 6.655864
7.195610, 6.752040
7.198976, 6.931307
7.210596, 7.092046
7.227656, 7.209725
7.266839, 7.304980
7.292955, 7.408372
7.319746, 7.548287
7.326086, 7.687657
7.322917, 7.843256
7.311918, 8.002211
7.302648, 8.168217
7.282221, 8.311565
7.280887, 8.441773
7.275761, 8.612904
7.257102, 8.749746
7.240815, 8.883315
7.248536, 8.986477
7.257756, 9.136191
7.249200, 9.295526
7.247798, 9.428349
7.247041, 9.553349
7.246258, 9.682442
7.238020, 9.836069
7.233573, 9.958301
7.233469, 10.077241
7.235488, 10.187362
7.233436, 10.305612
7.223068, 10.415291
7.200790, 10.539398
7.177802, 10.655529
7.160893, 10.773539
7.150276, 10.892276
7.143890, 11.011060
7.141004, 11.103933
7.138374, 11.188558
7.130405, 11.252202
7.132956, 11.292062
4105dd4f-108f-4c67-b17a-293c7d7eee95
7.090498, 4.673614
7.042178, 4.670495
7.002885, 4.669654
6.968439, 4.667419
6.893046, 4.651050
6.858510, 4.635893
6.803831, 4.620067
6.748040, 4.596129
6.699329, 4.581742
6.648747, 4.568364
6.575946, 4.555302
6.525600, 4.544748
6.498069, 4.535918
6.469452, 4.522025
6.396405, 4.494370
6.357064, 4.487476
6.304236, 4.475182
6.262740, 4.463987
6.196532, 4.431620
6.148890, 4.409995
6.094977, 4.383880
6.049255, 4.361733
6.011158, 4.343279
5.973061, 4.324826
5.931247, 4.302908
5.888157, 4.268391
5.858980, 4.255449
5.841726, 4.242851
5.826194, 4.254061
bda1a004-6851-4f9b-ab97-f9f9a9be9d53
6.762557, 5.109412
6.729589, 5.132211
6.693645, 5.154490
6.643302, 5.186803
6.591419, 5.226728
6.545602, 5.254431
6.491907, 5.297406
6.446158, 5.330204
6.400122, 5.352142
6.351437, 5.381929
6.326978, 5.400388
6.315073, 5.428896
6.277201, 5.459066
6.241852, 5.484448
6.193968, 5.519721
6.127564, 5.571209
6.054229, 5.617575
5.988427, 5.664491
5.943293, 5.689319
5.858033, 5.729018
5.796630, 5.757609
5.733778, 5.790176
5.653446, 5.836539
5.586905, 5.876671
5.522676, 5.911912
5.436149, 5.949792
5.366351, 5.980349
5.296553, 6.010905
5.197329, 6.058963
5.129441, 6.090181
5.063146, 6.114078
4.975528, 6.145659
4.903840, 6.171500
4.828550, 6.205003
4.739908, 6.239815
4.687270, 6.266919
76051513-3362-4fec-87d9-e5d9f0c96cac
7.014933, 4.919144
7.075774, 4.932031
7.226424, 4.975406
7.332049, 5.001279
7.479190, 5.058166
7.669980, 5.085351
7.799772, 5.100395
7.881449, 5.127511
8.006489, 5.165423
8.134273, 5.196217
8.262055, 5.223495
8.385649, 5.260588
8.521028, 5.299540
8.678039, 5.336156
8.834901, 5.381155
8.989923, 5.410706
9.072091, 5.438487
9.187390, 5.484985
9.306301, 5.527153
fccba5a2-92c8-42bf-b102-7d166095a1a2
6.972810, 5.020764
7.025998, 5.029379
7.104258, 5.007155
7.181293, 4.998504
7.278914, 5.003540
7.403282, 5.012734
7.532198, 5.061700
7.600500, 5.076354
7.701672, 5.087244
7.812816, 5.101331
7.887473, 5.125680
8.000980, 5.160480
8.116651, 5.189322
8.232339, 5.215992
8.344644, 5.252710
8.458943, 5.285640
8.613870, 5.317480
8.778151, 5.368013
8.927935, 5.397076
9.058115, 5.432815
9.178773, 5.483079
9.299184, 5.526417
9.386888, 5.571649
590b9836-bae5-46bb-9b10-2c225ceb6fe4
6.886672, 5.105511
6.955660, 5.107905
7.016393, 5.110692
7.088526, 5.109540
7.157505, 5.106974
7.226414, 5.102945
7.292407, 5.100620
7.361386, 5.096659
7.436820, 5.107413
7.489160, 5.122402
7.552286, 5.142001
7.618710, 5.161024
7.689241, 5.176516
7.742696, 5.199018
7.786223, 5.188302
7.866434, 5.195508
7.929726, 5.216257
8.008426, 5.236157
8.088161, 5.259041
8.184487, 5.279398
8.265233, 5.306995
8.345349, 5.334376
8.415551, 5.359951
8.509718, 5.398758
8.572354, 5.431048
8.636054, 5.467253
8.706386, 5.503784
8.782083, 5.536354
8.844216, 5.569606
8.911405, 5.605560
8.965846, 5.631298
9.042711, 5.661012
9.109915, 5.690201
9.179811, 5.720558
9.249707, 5.750914
9.321571, 5.780492
9.384223, 5.812753
9.447076, 5.842752
9.489355, 5.857957
c95d15b9-03a9-4362-aac8-c6760af38308
6.865734, 5.452042
6.960464, 5.462008
7.011284, 5.458591
7.083935, 5.457612
7.154105, 5.462944
7.247270, 5.478462
7.287672, 5.488226
7.318074, 5.470958
7.410881, 5.473475
7.477369, 5.485799
7.577581, 5.502224
7.661056, 5.513804
7.744383, 5.516990
7.817416, 5.522778
7.893372, 5.528799
7.974160, 5.530697
8.059524, 5.523720
8.109525, 5.522636
8.168664, 5.549330
8.210799, 5.539658
8.281990, 5.540379
b18e27cb-e8c0-4bca-9d4e-cf1f14dc1142
6.962953, 5.725776
7.022188, 5.717804
7.076288, 5.718198
7.142145, 5.731508
7.225142, 5.748227
7.296318, 5.765617
7.347228, 5.774974
7.386104, 5.779076
7.448601, 5.776639
7.526181, 5.772116
7.663445, 5.798079
7.746570, 5.809581
7.815297, 5.825135
7.899806, 5.827688
7.988299, 5.818382
8.099228, 5.835324
8.168807, 5.856440
8.249631, 5.883136
8.330280, 5.907591
8.412084, 5.923727
8.493877, 5.933760
8.534660, 5.941778
8.622064, 5.997329
8.667283, 6.022521
8.714257, 6.041839
8.788644, 6.069190
8.860166, 6.095489
8.937452, 6.119122
8.986806, 6.142040
9.076507, 6.190690
9.150930, 6.231056
9.209791, 6.269791
9.279660, 6.310395
9.326406, 6.335115
8bd25805-edc4-41bf-935d-abb909d712aa
7.094334, 6.197108
7.155246, 6.224293
7.215733, 6.248304
7.282459, 6.274345
7.323907, 6.289482
7.351478, 6.297686
7.445257, 6.333701
7.482884, 6.351358
7.647347, 6.372910
7.719483, 6.390899
7.809569, 6.415533
7.873064, 6.434446
7.925306, 6.445323
ea1a6238-fb02-467c-a7b3-71e4898d2da8
7.160134, 6.383566
7.205887, 6.371292
7.246682, 6.356460
7.285009, 6.344536
7.325045, 6.310549
7.384136, 6.274521
7.415712, 6.255037
7.451250, 6.234867
7.488066, 6.213971
7.523756, 6.197156
7.550080, 6.181446
7.574999, 6.156115
7.604721, 6.130170
7.624431, 6.105020
7.650033, 6.067497
7.685357, 6.038021
7.758873, 5.994245
7.801223, 5.967285
7.832954, 5.941762
7.872768, 5.907818
7.922895, 5.876083
853e0e43-cbae-42cd-bc98-48a66ab2a138
7.260167, 6.921500
7.333246, 6.930356
7.409595, 6.944677
7.462163, 6.961965
7.530568, 6.987940
7.626783, 7.015423
7.717041, 7.036829
7.806897, 7.064625
7.887989, 7.087539
7.969619, 7.108449
8.051848, 7.125232
8.167999, 7.145917
3d294803-ecc8-4c17-b7f8-2b1d3bbcfb1a
7.189211, 7.279224
7.140249, 7.334020
7.114772, 7.362931
7.076907, 7.394735
7.033109, 7.432568
6.988866, 7.474464
6.946864, 7.508054
6.900533, 7.553040
6.858857, 7.593799
6.817424, 7.625944
6.781775, 7.657392
