main root
6.742384, 4.233528
6.728453, 4.486854
6.757237, 4.855845
6.782433, 5.167491
6.790607, 5.595545
6.799585, 5.799307
6.813022, 5.963533
6.816461, 6.132186
6.834922, 6.360153
6.844354, 6.527870
6.847804, 6.705241
6.857175, 6.855548
6.864430, 7.061749
6.864226, 7.227506
6.825174, 7.397258
6.793254, 7.489788
6.732744, 7.614723
6.670002, 7.744265
6.635877, 7.846345
6.600743, 7.965820
6.570051, 8.092484
6.545107, 8.235806
6.531762, 8.368600
6.516175, 8.502826
6.506552, 8.635315
6.504240, 8.754505
6.508259, 8.873643
6.505913, 8.991809
6.506012, 9.093348
6.510342, 9.194792
6.516404, 9.287514
6.530488, 9.373246
6.551698, 9.463425
6.581082, 9.560646
6.609302, 9.639677
6.640618, 9.727384
6.677638, 9.812295
6.709745, 9.891126
6.736396, 9.973055
6.764426, 10.052516
6.788964, 10.134546
6.810803, 10.207552
6.836367, 10.282567
6.867832, 10.388017
6.884080, 10.452938
6.897133, 10.516974
58f394d7-c06b-4d22-aca8-c392d385ed22
6.725340, 4.578578
6.847367, 4.614953
6.922063, 4.658740
6.990293, 4.669446
7.017477, 4.673712
7.049413, 4.672666
7.120766, 4.666474
7.200993, 4.681461
7.237034, 4.691239
7.285051, 4.712020
7.339519, 4.730701
7.397180, 4.744146
7.473190, 4.760335
7.526430, 4.768614
7.584993, 4.777720
7.643557, 4.786827
7.690132, 4.788011
7.746313, 4.792432
7.805399, 4.797083
7.840663, 4.804363
7.908762, 4.816893
7.956981, 4.827286
7.982102, 4.834231
8.026270, 4.853039
9404f413-c32b-472b-a828-cdc7fc0f452a
6.792235, 5.374191
6.926879, 5.388627
7.077757, 5.434345
7.163564, 5.450358
7.233170, 5.468082
7.332077, 5.491085
7.392394, 5.508186
7.449277, 5.527016
cd3bc35f-ec56-4d70-ae4a-c0b2edd66416
6.781817, 5.464846
6.702992, 5.500987
6.639060, 5.531582
6.568892, 5.572987
6.527629, 5.583807
6.470358, 5.601707
6.397931, 5.633537
6.330876, 5.659511
6.276483, 5.689492
6.213134, 5.741499
6.169585, 5.771442
6.126000, 5.798232
f19330d7-b0a3-483f-803f-ba03bc284699
6.754689, 5.178826
6.617704, 5.184238
6.572199, 5.193849
6.490123, 5.209631
6.362437, 5.246636
6.282126, 5.276077
6.208891, 5.306112
6.139296, 5.333037
6.058358, 5.364349
6.018614, 5.376516
2ba0018d-b9b8-4d13-bddc-c318f55f724c
6.650056, 4.521169
6.521798, 4.580710
6.413292, 4.638636
6.359343, 4.666574
6.309796, 4.687066
6.270751, 4.705687
6.217547, 4.731001
6.161488, 4.764246
6.110784, 4.794256
6.061105, 4.820120
6.010094, 4.843245
5.965780, 4.863276
5.934512, 4.874068
5.920232, 4.910880
5.854374, 4.958130
5.776257, 4.998862
5.708689, 5.034093
5.639850, 5.073363
5.570310, 5.123373
5.508784, 5.165774
5.430664, 5.227320
5.382197, 5.267409
