main root
6.544348, 5.358625
6.445389, 5.607420
6.452894, 5.723639
6.447669, 5.896200
6.436187, 6.076721
6.416254, 6.231409
6.400945, 6.398886
6.401531, 6.547421
6.399640, 6.694266
6.409686, 6.809733
6.429152, 6.936605
6.452644, 7.062025
6.484477, 7.186361
6.521454, 7.335614
6.546357, 7.462268
6.578649, 7.582170
6.606079, 7.708191
6.630661, 7.840748
6.655928, 7.965494
6.677357, 8.081915
6.692498, 8.199140
6.716140, 8.316295
6.742083, 8.423464
6.765985, 8.513260
6.793448, 8.592245
6.793489, 8.642880
6.801840, 8.711029
6.819344, 8.801999
6.831429, 8.886757
6.834332, 8.981619
6.831104, 9.083596
6.823656, 9.185165
6.811395, 9.294518
6.784453, 9.401867
6.765627, 9.520226
6.749665, 9.620568
6.721971, 9.727326
6.696458, 9.825672
6.664752, 9.931039
6.624996, 10.033788
6.544809, 10.187637
6.531408, 10.301357
6.532691, 10.362365
6.542463, 10.426845
6.563785, 10.497347
6.601205, 10.591850
6.639737, 10.694913
6.656383, 10.763597
6.668863, 10.841885
6.673266, 10.922205
6.667347, 11.006385
6.653875, 11.107529
6.638355, 11.208031
6.629156, 11.309180
6.627798, 11.392801
6.624343, 11.477851
6.628685, 11.579404
6.620116, 11.674409
6.620404, 11.764872
6.624906, 11.857518
6.635694, 11.949529
6.643543, 12.034285
6.653379, 12.117984
6.665269, 12.201408
6.679210, 12.284518
6.687293, 12.370306
6.697258, 12.453976
6.713584, 12.527779
6.709865, 12.573339
6.701451, 12.621242
6.717479, 12.653255
6.683428, 12.938145
6.681745, 12.992355
6.672968, 13.033884
6.659106, 13.076440
6.653943, 13.105909
6.646438, 13.155853
6.639116, 13.204571
6.630883, 13.398994
6.509228, 13.600674
6.407193, 13.627983
6.323432, 13.615354
6.270241, 13.611823
6.198219, 13.611490
6.137113, 13.606720
6.104958, 13.602708
6.071351, 13.598515
6.029349, 13.593273
5.985677, 13.589331
5.945147, 13.584170
5.906104, 13.582215
5.868596, 13.581836
5.843198, 13.581579
57926a75-38de-4e99-86cc-25246fd43ce2
6.499371, 5.683337
6.589275, 5.695267
6.629052, 5.706584
6.677866, 5.717361
6.719487, 5.728082
6.748865, 5.740287
6.795777, 5.759776
6.854424, 5.780898
6.908270, 5.801883
6.957543, 5.819479
6.993666, 5.837146
7.039297, 5.859464
7.090539, 5.886193
7.129665, 5.909977
7.164031, 5.930868
7.243698, 5.985689
7.278559, 6.009678
7.313420, 6.033667
7.358082, 6.068034
7.400856, 6.104724
7.445838, 6.143309
7.492932, 6.181733
7.546811, 6.219898
7.599705, 6.251864
7.663838, 6.285376
7.727913, 6.315480
7.762172, 6.336536
7.830935, 6.379590
7.872913, 6.409360
7.991741, 6.476980
8.024454, 6.499040
8.069434, 6.532982
8.116739, 6.568680
8.161951, 6.604672
8.197488, 6.636788
8.237232, 6.676742
8.280901, 6.714275
8.330575, 6.751048
8.386190, 6.786635
8.445309, 6.822685
8.507249, 6.856950
8.563174, 6.884467
8.612349, 6.911998
8.664063, 6.940951
8.715778, 6.969904
8.758257, 6.993686
8.785961, 7.009196
89a52271-29a9-4ef4-b874-060d67560037
6.661828, 8.620415
6.607722, 8.660624
6.554283, 8.694745
6.478729, 8.737967
6.437584, 8.758057
6.288382, 8.826251
6.219077, 8.857929
6.165620, 8.885657
6.104816, 8.923940
6.039392, 8.968668
5.975706, 9.015835
5.920509, 9.051127
5.866591, 9.080273
5154a0a3-3841-480a-92b3-082b090c68fa
6.736139, 8.584939
6.805119, 8.584475
6.955518, 8.635806
6.973181, 8.640087
7.010707, 8.652263
7.052857, 8.664364
7.085591, 8.675321
7.231781, 8.704012
7.260063, 8.715663
7.303060, 8.730139
7.355436, 8.750932
7.410523, 8.772799
7.465603, 8.794666
7.520683, 8.816532
7.573821, 8.839237
7.640031, 8.864272
7.691608, 8.886974
7.743883, 8.911619
7.789829, 8.933280
7.839457, 8.959987
7.887597, 8.989291
7.942335, 9.019108
7.983978, 9.046762
fb5f891a-4b9a-4b00-815f-5f9880a1e60e
6.438671, 6.823113
6.370835, 6.868620
6.319646, 6.890521
6.288138, 6.900744
6.258900, 6.908658
6.187520, 6.919313
6.148407, 6.922089
6.120331, 6.927045
6.090836, 6.935255
6.046119, 6.953878
6.006426, 6.972031
5.979768, 6.979284
5.932853, 6.988948
5.874808, 7.000905
5.815597, 7.014630
5.749612, 7.029924
5.693938, 7.042829
5.664129, 7.048202
676d0629-9cc7-47c3-a5db-a5137a27dabe
6.474425, 6.406896
6.510635, 6.433696
6.617739, 6.521344
6.635991, 6.542082
6.671663, 6.580348
6.704186, 6.617429
6.741907, 6.655898
6.778108, 6.690680
6.800067, 6.709701
6.898060, 6.775337
6.952403, 6.837578
6.993494, 6.882367
7.029950, 6.919888
7.063232, 6.956291
7.086140, 6.985783
7.101721, 7.005843
002e292f-b270-4b7f-a0cc-2c480495524e
6.505886, 5.922143
6.527430, 5.945604
6.544107, 5.973985
6.583034, 6.050296
6.626936, 6.111137
6.654571, 6.151993
6.673239, 6.187608
6.703839, 6.380721
2c2d2c5b-2c01-4b8a-a202-ee0b47c8ea46
6.451594, 5.849523
6.378928, 5.890281
6.521108, 5.879353
6.550505, 5.876006
6.593099, 5.868144
6.634730, 5.860460
6.681405, 5.853366
6.718655, 5.850733
6.774482, 5.851087
6.881045, 5.839128
7.003760, 5.869438
7.303358, 6.031173
7.443628, 6.142124
4fe57590-a7c5-41cf-beee-04d2656d20f4
6.364752, 5.894576
6.255878, 5.923504
6.165865, 5.932359
6.134881, 5.933690
6.104794, 5.933274
6.078093, 5.934191
6.065781, 5.947025
725c677c-af1a-45c9-b25f-87ef7c3fdffa
6.530642, 5.869363
6.586734, 5.925331
6.623164, 5.968620
6.650423, 6.001010
6.669374, 6.028178
6.692242, 6.050496
01dd8d25-3699-4488-8790-05cdd8e1e17b
6.388268, 6.576477
6.342472, 6.589444
6.286226, 6.588102
6.257808, 6.590381
6.241158, 6.603608
6.177821, 6.631632
6.125146, 6.651665
6.071487, 6.668870
6.015055, 6.686965
5.959586, 6.703178
5.902698, 6.722926
5.872703, 6.733337
87fe67e0-8011-445f-ae77-b0f7f600470b
6.734970, 9.448797
6.682440, 9.461175
6.605022, 9.484031
6.532030, 9.505580
6.484517, 9.517414
6.440649, 9.515851
86164ab9-5cee-419b-8a89-07184acdc07d
6.659033, 10.147300
6.693513, 10.169548
6.732900, 10.203867
6.767519, 10.241994
6.793032, 10.261205
6.825879, 10.274719
6.923865, 10.310526
7.004561, 10.354324
233246a9-f65a-43d5-8368-181f412dbb14
6.573235, 10.471252
6.535046, 10.485181
6.446608, 10.515199
6.367513, 10.544237
6.312749, 10.562133
6.268412, 10.600027
e3c7f277-4f0a-4eae-a969-8fbe63d1486e
6.542763, 10.379929
6.493817, 10.403435
6.451344, 10.420492
6.399932, 10.457819
6.345511, 10.504712
6.299638, 10.536312
8a88a5d2-053e-47aa-8184-dae8ee475175
6.557214, 10.267948
6.491168, 10.300568
6.454679, 10.315252
6.418007, 10.325171
6.368972, 10.338431
6.325139, 10.345634
6.275010, 10.353871
6.239503, 10.359706
23dba373-5749-4500-866d-ff601e062afa
6.735952, 11.006728
6.782631, 11.019853
6.855980, 11.040475
6.929456, 11.045588
6.978949, 11.064054
290615f0-1cec-43f2-92ee-e321a31dcfbc
6.674719, 10.748149
6.721932, 10.738820
6.745902, 10.735310
6.770017, 10.732994
6.794218, 10.731880
6.815591, 10.735098
6.837303, 10.741393
21a80cd8-103a-4b9b-a65a-cb30d65056e1
6.613484, 11.317077
6.569901, 11.330808
6.463481, 11.353168
cba1a08d-bcd0-4ff1-9a1b-d8ce4b3bb87b
6.617537, 11.749583
6.573861, 11.762396
6.529267, 11.779762
6.484165, 11.788112
