main root
7.081224, 4.154831
7.131652, 4.416809
7.149829, 4.707442
7.142569, 4.900290
7.137904, 5.105024
7.138531, 5.253143
7.124871, 5.424845
7.097193, 5.590926
7.060313, 5.737907
6.992393, 5.855324
6.948011, 5.970053
6.902059, 6.139697
6.874494, 6.247294
6.856725, 6.352411
6.851695, 6.422415
6.847036, 6.487244
6.844347, 6.566453
6.841760, 6.642614
6.842064, 6.721867
6.840854, 6.796579
6.841229, 6.865825
6.839617, 6.950928
6.840122, 7.003241
6.845147, 7.058482
6.841426, 7.100190
6.835554, 7.149162
6.833586, 7.178147
6.834320, 7.233611
6.839542, 7.288834
6.838435, 7.324823
6.833973, 7.372516
6.829804, 7.433156
6.827938, 7.503923
6.826376, 7.563169
6.821949, 7.646242
afa6f967-5083-40bc-9275-2e639b7bf530
7.080388, 4.501805
6.930133, 4.545990
6.836498, 4.570725
6.785627, 4.585029
6.747176, 4.592691
6.717592, 4.604652
6.678563, 4.620391
6.639519, 4.636094
6.611744, 4.643998
6.583194, 4.658346
a8fc4c56-334d-438f-88a5-56047b158b41
7.070018, 4.481333
7.004414, 4.508081
6.962062, 4.532076
6.910218, 4.567769
6.890064, 4.578013
6.859297, 4.590296
6.820830, 4.604043
6.782792, 4.614454
6.756198, 4.624834
6.729986, 4.639884
6.708511, 4.650489
5a454f84-ab17-4735-b1fd-4f93d43e7326
7.137291, 4.618555
7.005567, 4.698881
6.973391, 4.715045
6.935613, 4.734023
6.883321, 4.758616
6.839506, 4.774261
6.803806, 4.790187
