main root
6.733782, 3.951304
6.740497, 4.080360
6.731375, 4.349978
6.719026, 4.541475
6.707939, 4.694837
6.684099, 4.821179
6.671540, 4.921966
6.658976, 5.022793
6.653737, 5.133278
6.648523, 5.243225
6.654674, 5.335570
6.660301, 5.420051
6.674822, 5.511472
6.685350, 5.604572
6.697879, 5.696651
6.711577, 5.797318
6.722082, 5.890115
6.733619, 5.973596
6.749612, 6.073873
6.757309, 6.175855
6.764319, 6.268729
6.769249, 6.361994
6.778829, 6.463075
6.789213, 6.572650
6.802144, 6.664496
6.819227, 6.755664
6.830306, 6.849060
6.844368, 6.949631
6.850215, 7.067635
6.856082, 7.186025
6.859412, 7.296000
6.866712, 7.397269
6.866099, 7.476544
6.864090, 7.542765
6.866388, 7.615088
6.862900, 7.701184
6.856538, 7.747272
6.854343, 7.774120
6.855864, 7.810605
6.862654, 7.865658
6.835277, 7.922474
6.824950, 7.947355
6.834681, 7.970994
6.824796, 8.046853
6.821208, 8.120732
6.813244, 8.192141
6.810257, 8.245935
6.808853, 8.298233
6.805578, 8.364405
6.801646, 8.413577
6.796224, 8.462609
6.795932, 8.519713
6.791077, 8.591396
6.789036, 8.643672
6.788492, 8.695990
6.787962, 8.746788
6.790308, 8.809074
6.790747, 8.860516
6.792474, 8.887398
6.788020, 9.096625
6.784188, 9.135881
6.782764, 9.181271
6.784335, 9.226660
6.781156, 9.264626
6.776918, 9.315241
6.770607, 9.372685
6.767182, 9.444965
6.759704, 9.507917
6.755021, 9.560025
6.750475, 9.610620
6.743813, 9.668027
6.740586, 9.721808
6.736022, 9.797874
6.732471, 9.857038
6.728921, 9.916203
6.726776, 9.976952
6.727869, 10.030821
6.730598, 10.091549
6.736764, 10.162073
6.743547, 10.222472
6.749216, 10.272952
6.750867, 10.327890
6.757017, 10.383023
6.762649, 10.433513
6.772524, 10.495051
6.779445, 10.554570
d1a159aa-a1ee-4c18-b528-46ed7379dfd1
6.724549, 4.151905
6.580392, 3.971893
6.545104, 3.921276
6.534291, 3.917769
6.521223, 3.906750
6.497479, 3.884765
6.480967, 3.867426
6.465878, 3.865841
6.455250, 3.859296
6.433622, 3.845977
6.354873, 3.820495
6.316480, 3.806498
6.270668, 3.788204
6.225438, 3.768530
6.188502, 3.755729
6.148790, 3.746717
6.080947, 3.732856
6.014893, 3.720888
5.985391, 3.714022
5.958855, 3.709382
c7f29746-8324-49d3-b377-ee62e159e496
6.808423, 4.122111
6.878251, 4.080113
6.927441, 4.055768
6.976419, 4.041562
7.025207, 4.024308
7.064955, 4.007062
7.116424, 3.992164
7.172342, 3.974420
7.231395, 3.967618
7.300968, 3.963125
7.377626, 3.960530
7.412255, 3.957720
7.443972, 3.956506
7.475712, 3.956647
7.510424, 3.955163
7.542164, 3.955162
7.573874, 3.956517
7.611737, 3.953499
7.635813, 3.952939
7.656960, 3.956797
7.687913, 3.963822
7.722119, 3.969906
7.749026, 3.973028
8437814c-eccc-4201-9b06-aafa52f82553
6.804078, 3.927518
6.865097, 3.957952
6.896195, 3.960958
6.950870, 3.961558
6.991269, 4.003701
7.092558, 4.051311
dd967d57-a1ac-42b3-bee7-78c1ab23f16d
6.793892, 4.285120
6.839516, 4.324376
6.871395, 4.351852
6.907523, 4.379040
6.932082, 4.401269
6.980411, 4.466319
7.024135, 4.515130
7.085645, 4.613046
7.111052, 4.623083
7.126907, 4.635784
7.151064, 4.657089
7.176947, 4.677960
7.198783, 4.693683
7.232357, 4.712361
7.252519, 4.725289
fdc6eaeb-427d-459b-9fed-a939d9114870
6.780956, 4.408458
6.837340, 4.433245
6.853032, 4.441049
6.887714, 4.449931
6.915027, 4.461553
6.944178, 4.475592
6.980637, 4.488175
7.016173, 4.492516
7.084631, 4.520743
7.153170, 4.533166
7.183583, 4.540377
7.217170, 4.546981
7.256463, 4.548606
7.286810, 4.551186
7.318144, 4.555177
7.349283, 4.560477
7.380174, 4.567076
7.414313, 4.572661
7.430384, 4.579846
7.442211, 4.584466
c37c8c2b-6e49-4928-a812-cb2a27afefc8
6.668494, 4.324021
6.619213, 4.388397
6.537170, 4.474102
6.484399, 4.524900
6.441805, 4.568821
6.416722, 4.592536
6.339470, 4.678155
6.312312, 4.703787
6.281404, 4.737075
6.256528, 4.752869
6.229724, 4.769887
6.207358, 4.787632
6.173714, 4.818149
6.144337, 4.836711
6.108551, 4.859324
6.057985, 4.893048
6.009609, 4.928908
5.960608, 4.963369
a07bc134-793f-45e2-a140-893f541c335e
6.678723, 4.391467
6.635796, 4.420576
6.606393, 4.440514
6.357976, 4.590972
6.325176, 4.608689
6.288536, 4.626780
6.251257, 4.643518
6.207597, 4.661480
6.183292, 4.673097
