main root
7.097513, 4.790519
7.050819, 5.070124
6.994098, 5.244771
6.985656, 5.355392
6.959080, 5.538152
6.946920, 5.665531
6.941993, 5.797449
6.937252, 5.924358
6.897011, 6.036301
6.920137, 6.151971
6.903692, 6.260814
6.890616, 6.361517
6.881749, 6.462663
6.865151, 6.555642
6.853008, 6.647605
6.842933, 6.739982
6.831917, 6.840978
6.834665, 6.952385
6.826609, 7.054610
6.824970, 7.156154
6.829680, 7.257611
6.835658, 7.341664
6.841664, 7.426115
6.850354, 7.518637
6.854221, 7.604169
6.849587, 7.687959
6.835991, 7.781426
6.826406, 7.891428
6.816953, 7.976018
6.809659, 8.059967
6.800226, 8.144564
6.785449, 8.277092
6.744611, 8.527848
6.733158, 8.637670
6.709612, 8.741777
6.679214, 8.828783
6.556838, 9.005362
6.518477, 9.099784
6.479055, 9.279369
6.459544, 9.339232
6.422787, 9.418536
6.393361, 9.496820
6.382381, 9.579079
6.336013, 9.684281
6.295658, 9.760415
6.266756, 9.823974
6.236433, 9.863886
6.186443, 10.022765
6.148104, 10.109574
6.106440, 10.193502
6.092751, 10.240004
6.078958, 10.331551
6.037959, 10.427670
6.019812, 10.458772
6.010781, 10.495039
ac4ff1e4-df7a-4265-901f-59e34fc8350e
7.126504, 4.973060
7.257285, 5.017197
7.335135, 5.032304
7.418235, 5.046317
7.482793, 5.052997
7.532402, 5.066466
7.628274, 5.058319
7.685217, 5.053481
7.738380, 5.086710
7.773838, 5.074994
7.818383, 5.073369
7.902164, 5.068239
8.006948, 5.066421
eecf01b3-fb3e-4f15-8cb5-5d080ff9728a
6.995382, 4.916760
6.924227, 4.875591
6.852265, 4.848000
6.776868, 4.836371
6.729692, 4.824553
6.667620, 4.805916
6.610855, 4.788873
6.550754, 4.765544
6.482924, 4.719431
6.460907, 4.700772
6.441688, 4.698839
6.376749, 4.674765
6.330980, 4.654605
6.290445, 4.630209
6.235558, 4.600669
6.189453, 4.570756
6.146542, 4.544699
6.091003, 4.517716
61b66144-7196-4764-b2db-249f7b1bc016
6.774287, 8.789507
6.817776, 8.831289
6.863220, 8.870799
6.894708, 8.906108
ae1fa7cd-4bea-4b5b-ae77-f7bdd3c21c38
6.828815, 8.439166
6.876386, 8.470702
6.909498, 8.505223
6.956708, 8.543633
7.000353, 8.578418
24311b5d-6cfc-424f-8281-c5d07b8852c9
6.877616, 8.108312
6.908289, 8.120429
6.974542, 8.155691
7.039782, 8.192110
7.101525, 8.219721
7.164201, 8.244057
83bf9cb7-873b-4332-90be-c1d5333dc059
6.772623, 8.080666
6.729862, 8.097806
6.683561, 8.107015
6.609305, 8.107294
6.545566, 8.112023
6.478748, 8.118484
6.440240, 8.125213
ebba9e0f-6027-4767-9c2e-58063e8ae740
6.846019, 8.204262
6.872687, 8.248197
6.898656, 8.285211
6.917584, 8.317401
6.942357, 8.362485
6.961736, 8.403970
6.976466, 8.428428
5641a01e-7625-4f07-a231-2cd0997c6b3e
6.841462, 7.864442
6.875990, 7.880588
6.903008, 7.889892
40df12fa-9dba-41b8-a9af-754e31ab742d
6.913870, 6.483316
6.947145, 6.494581
6.983431, 6.510028
7.010726, 6.518397
7.042486, 6.521875
7.087856, 6.523833
7.130136, 6.525657
7.169865, 6.531866
7.256797, 6.546485
75443ea8-1b85-4e24-a119-cfac406c6bdc
6.936116, 6.051292
6.977258, 6.050580
7.039036, 6.055856
7.137751, 6.072777
7.235548, 6.095545
1016a93b-7e4d-40c2-bed9-917a50f6d654
6.945107, 6.063213
6.972600, 6.125527
6.978383, 6.161481
7.011350, 6.176766
7.064580, 6.218547
16014663-fb11-48ec-8009-e11060590b67
6.974481, 5.736026
7.023958, 5.720564
7.126969, 5.711332
7.183087, 5.725625
