main root
6.822285, 4.946941
6.779238, 5.145087
6.762064, 5.347448
6.765470, 5.498339
6.770044, 5.653416
6.761995, 5.758476
6.750685, 5.867924
6.755664, 5.943251
6.759725, 6.036559
6.766254, 6.137895
6.772786, 6.239288
6.778311, 6.319708
6.780531, 6.413382
6.787370, 6.523428
6.798429, 6.633131
6.807770, 6.725799
6.812973, 6.819353
6.820232, 6.911989
6.828167, 7.013272
6.833365, 7.106525
6.840123, 7.190527
6.848271, 7.291808
6.859896, 7.383837
6.873624, 7.475733
6.886133, 7.559471
6.901939, 7.651041
6.920282, 7.732929
6.940515, 7.809553
6.964495, 7.916946
6.963232, 7.979974
7.015962, 8.053889
7.075415, 8.215624
7.148930, 8.418279
7.203303, 8.524846
7.239470, 8.705919
7.257711, 8.797245
7.269281, 8.887579
7.270877, 8.966646
7.266463, 9.060600
7.260397, 9.145503
7.250167, 9.230502
7.245355, 9.340397
7.243392, 9.433303
7.245612, 9.528464
7.258121, 9.611023
7.270805, 9.694735
7.284758, 9.786819
7.298710, 9.878902
7.312663, 9.970987
7.328660, 10.062523
7.350291, 10.161725
7.362114, 10.255437
7.375828, 10.347340
7.390823, 10.447823
7.414136, 10.532368
7.443162, 10.629670
7.478219, 10.724995
7.511329, 10.821150
7.548352, 10.915681
7.580441, 11.003380
7.609532, 11.082884
7.647213, 11.167502
7.690444, 11.259385
7.731821, 11.352293
7.767452, 11.447901
7.797022, 11.527241
7.823881, 11.617378
7.849926, 11.697523
7.866182, 11.774919
7.875349, 11.870039
7.878803, 11.972011
7.873796, 12.074145
7.865011, 12.167428
7.864744, 12.260003
7.856059, 12.354060
7.849613, 12.446751
7.838333, 12.547964
7.825901, 12.640529
7.823923, 12.717572
7.816135, 12.787606
7.819792, 12.881500
7.828232, 12.944355
7.840894, 13.016152
7.864955, 13.075020
dcb82c1e-8010-4ac6-afcc-0f9a4bbf3531
6.943325, 8.000817
6.884565, 8.043792
6.852220, 8.065218
6.812347, 8.088560
6.789866, 8.127965
6.755117, 8.176791
6.713364, 8.227715
6.680499, 8.274470
6.657373, 8.307372
6.634629, 8.366733
6.623689, 8.412019
6.618658, 8.458336
10cb6fa8-326f-4604-b286-314a7c00d570
6.959829, 8.060551
6.906916, 8.117117
6.883836, 8.143441
6.844355, 8.193850
6.788174, 8.215465
6.759341, 8.236123
6.709348, 8.282927
6.701689, 8.313156
5ce17283-85fb-4fc8-a902-c5a87b91675b
6.796135, 6.146695
6.854791, 6.161733
6.929273, 6.195475
c5cebf16-107d-4a90-914e-09acca14c693
6.802967, 5.880100
6.869880, 5.896527
6.918976, 5.916103
6.962272, 5.943048
6.992064, 5.954555
7.058872, 5.970746
7.109169, 5.989096
7.172468, 6.005801
7.199960, 6.019234
7.261168, 6.042461
7.316484, 6.073901
593e05be-c5f8-4a25-8f7d-e6e15e751ffe
6.771229, 5.938750
6.836578, 5.973116
6.862507, 5.988570
6.880718, 5.990139
6.904593, 5.993525
6.924863, 6.000758
6.950920, 6.008282
6edf6b2c-4b4c-4dcd-b802-37b25a18855a
6.810301, 5.628318
6.846691, 5.639037
6.866436, 5.643819
6.934661, 5.666125
7.005230, 5.688549
7.054790, 5.694914
7.131834, 5.703301
7.222127, 5.735509
7.273159, 5.744904
7.355076, 5.753899
7.428145, 5.766179
7.477609, 5.780562
7.535830, 5.801873
ef42c27f-aa4a-4e1e-8d1d-69c654fc58d8
6.836834, 5.338234
6.926619, 5.367768
6.985855, 5.387296
7.090213, 5.414731
7.122636, 5.431704
7.144333, 5.422256
7.210012, 5.429568
7.331630, 5.478680
7.409749, 5.512463
7.457016, 5.539681
7.518546, 5.584685
7.569416, 5.623748
7.609929, 5.664623
