main root
6.624341, 4.235398
6.561927, 4.601752
6.530605, 4.886940
6.508285, 5.087679
6.496625, 5.158113
6.490802, 5.406115
6.503417, 5.581645
6.505966, 5.730166
6.502608, 5.892713
6.486500, 6.107549
6.475163, 6.285654
6.448533, 6.472254
6.427002, 6.623117
6.410584, 6.781671
6.390100, 6.943856
6.361688, 7.085295
6.323660, 7.234010
6.288757, 7.387062
6.261897, 7.561285
6.250288, 7.701197
6.229981, 7.870712
6.220526, 8.055740
6.202735, 8.157068
6.187849, 8.266318
6.178991, 8.331335
6.169256, 8.391322
1a137214-692a-402f-8a91-b2de55f0f1fe
6.555200, 4.540042
6.345186, 4.607819
6.270966, 4.631494
6.178238, 4.651935
6.150261, 4.653847
6.098130, 4.658292
6.047512, 4.662607
5.985728, 4.670879
5.926982, 4.678744
5.869394, 4.692495
5.810638, 4.708063
5.763417, 4.726769
5.680807, 4.768542
5.629898, 4.789254
5.583670, 4.806446
5.535178, 4.826077
5.476008, 4.846801
5.435892, 4.857680
5.399183, 4.864533
5.343312, 4.871919
5.284561, 4.879685
5.224514, 4.889133
5.172685, 4.901833
5.106893, 4.917954
5.050424, 4.930250
5.012976, 4.941467
11abe2c1-8500-4c8c-87d4-09a675f8716c
6.573612, 5.071601
6.644395, 5.084486
6.739871, 5.097495
6.777898, 5.106170
6.798145, 5.101837
6.820451, 5.103186
6.868647, 5.100103
6.900363, 5.102574
6.949403, 5.107897
6.996153, 5.114476
7.031784, 5.119491
7.053555, 5.125578
6903b645-be57-4e49-922a-df7cf87a1ef6
6.445692, 5.164734
6.370330, 5.206411
6.286435, 5.245149
6.198221, 5.291913
6.107558, 5.337999
6.030765, 5.374709
5.973269, 5.407170
5.928892, 5.427068
