main root
6.473272, 4.665951
6.432968, 4.815227
6.403162, 4.958938
6.386303, 5.081075
6.379764, 5.209684
6.369978, 5.362432
6.371444, 5.497144
6.382611, 5.597505
6.401863, 5.679420
6.445785, 5.787044
6.505834, 5.918181
6.582143, 6.012463
6.738109, 6.055981
6.851153, 6.119043
6.904609, 6.225240
6.952557, 6.278680
7.063238, 6.313482
7.190098, 6.467555
7.255466, 6.578983
7.321727, 6.736713
7.379716, 6.884069
7.448521, 7.019424
7.477827, 7.134303
7.512958, 7.314037
7.527002, 7.495871
7.552274, 7.601140
7.586945, 7.772336
7.616062, 7.949455
7.617797, 8.072021
7.613526, 8.206903
7.594491, 8.303744
7.568451, 8.457308
7.554995, 8.549252
7.538178, 8.649550
7.519279, 8.749477
7.488150, 8.880375
7.460725, 8.995699
7.435260, 9.102786
7.413714, 9.193389
7.398663, 9.263146
7.394442, 9.313589
7.381051, 9.378288
7.362873, 9.487001
7.353032, 9.597172
7.334829, 9.705832
7.316642, 9.814390
7.302613, 9.923747
7.288607, 10.032913
7.278785, 10.142726
7.268980, 10.252347
7.250764, 10.361005
7.236722, 10.470359
7.224644, 10.597394
7.206428, 10.722429
7.193465, 10.840679
7.185666, 10.950654
7.179078, 11.043554
7.164031, 11.136799
7.147079, 11.228640
7.131710, 11.311906
7.119079, 11.388590
7.106692, 11.463781
f31dee63-2d41-4e4c-bba1-88dd52897a6a
6.568201, 4.688848
6.632760, 4.714230
6.691557, 4.727462
6.771755, 4.746031
6.817116, 4.737997
6.879451, 4.738366
6.940227, 4.737229
6.974735, 4.738081
7.056115, 4.751573
7.106226, 4.759881
7.161251, 4.772037
7.219121, 4.784821
7.265529, 4.788942
7.322943, 4.795543
7.371753, 4.802661
7.420322, 4.811256
7.468610, 4.821322
7.508583, 4.832713
7.543189, 4.842574
7.565766, 4.850564
7.614883, 4.854956
7.650238, 4.856614
7.670916, 4.862078
7.705485, 4.869666
7.740346, 4.875783
7.778900, 4.877991
7.804792, 4.880971
7.836776, 4.886159
7.868486, 4.892819
7.899856, 4.900937
7.930817, 4.910494
7.961303, 4.921471
7.998912, 4.930240
8.030096, 4.939045
8.068228, 4.945147
8.088166, 4.952885
8.113925, 4.967699
8.130530, 4.967071
8.151595, 4.970767
8.189429, 4.980445
8.250491, 4.992975
8.306775, 5.006053
8.352666, 5.019788
8.411303, 5.035776
8.452350, 5.048520
8.476607, 5.056051
8.500866, 5.063582
31ee282b-ce5b-438d-bcca-d277f55f5f1c
6.467951, 4.891308
6.455606, 4.980587
6.448495, 5.038728
6.451873, 5.089289
6.459563, 5.147207
6.461439, 5.204131
6dd33d2a-b8c8-4507-800f-f9bf5b820411
6.430706, 5.272599
6.518612, 5.288939
6.583705, 5.299891
6.634436, 5.313205
6.700715, 5.336806
6.754203, 5.349516
6.813386, 5.360521
6.898656, 5.367261
6.974521, 5.373257
7.040707, 5.387513
7.091836, 5.395481
7.180703, 5.397211
7.253756, 5.401610
7.315047, 5.405284
7.420865, 5.430300
7.505752, 5.441121
7.551569, 5.452979
7.625263, 5.472035
7.695314, 5.493222
7.754411, 5.514206
7.792165, 5.524416
7.939321, 5.569347
8.030283, 5.594122
8.131928, 5.632776
8.234796, 5.667366
8.381337, 5.717791
8.519135, 5.754728
8.605162, 5.786547
8.691496, 5.822966
8.761700, 5.852579
8.831903, 5.882193
fed83050-71a5-4191-bde9-eb2d2015d2bb
6.422544, 5.618367
6.598283, 5.576070
6.644404, 5.554770
6.676565, 5.543223
6.715083, 5.530713
6.756943, 5.514916
6.817229, 5.512692
6.863673, 5.515472
6.911210, 5.515318
6.944694, 5.509224
7.004206, 5.496871
7.042422, 5.490467
7.118192, 5.490980
7.168991, 5.491323
7.228255, 5.491724
7.293548, 5.486179
7.330891, 5.486013
7.383570, 5.490266
7.434205, 5.494355
7.493281, 5.499124
7.550745, 5.505267
7.602906, 5.509336
7.696887, 5.501024
7.823955, 5.533166
7.913360, 5.562290
8.011709, 5.587654
8.110547, 5.610959
8.208211, 5.640510
8.363405, 5.708959
8.468584, 5.737360
8.566294, 5.772510
8.668324, 5.813713
8.740928, 5.841417
8.806323, 5.871178
8.884342, 5.902125
8.913904, 5.917072
8.962771, 5.945135
9.014173, 5.974652
9.043333, 5.993124
9.066855, 6.006252
aa4137a0-bd6f-4bbd-99ba-d95d15cd6e02
6.611430, 5.865017
6.652837, 5.785759
6.678217, 5.743272
6.691198, 5.722287
6.705333, 5.704622
6.732638, 5.680046
6.764462, 5.643320
6.781395, 5.628317
6.836835, 5.606371
6.875246, 5.592776
6.923135, 5.575826
6.978090, 5.557962
7.030241, 5.534715
7.077742, 5.521535
7.138052, 5.515926
7.184584, 5.516107
7.243343, 5.516247
7.315325, 5.517647
7.360431, 5.515471
7.408033, 5.532008
7.424963, 5.527039
7.446732, 5.530418
7.488312, 5.536910
7.559643, 5.543618
7.592208, 5.549686
7.628923, 5.562619
7.688641, 5.580479
7.749147, 5.595451
7.810307, 5.607500
7.870212, 5.617777
7.943883, 5.624341
8.016540, 5.633820
8.099619, 5.613362
8.191820, 5.652759
8.265913, 5.679571
8.330708, 5.702610
578c57b7-8adc-4ef5-986e-d02be26b69b6
6.535425, 6.060433
6.500475, 6.085607
6.469213, 6.103577
6.418932, 6.129026
6.366052, 6.155792
6.311857, 6.186577
6.260888, 6.213808
6.216081, 6.237748
6.171298, 6.266766
6.113569, 6.307738
6.065596, 6.339952
6.023832, 6.366194
5.980819, 6.393220
5.930633, 6.424754
5.880918, 6.454223
5.837740, 6.478078
5.792686, 6.504679
5.750001, 6.526405
5.710966, 6.549633
5.660553, 6.577889
5.617512, 6.603729
5.594434, 6.615839
5.539317, 6.657781
5.479690, 6.691805
5.442933, 6.712781
5.407850, 6.727630
5.361863, 6.745470
5.335355, 6.757359
5.304126, 6.776286
5.259170, 6.808782
5.219008, 6.832272
5.175158, 6.857919
5.123995, 6.887843
5.073906, 6.913672
5.036278, 6.933075
4.984248, 6.958220
4.937814, 6.982324
4.892726, 7.005728
4.839487, 7.035051
4.780158, 7.067728
4.728831, 7.094288
4.683711, 7.117637
4.629791, 7.148910
4.591340, 7.171211
713c867d-f8bd-4866-8159-fc42dc26f39a
6.957509, 6.353652
6.911528, 6.408949
6.881733, 6.436519
6.850581, 6.470179
6.821711, 6.501081
6.792992, 6.536221
6.766023, 6.566853
6.737949, 6.596476
6.703008, 6.633346
6.678086, 6.653115
6.638531, 6.682582
6.598100, 6.710836
6.556088, 6.742019
6.526885, 6.765560
6.516676, 6.792026
6.470368, 6.824846
6.435873, 6.849295
6.401732, 6.871657
6.359235, 6.899493
6.310086, 6.929896
6.266882, 6.956622
6.215505, 6.991923
6.168789, 7.022207
6.136367, 7.037872
6.090624, 7.059974
6.037258, 7.085760
5.984589, 7.109546
5.924353, 7.133466
5.887527, 7.143259
5.858967, 7.147754
5.840941, 7.161944
5.782637, 7.184105
5.742973, 7.202083
5.705998, 7.218536
5.667391, 7.238685
5.630631, 7.259558
5.607265, 7.271104
8cfb47af-b9b0-4ea0-8f35-7b7130f31933
6.462563, 4.893287
6.522903, 4.993591
6.545109, 5.037949
6.561316, 5.063685
6.577029, 5.110456
6.585294, 5.154906
6.592646, 5.194445
6.617058, 5.276595
6.699555, 5.383408
6.735010, 5.448071
6.758297, 5.487989
6.787463, 5.545636
