main root
7.229260, 4.730259
7.474306, 4.902823
7.576443, 5.119363
7.675829, 5.291777
7.771980, 5.470467
7.850420, 5.616244
7.900277, 5.734847
7.941052, 5.865135
7.979731, 5.981675
8.006787, 6.096691
8.023470, 6.213671
8.049862, 6.358386
8.020055, 6.560118
8.016306, 6.706446
8.002148, 6.858212
7.950604, 7.084130
7.932291, 7.211592
7.916269, 7.337865
7.899048, 7.460045
7.879745, 7.611472
7.870715, 7.748310
7.852572, 7.865868
7.787692, 8.155643
7.744708, 8.290702
7.689584, 8.443639
7.624623, 8.610458
7.562592, 8.764621
7.507723, 8.900981
7.447645, 9.034466
7.400323, 9.169065
7.361043, 9.304536
7.324846, 9.433660
7.285932, 9.556950
7.243863, 9.676283
7.194080, 9.792241
7.151277, 9.913229
7.108919, 10.032960
7.076161, 10.138241
7.046127, 10.263037
7.020370, 10.388010
6.998734, 10.513782
6.975180, 10.638322
6.951109, 10.754241
6.928216, 10.877521
6.906102, 10.996601
6.888077, 11.105255
6.866625, 11.221671
6.853320, 11.340447
6.838970, 11.449544
6.827828, 11.550472
6.814569, 11.651303
6.801323, 11.752032
6.797426, 11.862811
6.786951, 11.980533
6.777947, 12.081726
6.772398, 12.191843
6.760526, 12.301285
6.753792, 12.402592
6.742277, 12.512018
6.730758, 12.621482
6.723657, 12.719033
6.717663, 12.801365
a8c28b42-06a0-4fe8-b1bf-78e803dc8dae
7.783230, 5.572391
7.714573, 5.618098
7.650736, 5.672150
7.583940, 5.716283
7.522058, 5.749993
7.458734, 5.774262
7.428119, 5.798817
7.345599, 5.838780
7.258392, 5.874002
7.189284, 5.908624
7.117509, 5.951541
7.059892, 5.984248
7.014998, 6.006291
6.905963, 6.043075
6.828118, 6.078814
6.760335, 6.106639
6.686575, 6.143389
6.617469, 6.189925
6.563101, 6.209845
6.484094, 6.241005
6.403021, 6.268522
6.314828, 6.298455
6.228437, 6.332219
6.143666, 6.369867
6.069466, 6.412646
6.005651, 6.442529
5.935205, 6.478821
5.872631, 6.497590
5.799648, 6.519478
5.755024, 6.529735
5.717709, 6.541383
5.691748, 6.573733
5.575194, 6.635125
5.493982, 6.680278
5.406275, 6.731463
5.315119, 6.777313
5.222310, 6.819259
5.132551, 6.866789
5.036407, 6.903340
4.949349, 6.936436
4.866166, 6.977061
4.779071, 7.012573
4.697144, 7.039260
4.618728, 7.069165
4.549258, 7.092457
4.475244, 7.123586
4.401804, 7.160967
4.319404, 7.190482
bf71c6bb-37e6-4cc8-ace7-a45e419427da
7.135377, 4.825965
7.052601, 4.846875
7.007726, 4.856461
6.966327, 4.865305
6.935278, 4.871938
6.875268, 4.902544
6.833207, 4.920636
6.801719, 4.930922
6.762340, 4.939061
6.721793, 4.948970
6.614888, 4.947132
6.589492, 4.946695
6.536508, 4.984344
6.462080, 5.011794
6.407148, 5.027268
6.342042, 5.039015
6.254004, 5.042256
6.176367, 5.049325
6.102891, 5.065033
6.026072, 5.084516
5.961723, 5.098665
5.926580, 5.106394
5.853548, 5.150710
5.787335, 5.163049
5.704334, 5.178516
5.633018, 5.187238
5.554774, 5.199824
5.469624, 5.225648
5.414667, 5.214165
5.381920, 5.254888
5.212391, 5.289300
5.058488, 5.303611
4.891140, 5.305542
4.726886, 5.311563
4.570460, 5.314699
4.486737, 5.322365
4.407834, 5.331094
4.351341, 5.339470
4.317007, 5.343048
4b7f3407-bd6a-4d97-b567-3b85f1c28584
7.223738, 4.822347
7.072488, 4.918622
6.986323, 4.932267
6.934892, 4.941535
6.895643, 4.945566
6.865030, 4.954727
6.824473, 4.966865
6.781907, 4.982728
6.746861, 4.990996
6.695195, 5.006261
6.640384, 5.019334
6.596830, 5.035877
6.525600, 5.062932
6.466895, 5.109502
6.400712, 5.147616
6.253487, 5.248121
6.200306, 5.284508
6.166249, 5.304158
6.144256, 5.316824
6.121153, 5.333560
6.099250, 5.356792
6.070289, 5.387481
6.041313, 5.418157
6.012323, 5.448819
5.984810, 5.482243
5.958386, 5.519023
5.934096, 5.555398
5.909411, 5.584279
5.876733, 5.627119
5.846485, 5.671709
5.812020, 5.714516
5.786573, 5.743737
5.770037, 5.765003
5.755756, 5.795556
5.742687, 5.834123
5.730716, 5.874110
5.725838, 5.906060
5.719425, 5.957981
5.709551, 6.001289
5.707283, 6.031429
5.699101, 6.083339
5.652844, 6.155595
5.625916, 6.200439
5.598232, 6.237815
5.591586, 6.268166
5.566433, 6.318791
5.547189, 6.350794
5.515626, 6.397477
5.482031, 6.444492
5.442306, 6.497511
5.401390, 6.549624
5.359563, 6.602897
5.323471, 6.653713
5.288801, 6.699943
5.247568, 6.772205
d41cb473-e3a9-41ca-85ef-e8c669c42496
7.470539, 5.079928
7.432026, 5.116089
7.389862, 5.137936
7.338877, 5.157460
7.297621, 5.188241
7.242009, 5.212373
7.187442, 5.224373
7.135642, 5.239058
7.079953, 5.246003
7.028060, 5.244070
6.967305, 5.231071
6.901696, 5.197257
6.834918, 5.213319
6.776666, 5.221022
6.721464, 5.208538
6.616194, 5.203548
6.546456, 5.194231
6.432647, 5.199978
6.358059, 5.202245
6.290693, 5.195308
6.212244, 5.191484
6.138248, 5.187880
6.096035, 5.191818
6.013404, 5.207045
5.969690, 5.215099
5.862522, 5.248047
5.810708, 5.248914
5.710856, 5.246355
5.640813, 5.238573
5.575380, 5.240726
5.467248, 5.274367
5.416721, 5.290086
5.316316, 5.282632
5.206730, 5.293704
5.045305, 5.304980
4.875526, 5.305936
4.666969, 5.319119
4.615000, 5.323649
85215e69-8faa-4bab-97b3-fbe8fc7bd57e
7.298523, 5.263485
7.313633, 5.327274
7.323690, 5.382718
7.330788, 5.438616
7.337039, 5.511613
7.341921, 5.586173
7.342057, 5.634072
7.342177, 5.676408
7.342250, 5.701808
7.339320, 5.724223
a610b02a-984b-4753-a7a9-3d17628309dc
7.563532, 4.905364
7.614586, 4.910167
7.710017, 4.916128
7.794143, 4.920950
7.839587, 4.926554
7.902275, 4.936391
7.959645, 4.940882
8.012972, 4.940585
8.053387, 4.935902
8.121771, 4.926505
8.160334, 4.922716
8.222644, 4.940006
b2867a76-3e9e-4d9e-ad9d-f658af449b29
8.110904, 6.402236
8.182868, 6.417504
8.267644, 6.425806
8.344405, 6.430693
8.406200, 6.434119
8.499313, 6.462098
8.543094, 6.467439
8.627003, 6.456386
8.701474, 6.450819
8.751986, 6.457590
8.850790, 6.468699
8.911221, 6.469234
8.994259, 6.461673
9.067434, 6.458016
9.154449, 6.455774
9.197427, 6.456164
9.241564, 6.465491
59aaab83-c211-4665-ba8a-bc4e13f07972
7.974375, 6.605775
7.864331, 6.653878
7.840946, 6.660452
7.824709, 6.677648
7.805636, 6.691308
7.773309, 6.712621
7.743267, 6.732427
7.705348, 6.769997
7.685830, 6.783014
7.650653, 6.806474
7.601349, 6.839356
7.552874, 6.868087
7.502941, 6.894202
7.466058, 6.911803
7.418797, 6.937674
7.372452, 6.968163
7.316717, 7.001245
7.279266, 7.026957
7.244751, 7.048836
7.200458, 7.082231
7.159086, 7.107799
7.116356, 7.132448
7.071803, 7.159876
7.027564, 7.190627
6.979271, 7.222372
6.948774, 7.244209
0d4a2f5b-86cc-49ff-b0e5-1ae94aa8d758
7.882339, 7.111318
7.815108, 7.131795
7.715266, 7.137099
7.683595, 7.139339
4fd7ece0-94ee-452a-89aa-6d78ec5b87e5
7.845539, 7.512003
7.789652, 7.573084
7.756284, 7.606935
7.738465, 7.626757
7.721801, 7.651605
7.699910, 7.703058
7.678477, 7.741966
7.653379, 7.784427
7.627527, 7.828161
7.591457, 7.886242
0637b4d1-e3de-4907-875d-91b2d758bea2
7.971366, 7.497233
8.006530, 7.505670
8.075212, 7.526766
8.155531, 7.545175
8.222630, 7.566696
8.287657, 7.593840
8.373061, 7.602596
8.453787, 7.606359
8.503398, 7.614900
8.541303, 7.622943
2f65618f-34cb-4c93-aa37-feab7b7f0d4b
7.889822, 7.935740
8.002069, 8.011941
8.062920, 8.047640
8.094266, 8.070379
8.119167, 8.084297
8.164164, 8.102588
8.199369, 8.120131
8.252419, 8.146565
8.303457, 8.173667
8.344275, 8.198732
8.394781, 8.229747
8.441165, 8.261744
8.474949, 8.281410
51cba305-4394-4365-9ef5-554b0117da5d
8.056033, 6.769100
8.085667, 6.866466
8.108442, 6.957275
8.128790, 7.004792
8.155786, 7.090575
8.182628, 7.153493
8.192595, 7.176856
8.206491, 7.201798
8.239309, 7.242254
8.252996, 7.266254
8.275070, 7.307986
8.285913, 7.331686
b1b90d54-d368-429b-8db9-c33c610329d3
7.854079, 5.763278
7.831269, 5.818938
7.800420, 5.871215
7.767811, 5.894614
7.728472, 5.900891
7.689188, 5.904532
7.664492, 5.903815
7.645489, 5.915300
7.620343, 5.923502
7.578178, 5.940404
7.545610, 5.951845
7.477525, 5.957016
7.417429, 5.949090
7.353154, 5.944714
0216cd1f-3b90-4478-82bc-3c6f8acf3344
7.687041, 5.149736
7.767319, 5.138753
7.853551, 5.118716
7.914868, 5.113553
7.957674, 5.106944
