main root
5.717230, 5.069842
5.712730, 5.449096
5.661873, 5.641835
5.768724, 5.956307
5.992939, 6.169881
6.162266, 6.618741
6.142923, 7.048540
6.166784, 7.463398
6.003170, 7.661413
5.880184, 7.865776
5.777303, 8.122573
5.633875, 8.319900
5.426341, 8.419984
5.255135, 8.560204
5.126811, 8.744401
5.015587, 8.935085
4.901837, 9.124035
677d12e2-5cce-4f07-bc45-e47d86b00ce0
5.731162, 5.122212
5.840061, 5.313941
5.942369, 5.641784
5.992655, 5.952206
6.005922, 6.494046
5.970045, 6.860074
5.989573, 7.034929
5.984424, 7.264100
5.837909, 7.517806
5.560072, 7.976092
5.409032, 8.282562
5.320753, 8.489167
5.229120, 8.683414
5.209761, 8.855325
5.117308, 9.155445
5.097037, 9.413118
5.076325, 9.770494
5.064921, 9.939145
4.976194, 10.224064
4.853453, 10.522038
6f404243-0ae4-4260-9ecf-2579fdb238e2
5.750279, 5.987010
5.600248, 6.163043
5.457680, 6.262460
5.178012, 6.440227
4.818423, 6.582403
4.556874, 6.771237
4.367986, 6.840426
4.236696, 6.868922
324235ba-f421-4f55-b1e9-3eaf68db5f6c
5.662981, 5.614594
5.461949, 5.666194
5.301071, 5.714063
5.051551, 5.861643
4.930087, 5.867735
4.772047, 5.916355
4.620450, 5.993187
4.467578, 6.032500
4.381527, 6.104677
4.219785, 6.307369
4.103443, 6.418475
3.925389, 6.490102
3.750959, 6.491918
3.617717, 6.460957
3.498558, 6.468441
3.354817, 6.563882
3.095791, 6.775169
0a49df99-3769-481c-9a2e-a62984dda576
5.649425, 5.415817
5.244889, 5.420093
5.041071, 5.520708
4.912415, 5.544975
4.809761, 5.553912
4.721698, 5.602363
4.561015, 5.690673
4.412053, 5.759266
4.049138, 6.130151
3.907464, 6.215268
3.747617, 6.319129
3.389656, 6.455431
3.081357, 6.582148
2.801778, 6.577787
ed2e1adb-82cb-44d9-b83d-24d760f6bcb1
5.617299, 5.029213
5.280297, 5.278946
5.018946, 5.382444
4.746529, 5.462147
4.613885, 5.530474
4.528658, 5.638261
4.287820, 5.880405
4.076932, 6.104763
3.852784, 6.242820
3.742974, 6.253699
3.428871, 6.365657
3.082559, 6.414621
2.888879, 6.447018
2.472103, 6.591145
2.185710, 6.681160
1.925393, 6.839574
1.665363, 7.031577
1.346866, 7.299153
2d20f20b-0522-422a-a75a-e2ed10777348
5.735180, 5.384889
6.086351, 5.484929
6.198730, 5.574625
6.454215, 5.649382
6.527273, 5.690755
6.773796, 5.811643
6.891518, 5.954783
7.077779, 6.276989
7.267087, 6.466098
7.422058, 6.580410
7.510523, 6.717809
7.570806, 7.046996
7.608104, 7.179547
7.659454, 7.312368
13da6b49-e546-4367-9d3b-d9bfff94dad6
5.732856, 5.116966
6.045188, 5.264611
6.234078, 5.391757
6.398150, 5.559355
6.548436, 5.704757
6.638622, 5.785933
6.804176, 5.833754
7.069585, 6.267435
7.265179, 6.462772
7.335913, 6.529502
7.609261, 6.674471
7.752482, 6.747788
7.876356, 6.914747
7.911512, 7.059359
7.903527, 7.220644
7.791053, 7.584870
7.733512, 7.702590
7.668534, 7.918997
7.475618, 8.302828
7.301543, 8.563732
7.172795, 8.791817
7.039894, 9.071091
6.962008, 9.282027
3e864e87-4980-4f35-b911-d0a18144e908
5.609167, 5.041900
5.528306, 5.053688
5.464913, 4.996371
5.426407, 5.074513
5.317888, 5.340335
5.244329, 5.630642
ada3b772-0709-4d06-8c6b-5c2c0468e110
5.699070, 4.928312
5.853234, 4.931249
6.175732, 5.070798
6.376150, 5.146184
41bdd90e-7083-451a-a153-3b1ba9370ad4
5.720377, 4.836919
6.182570, 4.947384
6.302980, 4.986075
6.828218, 5.088832
6.924416, 5.102787
7.062860, 5.146552
7.570808, 5.283028
