main root
6.994809, 4.425912
7.140947, 4.516243
7.213638, 4.583339
7.172256, 4.666926
7.146146, 4.767073
7.085101, 5.023747
7.056529, 5.094850
7.008336, 5.220382
6.973487, 5.334699
6.947414, 5.442003
6.930335, 5.555859
6.921571, 5.657050
6.919148, 5.758577
6.912492, 5.860199
6.907968, 5.961635
6.908986, 6.080847
6.916333, 6.199835
6.920487, 6.301453
6.926748, 6.402799
6.936173, 6.521151
6.937932, 6.623169
6.937569, 6.724871
6.937208, 6.826465
6.932584, 6.936401
6.928670, 7.029457
6.924756, 7.122506
6.920843, 7.215559
6.914818, 7.308757
6.905162, 7.393827
6.892542, 7.486360
6.880659, 7.604721
6.871763, 7.714503
6.863557, 7.815773
6.858876, 7.925937
6.849980, 8.035615
6.838978, 8.145091
6.826706, 8.246051
6.814446, 8.346903
6.794884, 8.455229
6.772637, 8.554617
6.746540, 8.661515
6.724518, 8.760645
6.708272, 8.843332
6.699250, 8.897014
6.663040, 9.018941
6.649375, 9.059688
6.662284, 9.089607
6.650957, 9.204682
6.637263, 9.322261
6.633782, 9.460384
6.624137, 9.594585
6.605701, 9.764315
6.600773, 9.848089
6.600230, 9.908304
6.591642, 9.962083
cd8f41af-1b60-4215-bfc1-9fe095ca894b
7.160144, 4.530498
7.253868, 4.482271
7.294684, 4.457901
7.341525, 4.455714
7.398849, 4.468287
7.450529, 4.486969
7.514949, 4.533905
7.544029, 4.573160
7.564660, 4.613247
7.578952, 4.650834
7.591742, 4.684467
7.745547, 4.815962
7.763348, 4.837089
7.781896, 4.868482
7.799081, 4.903569
7.852079, 4.938852
7.909312, 4.989391
7.935224, 5.010276
226de26a-4729-41b0-8789-a26423eb5059
7.248396, 4.605314
7.275082, 4.620030
7.302302, 4.636623
7.332891, 4.653384
7.364220, 4.668717
7.392218, 4.683961
7.419527, 4.700407
7.442616, 4.717807
7.464998, 4.732799
7.518400, 4.779433
7.545088, 4.796411
7.578729, 4.819586
7.607336, 4.844746
7.651817, 4.877886
7.694646, 4.907929
7.756352, 4.945729
7.814112, 4.981113
7.854325, 5.002236
7.889928, 5.020938
7.914436, 5.032121
127e1ae6-1ed0-4359-97fb-1c969a9221bb
7.174989, 4.602707
7.078522, 4.665445
7.064741, 4.684448
7.030473, 4.716917
6.970624, 4.753357
6.920693, 4.772696
6.885757, 4.781413
6.846867, 4.788030
6.819378, 4.795743
6.776549, 4.810867
6.734809, 4.828783
6.713038, 4.834869
6.690653, 4.838019
6.551727, 4.892159
6.513134, 4.905593
6.464232, 4.924200
6.425288, 4.934214
6.389257, 4.948115
6.368989, 4.949519
6.339373, 4.947067
6.326950, 4.956322
6.281524, 4.966096
6.238987, 4.976778
6.188631, 4.990968
6.139738, 5.004745
6.100024, 5.014381
6.065055, 5.022866
6.042574, 5.025240
639ef9e2-ee8a-4161-94c7-f6c0646975c3
7.103262, 4.942957
6.988660, 4.956400
6.922841, 4.959862
6.865458, 4.959919
