main root
5.797275, 5.020383
5.807485, 5.410196
5.787615, 5.600612
5.781345, 5.728855
5.772996, 5.842445
5.761296, 5.973632
5.759464, 6.060799
5.758121, 6.151333
5.746102, 6.264852
5.746300, 6.383001
5.752815, 6.484362
5.759333, 6.585754
5.763223, 6.679066
5.768805, 6.763146
5.774412, 6.847629
5.782664, 6.940183
5.789586, 7.041642
5.794395, 7.143228
5.800452, 7.227282
5.799337, 7.329542
5.800428, 7.422451
5.791920, 7.532471
5.796780, 7.619300
5.806680, 7.744059
5.811553, 7.831665
5.815457, 7.956881
5.812990, 8.089788
5.816071, 8.182500
5.811649, 8.288774
5.812186, 8.366466
5.815837, 8.468062
5.814135, 8.571899
5.812333, 8.665159
5.812751, 8.737317
5.813264, 8.867229
5.813034, 8.932037
5.811909, 9.026845
5.810327, 9.094755
5.794970, 9.414788
5.823046, 9.866026
5.889413, 10.328239
5.927958, 10.944295
b671f9f9-d79e-444b-ab03-666b9f32fd15
5.782687, 5.293998
5.667562, 5.413009
5.596203, 5.452988
5.490184, 5.484491
5.357207, 5.501744
a4497bff-a67c-481c-84d7-c9f76fea982e
5.827573, 5.167375
5.917016, 5.168226
5.955860, 5.146177
5.989479, 5.120891
6.032335, 5.114320
6.093540, 5.111066
6.142855, 5.109943
6.193643, 5.108786
6.236620, 5.109304
6.262619, 5.111115
76f99945-0164-4c23-a19c-76c31d7ba1f6
5.856485, 5.255792
5.952700, 5.275936
6.038094, 5.270789
6.060973, 5.273237
6.103325, 5.277450
6.145425, 5.281750
6.176079, 5.281875
6.222908, 5.277574
6.256033, 5.277537
6.298988, 5.278987
6.344842, 5.286422
