main root
6.755624, 5.032773
6.701425, 5.303055
6.690386, 5.450321
6.703372, 5.573621
6.723205, 5.723468
6.756689, 5.896752
6.746084, 6.072657
6.724519, 6.154848
6.683725, 6.245564
6.603144, 6.389787
6.571159, 6.478422
6.536250, 6.634317
6.512615, 6.773532
6.501547, 6.901453
6.493830, 7.034914
6.504226, 7.162087
6.506867, 7.283328
6.507217, 7.396448
6.499072, 7.498382
6.498662, 7.578674
6.496728, 7.635339
6.492459, 7.780872
6.484913, 7.833949
6.471486, 7.885851
6.484155, 8.009893
6.481035, 8.161262
6.472424, 8.271015
6.473602, 8.390858
6.466009, 8.477039
6.440387, 8.600390
6.430310, 8.700773
6.422635, 8.819478
6.415533, 8.929316
6.407409, 9.022350
6.397435, 9.084967
6.391020, 9.134758
6.390842, 9.171275
6.364927, 9.302331
6.367281, 9.434193
6.366844, 9.527555
6.368484, 9.629088
6.372238, 9.730567
6.375994, 9.832092
6.380063, 9.942090
6.375666, 10.052178
6.369160, 10.162024
6.363153, 10.263446
6.348210, 10.372598
6.331345, 10.464766
6.316693, 10.556530
6.303344, 10.640133
6.294147, 10.716718
6.282700, 10.772059
ebb76281-14ac-4242-b280-9a0916b9651d
6.593092, 5.392187
6.497930, 5.443613
6.462826, 5.489472
6.437710, 5.521973
6.420850, 5.543479
6.406166, 5.571608
6.387704, 5.610207
6.369195, 5.645435
6.344939, 5.688384
6.326677, 5.717676
6.275038, 5.764484
6.243467, 5.797141
6.214045, 5.827576
6.183222, 5.863766
6.149820, 5.904886
ffa52802-67cc-42a4-bd38-831805d172ad
6.726742, 5.385758
6.846215, 5.451835
6.896218, 5.488654
6.926267, 5.521938
6.965453, 5.524661
7.008801, 5.547103
7.163010, 5.561039
7.223896, 5.580068
7.289861, 5.587388
7.354327, 5.599059
7.402552, 5.618437
7.528583, 5.667440
7.566279, 5.691732
7.663244, 5.736166
7.736466, 5.766421
7.834300, 5.824866
7.912015, 5.860825
7.975185, 5.895002
8.020031, 5.917564
09fdb8d2-5bb5-43df-9e54-ba9eda914daa
6.744382, 5.400185
6.782509, 5.472076
6.813489, 5.534979
6.826436, 5.580042
6.846407, 5.644133
6.855911, 5.694760
6.883760, 5.795541
6.886184, 5.846279
6.885880, 5.902633
6.882584, 5.958890
6.879116, 6.018057
6.873207, 6.067720
6.861717, 6.113615
6.844058, 6.165662
6.831136, 6.203746
6.823980, 6.267324
6.800438, 6.406449
6.792815, 6.478411
6.781688, 6.540830
6.775855, 6.616192
6.774757, 6.688547
6.767835, 6.750196
6.761555, 6.792714
6.769324, 6.854416
