main root
6.229341, 4.635693
6.223600, 4.886567
6.166981, 5.018910
6.120153, 5.101553
6.117814, 5.223853
6.111335, 5.341948
6.105306, 5.451842
6.079616, 5.575197
6.075528, 5.646563
6.075061, 5.764210
6.078889, 5.865669
6.084494, 5.958426
6.091646, 6.042395
6.112874, 6.142088
6.124237, 6.235854
6.130075, 6.308891
6.129699, 6.379359
6.154329, 6.412692
6.177895, 6.532414
6.197518, 6.632103
6.207433, 6.726039
6.221096, 6.835330
6.225583, 6.921372
6.232041, 7.005399
6.238529, 7.089816
6.249824, 7.181883
6.267343, 7.272853
6.275528, 7.359228
6.292603, 7.450206
6.296341, 7.494470
6.287138, 7.567416
6.297949, 7.670304
6.300094, 7.733667
6.300839, 7.799913
6.306139, 7.872077
6.302626, 7.926380
6.302443, 7.998741
6.300780, 8.064970
6.294704, 8.128077
6.300332, 8.210196
6.306558, 8.279158
6.307773, 8.342545
6.313649, 8.414669
6.317535, 8.480806
6.329418, 8.555451
6.338353, 8.621098
6.349173, 8.689490
6.354621, 8.752656
6.362063, 8.821500
6.364736, 8.860158
6.354734, 8.901265
6.342875, 9.104674
6.332808, 9.174391
6.323916, 9.214988
6.345027, 9.323031
6.349133, 9.484417
6.351501, 9.577490
6.354300, 9.687529
6.361332, 9.797564
6.364122, 9.907565
6.366484, 10.000666
6.366748, 10.094057
6.366988, 10.178721
6.365149, 10.272088
6.363148, 10.373668
6.363095, 10.483813
6.365147, 10.602511
6.358449, 10.704554
6.348121, 10.797684
6.344205, 10.890237
6.340627, 10.974828
6.335974, 11.049398
6.332629, 11.127035
6.324023, 11.228517
6.312304, 11.295862
6.311733, 11.334066
6.317594, 11.554950
6.309532, 11.641154
6.301736, 11.724519
6.295691, 11.834616
6.283326, 11.944007
6.276136, 12.045281
6.268342, 12.155077
6.259631, 12.248057
6.255943, 12.331896
6.249738, 12.425081
6.242989, 12.526454
6.239891, 12.636662
6.236800, 12.746689
6.242162, 12.857172
6.277447, 13.167899
277aefcb-43c7-4f11-a85b-cc51ef73a52d
6.211697, 4.811710
6.293864, 4.861978
6.324811, 4.879157
6.344983, 4.892066
6.369657, 4.909635
6.390984, 4.930332
6.421636, 4.953824
6.446418, 4.974702
6.474426, 4.996343
6.489054, 5.017101
6.501599, 5.037503
6.515753, 5.039743
6.529903, 5.054021
6.559556, 5.083941
6.589118, 5.109518
6.655277, 5.162358
6.718674, 5.203395
6.777552, 5.239708
6.820734, 5.278633
6.868846, 5.324037
6.956579, 5.380849
7.017501, 5.416733
7.071690, 5.452126
7.147759, 5.506833
7.245709, 5.577278
7.348348, 5.665126
7.410441, 5.714331
7.463835, 5.762372
7.535297, 5.835206
7.593413, 5.897398
7.653676, 5.955813
7.712624, 6.008783
7.762962, 6.060055
7.831230, 6.135626
7.886539, 6.192387
7.939719, 6.246964
8.003371, 6.315301
8.053764, 6.365013
8.087326, 6.409357
8.455728, 6.762005
8.486307, 6.791277
8.508069, 6.816252
8.535879, 6.848166
8.551073, 6.874715
8.580270, 6.913677
8.604387, 6.945860
8.625582, 6.979135
8.648325, 7.014838
8.675201, 7.051457
8.704435, 7.086225
8.727461, 7.118260
8.756345, 7.153317
8.783262, 7.185987
8.810180, 7.218657
8.837096, 7.251328
8.864014, 7.283998
8.890931, 7.316668
8.917849, 7.349339
8.948979, 7.382416
8.977992, 7.413241
9.002774, 7.443938
9.029367, 7.476876
9.060168, 7.510261
9.088876, 7.541373
9.113354, 7.572313
9.139618, 7.605511
9.170086, 7.639199
9.194254, 7.670382
9.224383, 7.704372
9.248239, 7.735796
9.278028, 7.770086
9.305791, 7.802042
9.329331, 7.833701
9.358777, 7.868286
9.386222, 7.900517
9.417887, 7.933086
9.435788, 7.955790
9.458069, 7.984048
9.469591, 8.003496
bbc3ea9b-e1a3-4942-8ffa-e1e7ed844182
6.152762, 5.122703
6.201018, 5.152061
6.227070, 5.174985
6.245236, 5.172907
6.298235, 5.194378
6.352767, 5.221711
6.417002, 5.249294
6.485199, 5.272063
6.525923, 5.293549
6.601400, 5.331026
6.693648, 5.381147
6.740433, 5.418933
6.781484, 5.452194
6.809526, 5.467314
6.894130, 5.513679
6.945460, 5.551268
7.004848, 5.596614
7.073806, 5.641734
7.168315, 5.698515
7.231574, 5.738268
7.300216, 5.777868
7.369180, 5.824938
7.402397, 5.847611
7.627410, 5.967630
8.053162, 6.357566
8.222145, 6.533311
8.383251, 6.614874
8.461345, 6.641879
8.501889, 6.660650
8.548290, 6.680483
8.600841, 6.702945
8.648904, 6.728027
75e13a53-c85c-48fd-acf9-dae1512cbb31
6.090125, 5.322980
6.180096, 5.349205
2a66d314-388e-40dd-8e12-d283bce39c63
6.315657, 7.329900
6.348897, 7.377616
6.413653, 7.414787
6.545790, 7.486692
6.578676, 7.508039
6.608805, 7.527642
6.640101, 7.540906
6.682808, 7.555755
6.718782, 7.571432
6.771146, 7.595885
6.813193, 7.618824
6.865225, 7.647211
6.911159, 7.677385
6.957760, 7.704418
7.004936, 7.735243
7.050404, 7.768529
7.098229, 7.803539
7.140927, 7.834797
7.182318, 7.865518
7.358129, 7.917106
7.377006, 7.927258
7.404577, 7.943716
7.435492, 7.960352
7.479278, 7.971946
7.472128, 7.993625
7.500993, 8.041533
7.617850, 8.105730
7.701090, 8.146659
7.785383, 8.185761
7.880703, 8.218616
687146e1-9821-4d8e-8c2a-f9b9d74b5c04
6.219247, 6.661095
6.239008, 6.666367
6.271816, 6.677339
6.383318, 6.728632
6.460966, 6.743813
6.532213, 6.760794
6.602705, 6.780671
6.641794, 6.794803
6.777282, 6.838464
6.831069, 6.863660
6.897488, 6.889557
6.933391, 6.908123
6.980275, 6.942479
7.030784, 6.981636
7.079324, 7.015071
7.110537, 7.011514
7.188082, 7.044822
7.257736, 7.068224
7.313900, 7.093409
7.399527, 7.129501
7.461941, 7.155809
7.524355, 7.182117
7.586019, 7.203543
7.616199, 7.217199
d6b2423d-047c-4aa7-9b20-16f624e8a18c
6.183376, 6.562147
6.225770, 6.592480
6.247041, 6.617318
6.269779, 6.637880
6.368867, 6.888560
6.398803, 6.968790
6.430553, 7.068853
6.443352, 7.109188
6.456150, 7.149522
6.472671, 7.186742
6.497832, 7.239738
6.511627, 7.265306
6.602650, 7.624325
6.618506, 7.668596
6.630862, 7.707533
6.646228, 7.755957
6.667911, 7.814391
6.686604, 7.869069
6.699237, 7.915275
6.738436, 8.039622
255b587b-3806-47ee-bc1b-294ca4b2865f
6.142581, 6.268862
6.204772, 6.340284
6.222675, 6.368453
6.245242, 6.392948
7b98a0e1-f0c2-4588-931b-07df565932aa
6.127269, 5.477828
6.152946, 5.594349
6.196440, 5.684883
6.240716, 5.783314
6.278839, 5.868561
6.296099, 5.907156
6.311382, 5.944996
6.334303, 5.993756
6.357524, 6.046673
6.379911, 6.093963
6.405633, 6.141306
6.426837, 6.186602
6.441702, 6.225417
6.456761, 6.273109
6.470851, 6.327671
6.485669, 6.385056
6.496840, 6.440291
6.509093, 6.493328
6.515620, 6.541521
3c2b8ab3-aec2-42ad-b057-dbc1f6489c90
6.177817, 4.704403
6.027048, 4.834631
5.979523, 4.913109
5.890027, 5.056703
5.846628, 5.127336
5.823538, 5.159157
5.803066, 5.192433
5.780939, 5.228360
5.759772, 5.268395
5.740041, 5.305715
5.718439, 5.336967
5.689174, 5.376672
5.671287, 5.408507
5.648119, 5.458908
5.632654, 5.481801
5.604215, 5.523899
5.570633, 5.570934
5.531623, 5.628151
5.502219, 5.665963
5.465838, 5.712746
5.429191, 5.757434
5.396976, 5.796718
5.358770, 5.836225
5.323422, 5.870624
5.286988, 5.908169
5.251707, 5.950973
5.219600, 5.992279
5.188162, 6.030287
5.168523, 6.061074
5.067281, 6.185029
5.034935, 6.222265
5.001176, 6.254280
4.968868, 6.286982
4.933179, 6.325236
4.898453, 6.360264
4.862699, 6.398455
4.827911, 6.433421
4.792078, 6.467316
4.755232, 6.500106
4.717408, 6.531765
4.678267, 6.566477
4.640134, 6.602294
4.603174, 6.634957
4.564979, 6.670709
4.527962, 6.703307
4.489705, 6.738990
4.457126, 6.771424
4fc8be9e-4234-45e8-ab66-e1630630fcc3
6.310837, 7.374836
6.415850, 7.417339
6.486213, 7.414429
6.523700, 7.416447
6.577451, 7.423519
6.701883, 7.446512
6.761440, 7.474282
6.799809, 7.492173
6.851535, 7.517943
6.890984, 7.542613
6.940244, 7.568123
6.985355, 7.591485
7.042021, 7.617459
7.093915, 7.642892
7.135522, 7.666618
7.189051, 7.695417
7.233784, 7.719486
7.267173, 7.739150
7.310945, 7.764931
031b3644-d715-40df-9687-7f77062409fb
6.254269, 7.289694
6.215059, 7.311969
6.151135, 7.341398
6.092443, 7.375009
6.034619, 7.408329
5.934411, 7.488223
5.889021, 7.516755
5.854973, 7.538157
5.823567, 7.561432
5.775330, 7.600905
5.729466, 7.638436
5.683392, 7.678074
5.639257, 7.706171
5.599032, 7.739153
5.546028, 7.788421
5.504246, 7.825215
5.461624, 7.858760
b7ff35c4-b862-44e7-a6ab-dcec64288c5a
6.252545, 7.543799
6.204043, 7.556847
6.154918, 7.573162
6.118871, 7.588289
6.074578, 7.621485
6.033135, 7.646935
5.987871, 7.673527
5.893817, 7.752779
5.842038, 7.802454
5.804160, 7.824275
5.743919, 7.865888
5.660339, 7.910841
5.602510, 7.936847
5.534917, 7.976009
5.471949, 8.026329
5.424935, 8.056236
5.391003, 8.077822
13189dd6-e154-46e0-ad6d-f6f56c1eb1bc
6.334904, 7.898825
6.405518, 7.916982
6.527101, 7.934518
6.585856, 7.935432
6.614889, 7.934386
6.637885, 7.957233
6.741133, 7.994144
6.822049, 8.014263
6.892372, 8.034832
6.964982, 8.051393
7.023037, 8.066170
51266894-5092-4ef0-a97f-1b0afc336ad4
6.189323, 6.588880
6.044571, 6.691884
5.981915, 6.768525
5.960754, 6.791821
5.942141, 6.809874
5.923816, 6.833707
5.850696, 6.990836
fb6e0eee-5371-4a6f-8a96-5f431d8e4a61
6.107364, 5.260478
5.987408, 5.349266
5.962543, 5.386129
5.938878, 5.421214
5.917949, 5.446888
5.914278, 5.467286
5.903825, 5.491581
5.887093, 5.530468
5.871928, 5.573288
5.857795, 5.613192
5.841840, 5.649276
5.823194, 5.684044
5.805633, 5.729456
5.786941, 5.761195
5.764399, 5.793572
5.751378, 5.822751
5.735640, 5.865362
5.721859, 5.906994
5.685522, 5.958024
5.662125, 6.000685
5.639508, 6.064132
e0c2f1b5-ab6b-48b2-acb9-0c738bbc1d73
6.101740, 4.950823
6.026071, 5.079458
5.991356, 5.146122
5.973942, 5.169704
5.957899, 5.193844
5.939751, 5.223741
5.921837, 5.250244
5.902653, 5.275843
5.887108, 5.293986
5.887551, 5.313081
5.857752, 5.368789
5.835020, 5.417629
5.811463, 5.475337
5.789064, 5.530207
5.769945, 5.592882
5.750663, 5.645833
5.739800, 5.675666
5.730724, 5.709337
5.721634, 5.777572
5.711906, 5.816588
5.699997, 5.851982
5.678272, 5.902465
5.622317, 5.990746
5.529165, 6.037564
5.502060, 6.045926
5.301250, 6.156548
84eb363a-b6ff-4862-ac3b-1f933ee568f7
6.323382, 8.111914
6.395828, 8.114384
6.421372, 8.121244
6.459370, 8.125252
6.516666, 8.132798
6.563671, 8.142010
6.604251, 8.145386
6.676598, 8.146900
6.727386, 8.147963
6.777236, 8.152000
6.830974, 8.159356
6.888004, 8.168673
6.930155, 8.177075
6.955380, 8.183630
7d7b493c-abba-4d06-9c66-3b415ecddf3c
6.363456, 8.696035
6.422499, 8.710085
6.476554, 8.726026
6.520705, 8.734363
6.616883, 8.753414
e88e5984-e1e3-4a3e-9998-8e8ffd885277
6.413500, 8.902699
6.443857, 8.928130
6.458321, 8.931543
6.481376, 8.938408
6.503998, 8.946588
6.517293, 8.956997
80bf3e5c-6c04-4bc3-8b97-bb64049d1ecd
6.332374, 9.743001
6.328474, 9.744651
6.312876, 9.751245
6.293571, 9.750732
6.267599, 9.748546
6.242289, 9.746415
d6bc691d-bca0-4eb2-b32b-5babff9e3d3c
6.422469, 9.933495
6.455157, 9.932855
6.519851, 9.949488
