main root
6.714726, 4.728013
6.615581, 4.882391
6.529910, 5.106951
6.499238, 5.213375
6.486089, 5.439495
6.485530, 5.521854
6.497628, 5.598838
6.510045, 5.691398
6.519302, 5.776010
6.526495, 5.860818
6.539743, 5.943394
6.551175, 6.027741
6.556551, 6.113734
6.565920, 6.197134
6.572189, 6.290620
6.574101, 6.363869
6.585300, 6.448790
6.577638, 6.505158
6.569371, 6.565983
6.570220, 6.604184
6.574976, 6.683298
6.582717, 6.762175
6.583620, 6.832644
6.587629, 6.911799
6.591484, 6.987908
6.598479, 7.066855
6.608452, 7.145481
6.609408, 7.212493
6.606629, 7.314300
6.616192, 7.402768
6.585466, 7.541635
6.516786, 7.781830
6.492660, 7.873917
6.445648, 7.959342
6.392633, 7.999799
6.342707, 8.009997
6.315659, 7.951826
6.304949, 7.928793
6.188839, 7.922916
6.115359, 7.905330
6.091241, 7.952867
5.927259, 8.097892
5.854324, 8.173605
5.817192, 8.206089
5.694755, 8.425913
5.651388, 8.508097
5.597854, 8.614069
5.556304, 8.719716
5.517122, 8.813560
5.488651, 8.892513
5.434592, 9.011675
a5950721-d586-47ca-862f-cd6db4e60da7
6.576467, 7.464160
6.502006, 7.497953
6.404745, 7.546658
6.376950, 7.563015
6.357374, 7.563514
6.328416, 7.565741
6.299611, 7.569447
6.271034, 7.574625
6.240348, 7.584739
6.191200, 7.602505
6.144375, 7.617830
6.095190, 7.635494
6.048334, 7.650722
6.001033, 7.664511
5.953334, 7.676849
5.919578, 7.684026
5.890122, 7.696410
22175e8e-c8b3-4a77-aab6-af33b38e3ed8
6.633326, 7.503580
6.683681, 7.499428
6.746181, 7.516534
6.787002, 7.527704
6.831500, 7.536774
6.872969, 7.545224
6.904083, 7.551561
6.925649, 7.563383
c1d2af14-f02c-4662-a523-1fe948af9d98
6.591304, 7.650928
6.627058, 7.664647
6.647050, 7.678069
6.665715, 7.692703
6.680844, 7.694264
7a4a20f9-06fa-4403-8632-57d25ee81da1
6.375147, 8.036578
6.367992, 8.081598
6.373434, 8.106709
6.381889, 8.158797
27cd27a0-b974-45c4-88e4-8ee55c96e001
6.324194, 8.032442
6.309950, 8.074190
6.284293, 8.136458
8c665cf0-8791-46d3-a517-7ecdeb4ef714
6.508700, 4.997320
6.386684, 5.030920
6.333504, 5.049866
6.258095, 5.083088
6.212777, 5.104688
c547f7da-fbcd-406a-a344-94e56e39c7ba
6.543872, 5.057456
6.376284, 5.067545
