main root
6.639463, 4.755499
6.647777, 5.010524
6.672986, 5.139466
6.688168, 5.305154
6.683394, 5.453915
6.680543, 5.639310
6.681718, 5.837861
6.684859, 6.015313
6.698044, 6.187478
6.726964, 6.293525
6.781473, 6.461605
6.839586, 6.647643
6.903562, 6.866127
6.941168, 6.965385
6.962915, 7.022788
7.012337, 7.125040
7.031914, 7.219343
7.073660, 7.378119
7.123060, 7.518484
7.175310, 7.693452
7.208640, 7.812413
7.232016, 7.911532
7.246107, 7.971277
7.286952, 8.186954
7.315791, 8.293743
7.346805, 8.416643
7.375732, 8.548332
7.400040, 8.681443
7.419808, 8.801420
7.445407, 8.917859
7.469273, 9.016560
7.485341, 9.100657
7.499243, 9.173425
7.505520, 9.233007
7.528118, 9.454482
7.541480, 9.511692
7.545781, 9.587331
7.553403, 9.642265
7.551947, 9.686185
7.557498, 9.744675
7.563930, 9.796584
7.568508, 9.845686
7.574853, 9.897608
7.579351, 9.946718
7.579105, 9.993234
7.580329, 10.045527
7.583049, 10.097763
7.590411, 10.152734
7.592108, 10.199218
7.598615, 10.254297
7.606237, 10.306044
7.607620, 10.346233
7.610916, 10.398437
7.615706, 10.450523
7.615480, 10.497039
7.622679, 10.555346
7.627237, 10.604448
7.636818, 10.659075
7.643860, 10.707884
7.656203, 10.761955
7.657894, 10.789533
4fb2eb01-606e-4f89-a452-b8765d1359d5
6.613291, 4.802719
6.455332, 4.819400
6.410339, 4.846205
6.357604, 4.877622
6.308244, 4.896997
6.138859, 4.897831
5.834906, 4.908274
5.711128, 4.928385
5.649010, 4.929200
5.572821, 4.930201
5.516758, 4.938422
5.462739, 4.943316
5.325662, 4.981806
5.268611, 4.997827
5.221809, 5.004755
5.160668, 5.016832
5.076088, 5.013383
5.016879, 5.010972
4.957671, 5.008563
4.862524, 5.003719
23a9337f-b935-4279-aecf-4b54f893cbc0
6.622951, 4.924257
6.482239, 4.956208
6.369226, 4.947174
6.327142, 4.937804
6.269289, 4.924923
6.207863, 4.914313
6.167521, 4.904308
6.116160, 4.891570
5.856210, 4.850206
5.802824, 4.836139
5.761903, 4.825355
5.708246, 4.808120
5.653698, 4.789026
5.609566, 4.770407
5.560841, 4.744978
5.530388, 4.734148
5.488673, 4.722492
5.421789, 4.706911
5.382621, 4.697785
5.269117, 4.637132
5.246715, 4.625161
5.228830, 4.626689
5.160564, 4.615004
5.103878, 4.603782
5.052285, 4.595094
5.003915, 4.585431
4.957619, 4.573131
4.916705, 4.562260
4.864917, 4.543853
4.813226, 4.528659
4.762457, 4.513735
4.728625, 4.510030
4.597555, 4.529774
4.558211, 4.532673
4.518762, 4.532577
4.488245, 4.535495
4.443413, 4.542787
4.401634, 4.549582
4.357379, 4.559813
4.318379, 4.565756
4.265235, 4.579911
4.206906, 4.596995
4.141907, 4.616034
4.086048, 4.630835
4.038008, 4.642016
3.989651, 4.651733
3.942191, 4.658218
3.884754, 4.664556
3.832934, 4.671780
3.763296, 4.684510
3.695140, 4.701535
3.617791, 4.727267
3.570540, 4.741409
3.532012, 4.752940
3.481944, 4.764839
bec1f144-d113-4ecf-b63c-fb8afaa5c7b1
6.628317, 5.190563
6.588847, 5.194345
6.528253, 5.200041
6.481298, 5.207461
6.332885, 5.212545
6.269998, 5.204175
6.185780, 5.188782
6.132996, 5.189827
6.048807, 5.193585
5.988516, 5.200427
5.897766, 5.215957
5.809886, 5.180354
5.772172, 5.174731
5.697777, 5.163494
5.651363, 5.162391
5.572938, 5.163522
5.506412, 5.155500
5.446343, 5.151273
5.395368, 5.145102
5.252281, 5.166805
5.196205, 5.172286
5.139917, 5.174782
5.075003, 5.183656
5.021413, 5.184941
4.956332, 5.192493
4.917433, 5.190982
4.852006, 5.194433
4.792832, 5.197557
4.727994, 5.206976
4.671437, 5.215195
4.626664, 5.212627
2193fe6a-fce2-4fdc-b157-c891e5c6b603
6.746626, 5.285130
6.810767, 5.298624
6.879718, 5.316190
6.944591, 5.338409
7.052657, 5.357183
7.154738, 5.385879
7.243607, 5.415230
7.333347, 5.438222
7.415578, 5.455010
7.506257, 5.479961
7.587607, 5.506648
7.652089, 5.529377
7.713305, 5.543818
7.862576, 5.602438
7.937565, 5.608872
8.030579, 5.625297
8.122027, 5.645719
8.213153, 5.663913
8.296170, 5.678373
8.379641, 5.695018
8.462696, 5.715810
8.581748, 5.743187
8.714556, 5.768497
8.805723, 5.790154
8.896590, 5.809578
8.994489, 5.839156
9.099186, 5.872999
9.197011, 5.900174
9.286074, 5.929281
9.375035, 5.956143
9.456475, 5.976400
9.546580, 6.000981
9.627717, 6.031714
9.697049, 6.059577
9.765810, 6.088821
9.845671, 6.122787
9.884612, 6.140975
c4a15a57-3a9a-45f8-9cee-f79bc76e0d80
6.677043, 5.406665
6.599646, 5.445224
6.567880, 5.483001
6.529182, 5.534259
6.514180, 5.537153
6.490022, 5.554882
6.449761, 5.594369
6.408703, 5.603860
6.394121, 5.625645
6.335172, 5.666508
6.294767, 5.692695
6.252588, 5.725384
6.198252, 5.773174
6.147253, 5.820022
6.114248, 5.856436
6.078489, 5.905155
6.048432, 5.946104
6.014002, 5.998071
5.980423, 6.043333
5.945441, 6.082950
5.907220, 6.119451
5.858592, 6.177053
5.827071, 6.201852
5.806458, 6.223012
5.803872, 6.253312
5.735530, 6.376409
5.716318, 6.401764
5.691743, 6.439342
5.672198, 6.455556
5.652665, 6.471610
5.646528, 6.490756
5.565833, 6.592611
5.539201, 6.616282
5.519983, 6.637114
5.498785, 6.668644
5.475709, 6.702630
5.461392, 6.723382
5.262034, 6.946900
5.234072, 6.968969
5.214134, 6.984705
5.139418, 7.109645
5.122155, 7.133050
5.097073, 7.162332
5.070254, 7.193936
5.043234, 7.221443
5.014400, 7.259613
4.988400, 7.284414
4.958240, 7.325858
4.938283, 7.343432
4.906230, 7.387867
4.886347, 7.405524
4.854729, 7.445868
4.829311, 7.478608
4.809347, 7.499753
4.791917, 7.518492
4.774475, 7.533129
f116af36-facf-4b33-a892-efa718cc9ce1
6.658299, 5.638417
6.584251, 5.636961
6.466820, 5.667820
6.392948, 5.691520
6.353686, 5.705688
6.110650, 5.775685
6.070013, 5.778044
6.000284, 5.786588
5.913005, 5.811974
5.770135, 5.858043
5.699542, 5.877661
5.626124, 5.898065
5.550623, 5.922154
5.437044, 5.959074
5.382345, 5.965795
5.302431, 5.981883
5.233689, 5.998774
5.187509, 6.008581
ce731fd6-62e9-4209-a3d3-e326944f5db7
6.726221, 5.562885
6.766187, 5.585249
6.873911, 5.612705
6.979093, 5.637330
7.021099, 5.651776
7.069436, 5.673148
7.174771, 5.722400
7.199771, 5.732436
7.242931, 5.744924
7.293584, 5.758023
7.344591, 5.769668
7.388740, 5.784352
7.429026, 5.799330
7.462457, 5.803776
7.517857, 5.806614
7.567019, 5.810632
7.612810, 5.818881
7.642319, 5.825717
7.670656, 5.829208
7.789874, 5.839260
7.835286, 5.840084
7.860682, 5.840545
8.125093, 5.896823
8.162938, 5.907941
8.193054, 5.913669
8.238132, 5.919197
8.280142, 5.924350
8.325487, 5.926898
8.364588, 5.932095
8.403182, 5.940244
8.444593, 5.948990
8.479203, 5.953242
8.507750, 5.953733
cd08b321-d4bb-4826-95b2-56b0f29f6d68
6.721654, 5.871677
6.742503, 5.890695
6.761269, 5.907813
6.845217, 5.980387
6.881464, 6.007768
6.911051, 6.033868
6.931686, 6.052072
6.950734, 6.068875
7.051632, 6.098972
7.088477, 6.113085
7.131877, 6.126504
7.170299, 6.138384
7.194567, 6.145886
7.298266, 6.184902
7.334025, 6.201555
7.357048, 6.212280
7.424347, 6.214686
7.522469, 6.235085
7.596868, 6.250552
7.662321, 6.270274
7.748326, 6.302779
7.840776, 6.344495
04794ca3-7312-4a87-9304-0cbb3ca5fcde
6.683731, 4.960025
6.728900, 4.957906
6.785980, 4.954150
6.863188, 4.973703
6.912940, 4.964054
6.946698, 4.955837
6.977829, 4.949655
7.009196, 4.944806
7.045743, 4.934472
7.080757, 4.919757
7.101850, 4.915610
7.135586, 4.907310
7.160114, 4.904357
7.187434, 4.901069
7.210037, 4.901363
7.292645, 4.880018
7.351671, 4.888508
7.383591, 4.887051
7.425244, 4.879155
7.465643, 4.873021
7.515870, 4.865395
7.575721, 4.854794
7.618277, 4.848776
7.648443, 4.846023
