main root
7.323937, 4.836043
7.392767, 5.067680
7.399741, 5.171679
7.420892, 5.333034
7.423549, 5.419110
7.406256, 5.540842
7.396743, 5.673010
7.384192, 5.819745
7.375330, 5.970634
7.372045, 6.098201
7.360407, 6.223870
7.361397, 6.357591
7.345599, 6.486132
7.346482, 6.624209
7.343335, 6.775632
7.333071, 6.865379
7.313413, 6.944864
7.272157, 7.065612
7.246144, 7.148276
7.228302, 7.194998
17e8a22c-1c76-43e3-9558-a16daf2756a6
7.379256, 4.943234
7.196433, 4.995116
7.135858, 5.012059
7.072319, 5.018381
7bc29af6-2592-4db5-9543-963888ae8268
7.399744, 5.237646
7.332767, 5.253208
7.308846, 5.264163
7.287228, 5.270770
