main root
5.948906, 4.458865
5.870544, 4.708983
5.816194, 4.875327
5.794367, 4.998803
5.775097, 5.154754
5.767216, 5.307669
5.762583, 5.438275
5.753901, 5.575351
5.742588, 5.710567
5.741508, 5.824891
5.742547, 5.938605
5.738177, 6.063868
5.739600, 6.202354
5.734721, 6.336819
5.740532, 6.454516
5.756949, 6.597762
5.768661, 6.718451
5.779045, 6.782516
5.782722, 6.823918
5.797895, 6.944030
5.893967, 7.220142
5.928377, 7.313878
5.991387, 7.450744
5.954328, 7.586698
5.956770, 7.641283
5.920044, 7.830471
5.908625, 7.922408
5.884449, 8.014685
5.884577, 8.080597
5.901580, 8.171810
5.852849, 8.268626
5.831288, 8.330176
5.811955, 8.440015
5.807662, 8.500296
5.804504, 8.544633
5.807342, 8.674715
5.809005, 8.750894
5.801077, 8.799249
5.798629, 8.888197
5.791587, 8.926481
5.780204, 9.004906
5.766727, 9.076921
5.755104, 9.155313
5.738884, 9.223887
5.719121, 9.294436
5.698568, 9.367808
5.675939, 9.437491
5.650481, 9.506189
5.627538, 9.585332
5.606048, 9.648711
5d86526e-82a5-471b-93a2-907b511511f8
5.763640, 6.905534
5.704495, 6.968888
5.664164, 7.012049
5.623954, 7.059421
5.586050, 7.108656
5.562064, 7.144722
