main root
7.049285, 5.090858
7.078486, 5.250061
7.056328, 5.560615
7.039176, 5.730465
7.039884, 5.933989
7.043227, 6.139546
7.048914, 6.318212
7.044261, 6.501734
7.039651, 6.683548
7.043072, 6.851380
7.044695, 7.075736
7.037364, 7.255235
7.032562, 7.417110
7.030239, 7.495392
7.029046, 7.535591
7.034602, 7.595021
cf609802-ddba-479e-8275-4497b8f54ac8
7.103490, 5.382519
7.150986, 5.397696
7.189915, 5.425298
7.235282, 5.468628
9ebfc1f1-6cce-41ca-8c30-f755fd585598
7.069857, 5.293479
6.946638, 5.255430
6.924324, 5.214281
6.912260, 5.179475
6.901796, 5.157442
6.888303, 5.109045
6.899712, 5.090731
6.916016, 5.061703
6.928455, 5.039557
ff963a4b-9353-4728-9fc4-6caee15e6029
7.018907, 5.490287
6.959557, 5.486067
6.862160, 5.471369
