main root
6.589737, 5.020409
6.665261, 5.267928
6.743715, 5.445271
6.771098, 5.542766
6.814078, 5.667582
6.849915, 5.771649
6.878327, 5.860620
6.905932, 5.940244
6.930025, 6.022399
6.951467, 6.095522
6.969196, 6.166614
6.995828, 6.273412
7.021522, 6.351710
7.026872, 6.406412
7.037354, 6.482831
7.061198, 6.568562
7.076087, 6.638853
7.092596, 6.737207
7.100038, 6.808672
7.102999, 6.880463
7.107186, 6.981967
7.105656, 7.053803
7.101104, 7.126931
7.093204, 7.219993
7.081839, 7.304850
7.070439, 7.378692
7.055060, 7.448875
7.033312, 7.548126
7.014718, 7.619000
6.993243, 7.689053
6.958978, 7.793615
6.934713, 7.874317
6.904010, 7.954826
6.873842, 8.033931
6.845824, 8.103199
6.813946, 8.166046
6.778159, 8.229982
6.753694, 8.292074
6.728292, 8.368795
6.700539, 8.433570
6.661038, 8.536510
6.631769, 8.624529
6.602381, 8.712905
6.575066, 8.801713
6.554388, 8.883051
6.533448, 8.953264
6.515697, 9.033739
6.499284, 9.108155
6.482871, 9.182571
6.466460, 9.256988
6.447771, 9.327836
6.430467, 9.405179
6.411561, 9.475968
6.399000, 9.523004
6.390771, 9.803113
6.400150, 9.891602
6.364069, 9.972453
6.375812, 10.075441
6.369123, 10.160889
6.355072, 10.286599
6.346842, 10.379154
6.344918, 10.451490
6.337025, 10.548835
6.326007, 10.716604
6.313552, 10.842166
6.303079, 10.969024
6.297504, 11.087838
6.296566, 11.198098
6.295630, 11.308158
6.294694, 11.418219
6.293758, 11.528279
6.292822, 11.638340
6.294003, 11.748473
6.292976, 11.850166
6.296277, 11.934029
6.303937, 12.014475
6.311160, 12.090326
6.319989, 12.183049
6.325808, 12.244157
6.329794, 12.295082
6.445950, 12.671632
6.462000, 12.790942
6.483118, 12.870327
6.493333, 12.957022
6.504231, 13.049520
6.521313, 13.140577
6.538486, 13.232120
6.535420, 13.329863
6.542853, 13.379317
6.596345, 13.387276
6.696733, 13.391520
f53f008a-0de4-473c-a262-6216e98160dd
6.650567, 5.439833
6.640080, 5.584569
6.647760, 5.811613
6.647769, 5.860058
6.649141, 5.911468
6.648803, 5.959911
6.646875, 6.002719
6.647034, 6.029517
6.654590, 6.064339
6.663267, 6.112001
6.670335, 6.159927
6.677637, 6.209438
6.726587, 6.395872
6.727937, 6.580903
6.739680, 6.676918
6.766725, 6.753903
6.883185, 6.913393
7.006166, 7.116233
bb700e21-9f83-4032-9624-cfb505afec73
6.667337, 5.274421
6.556218, 5.435758
6.518040, 5.499370
6.477181, 5.546896
6.413431, 5.617804
6.364263, 5.656673
6.299464, 5.710543
6.246992, 5.758058
6.204629, 5.796418
6.164408, 5.821130
6.060267, 5.910022
6.014852, 5.952723
5.971801, 5.989091
5.926524, 6.027338
5.883221, 6.059998
5.837075, 6.087302
5.782909, 6.129785
5.716746, 6.127620
5.710021, 6.159637
5.636745, 6.203759
5.535196, 6.264904
5.467875, 6.312426
5.420605, 6.331138
5.377593, 6.351384
5.331642, 6.386247
5.279943, 6.421714
5.230102, 6.452276
5.136443, 6.476864
5.100785, 6.499388
5.023612, 6.548136
4.950498, 6.601767
4.886334, 6.635972
4.808917, 6.672543
4.721371, 6.706919
4.622572, 6.734352
4.543878, 6.762659
4.479241, 6.787500
4.399074, 6.816087
4.351953, 6.828123
4.300640, 6.851072
45d91a83-ef75-4088-8efa-c6969eaf47c6
6.564669, 5.153688
6.478411, 5.242278
6.448820, 5.268380
6.417070, 5.296387
6.385056, 5.328620
6.356708, 5.355037
6.298241, 5.388344
6.255219, 5.409408
6.217887, 5.426020
6.169956, 5.450624
6.139888, 5.461011
6.090944, 5.479503
6.042549, 5.499388
5.995563, 5.518693
5.956732, 5.537884
5.848531, 5.612489
5.820648, 5.624068
5.782410, 5.638327
5.733935, 5.658000
5.687690, 5.675151
5.647334, 5.694907
5.599651, 5.723249
5.573925, 5.733317
5.539843, 5.751477
5.519278, 5.757347
5.483628, 5.772193
5.453171, 5.783255
5.422236, 5.792899
5.390888, 5.801104
5.354919, 5.815160
5.325925, 5.821671
5.296280, 5.823727
5.285136, 5.834042
5.207000, 5.858933
5.164723, 5.875543
5.126171, 5.889082
5.078239, 5.905914
5.024318, 5.924849
4.994361, 5.935370
4.829730, 5.971024
4.804907, 5.976399
4.795013, 5.992186
4.771590, 6.003998
4.732655, 6.026986
4.696383, 6.048401
4.656045, 6.067003
4.609915, 6.088276
4.560214, 6.106251
4.512444, 6.123528
4.458511, 6.139851
4.401790, 6.157017
4.346066, 6.172318
4.296034, 6.187608
4.247454, 6.202454
4.196848, 6.217919
4.165490, 6.229067
7604ac80-681c-47f9-9501-7c1246f489b7
6.810852, 8.161597
6.904043, 8.208861
6.958711, 8.231104
7.035548, 8.260130
7.076457, 8.280019
a9cc1c80-590d-4919-95a7-597d8792e32a
7.054859, 6.980326
7.108292, 7.023096
7.203493, 6.979362
7.275788, 7.010426
7.309829, 7.023197
7.388807, 7.050616
7.440891, 7.070283
7.485424, 7.095961
609657bb-a473-4b8a-a487-fbe766a917e9
7.016384, 6.690537
6.953700, 6.724356
6.884234, 6.768636
6.820459, 6.807514
6.739239, 6.849593
6.680376, 6.876718
6.625539, 6.908580
6.578647, 6.940691
6.536110, 6.961118
6.461459, 6.972035
6.442845, 6.988480
6.355746, 7.018143
6.290027, 7.031636
6.198142, 7.048354
6.094021, 7.076961
2f5a78e6-1bee-4720-81bb-4d9b42cbc9dd
6.950963, 6.386943
6.913032, 6.400800
6.845943, 6.417340
6.769792, 6.439198
6.715667, 6.456922
6.690473, 6.463597
6.531248, 6.448224
6.508318, 6.456650
6.461315, 6.469140
6.406082, 6.483817
4417eb77-2b2a-4027-9801-bbed9114780a
6.877029, 6.172779
6.859783, 6.189139
6.827702, 6.213383
6.813160, 6.502547
6.838471, 6.679576
6.956869, 6.850270
7.004154, 6.912330
7.136932, 7.124187
7.176076, 7.200690
6d550c57-8b57-470a-b439-a9cf7cb6ebc0
6.641555, 5.105435
6.714311, 5.235701
6.779035, 5.338829
6.936192, 5.479589
6.947799, 5.505771
6.962958, 5.543662
6.975990, 5.588325
6.992075, 5.638107
7.014784, 5.703520
7.035077, 5.748281
7.067006, 5.811459
7.107411, 5.881454
7.137187, 5.939022
7.164416, 5.991667
7.191643, 6.044307
7.212064, 6.083788
d8ff5dea-2761-420f-9b73-c0847614e0cc
6.824115, 5.864047
6.778923, 5.902651
6.752194, 5.934587
6.680283, 6.196582
6.633791, 6.268675
6.609067, 6.295960
6.605240, 6.316003
6.583841, 6.386763
47d1b350-0302-4c18-afb5-04383cc31139
6.407939, 9.767842
6.367518, 9.776391
6dc14c1c-57f5-4261-88eb-520e1ea06839
6.512033, 9.181525
6.439670, 9.168364
6.413913, 9.168658
6.392439, 9.162791
6.342973, 9.182042
6.283989, 9.196148
6.252556, 9.202062
6.220872, 9.206434
6.194487, 9.211522
7f54e978-d4f9-4204-89b0-64523a735e77
6.657699, 8.796651
6.673643, 8.833117
6.728428, 8.898930
6.743700, 8.911166
6.765468, 8.934363
6.804464, 8.971543
6.853380, 9.017634
8017ff14-8074-4c51-9f6c-f45b5b902493
6.665646, 8.538427
6.628869, 8.557264
6.561070, 8.591990
6.516571, 8.608055
6.462817, 8.627462
6.414844, 8.641600
49dc852a-38a1-44e0-80a0-b7338d04626d
6.837760, 8.060370
6.931170, 8.064245
7eeace8b-f790-422d-a618-159c8c3c23e9
6.938706, 7.727932
6.968734, 7.735505
7.021755, 7.751484
