main root
6.113452, 4.476663
6.119646, 4.631937
6.113526, 4.887435
6.093848, 4.997109
6.039136, 5.268495
5.947690, 5.742911
5.878118, 6.169352
5.857199, 6.336214
5.849503, 6.476254
5.853303, 6.594874
5.857099, 6.713344
5.857986, 6.806727
5.850494, 6.908713
5.860155, 7.045952
5.852443, 7.123036
5.829879, 7.223046
5.788079, 7.371027
5.726897, 7.560326
5.721857, 7.697576
5.714613, 7.879348
5.717290, 8.027238
5.734346, 8.165932
5.756791, 8.315420
5.775646, 8.441009
5.787787, 8.550373
5.800127, 8.642468
5.817368, 8.724296
5.828997, 8.809669
5.836139, 8.862102
5.830955, 8.911095
39b081f9-d404-480d-aa82-8ce8acfe0fd2
6.064861, 5.165355
6.180910, 5.185555
6.236774, 5.203641
6.273415, 5.229063
bbbd8ae6-7456-4720-9eec-7ee25e6a1562
6.026658, 5.366119
6.163439, 5.383787
6.232025, 5.424841
6.294938, 5.470622
6.360848, 5.518583
6.418280, 5.564077
6.499034, 5.608952
6.553429, 5.649454
6.645636, 5.710195
6.729079, 5.782901
6.814848, 5.843641
6.937787, 5.914375
7.043519, 5.975209
7.115430, 6.023907
7.177841, 6.073685
7.227217, 6.118371
7.268923, 6.168835
