main root
6.535757, 5.769521
6.472117, 5.939081
6.459594, 6.037467
6.315957, 6.528232
6.286549, 6.665367
6.275848, 6.798688
6.258140, 6.955243
6.262380, 7.075046
6.279395, 7.214796
6.304263, 7.470561
6.358976, 7.715735
6.429300, 7.796356
6.543459, 7.851113
6.619669, 7.849234
d2debe72-f0ad-4f73-9a80-703093bdba78
6.426180, 6.136238
6.224183, 6.431170
6.190185, 6.456730
6.104100, 6.507701
6.050597, 6.523714
6.002777, 6.587531
5.907835, 6.674982
5.851457, 6.735051
5.815310, 6.775751
5.742866, 6.842432
5.651070, 6.914509
5.585248, 6.982267
5.499165, 7.067251
5.415000, 7.138448
5.338580, 7.224757
5.274169, 7.279579
5.218390, 7.329849
5.162065, 7.378301
5.115281, 7.408697
5.042439, 7.460571
4.990454, 7.495814
4.895920, 7.552235
4.814436, 7.613183
4.717262, 7.680597
4.631466, 7.750418
4.547390, 7.821567
4.461276, 7.877816
4.370236, 7.939809
4.284997, 7.995295
4.215526, 8.042990
4.148772, 8.093851
4.093779, 8.131989
4.040616, 8.169022
fafbe168-68de-4d95-af31-48c736723c43
6.488873, 6.225946
6.531529, 6.251897
6.576927, 6.277200
6.652805, 6.312370
6.691146, 6.331791
6.736214, 6.348993
6.794918, 6.381905
6.827196, 6.408580
6.890136, 6.456705
6.919590, 6.490524
6.978072, 6.548552
7.007716, 6.594836
7.052932, 6.659888
7.104742, 6.723939
7.132512, 6.776880
7.191849, 6.814880
7.256445, 6.878369
7.310780, 6.931766
7.383692, 7.023362
7.435347, 7.083438
7.485017, 7.141199
7.505562, 7.174267
7.545769, 7.238972
7.581856, 7.302712
7.607146, 7.365609
7.639454, 7.437944
7.670417, 7.496260
89660231-dd3a-4274-bafd-596f8088ed0b
6.571505, 7.955102
6.573991, 8.007337
6.567709, 8.051700
6.557962, 8.117234
6.544514, 8.166961
6.527384, 8.230302
6.507061, 8.285186
6.482617, 8.347762
6.428495, 8.417031
6.398247, 8.465459
6.378848, 8.507816
6.357860, 8.571612
6.339199, 8.604388
6.307366, 8.669375
6.262673, 8.760618
6.238661, 8.819846
6.216396, 8.874766
6.189418, 8.949278
6.162581, 9.019005
6.142052, 9.072341
c601dddb-c490-4e2c-8483-3ba8bd6bbd87
6.434896, 7.899684
6.419163, 7.935788
6.395721, 7.990566
6.373832, 8.048908
6.356731, 8.094489
6.337134, 8.138198
755481cc-8d33-4e43-8f64-588454988ed2
6.303433, 7.759700
6.270607, 7.783957
6.193778, 7.834121
6.135465, 7.872575
6.082062, 7.906324
20f677a4-e56a-4bda-b055-c61fe824b685
6.278033, 7.624233
6.202222, 7.653300
6.102482, 7.703150
6.025277, 7.732965
5.936439, 7.762764
5.866442, 7.792557
5.808368, 7.814921
d4ea6f0d-f698-4166-8dc2-2dd9120f72e3
6.598125, 7.947647
6.629700, 8.018742
6.639489, 8.062778
