main root
7.095066, 4.292600
7.100240, 4.494777
7.092701, 5.101237
7.086538, 5.158079
7.079609, 5.210566
7.133526, 5.342659
7.165858, 5.418611
7.160512, 5.547182
7.166722, 5.652573
7.176487, 5.776304
7.180966, 5.912499
7.189391, 6.035464
7.202898, 6.190930
7.227015, 6.331086
7.248550, 6.456242
7.263742, 6.581668
7.275878, 6.699420
7.285914, 6.817370
7.302314, 6.935449
7.322846, 7.052613
7.338423, 7.177992
7.355152, 7.295524
7.365301, 7.396857
7.370193, 7.466804
7.375166, 7.532955
7.361559, 7.703919
7.369186, 7.796140
7.377225, 7.929176
7.384102, 8.075819
7.377364, 8.233239
7.372823, 8.395826
7.366355, 8.534262
7.361045, 8.647922
7.359108, 8.734472
7.359747, 8.799884
7.300422, 9.123338
7.283032, 9.206655
7.272084, 9.289557
7.254497, 9.406628
7.246560, 9.531068
7.232532, 9.651767
7.216892, 9.786327
7.199963, 9.939592
7.182919, 10.085543
7.169795, 10.197938
7.161110, 10.290446
7.152873, 10.356005
7.143552, 10.420271
f8f0389e-30fa-4cf0-89bc-0498a38f2eb2
7.176170, 4.974140
7.228666, 5.001209
7.279575, 5.018483
7.396181, 5.043832
7.446079, 5.052042
7.512174, 5.062917
7.572957, 5.077601
7.636101, 5.094533
7.750794, 5.111601
7.797254, 5.125971
4670be6a-d172-44a4-b602-e957748e099a
7.158118, 4.506367
7.276450, 4.602292
7.361693, 4.655933
7.395447, 4.678941
7.422439, 4.702775
7.457871, 4.732064
7.607300, 4.821766
7.651356, 4.849155
7.689367, 4.871024
7.728102, 4.891582
7.777023, 4.914156
7.832821, 4.938256
7.877493, 4.959180
7.925489, 4.980009
7.948709, 4.994980
7.993473, 5.022062
8.033559, 5.044565
88c8ac0b-3c4e-4bcb-af13-af1c1550cadb
7.111239, 4.626264
6.935162, 4.676997
6.907813, 4.683050
6.879514, 4.694026
6.788934, 4.711379
6.755017, 4.719513
6.734744, 4.718219
6.711103, 4.715098
6.701295, 4.723513
6.680735, 4.726036
6.641324, 4.727856
6.600461, 4.728245
6.555799, 4.733159
6.506628, 4.737065
6.477186, 4.743908
6.439899, 4.755648
86bbe5fe-d441-4460-a277-2ae3296b3880
7.101267, 4.791190
7.020988, 4.811580
6.986337, 4.814204
6.963788, 4.812888
6.947090, 4.823688
6.900909, 4.832008
6.871088, 4.843455
6.844792, 4.858359
6.748437, 4.952277
6.704317, 4.982167
6.670244, 5.001635
6.634042, 5.020596
6.589674, 5.042144
6.543977, 5.064337
6.502608, 5.087757
6.466480, 5.111649
