main root
7.077869, 4.825946
7.035511, 4.982765
7.027946, 5.191365
7.002179, 5.361788
6.966672, 5.493577
6.925620, 5.647903
6.905459, 5.773619
6.880749, 5.901242
6.842985, 6.044500
6.834826, 6.195018
6.817419, 6.274737
6.802767, 6.323047
6.780542, 6.441014
6.757524, 6.582606
6.734817, 6.709217
6.722599, 6.857245
6.716245, 7.007687
6.693580, 7.146687
6.658584, 7.298677
6.642891, 7.394336
6.642752, 7.534988
6.632315, 7.684890
6.624482, 7.827003
6.633196, 7.930602
6.655736, 8.078390
6.685041, 8.229589
6.690253, 8.362390
6.691193, 8.584315
6.700076, 8.688645
6.702947, 8.740008
6.712163, 8.818221
6.738402, 8.923143
6.765104, 9.029897
6.777044, 9.090574
6.789947, 9.199958
6.794415, 9.310009
6.786181, 9.420141
6.802222, 9.488589
6.815990, 9.580722
6.839402, 9.685168
6.882289, 9.845336
6.898965, 9.899595
7ced3847-66c7-41eb-9e61-0e5e192f3ba3
7.058626, 4.922564
7.260981, 5.109827
7.300276, 5.146450
7.353756, 5.184732
7.411587, 5.223541
7.444981, 5.245951
7.492942, 5.263716
7.566077, 5.282825
7.637091, 5.296739
7.698293, 5.313305
7.776526, 5.323628
7.871087, 5.358798
7.936499, 5.381528
8.006194, 5.400995
8.080652, 5.414022
8.127148, 5.436103
8.212858, 5.446518
8.294731, 5.464943
8.399005, 5.501420
8.503645, 5.535784
8.601340, 5.563415
8.707875, 5.591348
8.804771, 5.623313
8.903023, 5.649044
8.984691, 5.674720
9.053630, 5.699533
9.121499, 5.727141
9.184250, 5.754284
9.289236, 5.793595
9.388498, 5.834967
9.475622, 5.866722
9.562631, 5.900674
9.655895, 5.941608
9.753986, 5.991593
9.859594, 6.045409
9.960700, 6.089806
10.056068, 6.124754
10.167358, 6.165536
10.289540, 6.203602
10.403500, 6.236896
10.484596, 6.262750
10.565262, 6.288466
10.637861, 6.311610
10.690921, 6.332967
41fd681d-f970-4b1c-a3ca-8ccf62dbdfc7
6.981584, 5.005864
6.863152, 5.031030
6.787413, 5.053599
6.685716, 5.092709
6.642856, 5.104380
6.586950, 5.110117
6.532033, 5.101167
6.510794, 5.119123
6.417344, 5.146239
6.303213, 5.174960
6.179794, 5.203853
6.064697, 5.232965
5.981691, 5.251821
5.931217, 5.261752
5.881245, 5.265396
5.816307, 5.292302
5.745624, 5.307930
5.629349, 5.308058
5.526794, 5.315667
5.427620, 5.324492
5.334969, 5.332737
5.241781, 5.338917
5.141274, 5.354062
5.032180, 5.368360
4.914753, 5.385879
4.810756, 5.382147
4.719809, 5.387349
4.619370, 5.403688
4.502028, 5.418502
4.409135, 5.428110
4.323650, 5.432780
4.230302, 5.435775
4.145186, 5.436430
4.061397, 5.441222
3.969133, 5.450713
3.876492, 5.460242
3.802032, 5.466397
3.701281, 5.478970
3.631968, 5.487619
3.571553, 5.497279
e2014633-f9ce-4d14-8014-5cd27d56e049
7.005120, 4.912745
6.957083, 4.914477
6.869985, 4.907239
6.807241, 4.908900
6.719929, 4.947705
6.675220, 4.951299
6.598634, 4.948298
6.534919, 4.933822
6.496161, 4.954832
6.440931, 4.952681
6.362788, 4.962332
6.217910, 4.976258
6.136672, 4.990081
6.086578, 4.987204
5.994149, 4.985042
5.907408, 4.991637
5.797477, 4.993631
5.679629, 4.985218
5.561718, 4.974684
5.460080, 4.974100
5.350284, 4.965004
5.240591, 4.955918
5.130203, 4.953144
5.011493, 4.952270
4.909837, 4.949408
4.824477, 4.942854
4.731320, 4.927264
4.639005, 4.920346
4.546054, 4.911270
4.444813, 4.903511
4.360924, 4.901240
4.286289, 4.897723
4.184823, 4.890824
4.131467, 4.891697
4.078741, 4.888069
826c73a8-9ac3-45b1-a431-0e8a5f358c69
6.921632, 5.120218
6.834693, 5.123105
6.787567, 5.114438
6.691223, 5.132872
6.618753, 5.154358
6.564970, 5.168742
6.502714, 5.180744
6.432648, 5.198824
6.315028, 5.201426
6.217521, 5.223764
6.154510, 5.236062
5.994933, 5.282197
5.889405, 5.341189
5.826081, 5.362040
5.722753, 5.400518
5.638349, 5.438683
5.547657, 5.484335
5.480261, 5.516583
5.410120, 5.553464
5.339614, 5.588160
5.302848, 5.607921
88763e54-324e-40dd-924d-6b981dcd26e8
6.885631, 5.411993
6.803150, 5.403074
6.749483, 5.396840
6.704085, 5.379481
6.674582, 5.390243
6.576624, 5.383787
6.526547, 5.372179
6.485923, 5.349515
6.460048, 5.346036
6.384643, 5.335877
6.295756, 5.335983
6.231613, 5.324085
6.121623, 5.312292
6.009367, 5.321536
6fe8a4d3-2864-4774-ae14-85c1563389ed
7.039314, 5.427072
7.074380, 5.441234
7.129023, 5.472375
7.166410, 5.488515
7.240411, 5.507564
7.286874, 5.528797
7.344748, 5.551953
7.403669, 5.572303
7.461496, 5.589107
7.522121, 5.603606
7.578998, 5.612593
7.621627, 5.629436
7.728442, 5.624261
7.781697, 5.630602
7.874167, 5.643732
7.975420, 5.651698
8.060087, 5.660439
8.144726, 5.673347
8.226165, 5.690022
8.270326, 5.702120
8.315845, 5.719245
f214f2b5-dca7-4c06-945a-d39c6d729bd7
6.795868, 6.036506
6.743249, 6.042949
6.661755, 6.059822
6.619367, 6.066929
6.554891, 6.062596
6.505939, 6.066877
6.459137, 6.073831
6.373636, 6.082777
6.290412, 6.089408
6.207192, 6.100199
6.131627, 6.109998
6.050414, 6.126929
5.997451, 6.139500
65f8662f-9903-4293-8605-2ed03b484168
7.108434, 5.149958
7.173867, 5.174245
7.252926, 5.207152
7.389543, 5.223343
7.514569, 5.254072
7.636547, 5.308036
7.680387, 5.329168
4fc198b3-63e4-49c2-b569-59f4962b97c7
7.177940, 4.992548
7.298487, 5.064782
7.333338, 5.091198
7.363765, 5.106477
7.382174, 5.161266
7.517056, 5.255860
7.702246, 5.339384
7.773862, 5.405284
7.818594, 5.435754
7.857672, 5.458724
7.888274, 5.480161
7.922877, 5.504374
7.957493, 5.528571
7.987953, 5.553487
8.020656, 5.580212
8.053372, 5.606921
8.086073, 5.633616
66647607-77de-450b-9228-f5f99b291394
6.963013, 4.877640
6.836856, 4.857784
6.746033, 4.815275
6.697128, 4.802785
6.655131, 4.795400
6.617962, 4.788956
6.579965, 4.779293
6.551755, 4.775168
6.523271, 4.773990
6.492703, 4.775684
6.447858, 4.781130
6.403435, 4.789541
6.375815, 4.790201
6.325031, 4.791413
6.282204, 4.786447
6.218354, 4.783563
6.149128, 4.781935
6.079885, 4.781804
6.009153, 4.784661
5.931582, 4.789293
5.862563, 4.794913
5.782438, 4.802343
1809a6ef-2e72-4893-b4cf-2cf2a4608dae
6.772883, 7.151976
6.834828, 7.175383
6.897083, 7.202390
6.941964, 7.208781
b1a32f20-51bc-445b-8928-940407067a01
6.701428, 6.593416
6.637541, 6.624237
6.602825, 6.638755
6.564446, 6.660065
6.528956, 6.680152
6.494762, 6.696448
6.459508, 6.710303
6.428080, 6.726231
d221e6dc-df17-4b4f-a030-19fad73ade72
6.878600, 6.271606
6.922032, 6.313484
6.959126, 6.351308
6.986485, 6.382598
7.019160, 6.426792
7.040129, 6.452635
7.058238, 6.472578
2b6d7acd-3b1c-4204-af0b-7d484b33738b
6.920151, 6.042205
6.976479, 6.064973
ede8cf7a-e87e-43f0-862d-31b3585af0c2
7.001157, 5.028248
6.865729, 5.045554
6.528828, 5.056276
6.436278, 5.050226
6.394033, 5.047765
6.363403, 5.048976
6.338023, 5.049980
