main root
6.918721, 4.800454
6.873817, 4.995320
6.844662, 5.109219
6.854945, 5.332004
6.853773, 5.543246
6.809290, 5.742866
6.807327, 5.896277
6.791487, 6.140578
6.776732, 6.381503
6.750242, 6.550026
6.703738, 6.733797
6.681434, 6.861166
6.708334, 7.152265
6.726846, 7.273535
6.825395, 7.523523
6.839072, 7.740257
6.836421, 7.903938
6.819610, 8.050612
6.811019, 8.195551
6.788576, 8.365647
6.759163, 8.509159
6.746322, 8.651088
6.726868, 8.798795
6.698556, 8.904291
6.666430, 8.999990
6.588294, 9.140622
6.559599, 9.206326
6.536745, 9.260000
6d196119-22f8-4d13-add5-976e983565a4
6.939331, 5.396848
7.048162, 5.439805
7.144758, 5.464617
7.224331, 5.493613
7.310843, 5.529615
7.377281, 5.560505
7.442402, 5.594084
7.514163, 5.627718
7.583162, 5.660056
7.631373, 5.676039
7.707486, 5.698118
7.816299, 5.739033
7.917317, 5.813219
7.988160, 5.875684
8.062871, 5.930342
8.139278, 5.994107
8.181226, 6.040134
8.222771, 6.107709
8.288624, 6.206766
8.347770, 6.299555
8.398901, 6.387642
8.446725, 6.486889
8.487154, 6.570790
8.527585, 6.654695
8.569805, 6.737466
8.617823, 6.826945
8.669518, 6.914336
8.713556, 6.997042
8.761503, 7.096097
8.805605, 7.196920
8.844308, 7.316834
8.884209, 7.419794
8.934891, 7.521380
8.991737, 7.625870
9.032015, 7.726470
9.072926, 7.828649
9.105677, 7.916109
9.137164, 7.994280
9.163079, 8.064167
9.174499, 8.135924
3c7c94e9-25e1-490f-9093-8850c7da2922
6.938178, 5.602801
6.998803, 5.633804
7.074556, 5.673219
7.150230, 5.705846
7.204490, 5.740650
7.281040, 5.779085
7.359969, 5.844722
7.410131, 5.894222
7.464371, 5.947749
7.518611, 6.001277
7.572851, 6.054804
7.631323, 6.108305
7.696003, 6.159373
7.747404, 6.207585
7.807216, 6.259584
7.850345, 6.297080
7.888418, 6.349742
7.924704, 6.410154
7.976263, 6.478554
8.013746, 6.538231
8.062531, 6.604647
8.081302, 6.645374
8.125112, 6.718979
8.139637, 6.755092
8.168075, 6.825792
8.204300, 6.899813
8.229788, 6.965515
8.268971, 7.041685
8.299797, 7.108157
8.335831, 7.178746
8.362424, 7.244009
8.391179, 7.314581
8.404939, 7.364220
8.417927, 7.433486
8.431970, 7.508386
8.439025, 7.578506
8.449930, 7.657006
8.457038, 7.729934
8.457889, 7.800401
8.464865, 7.882513
8.468079, 7.955715
8.474542, 8.034706
8.474300, 8.105179
8.480005, 8.187389
8.482086, 8.260632
8.490405, 8.342622
8.500307, 8.410578
f76bdab4-86c6-4740-a869-f080bda37f76
6.712466, 5.605753
6.590240, 5.623898
6.524201, 5.631734
6.448530, 5.640713
6.376789, 5.644704
6.275732, 5.654564
6.185233, 5.673961
6.082246, 5.680892
5.988093, 5.695709
5.908227, 5.714664
5.812759, 5.750368
5.721694, 5.775441
5.631113, 5.798199
5.536994, 5.830570
5.437358, 5.880503
5.370152, 5.900023
5.280714, 5.926001
5.190458, 5.950026
5.095562, 5.979664
5.025920, 6.014636
4.941540, 6.054656
4.848757, 6.096319
4.755131, 6.136042
4.667886, 6.189143
4.577593, 6.236667
4.490845, 6.289495
4.427685, 6.320527
4.367576, 6.338274
4.297214, 6.348020
4.195467, 6.355704
4.094863, 6.369664
4.001254, 6.386924
3.923423, 6.408714
1bc66d28-b0e1-47c3-a8af-20a8bf1c5d71
6.751727, 5.291661
6.684513, 5.294569
6.608665, 5.309305
6.516002, 5.323023
6.424419, 5.338707
6.344039, 5.360889
6.266408, 5.388524
6.204614, 5.393045
6.135836, 5.422539
6.050950, 5.465284
5.949621, 5.502064
5.850814, 5.526681
5.755456, 5.554797
5.699865, 5.579961
5.621511, 5.629282
5.551271, 5.666040
5.484132, 5.689237
5.386565, 5.718472
5.331644, 5.750390
5.228249, 5.808038
5.138406, 5.855709
5.031190, 5.905432
4.947664, 5.951163
4.863965, 6.009048
4.781666, 6.068536
4.698019, 6.126391
4.613189, 6.182495
4.522281, 6.229939
4.433255, 6.278789
4.353954, 6.344015
4.234225, 6.351021
4.133399, 6.363277
3.977367, 6.393841
3.924287, 6.455539
9cb18691-a55b-4a49-8985-052753726e87
6.786165, 4.942418
6.671304, 4.941103
6.595555, 4.932982
6.558420, 4.924485
6.517167, 4.915045
6.455803, 4.904075
6.393983, 4.896064
6.316734, 4.887563
6.271195, 4.878034
6.223241, 4.866472
6.193130, 4.863831
6.136035, 4.864834
6.091770, 4.861120
6.046491, 4.854318
5.992987, 4.841739
5.939934, 4.832341
5.880889, 4.827961
5.801689, 4.825088
5.722444, 4.825208
5.647734, 4.823830
5.578490, 4.824048
5.507774, 4.827266
5.428799, 4.833856
5.352865, 4.840192
5.296537, 4.841888
5.240200, 4.840591
5.182480, 4.837764
5.130174, 4.836701
5.061517, 4.838300
4.998537, 4.845755
4.920244, 4.858038
4.846211, 4.868136
4.779101, 4.877290
4.722939, 4.881930
4.663874, 4.886810
4.593007, 4.898673
4.516623, 4.912975
4.452440, 4.921948
4.396292, 4.926775
4.341328, 4.926994
4.269128, 4.931773
4.185204, 4.939407
4.135969, 4.942382
4.083860, 4.947031
4.031905, 4.953168
3.980147, 4.960789
3.928628, 4.969886
3.869091, 4.986252
