main root
7.110151, 5.200942
7.099899, 5.377422
7.076837, 5.569174
7.070316, 5.726353
7.069996, 5.894201
7.075840, 6.053492
7.075181, 6.241639
7.064317, 6.411511
7.048812, 6.544533
7.015669, 6.733998
6.972320, 6.887165
6.928910, 7.026082
6.891531, 7.166547
6.853313, 7.263987
6.786963, 7.393951
6.749872, 7.494068
6.705857, 7.624006
6.675976, 7.712221
6.637233, 7.830427
6.579752, 7.968451
6.536891, 8.064569
6.526694, 8.128854
6.515151, 8.189049
6.482386, 8.230434
6.474663, 8.397760
6.442175, 8.566463
6.434173, 8.608018
6.394423, 8.841475
6.373630, 8.953818
6.363527, 8.991943
6.356938, 9.040170
6.346086, 9.075357
6.352721, 9.098676
6.345876, 9.170245
6.332293, 9.195704
6.312740, 9.229148
6.302600, 9.261302
6.290263, 9.315328
6.282348, 9.370193
6.268764, 9.411950
6.252098, 9.458317
6.234024, 9.504153
6.217932, 9.557180
6.210184, 9.618828
6.208322, 9.645711
6.187064, 9.654124
6.172032, 9.701092
6.146017, 9.759438
6.113826, 9.887424
6.102933, 9.970212
6.084707, 10.005302
6.084506, 10.040991
6.075825, 10.088597
6.066222, 10.144419
6.051369, 10.192114
6.039041, 10.229807
6.034615, 10.260788
6.032243, 10.323709
6.019537, 10.393422
6.004667, 10.441622
5.986361, 10.480660
5.987836, 10.520774
5.987145, 10.583465
5.983532, 10.639704
5.982934, 10.695691
5.986766, 10.757376
5.996787, 10.822129
6.005762, 10.889907
6.007111, 10.934307
6.008654, 10.985084
6.015079, 11.048676
6.016969, 11.112052
6.021601, 11.189633
b19410a9-00e8-42ee-bde8-d70069210b6f
7.032587, 5.465295
6.975938, 5.477602
6.941537, 5.473721
6.910712, 5.468562
6.884138, 5.465456
6.867453, 5.473107
6.818409, 5.476540
6.791683, 5.479910
7a14047f-d2e8-47f6-bfdd-4a81ed024e1d
7.168264, 5.404245
7.200731, 5.410505
7.240408, 5.420070
7.253221, 5.428249
