main root
6.646397, 4.467435
6.662590, 4.721759
6.671859, 4.802822
6.659314, 5.006269
6.658945, 5.111832
6.676637, 5.208807
6.697248, 5.364652
6.711169, 5.469916
6.711054, 5.565309
6.717252, 5.657743
6.718836, 5.743343
6.705002, 5.804838
6.728023, 5.830155
6.740502, 5.902995
6.743000, 5.970768
6.745419, 6.036341
6.752793, 6.073831
6.771014, 6.150959
6.784933, 6.222893
6.799408, 6.297707
6.813882, 6.372520
6.833362, 6.441683
6.861405, 6.519170
6.883504, 6.589026
6.898974, 6.657776
6.915702, 6.732118
6.932429, 6.806460
6.949156, 6.880802
6.965882, 6.955144
6.979030, 7.027223
6.996186, 7.104595
7.019823, 7.183537
7.036090, 7.253522
7.048778, 7.326793
7.051172, 7.366933
7.070510, 7.473582
7.088000, 7.585860
7.104943, 7.694623
7.132955, 7.819885
7.155901, 7.960478
7.182904, 8.069014
7.235301, 8.221237
7.245297, 8.275685
7.250604, 8.321165
dd40f3f3-be93-433a-8f2f-5bb16cfb8d7c
6.593711, 4.731582
6.501106, 4.789646
6.456650, 4.810051
c217c518-0a09-441c-b4e1-0d9438f79c26
6.614571, 4.847784
6.497751, 4.860195
6.432415, 4.863146
