main root
6.565247, 4.960298
6.620334, 5.255580
6.649852, 5.625548
6.691074, 5.945453
6.696506, 6.172623
6.635853, 6.419621
6.560939, 6.564004
6.431613, 6.808699
6.320633, 6.968884
6.190995, 7.134569
6.041031, 7.332938
5.887721, 7.538649
5.830442, 7.659426
5.772984, 7.837481
5.736017, 8.056312
5.679109, 8.242977
5.592417, 8.491805
5.516370, 8.669497
5.455290, 8.830795
5.412525, 8.996675
5.356623, 9.184082
5.335913, 9.268310
5.325300, 9.311474
fcff8245-bbdd-47b1-9177-cd27471a0c71
6.727265, 5.376736
6.895257, 5.380664
7.056925, 5.285563
7.160949, 5.257729
7.203742, 5.243306
7.245699, 5.225928
7.284799, 5.209731
7.322278, 5.197442
7.360578, 5.188034
7.403869, 5.174319
7.459392, 5.158297
7.516348, 5.138748
7.558105, 5.118086
7.609866, 5.095815
7.662743, 5.076321
7.717460, 5.057744
7.764628, 5.043311
7.811216, 5.032185
7.867754, 5.020223
7.935178, 5.004428
7.979231, 4.998719
8.029610, 4.992191
8.088386, 4.984574
8.137634, 4.972156
8.191115, 4.955582
8.236533, 4.936807
8.299129, 4.910929
8.342497, 4.896240
8.386731, 4.884417
8.416345, 4.878052
8.451701, 4.874369
8.504219, 4.862585
8.545480, 4.853317
8.586738, 4.844041
8.627987, 4.834766
8.669230, 4.825503
8.737159, 4.807970
8.764674, 4.805504
8.813910, 4.802596
8.861094, 4.796810
8.909122, 4.786395
8.964273, 4.769841
9.031160, 4.746639
9.087148, 4.727219
9.125293, 4.717155
9.180465, 4.705696
9.236176, 4.697183
9.293514, 4.689934
9.359418, 4.683110
9.407844, 4.678097
53a9541e-07ca-4b57-b056-0c54fab06baa
6.755999, 6.380776
6.804870, 6.433958
6.867661, 6.502285
6.930675, 6.570857
6.973573, 6.613115
7.009472, 6.644277
7.048287, 6.670045
7.120070, 6.710512
7.169464, 6.741794
7.215127, 6.776027
7.285486, 6.805009
7.338177, 6.838428
7.409543, 6.876375
7.481460, 6.916947
7.565098, 6.976275
7.653764, 7.026202
7.743269, 7.074173
7.848886, 7.128386
7.961022, 7.171716
8.060432, 7.219202
8.144466, 7.259343
8.201850, 7.285096
b7f1ea78-f8c7-43be-8dd7-ae4bca016a7d
6.638244, 6.090421
6.587041, 6.157971
6.540152, 6.217959
6.498189, 6.266358
6.476372, 6.293338
6.428920, 6.356785
6.339270, 6.418373
6.286354, 6.479157
6.233140, 6.527357
6.171131, 6.578113
6.108494, 6.618839
6.054513, 6.676817
6.002606, 6.732558
5.950393, 6.779834
5.893929, 6.830954
5.837460, 6.882070
5.781410, 6.924726
5.749769, 6.976223
5.694914, 7.025098
5.655642, 7.065086
5.590465, 7.131452
5.523543, 7.196593
5.459925, 7.276229
5.384455, 7.353751
5.300289, 7.425037
5.239002, 7.488005
5.167737, 7.602375
5.067318, 7.690240
5.004592, 7.766359
4.904753, 7.897316
4.833699, 7.987028
4.757293, 8.088055
4.697359, 8.174319
4.634557, 8.264711
4.585140, 8.343211
4.533620, 8.421103
4.490835, 8.493306
4.451465, 8.556811
4.412281, 8.625697
4.385970, 8.676208
4.358367, 8.726316
c537ef05-e51c-4df9-b386-e7ea585d87c0
6.659732, 5.773045
6.528523, 5.841938
6.448204, 5.879448
6.384730, 5.915169
6.280411, 5.970820
6.197336, 6.029865
6.106438, 6.091875
6.014375, 6.172521
5.959093, 6.207171
5.909530, 6.241154
5.816643, 6.291609
5.745354, 6.335047
5.673598, 6.393548
5.621999, 6.416619
5.547169, 6.454619
5.458314, 6.487946
5.395699, 6.524720
5.311587, 6.566801
5.235866, 6.604684
5.167718, 6.638778
5.113975, 6.668018
5.084287, 6.689283
f632a699-f034-43f6-98fd-b804c9209945
6.641786, 5.692851
6.532408, 5.766204
6.494307, 5.825471
6.356944, 5.926442
6.216297, 6.020122
6.108173, 6.088541
6.087173, 6.173407
6.056433, 6.216785
6.033051, 6.251855
5.998997, 6.301187
5.943919, 6.362318
5.914079, 6.391048
5.879425, 6.420258
5.842558, 6.451332
5.797424, 6.487418
5.744055, 6.533920
5.686602, 6.583982
5.641916, 6.622918
5.597085, 6.663966
5.546939, 6.713938
5.504960, 6.755774
5.462979, 6.797609
5.420995, 6.841562
5.384541, 6.884059
5.353490, 6.929452
5.310859, 6.994425
5.274990, 7.057278
5.247221, 7.108955
5.218090, 7.141592
b5af7e61-1053-4dc4-816a-d71d498a7d89
6.549821, 5.535432
6.461046, 5.565287
6.280262, 5.600581
6.191009, 5.626997
6.102465, 5.655162
6.023849, 5.684521
5.934755, 5.708812
5.843340, 5.729374
5.753855, 5.753815
5.660884, 5.770486
5.567403, 5.780838
5.492642, 5.801763
5.438668, 5.812997
5.349587, 5.837983
5.270002, 5.864612
5.181681, 5.894165
5.094925, 5.912103
4.994926, 5.930620
4.914856, 5.953882
4.822984, 5.974002
4.740279, 5.992115
4.648627, 6.010033
4.556595, 6.034491
4.468255, 6.071101
4.382214, 6.106758
4.297197, 6.144267
4.218506, 6.176719
4.121948, 6.209675
4.038609, 6.231546
3.959526, 6.258732
3.883755, 6.293551
3.799132, 6.332438
3.714510, 6.371324
3.626607, 6.404774
3.550881, 6.440246
3.476736, 6.479558
3.394448, 6.523188
3.315749, 6.572057
3.245274, 6.618259
3.177456, 6.667681
3.115870, 6.712560
3.075213, 6.749597
3.018484, 6.809372
2.976063, 6.847548
2.927401, 6.889328
0fff7997-00a4-442c-beb1-6a4ee35d7c14
6.500071, 5.292164
6.380058, 5.311756
6.306193, 5.313205
6.232124, 5.304361
6.186766, 5.301960
6.158701, 5.292981
6.132494, 5.284595
6.100776, 5.280732
6.055424, 5.278224
6.014735, 5.274474
5.969031, 5.265753
5.917378, 5.257421
5.868938, 5.248091
5.837110, 5.238912
5.790648, 5.215268
5.762603, 5.197638
5.690121, 5.143856
5.615423, 5.108889
5.555777, 5.085926
5.492569, 5.061591
5.458907, 5.045424
5.413470, 5.016959
5.374724, 4.999752
5.318587, 4.976458
5.265797, 4.961035
5.188946, 4.941701
5.136917, 4.923981
5.086929, 4.908538
5.051946, 4.891465
5.005996, 4.874034
4.962601, 4.862377
4.898974, 4.849578
4.853946, 4.843574
4.813663, 4.836694
4.763591, 4.828141
4.723590, 4.819789
4.675633, 4.808249
4.612232, 4.813793
4.562078, 4.810705
4.501517, 4.809698
4.463345, 4.810478
4.421018, 4.811343
4.375760, 4.815262
4.316714, 4.820375
4.257665, 4.825489
4.199978, 4.828982
4.150671, 4.830468
4.099894, 4.831998
4.042101, 4.832243
3.988948, 4.836958
3.918758, 4.846190
3.859997, 4.853918
3.802527, 4.859967
3.753339, 4.863639
3.705444, 4.864212
3.647657, 4.863408
3.596860, 4.862699
3.537600, 4.861874
3.478340, 4.861048
3.426627, 4.863321
3.369473, 4.870327
3.300944, 4.880235
3.249400, 4.889200
3.199352, 4.897905
3.140958, 4.908061
3.106725, 4.912497
42003cc1-fd90-4186-94b1-2722f1039500
6.434217, 5.325478
6.434833, 5.363473
6.418097, 5.415679
6.410343, 5.439866
19f6c068-060a-450b-a43f-8fdc04d2a260
6.741480, 5.666167
6.777703, 5.710331
6.813512, 5.767801
6.837955, 5.804199
6.866277, 5.846373
6.896062, 5.893409
6.909117, 5.922418
6.929966, 5.968744
6.943383, 6.005849
6.951787, 6.037891
6.966384, 6.091210
b8a12abb-0d07-4ea3-b9b6-016d199c5358
6.583416, 4.975748
6.380177, 5.105853
6.370985, 5.002719
6.315790, 4.948132
6.336765, 4.875212
6.332358, 4.831023
6.322109, 4.783614
6.312095, 4.742922
6.295090, 4.675720
6.281586, 4.646761
6.258917, 4.619397
6.223747, 4.598057
6.171745, 4.573465
6.141317, 4.575628
6.078650, 4.576156
ee4342c5-2577-480c-a041-157fcd522de5
6.477686, 5.154351
6.291804, 5.082430
6.220637, 5.063547
6.188389, 5.030494
6.156288, 4.996521
6.110293, 4.965282
6.088182, 4.946651
6.055819, 4.919383
6.014663, 4.900365
5.972271, 4.884078
5.934702, 4.868040
5.897747, 4.850637
5.857762, 4.826844
5.826375, 4.811651
5.795609, 4.801746
5.744207, 4.798478
5.688348, 4.810912
5.636912, 4.805582
5.591814, 4.798898
5.552401, 4.794365
5.478698, 4.778457
5.428897, 4.775846
5.373175, 4.780964
5.344187, 4.779925
5.298785, 4.781293
5.259376, 4.779486
5.227748, 4.784027
5.183310, 4.793433
5.151569, 4.795560
5.119891, 4.797684
d6965e50-419e-4678-a955-1e0b52170820
6.442545, 5.070571
6.336633, 5.080549
6.235802, 5.025388
6.154543, 4.967062
6.125491, 4.940367
6.095879, 4.913157
6.072946, 4.896150
6.048355, 4.881640
6.026480, 4.868733
6.002256, 4.867416
5.958923, 4.857606
5.929373, 4.842556
5.901529, 4.823987
5.880398, 4.809894
5.797140, 4.802719
5.706842, 4.780402
5.670212, 4.775962
5.623282, 4.771741
5.570827, 4.768546
5.498426, 4.779327
5.409831, 4.776812
