main root
6.562535, 4.836530
6.539529, 5.020004
6.535565, 5.137125
6.529911, 5.424721
6.528835, 5.546439
6.503262, 5.778353
6.495974, 5.975565
6.463517, 6.113263
6.407111, 6.172648
6.364832, 6.203736
6.327167, 6.229772
6.172942, 6.292715
6.107234, 6.351100
6.052712, 6.531558
6.016453, 6.680248
6.006143, 6.776116
5.999827, 6.854476
6.022850, 6.958321
6.015646, 7.040676
6.000521, 7.094598
5.983942, 7.153701
5.966540, 7.199114
e0d2cc39-8d36-4498-9325-7012ef82c00f
6.634387, 4.944466
6.693693, 5.000219
6.826671, 5.122772
6.892064, 5.168974
6.954059, 5.199637
7.033484, 5.235647
7.090864, 5.240756
7.124747, 5.246797
7.160020, 5.243907
7.216757, 5.230249
77af2dd3-8bcf-43c7-893f-ed96b6f2595b
6.561856, 5.237884
6.754169, 5.266672
6.825115, 5.287183
6.924913, 5.312264
816a9379-6898-4e9a-b2c7-84816270a64a
6.555494, 5.045779
6.688247, 5.249928
6.712086, 5.386519
6.702162, 5.438180
6.692730, 5.473994
6.690055, 5.504102
6.692305, 5.546437
6.702084, 5.589445
6.713646, 5.626788
6.768299, 5.726000
6.789765, 5.771172
6.810759, 5.815927
6.821546, 5.838923
f8a85b3e-7f03-4ca9-88b7-7e05fce7733e
6.441898, 5.005724
6.302629, 5.040395
6.141918, 5.056338
6.095357, 5.059456
6.040249, 5.069652
5.984335, 5.042201
5.927104, 5.026391
5.861680, 5.020371
5.831504, 5.022103
1fed5354-8383-41cb-ba12-c0a8dc493b8f
6.475463, 5.178030
6.356408, 5.277621
6.285454, 5.326472
6.251769, 5.345926
6.228710, 5.362604
6.221985, 5.384170
6.191293, 5.436835
6.170442, 5.469298
6.158914, 5.500770
6.147427, 5.536478
