main root
6.464809, 4.963532
6.484238, 5.158793
6.498539, 5.278919
6.522058, 5.494392
6.538417, 5.663378
6.552221, 5.839805
6.573995, 6.014516
6.584144, 6.170118
6.596502, 6.306928
6.611692, 6.431916
6.604574, 6.547920
6.611351, 6.677457
6.604402, 6.796281
6.596101, 6.901986
6.583579, 7.007345
6.570607, 7.151623
6.553033, 7.276744
6.532173, 7.410254
6.513876, 7.527363
6.496885, 7.636111
6.469485, 7.742952
6.450450, 7.842717
6.427224, 7.941876
6.408086, 8.032802
6.390648, 8.115656
6.369359, 8.206592
6.354290, 8.289155
6.330980, 8.350191
6.314268, 8.419130
6.300724, 8.500419
6.293121, 8.582475
6.249241, 8.662635
6.224315, 8.737825
6.206032, 8.821508
6.194339, 8.903084
6.175911, 8.968352
6.152694, 9.058327
6.129425, 9.140201
6.108391, 9.221797
6.089369, 9.303893
6.074750, 9.404469
6.071384, 9.490060
6.057477, 9.538960
6.033092, 9.602822
6.021806, 9.680269
6.008286, 9.752281
6.007254, 9.806452
6.008738, 9.885691
6.004067, 9.956006
6.006699, 10.006730
6.016936, 10.088498
6.021389, 10.160213
6.026637, 10.244713
6.028188, 10.317965
6.039825, 10.372656
6.050358, 10.443729
6.064758, 10.526752
6.076334, 10.593493
6.089357, 10.668573
6.100649, 10.742434
6.115430, 10.825398
6.122102, 10.888448
6.130382, 10.924013
6.147537, 10.991098
6.169779, 11.059956
6.183062, 11.120550
6.197596, 11.193847
6.216016, 11.276083
6.230822, 11.342180
6.249266, 11.417670
6.267447, 11.500821
6.280133, 11.565851
6.296345, 11.648952
6.307694, 11.707122
6.320797, 11.766475
6.335184, 11.850875
6.341689, 11.906853
6.341891, 11.960466
6.342028, 11.996452
6.348135, 12.027816
6.359466, 12.085992
6.379169, 12.182325
6.383626, 12.226522
6.383825, 12.311175
6.385464, 12.371935
6.382454, 12.426813
6.377816, 12.511352
6.374570, 12.570532
6.362849, 12.620251
6.356274, 12.680758
6.347125, 12.764936
6.342049, 12.825502
6.339832, 12.887791
6.340007, 12.967042
6.343174, 13.046222
6.344665, 13.120923
6.350383, 13.182462
6.355022, 13.248551
6.361361, 13.317508
97da9627-6cd2-4c84-b1a4-fea534d006cd
6.406279, 5.212945
6.361972, 5.228781
6.333704, 5.237768
6.266926, 5.249577
6.208224, 5.262998
6.158515, 5.277433
6.079223, 5.309810
6.007040, 5.342518
5.946399, 5.363423
5.893183, 5.398192
5.827658, 5.448155
5.765935, 5.502747
5.723903, 5.527933
5.644011, 5.575806
5.578651, 5.614970
5.513807, 5.652081
5.443280, 5.694881
5.403770, 5.724110
bc0c2c3c-4fab-4c6a-a403-3cafc1f301ba
6.591432, 5.196418
6.648397, 5.210316
6.692270, 5.213879
6.736520, 5.219045
6.767010, 5.228845
6.805418, 5.242763
6.847063, 5.254670
6.903493, 5.266133
6.955041, 5.275077
6.999904, 5.287419
7.052566, 5.298800
7.108720, 5.312468
7.145491, 5.319878
e43ab3d1-4a5f-4f79-805a-bfd57492b7f1
6.442035, 5.346098
6.381054, 5.368246
6.330834, 5.392947
6.246585, 5.446172
6.173537, 5.489867
6.126573, 5.527627
6.066956, 5.577479
6.012619, 5.630720
5.971084, 5.672036
9e55f6a3-f3f1-4ecc-aa32-c0448ebcbbaa
6.469346, 5.590685
6.419170, 5.592088
6.318761, 5.613915
6.251892, 5.625773
4900bb26-b2c8-4b4e-85d6-ae35e8ebdcba
6.524150, 6.136135
6.475756, 6.158467
6.438683, 6.173643
6.367040, 6.207821
6.324971, 6.241438
58160d32-f69e-416f-9da0-932adfb8e05f
6.599767, 5.871633
6.684274, 5.877747
d831a132-f86e-421a-927f-89f7c3f72cfc
6.559069, 6.409161
6.521599, 6.419912
6.446080, 6.449527
6.384714, 6.464644
d97047e6-e74f-487c-9edd-8f71da9fd0cb
6.667932, 6.436778
6.708432, 6.452875
6.756836, 6.469489
6.814891, 6.489417
d42f94e3-6a32-4def-b753-b6ec0d9fc56d
6.591300, 7.344833
6.644588, 7.367291
6.700150, 7.396991
6.730725, 7.427614
451c83be-ce83-4372-bf99-9849f3a5ae0f
6.388100, 7.996767
6.332440, 8.003979
58932d91-b398-47e8-9e72-e28f213f358b
6.369670, 8.390412
6.447961, 8.425158
6.491111, 8.457092
