main root
6.837119, 5.291228
6.824451, 5.483660
6.780270, 5.751925
6.776153, 5.928241
6.776717, 6.139374
6.777160, 6.305149
6.777499, 6.432154
6.777793, 6.542217
6.767507, 6.652037
6.766877, 6.771888
6.762036, 6.890066
6.759643, 7.000183
6.763383, 7.119343
6.771827, 7.255317
6.779699, 7.382071
6.793907, 7.509233
6.806235, 7.633292
6.819797, 7.769769
6.840130, 7.923574
6.854030, 8.075746
6.869463, 8.241130
6.893511, 8.409341
6.906986, 8.518548
6.920465, 8.627790
6.936018, 8.753838
6.937099, 8.864135
6.927835, 8.989881
6.913771, 9.123960
6.894343, 9.248806
6.888581, 9.340711
6.895008, 9.441124
6.906267, 9.550809
6.919617, 9.660138
6.929754, 9.777966
6.932669, 9.885897
6.924337, 9.969093
6.905973, 10.067551
6.873373, 10.173099
6.862555, 10.265483
6.843470, 10.373897
6.825853, 10.473964
6.810918, 10.583207
6.791831, 10.691579
6.772738, 10.799982
6.763779, 10.899645
6.763905, 10.992218
6.761927, 11.085591
6.751356, 11.185185
6.729246, 11.293247
6.708880, 11.392790
6.686817, 11.500622
6.678689, 11.592816
6.667653, 11.693920
6.660851, 11.795216
6.658841, 11.887949
6.645930, 11.995367
6.625560, 12.111798
6.605953, 12.211597
6.586368, 12.311289
6.576852, 12.403365
6.561010, 12.469299
6.558013, 12.507389
6.560024, 12.558140
6.572368, 12.642893
6.573170, 12.710701
6.580820, 12.820859
6.592803, 12.903621
6.602945, 12.988127
6.613032, 13.072191
6.619799, 13.146232
6.628668, 13.197708
6.626480, 13.297349
6aa784d8-bd66-446a-906c-34434ee4f051
6.741628, 5.535023
6.622315, 5.461378
6.587328, 5.461440
6.563486, 5.459921
6.550124, 5.469216
6.497457, 5.484440
6.422134, 5.492649
6.370304, 5.499802
6.303207, 5.509063
6.243221, 5.518853
6.183109, 5.533213
6.123092, 5.553707
6.048182, 5.584030
5.967357, 5.612272
5.929228, 5.622427
5.904683, 5.628964
5.878016, 5.639165
5.850838, 5.655970
5.792853, 5.689988
5.759766, 5.704194
5.713875, 5.722267
5.667452, 5.738942
5.618742, 5.758030
5.571446, 5.776563
5.517108, 5.796246
5.453422, 5.819318
5.416508, 5.831098
5.366428, 5.848376
