main root
6.777588, 5.125509
6.728670, 5.319091
6.677350, 5.592442
6.636714, 5.831134
6.620519, 6.032646
6.595627, 6.194902
6.579154, 6.341568
6.558027, 6.453923
6.545093, 6.568455
6.526897, 6.712038
6.516161, 6.879229
6.516911, 7.064517
6.511429, 7.223745
6.518460, 7.365314
6.520336, 7.487949
6.537088, 7.634661
6.546305, 7.752566
6.554882, 7.862292
6.549668, 7.957540
6.552091, 8.068131
6.554501, 8.178166
6.552346, 8.271843
6.548094, 8.365142
6.546331, 8.449395
6.540395, 8.534810
6.538168, 8.627543
6.531957, 8.699128
6.521937, 8.745364
6.522660, 8.939903
6.510925, 9.004176
6.505477, 9.067364
6.501658, 9.146528
6.495139, 9.219507
6.482928, 9.288913
6.469726, 9.363968
6.454095, 9.435555
6.437840, 9.510008
6.414729, 9.573772
6.388763, 9.645416
6.376853, 9.687061
6.360595, 9.765692
6.347919, 9.841779
6.342380, 9.893245
6.342482, 9.948242
6.348622, 10.030423
6.357509, 10.109179
6.359435, 10.179626
6.361517, 10.255804
6.369748, 10.337801
6.368108, 10.396391
6.358916, 10.498015
6.354530, 10.546500
6.350968, 10.607437
5d0d70b7-5b22-4cba-99cb-0ae00a82297b
6.763299, 5.289083
6.631815, 5.275121
6.603076, 5.267553
6.586288, 5.273480
6.531469, 5.274189
6.500040, 5.280707
b0ca1db3-8416-48f0-b389-752b2cbb709b
6.808188, 5.428890
6.849619, 5.444083
6.913234, 5.458449
6.963448, 5.482126
5eed89f2-b4e5-44ae-ac7e-43b71faa5abc
6.826679, 5.123982
6.986811, 5.193945
7.065152, 5.225741
7.136084, 5.245449
7.177069, 5.258389
d6b80e49-683c-4a65-a6b4-69e9c9c507dd
6.860523, 5.247658
6.905626, 5.268733
48d985ff-22af-49f6-97bc-ec4aaf4a8bd1
6.897232, 5.082015
6.950952, 5.103388
6.982321, 5.114573
