main root
6.298527, 4.964492
6.239922, 5.194834
6.206642, 5.337097
6.198772, 5.426040
6.188117, 5.568810
6.170601, 5.722270
6.157273, 5.857455
6.141476, 5.974658
6.122596, 6.083064
6.116933, 6.188994
6.105990, 6.315062
6.083851, 6.423288
6.077135, 6.519476
6.070646, 6.612387
6.053585, 6.705739
6.051413, 6.787820
6.046840, 6.881096
6.046982, 6.962904
6.055556, 7.055075
6.059357, 7.128246
6.067182, 7.238108
6.077273, 7.321418
6.096434, 7.404897
6.100150, 7.447851
6.103478, 7.521039
6.106937, 7.597157
6.112467, 7.652873
6.120967, 7.708213
6.139362, 7.788534
6.163545, 7.867307
6.176556, 7.935191
6.193618, 8.035447
6.199801, 8.098548
6.207010, 8.156769
6.223680, 8.230497
6.236827, 8.295434
6.252033, 8.362991
6.268695, 8.430203
6.283180, 8.494854
6.296201, 8.559817
6.316560, 8.630923
6.322349, 8.683773
6.334558, 8.775897
6.348499, 8.846904
6.345734, 8.902744
6.339272, 8.942431
6.348934, 9.008657
6.357017, 9.074414
6.370284, 9.145548
6.377466, 9.208542
6.385137, 9.275838
6.381671, 9.324714
6.377329, 9.385943
6.366685, 9.437697
6.339370, 9.646814
6.339243, 9.705573
6.331666, 9.748868
6.328994, 9.807569
6.328112, 9.859878
6.322841, 9.906101
6.318405, 9.958228
6.310904, 9.993445
6.301474, 10.044905
6.291116, 10.093127
6.279299, 10.141013
6.263846, 10.184895
6.249718, 10.238536
6.235714, 10.285830
6.228364, 10.347558
6.210410, 10.386121
6.190767, 10.497672
6.188034, 10.556359
6.181690, 10.596069
6.172440, 10.644508
6.161726, 10.692646
6.149560, 10.740438
6.135951, 10.787836
6.125014, 10.842208
6.109139, 10.883186
6.095068, 10.940228
6.084000, 10.991349
6.069817, 11.035650
6.057239, 11.089665
6.044605, 11.137333
6.032658, 11.188256
6.019946, 11.235906
6.005795, 11.283146
5.992227, 11.333663
5.975885, 11.377213
5.964171, 11.438252
5.953031, 11.472495
5.947399, 11.504325
5.866737, 11.722300
5.871154, 11.816970
5.855839, 11.927807
5.836629, 12.035914
5.810368, 12.159695
5.774684, 12.297943
5.736962, 12.427381
5.705308, 12.551006
5.680043, 12.658213
5.662737, 12.740686
5.648393, 12.809048
5.630001, 12.860263
5.521565, 13.065688
5.498084, 13.151858
5.482012, 13.205166
5.466180, 13.242133
5.430449, 13.270326
5.341317, 13.350767
4.638102, 13.427657
eecb776e-7fc2-4483-8a76-83b299756f67
7.154210, 5.440846
7.136603, 5.505312
7.101181, 5.549921
7.053009, 5.642245
0adc6b7a-175d-42d7-a90c-34f021b48b9a
6.318088, 5.079894
6.357265, 5.088038
6.401396, 5.100263
6.436884, 5.136107
6.477934, 5.136541
6.548334, 5.161932
6.596346, 5.184023
6.629160, 5.195826
6.741200, 5.223441
6.798943, 5.245853
6.851267, 5.285641
6.887513, 5.316963
6.938691, 5.355254
6.981955, 5.391364
7.022581, 5.425272
7.071639, 5.458418
7.098596, 5.473018
7.153242, 5.495807
7.217731, 5.514593
7.305433, 5.572255
7.349041, 5.604509
7.473144, 5.641085
7.533053, 5.668104
7.631548, 5.717168
7.725100, 5.775588
7.789416, 5.810861
7.835812, 5.836307
7.897164, 5.856013
7.981013, 5.873513
8.062690, 5.884445
8.097614, 5.923905
8.137705, 5.925027
8.240911, 5.971531
8.317634, 6.008378
8.384684, 6.035596
8.441559, 6.058685
8.489998, 6.079410
8.606922, 6.090928
8.646023, 6.105306
8.695622, 6.121951
8.738097, 6.140940
8.782496, 6.162429
8.828317, 6.182942
8.855409, 6.193433
8.898721, 6.205388
8.953212, 6.215770
9.001363, 6.226468
9.052737, 6.236350
9.104373, 6.244759
9.159666, 6.249214
9.208690, 6.254665
9.260831, 6.258956
9.306617, 6.267230
9.351390, 6.279883
9.405816, 6.290598
9.450385, 6.303949
9.498555, 6.313693
9.527909, 6.321158
9.559804, 6.323092
9.766300, 6.413504
9.799259, 6.427937
9.872425, 6.427920
10.115794, 6.477632
10.189661, 6.505678
10.309388, 6.548891
10.425202, 6.580230
10.554112, 6.608605
10.668644, 6.638136
10.790833, 6.671809
10.889748, 6.694679
10.980246, 6.717763
11.044062, 6.735586
06e5cf16-1f46-4d2c-a46d-8eff076c0070
7.290519, 5.420539
7.330123, 5.387567
7.379973, 5.351907
7.412682, 5.328509
0577e309-12bd-4901-bed8-07e86dd97708
6.270798, 5.443066
6.333949, 5.486539
6.385643, 5.519558
6.458634, 5.551774
6.533634, 5.576772
6.666942, 5.621460
6.805466, 5.649841
7.141583, 5.715587
7.302022, 5.707547
7.383030, 5.721843
952a503d-3202-486b-8e14-406c08cda6eb
6.237472, 5.141187
6.131291, 5.270449
6.074758, 5.315093
5.973845, 5.389349
5.844108, 5.433024
5.765988, 5.463697
5.724057, 5.473731
5.674808, 5.482436
5.564576, 5.505761
5.512990, 5.526590
5.440674, 5.559019
5.383719, 5.569796
5.329950, 5.576925
5.273089, 5.596809
5.221622, 5.624320
5.154418, 5.660245
5.106474, 5.679085
5.058070, 5.696498
4.982310, 5.708521
4.907726, 5.720252
4.829646, 5.738486
4.760568, 5.748364
4.704160, 5.756132
4.675469, 5.793411
4.611122, 5.809472
4.553319, 5.815180
4.458871, 5.816052
4.366254, 5.821115
4.287344, 5.828425
4.210118, 5.837083
4.167250, 5.846063
4.124976, 5.841360
3.893094, 5.819323
3.828734, 5.839849
3.747557, 5.873511
3.683343, 5.890983
3.590351, 5.907566
3.496864, 5.917826
3.395560, 5.926817
3.314659, 5.944615
3.214907, 5.964394
3.148465, 5.977567
3.085555, 5.985463
3.032372, 5.990048
2.982266, 5.992450
be53d5e7-f9af-42e4-8e8e-45612549c724
6.157157, 5.502028
6.126611, 5.520331
6.079657, 5.525174
5.979917, 5.554056
5.920977, 5.564891
5.854278, 5.578914
5.797005, 5.581777
5.752578, 5.588493
5.647590, 5.596536
5.574366, 5.599144
5.462016, 5.629502
5.356886, 5.623797
5.215622, 5.631816
5.017222, 5.687895
4.539699, 5.798524
5431c77a-3ce1-484e-b50c-f3b5ef0a3487
6.249346, 5.218593
6.309372, 5.215686
6.332328, 5.195565
6.366651, 5.167930
6.460187, 5.235058
6.476766, 5.250534
6.473802, 5.269776
6.477519, 5.301172
6.479693, 5.358152
6.491643, 5.413916
6.520118, 5.436781
6.550667, 5.486637
6.571525, 5.517813
6.578081, 5.535515
6.604481, 5.606806
6.869587, 5.797032
6.910031, 5.833698
6.962329, 5.879089
7.020448, 5.935974
c4a02876-ddb5-4de6-8df6-93cbf55c830f
6.240716, 5.638325
6.269146, 5.643141
6.349770, 5.627886
6.449730, 5.632181
6.519621, 5.641177
6.621514, 5.660692
6.704696, 5.678734
6.765887, 5.687413
6.810610, 5.702523
6.898652, 5.701741
6.998949, 5.733784
7.071537, 5.756974
7.149091, 5.769180
7.219232, 5.784765
7.279155, 5.798079
7.322569, 5.816617
7.499647, 5.836672
7.720347, 5.870859
8.060893, 5.884311
ab26b7d7-e15d-4be6-898a-8685555c60fd
6.166182, 5.818343
6.112362, 5.818457
6.057852, 5.838512
5.925868, 5.827572
5.789223, 5.854158
5.691327, 5.867354
5.568254, 5.872438
5.512662, 5.868736
5.481291, 5.887246
5.399289, 5.901687
5.335848, 5.902181
5.251190, 5.902840
5.176484, 5.901926
5.127804, 5.901329
5.005787, 5.856610
4.966845, 5.854732
4.883243, 5.856928
4.798604, 5.859152
4.704342, 5.853212
4.594492, 5.846289
4.533231, 5.842428
4.495194, 5.846027
4.424305, 5.854240
4.374109, 5.852521
82c7be71-efa8-494c-8021-a0877c75e37e
6.315315, 8.932667
6.284452, 8.956278
6.282195, 8.966335
6.175458, 9.007079
6.154577, 9.009772
6.152686, 9.024388
6.128822, 9.041001
6.100036, 9.057392
6.051326, 9.076515
6.016985, 9.091607
5.968167, 9.117967
5.925279, 9.136024
5.915122, 9.164699
5.852892, 9.210855
5.787827, 9.231480
5.714150, 9.257818
5.643288, 9.282990
5.571376, 9.310125
5.526977, 9.313580
5.481193, 9.314137
5.419744, 9.330416
5.365077, 9.361926
5.295746, 9.383924
51e983b4-5318-499b-b151-e32e2175eba7
6.255784, 8.351960
6.292043, 8.345401
6.351510, 8.358899
6.429118, 8.361390
6.497536, 8.371073
6.569575, 8.384294
6.641453, 8.381328
6.723300, 8.371958
6.771923, 8.370912
6.834907, 8.375764
6.969221, 8.353168
7.021896, 8.348859
7.072192, 8.350987
7.135534, 8.366122
7.208365, 8.377036
7.281183, 8.379559
7.351153, 8.387974
7.409477, 8.385941
7.485637, 8.383288
7.538422, 8.385942
7.596456, 8.395090
7.638652, 8.403256
1c489c46-cd5f-4f97-a14a-a4b3c46c749d
6.128674, 7.336734
6.192524, 7.352195
6.268295, 7.369002
6.340806, 7.386619
6.405853, 7.402989
6.487394, 7.407892
6.536171, 7.412250
6.581554, 7.420735
6.639889, 7.423954
6.678548, 7.427510
6.723909, 7.436116
6.775238, 7.444253
6.804214, 7.447256
6.913714, 7.430841
6.941402, 7.431151
6.993353, 7.430162
7.046506, 7.424582
7.075123, 7.450740
7.158906, 7.471165
7.285082, 7.468813
7.377643, 7.462880
7.447350, 7.458412
7.501619, 7.460568
14c3d54f-0100-4365-8baa-6fad0d95c555
6.133910, 6.767129
6.172500, 6.776533
6.232033, 6.784719
6.315225, 6.785690
6.369736, 6.794621
6.442844, 6.806600
6.481792, 6.809948
6.561427, 6.814260
6.643606, 6.822828
6.711176, 6.837396
6.822855, 6.841181
6.861093, 6.848467
6.900599, 6.855994
6.997926, 6.845909
7.066834, 6.846292
7.139770, 6.849729
7.218762, 6.850492
7.297729, 6.848300
7.376558, 6.843154
7.460759, 6.828659
7.505073, 6.825585
7.552304, 6.828311
3654b83b-2f86-4abb-b49f-63dc879758d9
6.243217, 5.130244
6.158434, 5.124797
6.113187, 5.103234
6.080536, 5.090989
5.989408, 5.076455
5.914183, 5.064461
5.861920, 5.056133
5.771398, 5.022614
5.702286, 5.006605
5.653063, 4.996739
5.482167, 4.929011
5.438957, 4.928872
5.385018, 4.924595
5.331851, 4.907718
5.268076, 4.894094
5.199692, 4.887968
5.123793, 4.881169
5.044476, 4.883081
4.983502, 4.876847
8e405345-3f99-4ef6-bf23-c89f733d28e4
6.252490, 8.943292
6.194779, 8.937899
6.160594, 8.933190
6.133756, 8.930994
6.076730, 8.932334
6.024405, 8.915978
5.925255, 8.885767
5.907909, 8.889134
5.862092, 8.887860
5.807186, 8.875063
5.757714, 8.863532
5.713156, 8.857756
539fd5a9-e04a-4f6d-9cba-d77d28cdaf22
6.410564, 9.202323
6.468555, 9.200665
6.511405, 9.205428
6.573442, 9.209312
6.635766, 9.210215
6.696545, 9.209598
6.736970, 9.204697
6.785014, 9.194349
6.839040, 9.179649
6.869677, 9.171314
6.889963, 9.136922
6.859744, 9.118587
6.833405, 9.114480
6.815840, 9.094940
6.802595, 9.055629
6.812658, 9.018902
6.827109, 8.971827
6.836175, 8.947392
fdcbe935-60e5-4166-9b04-31366e312c52
6.389324, 9.327958
6.416563, 9.368889
6.427927, 9.394071
6.446844, 9.439628
6.464369, 9.485734
6.480487, 9.532353
6.498991, 9.581292
6.508291, 9.610120
6.558552, 9.694048
6.577038, 9.724917
6.594193, 9.747739
6.628010, 9.782764
6.644639, 9.822229
85216214-e333-4367-b255-60fcace07fcf
6.128238, 6.415769
6.141798, 6.420197
6.202037, 6.438291
6.251239, 6.468916
6.435525, 6.482389
6.493090, 6.482553
6.563021, 6.501696
6.623147, 6.510871
6.665206, 6.536169
65a66876-2c55-4644-b1cc-78853c1b9234
6.154749, 6.190662
6.200336, 6.177571
6.232080, 6.166592
6.248105, 6.167625
6.275432, 6.169513
6.295871, 6.162107
6.333655, 6.151640
6.364390, 6.133808
6.406693, 6.127127
6.456515, 6.113538
6.528458, 6.101449
6.553507, 6.097239
6.574376, 6.068337
6.648953, 6.015269
6.696186, 5.998170
6.718274, 5.993358
d7683a75-c0d0-475e-8dc5-f285e5c4a7cf
6.130649, 6.043439
6.066136, 6.057664
6.051227, 6.074389
6.012298, 6.133515
5.989671, 6.185992
6.005893, 6.387379
6.003096, 6.408581
5.996922, 6.432503
5.986308, 6.461650
5.978681, 6.491343
5.968149, 6.532343
5.962907, 6.558766
6a037f8a-eb1b-4e10-b1da-eb8967c1eb73
6.349726, 9.955005
6.386758, 9.981909
6.434161, 10.022178
6.484680, 10.079144
6.504329, 10.105814
6.527345, 10.139576
6.543454, 10.168520
6.557933, 10.203770
6.576201, 10.232487
6.608530, 10.274940
6.654576, 10.327997
6.689985, 10.366513
6.717954, 10.399148
6.733662, 10.424377
6.754391, 10.449175
6.779577, 10.476971
6.796632, 10.495793
2dd999fb-8812-45a8-8247-f8442de9b176
6.272960, 9.672660
6.211054, 9.681014
6.088867, 9.693570
6.004646, 9.702226
5.924842, 9.714940
5.867161, 9.725645
5.819540, 9.733661
d7b376e2-5b8e-4113-b034-83f4a6c2b0f3
6.371167, 9.608255
6.596944, 9.630834
6.636025, 9.631740
6.678351, 9.632720
6.711399, 9.626001
6.760014, 9.624202
