main root
7.111039, 4.140814
7.077699, 4.290432
7.047720, 4.422470
7.009215, 4.542667
6.975656, 4.729024
6.939086, 4.950446
6.918117, 5.126914
6.869371, 5.201840
6.833588, 5.264231
6.743421, 5.387648
6.699315, 5.474231
6.631445, 5.641529
6.564981, 5.803505
6.529460, 5.923733
6.440488, 5.990542
6.326672, 5.990315
6.189908, 6.032299
6.118797, 6.094890
6.071981, 6.193383
6.030305, 6.285988
6.011708, 6.338253
5.991043, 6.378469
5.971375, 6.420020
5.954881, 6.458363
5.947196, 6.487596
5.935345, 6.538558
5.927195, 6.593432
5.923514, 6.648785
5.918749, 6.697883
5.914981, 6.752186
5.905483, 6.801382
7f6e36a7-e8b9-42da-9c86-01de95ecc9f6
6.937014, 4.540000
6.875850, 4.521299
6.836109, 4.504395
6.793156, 4.514484
6.757074, 4.535083
6.722077, 4.550612
6.682355, 4.572126
6.644712, 4.594215
6.584848, 4.606790
6.554933, 4.611543
6.526118, 4.620668
6.498978, 4.633972
6.449938, 4.666346
6.408818, 4.688111
6.363917, 4.711877
6.317167, 4.739796
187ae8c4-c02d-4909-aeb2-daeb992c4e82
7.022790, 4.491886
6.917608, 4.548298
6.865451, 4.602885
6.817382, 4.642055
6.778979, 4.671419
6.739127, 4.703776
6.686762, 4.744364
6.630832, 4.804757
6.584242, 4.839647
6.532132, 4.865580
6.506904, 4.904102
6.443918, 4.972244
6.369880, 5.049224
6.311187, 5.110251
6.258362, 5.165174
6.221680, 5.203313
4bff2c34-fc4b-4de5-a7c2-ff0c46ed1495
6.974758, 4.732174
6.858110, 4.854343
6.795407, 4.894453
6.697778, 4.914060
6.597674, 4.932006
6.515122, 4.948914
4e6330c9-28fa-4574-aedd-9697d1f0e067
7.092329, 4.478921
7.158268, 4.525444
7.195438, 4.526768
7.240175, 4.540075
7.287297, 4.574692
7.301962, 4.609549
3449c727-afa2-43c2-80ed-0bfaa06caa3f
7.059370, 4.713540
7.115594, 4.754670
7.160959, 4.786617
7.235174, 4.847427
7.289517, 4.875744
7.349175, 4.913946
7.409279, 4.959821
7.482319, 5.033628
7.516927, 5.079612
eaf4ce2f-cb5c-46ac-8bc4-52602081e836
6.964847, 4.858345
7.077088, 4.981951
7.124693, 5.044295
7.141390, 5.066164
7.165192, 5.087479
7.192564, 5.103956
7.232929, 5.124762
7.268530, 5.144795
7.327191, 5.192756
7.359737, 5.228892
74a3dacc-cf28-4d82-899e-02115aebd8e3
6.955367, 5.219700
7.076692, 5.284444
7.132241, 5.319177
7.175582, 5.344511
