main root
6.735709, 5.209092
6.730716, 5.314754
6.722544, 5.428645
6.703802, 5.584117
6.688094, 5.718085
6.673922, 5.838950
6.659008, 5.947971
6.641026, 6.048210
6.623665, 6.156975
6.612433, 6.240496
6.594814, 6.324834
6.574038, 6.424285
6.554994, 6.515445
6.534775, 6.582951
6.528469, 6.624875
6.517134, 6.700229
6.505799, 6.775582
6.504842, 6.842313
6.508174, 6.923060
6.503531, 6.992028
6.505167, 7.093661
6.500312, 7.163959
6.492280, 7.236782
6.487734, 7.305306
6.482690, 7.381336
6.483224, 7.463737
6.480704, 7.536959
6.472961, 7.587887
6.499580, 7.621611
6.505882, 7.738906
6.505440, 7.848981
6.513399, 7.968230
6.534535, 8.095724
6.546844, 8.221330
6.567487, 8.345869
6.587582, 8.454158
6.606953, 8.535813
6.610128, 8.601069
6.625126, 8.630286
6.666440, 8.742970
6.712645, 8.838251
6.733532, 8.915278
6.757753, 9.036044
6.769703, 9.138331
6.769191, 9.224409
6.753258, 9.311353
6.725755, 9.438189
6.698840, 9.562308
6.663946, 9.683596
6.628834, 9.805643
6.614556, 9.893238
6.610040, 10.003945
6.608773, 10.111064
6.598941, 10.228807
6.600303, 10.339645
6.595424, 10.457741
6.575340, 10.590008
6.566714, 10.689083
6.568270, 10.768514
6.582098, 10.831253
6.608834, 10.923066
6.652050, 11.011104
6.710019, 11.124429
6.767913, 11.228341
6.831684, 11.338490
6.863470, 11.398550
6.890421, 11.567064
6.839677, 11.781135
6.804732, 11.858667
6.762248, 11.927704
6.684012, 12.029411
6.620234, 12.122687
6.590282, 12.189036
6.546986, 12.295220
6.505427, 12.397142
6.464848, 12.518905
6.432322, 12.643064
6.404790, 12.779243
6.389166, 12.888553
6.384110, 12.983731
6.391417, 13.085392
6.394182, 13.211715
6.395618, 13.277315
12d3e1ca-637a-4cc8-80cb-ed746fec592f
6.793990, 5.257769
6.806329, 5.284416
6.813550, 5.317067
6.808324, 5.349061
6.819008, 5.363426
6.836294, 5.391684
6.835815, 5.435160
6.833882, 5.466939
6.830857, 5.490616
6.844089, 5.505415
6.847410, 5.528713
6.856272, 5.557818
d09c20ce-e134-4518-9d12-bea363ac9df4
6.743700, 5.676900
6.793952, 5.693629
6.832797, 5.704228
6.866992, 5.710378
6.901438, 5.714909
6.913592, 5.726026
6.932158, 5.743177
6.955804, 5.746259
7.014431, 5.776349
7.063126, 5.804705
7.094654, 5.819603
7.191050, 5.853297
7.244510, 5.887586
2e666a90-efc1-47b4-8763-6528672b7819
6.642854, 9.541865
6.606879, 9.546735
6.559349, 9.555259
