main root
7.248405, 5.797476
7.215858, 6.078245
7.127533, 6.317289
7.096503, 6.464049
7.056417, 6.588999
7.037256, 6.678845
7.015011, 6.832469
6.981498, 6.961986
6.956129, 7.107047
6.952733, 7.247587
6.930075, 7.398754
6.907086, 7.566114
6.886632, 7.699690
6.860101, 7.831595
6.847609, 7.904218
6.858621, 8.016635
6.870341, 8.080424
6.853444, 8.198438
6.834959, 8.253634
6.806840, 8.304603
6.771183, 8.353745
6.760761, 8.396165
6.738106, 8.461891
6.717384, 8.515647
6.703984, 8.563285
6.709867, 8.704994
6.709125, 8.759231
6.702414, 8.812413
6.702782, 8.881235
6.706112, 8.943468
6.709281, 9.002638
6.721900, 9.070292
6.721007, 9.159038
6.717449, 9.215266
6.716506, 9.277577
6.715773, 9.326259
6.704323, 9.375786
db27b6d9-4494-4660-9135-f3b998a0fd00
7.260713, 5.996039
7.496831, 6.127936
7.595086, 6.177974
7.651272, 6.201868
7.697353, 6.249022
7.714459, 6.267181
7.810029, 6.335273
7.842206, 6.373444
7.882864, 6.430966
7.967651, 6.508336
7.999160, 6.550137
4860fc86-960f-43f1-8bff-c140cd6817a1
7.274796, 5.837854
7.382702, 5.934212
7.443653, 5.975423
7.519378, 6.034246
7.554900, 6.059945
7.589189, 6.084751
7.640422, 6.114426
7.674212, 6.144314
7.799752, 6.225191
7.839475, 6.247219
7.866876, 6.265836
7.901889, 6.289623
7.936903, 6.313410
7.967759, 6.337989
7.996660, 6.364838
8.034585, 6.391899
8.061789, 6.413148
947cff7e-5dc2-4550-a7dd-732254339fce
7.109314, 6.178297
7.061845, 6.183880
6.932093, 6.244446
6.881753, 6.264639
6.836141, 6.270309
6.721911, 6.271615
6.675230, 6.270126
6.614277, 6.283377
6.544458, 6.316124
6.517145, 6.338853
54982c69-0a3e-4193-8115-5e44630e388b
7.281889, 6.092078
7.403642, 6.176271
7.419869, 6.189071
7.446760, 6.216002
7.467940, 6.241461
7.486602, 6.247794
7.506964, 6.259444
7.543681, 6.280442
7.595473, 6.315857
7.718990, 6.381797
7.748238, 6.404197
7.781849, 6.429940
7.823854, 6.454569
7.856280, 6.477052
7.904985, 6.510822
7.953691, 6.544593
7.986741, 6.567509
24ea6120-8dfc-4584-aaa3-0815ce141c15
6.832388, 7.796554
6.783828, 7.803763
6.758704, 7.807493
