main root
6.591768, 4.965529
6.587767, 5.288324
6.587277, 5.498589
6.579705, 5.676869
6.556061, 5.823364
6.545340, 5.960641
6.522609, 6.120655
6.523862, 6.275847
6.531459, 6.363857
6.541650, 6.410290
6.536866, 6.464370
6.538275, 6.564932
6.558622, 6.748985
6.563482, 6.806565
6.565944, 6.871326
6.568517, 6.939010
6.571411, 7.015149
6.572753, 7.089849
6.567687, 7.141111
6.563198, 7.201730
6.559291, 7.254502
6.557081, 7.301614
6.547915, 7.394981
6.541548, 7.442733
6.536101, 7.493599
6.531970, 7.544588
6.531902, 7.598891
6.536497, 7.653377
6.514912, 7.717523
6.505617, 7.749289
6.499383, 7.775308
6.496656, 7.805212
6.493328, 7.856259
6.495013, 7.896755
6.496069, 7.922133
6.489076, 8.030657
6.477969, 8.063363
6.488955, 8.079319
6.486469, 8.173296
6.459147, 8.309805
6.460408, 8.329194
6.461364, 8.367873
6.483597, 8.431525
ba1ebd25-429f-490f-a9a0-e881fd377b99
6.570028, 5.083748
6.500491, 5.148272
6.440143, 5.185616
6.405033, 5.215466
878de776-4331-467f-8184-71c57833f2b2
6.500259, 6.287645
6.441818, 6.312427
