main root
7.448041, 5.932906
7.709335, 6.382834
7.772871, 6.654388
7.783867, 6.756679
7.792529, 6.876551
7.791221, 6.946511
7.779411, 7.012311
7.757272, 7.111725
7.726505, 7.201496
7.693564, 7.297610
7.657494, 7.376752
7.614846, 7.460180
7.580162, 7.528030
7.546780, 7.599907
7.514121, 7.663122
7.485318, 7.705829
7.443517, 7.773158
7.400431, 7.825531
7.353659, 7.901233
7.312633, 7.961940
7.269967, 8.025076
7.224888, 8.075743
7.174237, 8.132674
7.123832, 8.193831
7.074962, 8.248422
7.024136, 8.305195
6.972843, 8.353515
6.918918, 8.404313
6.811350, 8.658816
6.781683, 8.729003
6.750422, 8.795267
6.720769, 8.872149
6.698105, 8.905962
6.659774, 8.990019
6.632603, 9.071250
6.608428, 9.143512
6.586144, 9.219567
6.566748, 9.296408
6.552438, 9.377561
6.534349, 9.445668
6.516911, 9.522978
6.504670, 9.604472
6.485801, 9.669613
6.472771, 9.757639
6.456565, 9.826219
6.427919, 9.882367
6.438883, 9.923681
6.427429, 10.067570
6.428330, 10.162878
6.435513, 10.255246
6.443391, 10.356540
6.444376, 10.450586
6.443195, 10.535687
6.446178, 10.619551
6.448887, 10.695701
6.453145, 10.773293
6.457668, 10.855719
6.458528, 10.898689
f912faa9-d28a-4017-a417-4c133791af1c
7.522022, 6.117857
7.494411, 6.300611
7.452625, 6.395768
7.409259, 6.462418
f6e2150d-09b0-409e-b90c-953134ba9977
7.442712, 6.044437
7.416972, 6.228468
7.476444, 6.311498
7.552189, 6.433281
7.567998, 6.535253
7.573905, 6.605981
7.577221, 6.663676
7.580781, 6.765853
