main root
6.693843, 5.854500
6.731605, 6.100362
6.651712, 6.403271
6.581214, 6.607473
6.503651, 6.850301
6.451644, 7.046596
6.389050, 7.252389
6.342629, 7.450495
6.303339, 7.672797
6.256007, 7.919927
6.213008, 8.144433
6.175494, 8.381604
6.177083, 8.591571
6.154763, 8.799252
6.142672, 8.950323
6.137804, 9.113544
6.136685, 9.285891
6.118077, 9.387761
6.093385, 9.534058
6.069286, 9.674682
6.039922, 9.809052
6.009860, 9.929716
5.978742, 10.059125
5.953184, 10.199233
5.921144, 10.360853
5.910384, 10.490671
5.879340, 10.654449
5.846250, 10.819922
5.821288, 10.964617
5.798424, 11.084768
5.779430, 11.184577
5.765185, 11.259437
5.756484, 11.313170
e168a588-6594-437d-b121-de3fc9622735
6.446599, 6.796473
6.319480, 6.813567
6.262191, 6.826845
6.204150, 6.831208
6.109696, 6.830352
6.016343, 6.827403
5.930283, 6.816385
5.837837, 6.808791
5.751599, 6.810148
5.659290, 6.817912
5.572541, 6.816883
5.490631, 6.822222
5.433601, 6.825940
5.383911, 6.830023
a444a37c-a225-42a8-ba43-4975e3b4bdc9
6.784901, 6.188979
6.861798, 6.242323
6.913747, 6.282611
6.990745, 6.327170
7.032461, 6.354764
7.087703, 6.398479
7.164263, 6.443790
7.225722, 6.483636
7.293786, 6.524192
7.351012, 6.565263
7.411971, 6.589646
7.488532, 6.613826
7.561165, 6.636769
7.637553, 6.657764
7.714683, 6.675859
7.781649, 6.697718
7.885581, 6.733872
7.965267, 6.763785
8.045196, 6.789360
8.133904, 6.817745
8.242223, 6.841297
8.299970, 6.866840
8.386411, 6.900476
8.474835, 6.928113
8.555859, 6.951263
8.637593, 6.970303
8.727311, 6.999841
8.814471, 7.035181
8.907903, 7.075345
9.005063, 7.105599
9.102625, 7.133763
9.185951, 7.158309
9.271605, 7.187925
9.324412, 7.221855
9.412035, 7.273125
9.495059, 7.311898
9.582822, 7.341278
9.677375, 7.379622
9.770077, 7.421780
9.837461, 7.454069
9.908176, 7.486295
9.974783, 7.518973
10.006883, 7.538056
4688c783-c26a-4d19-960b-61ea74a8ee59
6.749394, 6.345481
6.839587, 6.422968
6.909252, 6.485668
6.970121, 6.536422
7.024431, 6.585604
7.076685, 6.636964
7.129520, 6.688894
7.159416, 6.714080
7.222253, 6.755275
7.285982, 6.797055
7.349710, 6.838834
7.396861, 6.884062
7.486824, 6.949834
7.551644, 7.007499
7.623669, 7.065944
7.694847, 7.126410
7.762438, 7.175666
7.829981, 7.227453
7.894397, 7.284683
7.971693, 7.350526
8.036148, 7.405429
8.108227, 7.464064
8.173905, 7.517494
8.249585, 7.570923
8.316200, 7.625570
8.377708, 7.686756
8.441498, 7.738343
8.505810, 7.782237
8.579017, 7.822159
8.658100, 7.855057
8.687389, 7.883451
8.716263, 7.911444
8.827372, 7.966558
8.924976, 8.039720
8.958448, 8.066680
8.991920, 8.096574
feb4b55b-9710-4f12-bb7c-b19fbca3bdf8
6.635688, 6.055405
6.514659, 6.096890
6.311606, 6.166614
6.121876, 6.219807
5.964211, 6.245631
5.764851, 6.281667
5.497025, 6.326082
5.362947, 6.315445
5.301845, 6.304279
5.217958, 6.297657
5.094400, 6.309049
4.961689, 6.319687
4.833025, 6.316991
4.743233, 6.317205
4.641463, 6.313218
4.531752, 6.304685
4.458037, 6.303171
4.400504, 6.310454
4.310103, 6.330380
4.219148, 6.350429
4.126834, 6.366469
4.032706, 6.374284
3.939893, 6.381991
3.847492, 6.391774
3.764579, 6.404724
3.684297, 6.423322
3.610059, 6.440519
3.543131, 6.454487
4aac76e2-359b-4432-a0c7-125c2f6961ae
6.633783, 6.140455
6.577885, 6.129314
6.521809, 6.095863
6.422947, 6.115485
6.312220, 6.166293
6.203974, 6.202092
6.077428, 6.229985
5.946123, 6.233593
5.860892, 6.265657
5.404379, 6.367461
5.327607, 6.393443
5.251237, 6.408226
5.158538, 6.421884
5.066394, 6.435461
4.974791, 6.451085
4.875930, 6.474384
4.778721, 6.503812
4.698698, 6.530204
4.611985, 6.545702
4.520909, 6.564116
4.454925, 6.588247
4.346989, 6.641200
4.255911, 6.681169
4.178888, 6.703484
4.096585, 6.725171
4.016584, 6.750540
3.940479, 6.781294
3.864317, 6.816545
3.795167, 6.848550
3.712842, 6.891289
3.671551, 6.907666
3.627991, 6.928089
