main root
6.457824, 5.290278
6.408012, 5.468681
6.370430, 5.669412
6.350792, 5.842482
6.341322, 6.018704
6.325183, 6.145071
6.315988, 6.266952
6.304980, 6.384828
6.296473, 6.520807
6.289600, 6.630655
6.286944, 6.740884
6.282179, 6.850815
6.285446, 6.970288
6.278388, 7.096177
6.281605, 7.239548
6.288387, 7.353304
6.284568, 7.466867
6.297874, 7.622161
6.305221, 7.756789
6.307920, 7.883296
6.314838, 8.010712
6.321723, 8.137526
6.319227, 8.247667
6.312163, 8.374006
6.300911, 8.500038
6.289617, 8.626539
6.273521, 8.735444
6.252065, 8.851754
6.230027, 8.959552
6.210045, 9.067862
6.182408, 9.182773
6.156574, 9.281141
6.141407, 9.363379
6.096970, 9.446646
6.067215, 9.534131
6.045993, 9.636133
6.041815, 9.694783
6.024897, 9.778448
6.020981, 9.846580
6.024607, 9.927028
6.013313, 9.996644
6.017169, 10.138606
6.011221, 10.225162
6.000435, 10.294807
6.000578, 10.333016
6.003870, 10.412206
6.008594, 10.489778
6.005300, 10.558828
6.004693, 10.660360
5.997821, 10.754168
5.997023, 10.826525
5.991835, 10.889712
5.987662, 10.958833
5.984985, 11.028028
5.978054, 11.091048
5.969325, 11.156725
5.964262, 11.228911
5.955359, 11.291685
5.942033, 11.353672
5.951042, 11.386361
5.954594, 11.438189
5.958341, 11.523225
5.964122, 11.607289
5.961770, 11.694015
5.957136, 11.787294
5.957120, 11.871223
5.957105, 11.947427
5.960087, 12.007571
5.969824, 12.083018
5.986280, 12.163767
5.980701, 12.264598
5.970842, 12.334373
5.973913, 12.398206
5.981910, 12.439840
5.996283, 12.514671
6.014160, 12.591878
6.038533, 12.670595
6.053580, 12.739437
6.074510, 12.805635
6.100564, 12.873148
6.132693, 12.939770
6.173148, 13.023658
6.194897, 13.075648
6.204699, 13.099080
090b2564-beee-4bfa-84d8-58756ddbc11c
6.481233, 5.439833
6.564761, 5.450380
6.613122, 5.462108
6.642100, 5.474232
6.687228, 5.494148
6.733704, 5.514659
6.774444, 5.529367
6.818019, 5.540323
6.887338, 5.554666
6.941834, 5.568999
6.995496, 5.586208
7.048165, 5.606242
7.099461, 5.620949
7.168278, 5.637566
7.215367, 5.659998
7.245689, 5.679416
7.286402, 5.707266
69064281-df40-46ef-a214-163338f344c0
6.169020, 9.358065
6.225336, 9.405821
6.253401, 9.433545
6.279279, 9.463319
6.300163, 9.482785
6.327618, 9.504285
6.369349, 9.529359
6.399713, 9.551097
6.424795, 9.572734
6.444614, 9.593783
6.467166, 9.619919
6.483031, 9.640598
e15a0c11-c68b-4935-9e3d-6e7940c868d4
6.097510, 9.449382
6.029512, 9.507148
6.010612, 9.549994
