main root
6.601920, 4.989063
6.590806, 5.228224
6.537009, 5.340467
6.488527, 5.417219
6.434844, 5.513765
6.415429, 5.625170
6.413876, 5.692459
6.479699, 5.752518
6.469329, 5.899236
6.466440, 6.104812
6.478490, 6.299022
6.512231, 6.506949
6.528322, 6.736311
6.565739, 6.900450
6.605273, 7.094538
6.644196, 7.254588
6.703525, 7.440251
6.734649, 7.609935
6.764273, 7.783009
6.781267, 7.942364
6.775980, 8.067082
6.764850, 8.230117
6.751885, 8.323416
6.744020, 8.380022
6.684403, 8.701278
6.661081, 8.792375
6.633791, 8.881994
6.614986, 8.972614
6.587631, 9.063000
6.560654, 9.152121
6.533670, 9.241239
6.510845, 9.331121
6.483726, 9.420793
6.457438, 9.561368
6.431565, 9.630859
6.416632, 9.676996
6.399661, 9.716724
eae27bff-4075-4d14-aca2-53c3b9fab6b9
6.630912, 5.372145
6.818558, 5.344796
7.057843, 5.417006
7.290169, 5.469444
7.421900, 5.509530
7.601934, 5.579128
7.846107, 5.625597
7.907747, 5.643404
7.977165, 5.666552
8.053160, 5.688716
8.126230, 5.710007
8.199307, 5.731278
8.268678, 5.754568
8.340837, 5.778772
8.413001, 5.802957
8.481381, 5.829010
8.546679, 5.853869
8.595326, 5.880892
8.610587, 5.923953
8.734689, 5.973395
adce2a0d-5247-4f86-95d7-e2bbf898fc71
6.605287, 5.366756
6.713044, 5.328174
6.874918, 5.329696
7.055131, 5.416167
7.149919, 5.437905
7.247033, 5.455969
7.419692, 5.508227
7.543208, 5.551293
7.742393, 5.603045
7.954124, 5.684073
8.259233, 5.778500
8.350758, 5.807125
8.502514, 5.859608
8.599032, 5.915076
4d2dcb9d-89cf-46e1-86a9-f73944150bc4
6.563602, 5.271356
6.718871, 5.326354
6.913931, 5.283212
6.987416, 5.285079
7.029721, 5.286154
7.072027, 5.287229
7.119160, 5.289924
7.171054, 5.299859
7.196001, 5.304635
7.317994, 5.334249
7.382681, 5.351573
7.412990, 5.361329
7.444989, 5.370145
7.477334, 5.377593
7.509430, 5.380465
7.540963, 5.384875
7.567710, 5.387190
7.599894, 5.385557
7.631734, 5.385524
7.663536, 5.387072
7.698358, 5.387353
7.730145, 5.389192
7.768305, 5.386817
7.784167, 5.395195
7.810627, 5.405825
7.841942, 5.411987
7.908945, 5.423108
7.952170, 5.436352
8.014291, 5.449122
8.060209, 5.460091
8.084914, 5.465992
0c5f9eeb-0458-43e0-a41c-f8687697f79f
6.462488, 5.691264
6.309564, 5.700054
6.251843, 5.697036
6.229083, 5.691350
6.191693, 5.678923
6.145494, 5.663569
6.087708, 5.650672
6.046837, 5.655354
5.976024, 5.646779
5.921825, 5.641723
5.881109, 5.642434
5.829670, 5.641837
5.743423, 5.660988
5.704387, 5.666586
5.670422, 5.674478
5.629012, 5.687171
5.584583, 5.707047
5.524443, 5.731460
5.492750, 5.741094
5.455235, 5.747805
5.406439, 5.755014
5.365393, 5.762591
5.330570, 5.773584
5.281151, 5.790756
5.238242, 5.807250
5.202073, 5.825963
5.156313, 5.851322
5.108962, 5.886119
5.074743, 5.901979
5.036069, 5.924853
4.976720, 5.963432
4.919473, 5.995289
4.880632, 6.016904
e1064ff0-8db7-4c15-bf0f-1851cac81f74
6.502221, 5.590274
6.592703, 5.854234
6.606345, 5.933115
6.622617, 6.023527
6.636930, 6.125971
6.643366, 6.159958
6.643048, 6.181478
6.644208, 6.216051
6.650130, 6.253419
6.653763, 6.284794
6.649058, 6.310731
6.657577, 6.319079
6.676521, 6.391700
6.691170, 6.447855
6.712229, 6.522656
6.725046, 6.584749
6.738738, 6.651083
6.752374, 6.724550
6.758741, 6.767055
6.817379, 6.936024
6.838877, 6.979700
6.842744, 7.007893
6.846483, 7.035153
6.856677, 7.065433
6.873969, 7.107423
6.886174, 7.144927
6.899267, 7.185170
6.912358, 7.225413
6.925949, 7.257526
6.946365, 7.298089
6.969412, 7.337220
6.983574, 7.367165
6.997689, 7.404009
7.019390, 7.448104
7.051570, 7.503325
7.083626, 7.561303
7.124534, 7.622919
7.154435, 7.689834
7.168365, 7.732015
7.182404, 7.779300
7.207266, 7.847260
7.220095, 7.897386
9faebc33-5dac-4b0d-b76d-39138d0cb58b
6.419221, 6.160692
6.387819, 6.164722
6.346275, 6.167121
6.317949, 6.170540
6.212146, 6.192138
6.126614, 6.191846
6.075865, 6.195366
6.035021, 6.196699
6.007630, 6.193101
5.953905, 6.189063
5.905358, 6.185413
5.871500, 6.188871
5.811200, 6.196534
5.742714, 6.206747
5.679074, 6.214723
5.626265, 6.216817
99565661-6855-420e-a2e9-7c0f8521d3f7
6.494453, 6.916602
6.332066, 6.938376
6.292743, 6.941439
6.264670, 6.946626
6.235213, 6.955110
6.194545, 6.966822
6.151828, 6.982237
6.110220, 7.000432
6.049269, 7.026967
31a0e81a-0d87-430d-ac9f-6b44ecaf2968
6.544881, 5.349659
6.709809, 5.442343
6.727956, 5.458568
6.763731, 5.486540
6.831801, 5.532212
