main root
6.653437, 5.124649
6.585365, 5.315823
6.545368, 5.440644
6.536181, 5.517471
6.536122, 5.646500
6.525567, 5.772151
6.521910, 5.891304
6.519559, 5.981219
6.516917, 6.082304
6.514482, 6.175403
6.507831, 6.268867
6.505449, 6.361592
6.509385, 6.454145
6.509480, 6.555995
6.509568, 6.649127
6.511760, 6.742023
6.513755, 6.826666
6.509425, 6.896998
6.509757, 6.940310
6.519210, 7.002135
6.537549, 7.082471
6.543190, 7.140811
6.552970, 7.241945
6.560306, 7.317789
6.566006, 7.392287
6.573758, 7.493586
6.586000, 7.575073
6.566153, 7.625887
6.578131, 7.659533
6.577675, 7.756156
6.573124, 7.841575
6.574730, 7.923960
6.578993, 8.034023
6.580213, 8.119132
6.581428, 8.203794
6.579485, 8.277038
6.584020, 8.331848
6.599996, 8.415998
6.610709, 8.488482
6.631005, 8.596854
6.641539, 8.669367
6.652496, 8.744781
6.666890, 8.802213
6.696311, 8.882660
6.716725, 8.951553
6.741580, 9.050323
6.763809, 9.126390
6.788896, 9.201567
6.813629, 9.302418
6.835399, 9.378617
6.831780, 9.491673
6.823206, 9.561119
6.811260, 9.621234
6.790803, 9.763039
6.785986, 9.855358
6.773919, 9.964784
6.758561, 10.065464
6.757804, 10.140569
6.765044, 10.259855
6.760751, 10.363746
6.752408, 10.463125
6.738505, 10.527582
6.708758, 10.605272
6.673311, 10.709683
6.659128, 10.777634
6.651178, 10.846605
6.649917, 10.929985
6.642867, 11.000093
6.642931, 11.059298
6.644889, 11.252923
6.651712, 11.335029
6.625918, 11.400037
6.617610, 11.463053
6.614735, 11.530623
6.617220, 11.612967
6.622596, 11.692010
6.630951, 11.770794
6.641434, 11.891170
6.636385, 11.954410
6.629645, 12.038808
6.622232, 12.131642
6.613421, 12.204380
6.601644, 12.276697
6.594344, 12.358783
6.583519, 12.429814
6.564422, 12.513827
6.550626, 12.567765
6.546385, 12.673366
6.551607, 12.729787
d95526f0-06ca-4553-895c-bab6ca84d78a
6.553935, 5.286372
6.518815, 5.288499
6.496513, 5.300366
6.450502, 5.319908
5c12194c-4279-4255-8690-3e3ce3ca0644
6.532832, 5.550612
6.482056, 5.566975
6.361326, 5.606165
6.329004, 5.618419
6.299051, 5.628367
6.266811, 5.640839
6.236927, 5.650988
6.204771, 5.663679
6.175981, 5.673626
6.152788, 5.680246
6.042835, 5.691799
5.976979, 5.718998
5.915667, 5.737844
5.840929, 5.763966
5.772752, 5.781469
5.696873, 5.804058
5.652228, 5.814225
c0a4c231-9fda-4be7-a288-f39fbdbd05b5
6.498451, 5.627641
6.478542, 5.653751
6.439476, 5.678893
6.349532, 5.749390
