main root
7.131495, 4.066308
7.033349, 4.297465
6.945729, 4.565587
6.888534, 4.742397
6.836120, 4.887417
6.793798, 5.010680
6.771194, 5.109001
6.750691, 5.226431
6.729020, 5.325951
6.711326, 5.446677
6.699537, 5.556303
6.691694, 5.648898
6.683120, 5.750137
6.679492, 5.842825
6.671626, 5.936196
6.665925, 6.028938
6.670402, 6.128490
6.670101, 6.214109
6.682495, 6.278352
6.694077, 6.371691
6.702496, 6.456387
6.712893, 6.540010
6.721336, 6.624712
6.731412, 6.725814
6.730300, 6.820708
6.731388, 6.904969
6.732480, 6.989627
6.731581, 7.083014
6.734922, 7.166865
6.729839, 7.250629
6.716640, 7.329235
6.693985, 7.400271
6.656996, 7.495368
6.612169, 7.587275
6.575329, 7.672404
6.542387, 7.759117
6.515464, 7.847753
6.492964, 7.928964
6.470359, 8.010553
6.454184, 8.091359
6.441708, 8.164471
6.436203, 8.229093
6.403991, 8.386448
6.398568, 8.465174
6.390470, 8.517400
6.378840, 8.582629
6.365741, 8.647577
6.358204, 8.722793
6.347431, 8.785276
6.333522, 8.855792
6.336068, 8.924778
6.336564, 9.010571
6.329367, 9.060280
6.325993, 9.135794
6.315924, 9.193534
6.305503, 9.261994
6.291545, 9.323844
6.275504, 9.388128
6.255834, 9.448405
6.237696, 9.518458
6.219644, 9.582210
6.204285, 9.652928
6.188763, 9.717339
6.176207, 9.788605
6.168096, 9.860516
6.157732, 9.912342
6.143276, 9.977001
6.125092, 10.037742
6.108679, 10.108220
6.103351, 10.205322
6.052393, 10.432355
6.028171, 10.530615
6.001782, 10.628826
5.977482, 10.727415
5.955239, 10.826499
5.937148, 10.926400
5.914215, 11.017625
5.897204, 11.111320
5.889530, 11.212795
5.879753, 11.314027
5.872099, 11.415280
5.863618, 11.499970
5.857287, 11.584002
5.846726, 11.668967
5.834724, 11.741249
5.830983, 11.800339
5.736346, 12.073132
5.715111, 12.153295
5.700426, 12.223298
5.679675, 12.317855
5.671962, 12.353002
5.687721, 12.468249
5.770336, 12.547610
5.790381, 12.564273
5.845603, 12.566555
5.955718, 12.566870
6.012929, 12.564918
6.113862, 12.553009
6.261220, 12.631140
05e8c099-2dd8-41a7-8698-96a5986a089b
6.978160, 4.435053
6.763527, 4.454610
6.727726, 4.462990
6.699303, 4.463494
6.676216, 4.459398
6.662811, 4.470142
6.616679, 4.484962
6.429001, 4.528454
6.380693, 4.538112
6.330874, 4.548073
6.271582, 4.561454
6.224830, 4.576609
6.162589, 4.603077
6.098311, 4.630414
6.067509, 4.646765
5.925361, 4.705250
5.886260, 4.721338
5.847974, 4.735472
5.799430, 4.754988
5.752295, 4.773938
5.684164, 4.807781
5.614573, 4.845692
5.548254, 4.880116
5.487496, 4.913339
5.428066, 4.945837
5.377254, 4.970210
5.323815, 4.995844
5.270378, 5.021476
5.216239, 5.049106
5.153949, 5.085936
5.087338, 5.120502
5.027559, 5.145667
3e3001d5-bf55-4b74-9ae5-390bc469f6b4
6.359957, 8.610625
6.306067, 8.647159
1ea42ac7-5f61-4b8e-bbb4-193e17de1867
6.363317, 8.889990
6.382941, 8.908967
6b52e328-2a3c-429b-9d6f-ef281ef378d3
6.706071, 7.234667
6.798230, 7.256351
6.837440, 7.265523
6.870910, 7.287657
b5390238-686c-4c29-a818-17c0a916c8a4
6.762541, 6.614460
6.788849, 6.625339
6.859259, 6.654456
6.896421, 6.669826
7.015541, 6.678657
7.060296, 6.689478
7.142437, 6.713606
7.209978, 6.738125
7.251760, 6.753293
7.295436, 6.779489
41eb8680-3883-4de1-91d6-9f6e18d5f4c4
7.026200, 4.484873
7.101794, 4.565834
7.140932, 4.592640
7.186908, 4.616630
7.240302, 4.637332
7.310084, 4.659941
7.355470, 4.687141
