main root
7.160696, 5.176750
7.221549, 5.449216
7.244006, 5.669243
7.258907, 5.825139
7.241504, 5.995437
7.245138, 6.157451
7.227968, 6.286103
7.209193, 6.420568
7.194160, 6.537386
7.162824, 6.681881
7.114901, 6.794218
7.042273, 6.979344
6.976078, 7.146343
6.905076, 7.285322
6.812406, 7.448219
6.739457, 7.550969
6.669051, 7.657388
6.648411, 7.762599
6.608051, 7.853034
6.559007, 7.945264
6.489215, 8.099949
6.469284, 8.177248
6.436655, 8.289712
6.418101, 8.342923
6.408094, 8.380712
6.397179, 8.445324
6.389759, 8.507214
6.378780, 8.561066
6.367585, 8.630966
6.354971, 8.723030
6.348075, 8.773361
6.339899, 8.822006
6.327444, 8.887088
6.314712, 8.953608
6.302767, 9.031946
6.291282, 9.107269
6.282303, 9.186009
6.273670, 9.261720
6.265037, 9.337431
6.256403, 9.413142
6.249088, 9.490510
6.241118, 9.574802
6.234190, 9.632178
6.228683, 9.702754
6.224130, 9.780337
6.223360, 9.864257
6.218368, 9.918985
6.214923, 9.989693
6.209794, 10.064224
6.206532, 10.133396
6.206192, 10.204187
6.204337, 10.278872
6.205572, 10.349650
6.208425, 10.427303
6.210912, 10.494988
6.209986, 10.551330
6.210485, 10.612106
6.211041, 10.679846
6.214545, 10.742075
6.220408, 10.819558
6.221837, 10.858281
6.220572, 10.907614
ac79f5c2-7a47-41a4-815c-8747bcd28622
7.184971, 5.587960
7.105039, 5.643154
7.056051, 5.673384
7.000766, 5.695885
6.924622, 5.749588
6.858351, 5.773161
6.765715, 5.810590
6.697549, 5.851825
6.604424, 5.910632
6.532836, 5.955838
6.473310, 5.995198
6.418162, 6.033009
6.291558, 6.092114
6.250311, 6.125271
6.226384, 6.137623
6.189060, 6.164329
6.158049, 6.183604
6.124890, 6.204948
6.092073, 6.226814
6.070665, 6.234634
6.026706, 6.264106
6.007077, 6.270809
5.966233, 6.291743
5.932727, 6.306253
5.895235, 6.326431
5.862028, 6.341612
5.826427, 6.358573
5.791099, 6.376095
5.754700, 6.398184
5.722322, 6.415061
5.686375, 6.437876
5.665661, 6.448216
5.645339, 6.452367
395ab316-2052-4793-b867-48af396039a2
7.290318, 5.721262
7.409505, 5.907889
7.482498, 5.978675
7.527915, 6.040298
7.581616, 6.116706
7.638819, 6.198099
7.674293, 6.296596
7.680641, 6.408405
7.673649, 6.468167
7.655374, 6.552979
7.631545, 6.643594
7.607858, 6.733668
7.585278, 6.801881
7.557234, 6.880000
7.544548, 6.919765
7.512687, 6.984711
7.479137, 7.053095
7.434409, 7.153876
7.400662, 7.240283
7.374217, 7.313779
7.356543, 7.452210
7.357179, 7.529106
7.357878, 7.613767
7.360750, 7.706642
7.363366, 7.791270
7.362636, 7.864536
7.364841, 7.943758
7.365042, 8.026570
7.365140, 8.066787
f8c3da45-e35b-47c0-b335-598cfd6dc2f1
7.321162, 5.816969
7.556186, 5.875233
7.647838, 5.887120
7.703542, 5.905008
7.799698, 5.938109
7.878655, 5.974062
7.963416, 6.012657
8.024838, 6.047204
8.075037, 6.072003
8.163038, 6.085098
8.228418, 6.103208
8.278414, 6.123604
8.326971, 6.157122
8.404623, 6.208166
8.476942, 6.250741
8.556338, 6.299923
8.620721, 6.347125
8.671870, 6.389768
8.701976, 6.424608
8.745062, 6.480814
8.778697, 6.534243
b0791992-f8b1-457f-8809-cbbbf2f9f3d0
7.250133, 5.368167
7.318733, 5.342359
7.356004, 5.342011
7.432987, 5.365849
7.489857, 5.394566
7.545742, 5.438301
7.635117, 5.502870
7.698601, 5.548735
7.744821, 5.617438
7.824180, 5.685298
7.901399, 5.751330
7.950266, 5.797055
7.990625, 5.839165
8.054814, 5.860196
8.106742, 5.872486
8.175173, 5.924023
8.227182, 5.965067
8.282455, 6.006781
8.338616, 6.047289
8.420716, 6.082516
8.455626, 6.105638
8.522468, 6.140934
8.576295, 6.174436
8.639986, 6.208787
8.668969, 6.232922
cd959333-5b45-453c-9120-b1d74ae893ab
7.235039, 5.297999
7.314857, 5.265710
7.398263, 5.255753
7.522844, 5.279006
7.609610, 5.306343
7.690489, 5.350081
7.873231, 5.379664
7.956543, 5.406011
8.062871, 5.435199
8.153994, 5.451489
8.213869, 5.470741
8.300859, 5.507549
8.371037, 5.537243
8.428445, 5.559236
8.479950, 5.554583
8.547229, 5.569050
8.574251, 5.576734
8.648942, 5.606600
8.698453, 5.624165
8.784036, 5.706320
8.848501, 5.759582
8.912234, 5.825957
8.981134, 5.900769
9.038285, 5.972190
9.088475, 6.041551
9.124785, 6.101940
9.165013, 6.165941
9.185017, 6.216825
