main root
7.663941, 5.580628
7.611321, 6.257494
7.566778, 6.842022
7.536424, 6.946376
7.487325, 7.085626
7.462427, 7.189516
7.395801, 7.250631
7.267127, 7.308155
7.197137, 7.385719
7.149976, 7.499751
7.112382, 7.618144
7.083343, 7.675048
7.057365, 7.725952
7.048358, 7.766025
7.031024, 7.816680
7.012669, 7.889127
6.996379, 7.929046
7.004494, 7.955709
7.000369, 8.046241
6.994820, 8.102270
6.997655, 8.164749
7.005797, 8.245152
7.011841, 8.346814
7.013775, 8.404570
7.014214, 8.462357
7.008644, 8.548333
7.001169, 8.594252
6.994150, 8.628049
6.992467, 8.658226
6.985406, 8.704210
6.978949, 8.756125
6.962802, 8.776800
6.980511, 8.809463
f872e38d-e91d-4da5-9056-cc9dc7e6d0da
7.535919, 6.308090
7.474266, 6.332410
7.451198, 6.341255
7.440210, 6.358402
7.392545, 6.396736
7.340727, 6.444171
7.321432, 6.474010
7.288544, 6.527624
7.256724, 6.571517
