main root
5.666417, 5.248960
5.744298, 5.550242
5.756155, 5.694603
5.804285, 5.944912
5.822561, 6.116846
5.844316, 6.301611
5.876734, 6.469002
5.920694, 6.620553
5.960372, 6.787124
5.996116, 6.909990
6.018208, 7.068419
6.035234, 7.175311
6.041576, 7.228314
6.017777, 7.339479
6.015747, 7.427833
6.013817, 7.511817
6.009569, 7.605112
6.001535, 7.690352
6.001263, 7.782917
5.998885, 7.876285
6.005064, 7.959446
6.005724, 8.053494
6.002177, 8.139039
5.996206, 8.232247
5.992890, 8.316454
5.987469, 8.401402
5.984638, 8.445761
5.980706, 8.493488
64d9920d-e374-40b8-a1b4-be82da0dc84d
5.702300, 5.803900
5.617058, 5.881528
5.574605, 5.924237
5.532822, 5.966275
5.491066, 6.016779
5.471233, 6.045463
1c36c998-1ae8-483c-a5eb-cf8e8d5dce93
5.783949, 5.330038
5.863580, 5.355495
5.900127, 5.370322
5.943241, 5.384582
6.001398, 5.402242
6.046273, 5.418998
6.103724, 5.438851
6.145930, 5.456605
6.182993, 5.473818
6.250160, 5.509576
915b8aaf-f027-4af2-9647-9dd50583c212
5.752107, 5.272301
5.795992, 5.276319
5.825115, 5.277398
5.845932, 5.282575
5.876617, 5.291661
5.903153, 5.304112
5.921976, 5.317999
5.936586, 5.316371
5.956544, 5.320171
