main root
7.067533, 4.587745
6.781982, 4.806276
6.623224, 4.884767
6.579280, 4.939281
6.508226, 5.005838
6.469664, 5.070751
6.431406, 5.168475
6.400733, 5.333685
6.402861, 5.402733
6.415318, 5.497290
6.440665, 5.621467
6.466311, 5.715440
6.501141, 5.810922
6.522234, 5.911957
6.554859, 6.026929
6.578753, 6.134387
6.602854, 6.233035
6.618822, 6.334045
6.635406, 6.425479
6.647336, 6.526813
6.655033, 6.628369
6.664150, 6.720849
6.673663, 6.838843
6.674722, 6.956994
6.679941, 7.067121
6.679625, 7.193478
6.683547, 7.312362
6.687734, 7.439292
6.687706, 7.565822
6.687680, 7.692820
6.689772, 7.802943
6.689911, 7.921326
6.685831, 8.039525
6.684145, 8.149658
6.680225, 8.267969
6.678403, 8.386682
6.672369, 8.504802
6.682552, 8.634650
6.658417, 8.702829
6.647414, 8.803116
6.622623, 8.972035
6.603241, 9.135234
6.594271, 9.276386
6.572341, 9.427324
6.531960, 9.603428
6.516292, 9.729242
6.504046, 9.876127
6.494407, 9.942139
6.478639, 10.008727
6.348757, 10.424143
6.314581, 10.553999
6.273538, 10.726386
6.254480, 10.869636
6.231425, 11.040992
6.223099, 11.118596
6.208784, 11.191992
6.112683, 11.607174
6.076769, 11.763613
6.050216, 11.925420
6.036505, 12.086897
6.022897, 12.247178
6.019897, 12.357542
6.016030, 12.423502
6.010995, 12.488249
57a9699c-a4a7-4649-9a77-e06aa6ad2cd3
6.651662, 8.698962
6.730204, 8.724854
6.769320, 8.753565
6.891376, 8.847297
6.930383, 8.890465
6.991154, 8.934516
7.060602, 8.971927
7.114124, 9.005862
7.169236, 9.042583
7.219350, 9.081376
7.266589, 9.123625
7.319167, 9.168646
7.376922, 9.212194
7.461472, 9.283444
7.494419, 9.323437
5c527343-1e63-490f-b945-7be15c82e73c
6.635553, 7.272790
6.570270, 7.280396
6.493171, 7.291459
6.454631, 7.295477
6.291480, 7.325908
6.215371, 7.341627
6.114353, 7.356011
6.031954, 7.371933
5.953578, 7.391650
5.888859, 7.409475
5.837943, 7.417288
8059fb18-3ed8-4bc8-b968-053fcc2e8afa
6.646637, 7.111340
6.593658, 7.116128
6.552904, 7.118307
6.513514, 7.117415
6.486589, 7.118303
6.113846, 7.143166
6.042682, 7.156210
6.006174, 7.167554
5.984817, 7.169579
5.952858, 7.171191
5.921022, 7.171213
5.897204, 7.169646
5.884135, 7.180778
5.861496, 7.184784
5.835221, 7.191017
e3adbde7-e40f-452e-a08f-ff16dc0432e2
6.642112, 7.007735
6.527338, 7.048952
6.415680, 7.095495
6.169251, 7.179729
6.082140, 7.211728
6.002660, 7.240924
5.931342, 7.270311
5.874179, 7.296580
27b3b91a-f9de-4fdd-8518-e02b2c8abc3d
6.468890, 5.933695
6.441629, 6.010729
6.430489, 6.084499
6.426695, 6.109614
6.427928, 6.141544
6.438879, 6.192473
6.439331, 6.223059
6.444513, 6.269812
6.438451, 6.314718
6.432083, 6.606773
6.429697, 6.647552
6.430038, 6.692962
6.428959, 6.748625
6.428344, 6.780368
6.423450, 6.801188
e6c5ecf1-7c92-4c98-87e4-64cc6aa664c9
6.373782, 5.560954
6.319563, 5.626480
6.292180, 5.654878
6.274626, 5.677394
6.258228, 5.703294
6.236514, 5.743189
6.218673, 5.788488
6.201473, 5.823990
6.183017, 5.862083
6.165948, 5.904175
6.155608, 5.929675
6.091674, 6.033426
6.074040, 6.056343
6.047690, 6.085683
6.019419, 6.117168
5.991377, 6.152884
5.965248, 6.186170
5.938615, 6.215254
5.911641, 6.249149
5.895348, 6.264823
bf8244fd-3540-41f2-a982-34c52668ea8c
6.431390, 5.307896
6.321941, 5.410804
6.303566, 5.423973
6.301773, 5.446846
6.278528, 5.504726
6.269781, 5.533789
6.262043, 5.580272
6.254369, 5.608147
6.234025, 5.648410
6.081026, 5.785791
6.038844, 5.817633
5.990438, 5.850423
3cb47b04-71c7-4454-94a7-277685b94914
6.591651, 8.597904
6.468321, 8.619792
6.393319, 8.633103
6.318316, 8.646415
6.237667, 8.665026
6.195477, 8.673224
0db5e8a3-97dd-4799-8ceb-485b5e6739e6
6.512000, 9.193300
6.435717, 9.201857
6.368918, 9.204943
6.266296, 9.240897
6.213603, 9.264116
7e6f1b0b-45d5-4993-aad5-20ab576d784e
6.606703, 9.186240
6.718312, 9.240802
6.778727, 9.277007
6.860489, 9.312042
6.918757, 9.345152
6.965422, 9.369281
7.007457, 9.401606
a16068fb-dc76-4b27-93b0-fc0abc67e05d
6.562002, 9.430488
6.636088, 9.475565
6.709019, 9.523454
d57de988-07f9-4d23-85b1-cfc7eb25c74e
6.476040, 9.928183
6.509480, 9.945731
6.578136, 9.986020
6a916833-b7ff-4204-bc84-d391c50f67c1
6.652577, 8.446993
6.497369, 8.424314
6.451928, 8.378542
6.438266, 8.360532
6.420252, 8.329354
6.393852, 8.286653
f6ea585a-7c06-40c8-b137-701d2d105029
6.624568, 8.106812
6.749639, 8.168194
6.813657, 8.195718
6.841174, 8.209450
6.863452, 8.222520
6.880810, 8.222696
6.894762, 8.227055
6.928499, 8.235910
6.947720, 8.245483
6.979626, 8.259577
7.000774, 8.275462
7.023021, 8.290441
7.050323, 8.303410
1652e779-2ef8-4003-a774-f5eb75fc76ec
6.690807, 7.699288
6.840984, 7.774518
6.989127, 7.821303
7.017806, 7.835069
7.057919, 7.852662
7.104443, 7.873068
7.158715, 7.896871
7.193639, 7.910554
7.217289, 7.919820
5a1f8d7c-1600-46df-9ec0-5a1c68118c4c
6.456327, 5.151960
6.357544, 5.172389
6.276427, 5.209067
6.199715, 5.291767
6.182441, 5.310389
6.176404, 5.331753
6.149746, 5.381527
6.117997, 5.427780
c229f2f2-889b-469a-9d26-15694b157096
6.523567, 5.287433
6.339265, 5.250962
6.145532, 5.236625
6.105347, 5.225820
6.088876, 5.240139
6.005833, 5.253622
5.904469, 5.305891
5.842386, 5.337904
5.807827, 5.362460
5.743946, 5.417032
5.686341, 5.462304
5.636236, 5.504358
5.608674, 5.527491
c18f6d7c-f94a-4490-9202-eb8421e3dccd
6.638940, 5.047408
6.573753, 4.999634
6.440949, 4.908732
6.386087, 4.897015
5fc07bba-3e65-4bd7-934a-e13f4bea8911
6.574630, 4.893736
6.381879, 4.897660
6.271448, 4.872119
6.223390, 4.864977
6.193882, 4.858903
6.178179, 4.863401
6.154787, 4.868542
6.124917, 4.873574
6.098643, 4.879520
