main root
6.567551, 4.226643
6.522201, 4.366459
6.499432, 4.519030
6.463435, 4.675443
6.437106, 4.798070
6.418114, 4.906688
6.400124, 4.974824
6.388716, 5.041493
6.388253, 5.079699
6.393243, 5.161956
6.397859, 5.238020
6.402474, 5.314083
6.410260, 5.392953
6.417745, 5.468787
6.428503, 5.547306
6.438847, 5.622805
6.449193, 5.698303
6.459539, 5.773800
6.469889, 5.849299
6.486982, 5.929914
6.495690, 5.999845
6.509292, 6.109065
6.518744, 6.201981
6.529331, 6.285575
6.541974, 6.368891
6.560637, 6.450414
6.585312, 6.530312
6.608439, 6.612228
6.633322, 6.692737
6.658326, 6.773632
6.688317, 6.850387
6.691667, 6.895973
6.694923, 6.940304
6.720560, 7.031890
6.750324, 7.110460
6.764990, 7.174523
6.785773, 7.265307
6.800983, 7.338456
6.818266, 7.414216
6.836775, 7.514369
6.848878, 7.588100
6.861222, 7.663294
6.871086, 7.749507
6.871393, 7.807708
6.863409, 7.866596
6.851890, 7.940415
6.843021, 8.006957
6.683104, 8.209398
6.596179, 8.288794
6.558641, 8.340225
6.510870, 8.423623
6.477566, 8.494531
6.455514, 8.556408
6.435539, 8.656564
6.407309, 8.754851
6.378944, 8.861277
6.369292, 8.963201
6.354241, 9.032887
6.321944, 9.122641
6.296589, 9.211740
6.277638, 9.293489
6.258189, 9.364133
6.235870, 9.433925
6.228789, 9.475723
6.227304, 9.538251
6.223032, 9.715265
6.221194, 9.791433
6.210597, 9.858408
6.211133, 9.950783
6.211576, 10.026970
6.215030, 10.106134
6.176820, 10.188091
6.202759, 10.363880
6.213574, 10.437169
6.186710, 10.476595
6.199810, 10.515652
6.198333, 10.619493
6.207679, 10.691597
6.224296, 10.771402
6.250001, 10.832593
6.279668, 10.914141
6.292621, 10.980510
6.307960, 11.081193
6.313812, 11.175469
6.317498, 11.268788
6.320839, 11.353396
6.323843, 11.429528
6.333065, 11.511407
6.349865, 11.593721
6.351547, 11.646860
6.355315, 11.699447
6.349498, 11.743913
6.392337, 11.924391
6.402420, 11.979836
6.377362, 12.049769
6.393222, 12.081177
6.421890, 12.131262
6.399342, 12.181921
6.419854, 12.321340
6.423929, 12.421691
6.424482, 12.487418
6.407236, 12.564975
6.303918, 12.677012
5.832260, 12.703808
4.832127, 12.729774
4.707126, 12.725226
4.600260, 12.725292
4.552195, 12.723829
4.504423, 12.720658
4.451302, 12.721413
4.400487, 12.723413
4.352400, 12.723807
4.301603, 12.724225
4.246790, 12.720184
4.191319, 12.720599
3.951207, 12.719561
9601180b-9fb0-4fd9-a8df-0414a922b7dd
6.436624, 4.478619
6.371293, 4.503116
6.337158, 4.538197
6.241621, 4.589456
6.186921, 4.620504
6.140067, 4.647812
5.990589, 4.727393
5.895575, 4.739579
5.810661, 4.769392
5.774877, 4.785128
5.738866, 4.807503
5.672218, 4.855963
5.608605, 4.913319
5.562908, 4.956538
5.500525, 5.098372
5.461009, 5.182990
5.427244, 5.260196
5.401599, 5.339537
5.382017, 5.419581
5.359515, 5.486360
5.331420, 5.550988
5.310188, 5.607339
5.296262, 5.652792
5.285971, 5.706818
5.276473, 5.788674
5.274656, 5.856286
5.270094, 5.914574
5.259651, 6.096729
5.253440, 6.152738
5.271282, 6.174607
5.276032, 6.257456
5.280851, 6.341502
5.284096, 6.434835
5.296071, 6.535764
5.311166, 6.627286
5.332432, 6.717447
5.348025, 6.801624
5.369038, 6.891965
5.395285, 6.971777
5.417104, 7.051667
5.436167, 7.098744
d4e9d442-9b09-4965-8074-aeab1d13a557
6.533442, 4.357719
6.613989, 4.400393
6.630363, 4.414151
6.654554, 4.434585
6.673840, 4.450985
6.695678, 4.453572
6.719253, 4.457859
6.734018, 4.473289
6.747282, 4.479007
6.766674, 4.490625
6.862707, 4.541205
6.892966, 4.552195
6.922134, 4.564503
6.954561, 4.576683
6.985958, 4.583800
7.016437, 4.592360
7.044636, 4.598843
7.078677, 4.605248
7.112946, 4.610289
7.143994, 4.616482
7.174686, 4.624246
7.204945, 4.633560
7.238431, 4.642420
7.270817, 4.649558
7.299338, 4.654427
7.325973, 4.657570
7.356623, 4.658173
7.377441, 4.663073
7.473821, 4.692685
7.536642, 4.707016
7.566348, 4.718398
7.607941, 4.737542
7.638518, 4.756558
7.681657, 4.783385
7.727861, 4.815646
7.778540, 4.849204
7.818822, 4.877673
7.862395, 4.906635
7.906778, 4.934338
7.951937, 4.960761
7.991687, 4.987486
8.022985, 5.010332
8.047684, 5.024654
8.117004, 5.092692
8.146918, 5.117857
8.185643, 5.144566
8.224720, 5.185204
8.250479, 5.214151
8.290364, 5.278575
8.319943, 5.317822
8.358532, 5.364051
8.393946, 5.401804
8.424910, 5.428252
8.471478, 5.462122
8.530439, 5.501303
8.579057, 5.547272
8.615970, 5.582174
8.651344, 5.615621
8.684530, 5.653005
c2ad60c3-b0af-42c7-ae6e-d10808c65465
6.880246, 7.905842
6.916126, 7.928090
7.046020, 7.967900
7.072148, 7.976372
7.098136, 7.985264
7.123978, 7.994574
7.153496, 8.002499
7.292670, 8.051685
7.372529, 8.062364
7.424552, 8.067807
7.451199, 8.075108
7.498344, 8.089576
7.545030, 8.105467
7.595010, 8.120895
7.645413, 8.134886
7.678640, 8.148766
7.727464, 8.167537
7.772937, 8.186621
7.813893, 8.208676
7.860640, 8.232146
7.890793, 8.248957
7.951394, 8.296134
7.985170, 8.328116
8.017650, 8.352685
fad13b5e-695d-4b38-83ee-1385894c5f34
6.877067, 7.741974
6.953083, 7.819128
6.974316, 7.849210
6.995063, 7.878606
7.018048, 7.900798
7.039803, 7.909260
7.071953, 7.919795
7.094629, 7.928443
7.126666, 7.938696
7.145638, 7.949124
7.162261, 7.962997
7.185158, 7.983614
7.231010, 8.144217
7.260817, 8.242754
7.271204, 8.282261
7.280137, 8.322124
7.285355, 8.359100
7.286197, 8.397200
7.287187, 8.495941
7.283259, 8.593119
7.283378, 8.628310
7.282034, 8.660481
7.279241, 8.692558
7.277726, 8.727719
7.273417, 8.758186
7.270019, 8.793214
7.264081, 8.823406
7.257595, 8.856393
7.247476, 8.892339
7.237725, 8.926975
7.229807, 8.949578
7abe053f-fb42-49e0-a4e8-d07ff5033b24
6.846505, 7.931478
6.783467, 7.946557
6.759446, 7.960930
6.716422, 7.984930
6.671533, 8.011685
6.625701, 8.031934
6.502400, 8.070850
6.478177, 8.078495
6.452001, 8.089896
6.427165, 8.103977
6.403943, 8.120585
6.335840, 8.181412
0f70c1cf-3922-45d3-9215-1a1e7ce65c5d
6.853766, 8.064500
6.872411, 8.077161
6.924616, 8.114419
6.966229, 8.151473
7.069455, 8.239912
7.121659, 8.282979
7.185524, 8.324022
7.251409, 8.398412
7.288605, 8.438154
7.315672, 8.481298
c3658206-b1cd-443e-8095-ad7893d8185e
6.783926, 8.131793
6.823669, 8.154761
6.874551, 8.209443
6.896051, 8.247542
6.954294, 8.362902
6.970615, 8.391905
6.989262, 8.421991
7.005045, 8.450295
7.023524, 8.474215
7.046329, 8.501286
7.070260, 8.527368
7.091043, 8.552233
7.114873, 8.578407
7.131331, 8.603153
7.147474, 8.624720
692c89b4-6a78-4467-9465-2be26996f3dd
6.522434, 8.441112
6.449831, 8.426432
6.367152, 8.427482
6.333465, 8.429855
6.308792, 8.428594
6.277569, 8.422501
6.236023, 8.414393
6.181687, 8.402266
6.141878, 8.390313
6.119414, 8.382006
7f51f449-0548-4778-802e-f550f787b3a1
6.193894, 10.134555
6.235223, 10.147298
6.286492, 10.173341
3306685c-e657-415f-9363-b76bb5151a03
6.293528, 9.178354
6.246969, 9.178728
6.187432, 9.197758
