main root
6.518049, 4.911863
6.598177, 5.147758
6.614402, 5.250947
6.592101, 5.377210
6.584352, 5.469457
6.565628, 5.549328
6.552779, 5.641005
6.525042, 5.732831
6.493949, 5.821222
6.483235, 5.877035
6.465678, 5.968498
6.458671, 6.060784
6.438255, 6.135189
6.396161, 6.266972
6.348173, 6.402771
6.303584, 6.516314
6.260869, 6.636571
6.216470, 6.755300
6.171119, 6.864524
6.115463, 6.965721
6.050844, 7.074501
5.979313, 7.178473
5.915216, 7.267906
5.861261, 7.357676
5.815095, 7.463012
5.767517, 7.571574
5.754588, 7.637973
5.731933, 7.754319
5.719161, 7.864190
5.708548, 7.973816
5.690304, 8.074445
5.674813, 8.183617
5.657497, 8.275697
5.640284, 8.367231
5.625183, 8.458921
5.615946, 8.527762
5.612036, 8.585494
5.593122, 8.741546
5.573506, 8.803864
5.567886, 8.841660
5.559200, 8.920433
5.550847, 8.996177
5.542497, 9.071919
5.528852, 9.141056
5.516455, 9.219334
5.502047, 9.291172
5.489411, 9.369411
5.472306, 9.437775
5.455985, 9.515327
5.442605, 9.593438
5.427296, 9.665090
5.411372, 9.739608
5.393146, 9.810575
5.372036, 9.880735
5.352085, 9.957435
5.335045, 10.034833
5.314103, 10.102120
5.291457, 10.174881
5.270781, 10.251389
5.253009, 10.328620
5.240541, 10.396155
5.231797, 10.460006
5.226578, 10.542248
5.221753, 10.618296
5.211331, 10.687989
5.200062, 10.763353
5.191310, 10.842120
5.185540, 10.921161
5.171689, 10.987552
5.154776, 11.078915
5.141248, 11.143772
5.133216, 11.218936
5.114058, 11.271460
5.093582, 11.323233
5.087667, 11.358531
84379b79-02b5-4939-98c7-1cc8e0d4197d
6.475219, 4.919999
6.395324, 4.988519
6.272747, 5.124816
6.228515, 5.171147
6.183074, 5.214409
6.135621, 5.255454
6.060513, 5.312075
6.006134, 5.354943
5.952196, 5.403181
5.906088, 5.450440
5.865905, 5.478238
99ab885a-5c95-4041-8e9a-8d98797d7433
6.533196, 5.326178
6.486435, 5.328831
6.402939, 5.358789
6.319952, 5.381955
6.237430, 5.402837
6.159028, 5.431234
6.090071, 5.451436
5.991229, 5.475984
5.923438, 5.492820
5.886331, 5.505120
5.834640, 5.538022
5.785152, 5.560652
5.744728, 5.579136
de4a1f6f-5b75-472d-b2b3-d26bacc59d32
6.556155, 5.147272
6.460825, 5.090650
6.278033, 5.056716
6.235984, 5.054034
6.204722, 5.050397
6.171875, 5.046577
6.137213, 5.044194
6.116510, 5.038412
6.082643, 5.030653
6.048447, 5.024499
6.010523, 5.022381
5.975779, 5.022081
5.941060, 5.023419
5.906444, 5.026391
5.874732, 5.027754
5.842990, 5.027762
5.805291, 5.032406
5.781261, 5.034002
3ce42a3c-76f1-4e71-bf18-2858bbd4bb3b
6.514772, 5.497146
6.481649, 5.500010
6.460267, 5.499560
6.398914, 5.480793
6.374160, 5.468526
6.332326, 5.449466
6.303264, 5.441159
6.269590, 5.439318
6.245442, 5.448612
6.205983, 5.463799
6.182278, 5.472922
0692ab87-7331-4e76-9c44-b48e6f60c09c
6.602418, 5.584268
6.621645, 5.603836
6.641941, 5.619142
6.649905, 5.642119
6.658213, 5.666114
6.674532, 5.681301
6.705780, 5.735603
6.719639, 5.765690
6.735366, 5.803408
6.758611, 5.852256
ac7c2f52-b4b2-46e1-b54a-d33a8184c0f8
6.490766, 6.102454
6.527122, 6.125936
6.563344, 6.153941
6.596036, 6.167865
2e32cef9-4c08-4bb2-8e85-48e2541db14d
6.424869, 6.012842
6.391923, 5.996966
6.379835, 5.984749
6.368320, 5.966727
6.352229, 5.963964
37bbfbf4-7722-4e81-96ae-14f494d6d9d5
6.199339, 6.706988
6.171274, 6.707356
