main root
6.732304, 5.936346
6.802426, 6.129560
6.868552, 6.330503
6.936692, 6.558379
6.984310, 6.722120
7.006563, 6.836450
7.042628, 6.961834
7.064857, 7.069738
7.080816, 7.178666
7.093090, 7.262442
7.106591, 7.354596
7.118044, 7.447281
7.132594, 7.547779
7.140741, 7.633008
7.153746, 7.724848
7.162706, 7.818125
7.171612, 7.910835
7.182589, 8.003108
7.188317, 8.104983
7.201258, 8.187356
7.203464, 8.282720
7.211910, 8.374967
7.217603, 8.459894
7.224399, 8.561262
7.223300, 8.671426
7.217973, 8.781338
7.223198, 8.892069
7.225060, 9.053956
7.222366, 9.183973
7.211361, 9.309699
7.196150, 9.435319
7.184988, 9.562436
7.175946, 9.689404
7.161249, 9.806686
7.140294, 9.923000
7.113139, 10.038033
7.083891, 10.152744
7.057384, 10.294477
7.037091, 10.414440
7.022619, 10.487557
7.013648, 10.583659
6.997434, 10.775801
6.995032, 10.904126
6.988469, 11.030484
6.955242, 11.216780
6.954676, 11.431411
6.952457, 11.493287
6.947676, 11.543071
6.967143, 11.690270
6.970170, 11.735959
6.966742, 11.774735
6.961525, 11.833763
6.959028, 11.896036
6.953785, 11.952136
6.948270, 12.011136
6.945459, 12.073394
6.945643, 12.135715
6.939785, 12.178432
6.934294, 12.240514
6.926916, 12.289982
6.915657, 12.345189
6.903818, 12.403254
6.889647, 12.457788
6.868309, 12.504184
6.872260, 12.537174
6.863964, 12.585415
b7ba794e-91c8-4d48-8d7b-cf9e8d637847
6.820180, 6.207798
6.639107, 6.284827
6.528923, 6.322520
6.467263, 6.345833
6.205737, 6.493415
6.138826, 6.532892
6.074801, 6.565453
5.983211, 6.609659
5.909529, 6.649827
5.843221, 6.684270
5.803775, 6.704760
5.725087, 6.732451
5.655061, 6.753917
5.627541, 6.779829
5.585437, 6.802152
5.498373, 6.838788
5.410465, 6.871216
5.319288, 6.895881
5.229392, 6.920201
5.152678, 6.945605
5.092505, 6.968685
5.045683, 6.981835
5f8e74ad-29e6-49f1-b041-65e4e376289c
6.882617, 6.391440
6.659002, 6.541605
6.538701, 6.597241
6.482046, 6.630053
6.398823, 6.657893
6.346456, 6.669113
6.286264, 6.685082
6.226914, 6.703937
6.168541, 6.725635
6.124663, 6.738765
6.080992, 6.740918
6.016956, 6.764985
5.947400, 6.787924
5.887202, 6.810926
5.812591, 6.845840
5.702599, 6.891579
5.650200, 6.904205
5.557492, 6.920054
5.475571, 6.938266
5.402323, 6.953017
5.342783, 6.969588
5.290847, 6.979381
e3de76d3-a53f-4ac9-8ae7-b086ea748af6
6.901563, 6.555564
6.869583, 6.611115
6.842676, 6.657393
6.794936, 6.723727
6.729234, 6.775100
6.727098, 6.790996
6.617610, 6.970524
6.596572, 7.010771
6.575702, 7.044236
6.555704, 7.070641
6.555211, 7.087008
6.534950, 7.146290
6.517951, 7.190479
6.504617, 7.245983
6.475670, 7.305774
6.462985, 7.328542
6.404409, 7.377655
6.395811, 7.401084
6.384873, 7.430891
6.375233, 7.452815
8d4fecd7-14a1-448a-855d-4d41c106b546
7.007495, 6.846880
6.959155, 6.869528
6.896213, 6.874927
6.749512, 6.904093
6.692212, 6.906329
6.610401, 6.915530
6.541374, 6.915762
6.496941, 6.915894
6.418391, 6.935660
6.296042, 6.947654
6.212148, 6.964902
6.137513, 6.980246
6.067849, 6.979114
5.988620, 6.980819
5.918300, 6.976344
5.870763, 6.976317
5.816089, 6.982271
5.692475, 7.003978
5.644869, 7.002650
205f1e64-01d9-499d-9f51-2c8949f1ede1
7.225694, 8.415111
7.148667, 8.479357
7.116635, 8.502149
7.094219, 8.518072
7.073865, 8.530694
7.001110, 8.563273
6.972468, 8.571179
6.940872, 8.578346
6.906722, 8.587626
6.875098, 8.594668
6.844107, 8.601568
6.748066, 8.664434
6.727246, 8.676275
6.699495, 8.686893
6.663553, 8.708658
6.643341, 8.715650
55084672-7f77-4445-ad31-101fc4d20133
6.743625, 6.135947
6.522647, 6.399127
6.494488, 6.439724
6.471242, 6.478552
6.429441, 6.513117
6.300688, 6.770868
6.272799, 6.807705
6.246737, 6.837171
6.218506, 6.864538
6.188194, 6.893923
6.084201, 7.049942
6.068106, 7.068673
6.069367, 7.088920
6.046382, 7.155266
6.025825, 7.205459
6.010583, 7.242676
5.985012, 7.278170
b27d5320-fea7-41f4-ab66-7553eb7b2d6a
6.776131, 6.186929
6.635029, 6.280637
6.472400, 6.332384
6.314623, 6.402299
6.181286, 6.439614
6.076907, 6.468825
5.984829, 6.488041
5.915614, 6.500367
5.881399, 6.504941
5.763295, 6.526474
5.684128, 6.547206
5.600348, 6.564859
5.507225, 6.578031
5.422689, 6.587894
5.339259, 6.599717
5.256137, 6.613589
5.173380, 6.629503
5.091043, 6.647449
5.043477, 6.657816
5a8c25ad-cec2-4ce7-b9de-3c2c9dee5b28
7.259329, 8.824416
7.329563, 8.835601
7.354635, 8.839604
7.386565, 8.838650
7.449098, 8.823422
7.480759, 8.820332
7.528626, 8.818667
7.586416, 8.818157
7.635728, 8.819219
7.686517, 8.820312
7.734415, 8.828720
bab8c620-a0fd-4b3a-ba40-5fd102456ef8
7.172285, 8.907748
7.123479, 8.963932
7.108955, 8.980103
7.081853, 9.005751
7.076428, 9.025589
7.054313, 9.073784
7.048873, 9.110761
7.044036, 9.174487
7.037273, 9.224040
7.031125, 9.258008
7.005010, 9.329141
6.994955, 9.360867
6.988256, 9.386958
6.985169, 9.417024
6.985934, 9.453531
6.988215, 9.490972
0e119a55-004e-45a3-a692-2d28ca973a39
7.260167, 9.063566
7.308358, 9.059246
7.367482, 9.055656
