main root
6.301090, 3.600050
6.270876, 3.804098
6.248613, 3.979772
6.246759, 4.106874
6.247045, 4.218155
6.207648, 4.413028
6.211487, 4.495730
6.212369, 4.642118
6.200925, 4.791614
6.190730, 4.951633
6.174966, 5.109673
6.148165, 5.274577
6.116772, 5.441881
6.075520, 5.616363
6.047277, 5.790368
6.030124, 5.887305
6.010678, 5.950561
5.983076, 6.137466
5.974417, 6.196072
5.974202, 6.238462
5.981348, 6.305230
5.984359, 6.361481
5.985951, 6.419250
5.990891, 6.489868
5.994612, 6.564494
6.004263, 6.637826
6.014360, 6.730671
6.014903, 6.777196
6.022456, 6.881142
6.026750, 6.940249
6.024486, 6.991712
6.023310, 7.052488
6.024934, 7.123255
6.026684, 7.199433
6.029720, 7.266494
6.029488, 7.322184
6.048859, 7.513613
6.059743, 7.576579
6.069835, 7.634964
6.077624, 7.706386
6.086618, 7.775041
6.092058, 7.839621
6.098454, 7.915551
6.108085, 7.994214
6.114009, 8.067242
6.120172, 8.143197
6.124721, 8.217780
6.128846, 8.285392
6.136656, 8.364259
6.147438, 8.442775
6.150155, 8.495556
6.150494, 8.560368
6.150803, 8.619630
6.149608, 8.677405
6.146741, 8.743592
6.145242, 8.812829
6.145468, 8.871495
6.144170, 8.922922
6.149801, 9.047743
6.150907, 9.105445
6.147628, 9.168767
6.145543, 9.237987
6.146405, 9.308779
6.147333, 9.384975
6.145232, 9.458212
6.143532, 9.517456
6.144436, 9.590355
6.151309, 9.661879
6.161864, 9.740417
6.165283, 9.810812
6.169726, 9.871427
6.174677, 9.938976
6.181130, 9.986073
6.187597, 10.035083
6.197783, 10.273440
6.204992, 10.336949
6.211677, 10.395840
6.223583, 10.474188
6.233326, 10.548264
6.245516, 10.617991
6.260829, 10.670814
6.287694, 10.741983
6.322466, 10.828143
6.335631, 10.872764
6.351864, 10.922494
6.372882, 10.986879
6.395872, 11.057305
6.412127, 11.097454
9006f4f9-07a4-4abe-a55d-aa65e3ea6a43
6.283178, 3.826216
6.422701, 3.978457
6.461230, 4.032231
6.504579, 4.077317
6.539114, 4.095958
6.602608, 4.128529
6.638136, 4.165384
6.812588, 4.281230
6.887272, 4.338399
6.955427, 4.387958
7.019518, 4.447383
7.069677, 4.470878
7.108003, 4.497268
7.214207, 4.578849
7.245668, 4.604904
7.271939, 4.632491
7.306972, 4.669277
7.345727, 4.712143
7.379795, 4.749824
7.419544, 4.793790
7.459294, 4.837756
7.507499, 4.882147
7.539081, 4.915300
7.573613, 4.958058
7.607634, 4.997802
7.644890, 5.036724
7.679366, 5.074903
7.723779, 5.160477
7.743196, 5.197937
7.761677, 5.233633
7.777360, 5.257464
7.804685, 5.293575
7.838543, 5.328401
7.861621, 5.358579
7.892478, 5.398931
7.942063, 5.470118
7.971768, 5.518003
8.005074, 5.568851
8.031007, 5.600248
8.079115, 5.651442
8.106656, 5.680748
8.143560, 5.717833
8.195483, 5.774363
8.220504, 5.799388
8.236348, 5.817350
8.255240, 5.841028
8.270049, 5.866785
8.293057, 5.897793
8.306953, 5.924053
8.328860, 5.955849
8.345991, 5.983347
8.365958, 6.012564
8.387145, 6.040908
8.405322, 6.067725
8.426400, 6.096150
8.444475, 6.123035
8.461289, 6.150727
8.485033, 6.181176
8.503755, 6.207616
8.525410, 6.235605
8.548229, 6.262652
8.567957, 6.288351
8.590673, 6.315484
8.600656, 6.334401
8.618483, 6.364971
8.633493, 6.393681
8.647163, 6.423052
8.667416, 6.455926
8.674562, 6.476084
8.678021, 6.499286
8.691010, 6.509169
6b7f3d79-a9c6-41ab-b50b-4e66554dca97
6.141643, 4.159314
6.074792, 4.178808
5.997448, 4.194761
5.948386, 4.224805
5.831418, 4.319106
5.771642, 4.371145
5.714459, 4.416955
5.654988, 4.464600
5.603314, 4.509834
5.572772, 4.540549
5.534795, 4.608522
5.457344, 4.784457
5.380975, 4.881907
5.335110, 4.934942
5.282957, 4.998417
5.257666, 5.039000
5.227764, 5.075661
5.180454, 5.143137
5.146546, 5.183677
5.123460, 5.211279
5.007735, 5.322453
4.981871, 5.343150
4.973798, 5.364959
4.959240, 5.387042
4.935941, 5.422385
4.911789, 5.453582
4.875241, 5.498347
4.842479, 5.531376
4.806698, 5.565323
4.774284, 5.602264
4.741057, 5.644671
4.703738, 5.685021
4.673474, 5.715537
4.641252, 5.764596
4.516249, 5.921231
4.490685, 5.948405
4.484252, 5.970022
4.469758, 6.002984
4.451626, 6.036780
4.424221, 6.091031
4.395221, 6.141798
4.364710, 6.189174
4.332173, 6.236933
4.306735, 6.287566
4.276993, 6.350095
4.258302, 6.382424
4.228056, 6.425765
4.200098, 6.473674
4.171263, 6.505266
4.137695, 6.557590
3271a727-0816-41a7-9b91-4b1c9bea9d5d
6.224018, 3.977947
6.114622, 4.002588
6.078189, 4.015397
6.056974, 4.018097
6.033073, 4.019629
6.022877, 4.000608
6.010919, 3.978233
5.999003, 3.989281
5.927785, 3.996900
5.885121, 4.027837
5.715451, 4.141543
5.692593, 4.156862
5.671493, 4.171002
5.663897, 4.190813
5.625227, 4.240103
5.603014, 4.268402
5.587836, 4.292574
5.569642, 4.327163
5.557816, 4.349642
5.498822, 4.512659
5.483535, 4.550501
5.467576, 4.578019
5.441544, 4.619921
5.414253, 4.661012
5.386901, 4.699491
5.373243, 4.726454
5.353220, 4.775917
5.335811, 4.826900
5.152748, 5.290188
5.111049, 5.421733
5.098273, 5.462038
5.085497, 5.502343
5.067589, 5.558836
5.056716, 5.593138
5.040392, 5.639684
5.001784, 5.809407
4.992872, 5.866113
4.988828, 5.911263
4.980990, 5.948438
4.969953, 5.986174
4.976098, 6.005478
4.968604, 6.073808
4.963066, 6.124301
4.959253, 6.186521
4.951422, 6.240925
4.942915, 6.289508
4.937803, 6.344741
4.929064, 6.390437
4.918334, 6.438582
4.908878, 6.487886
4.899163, 6.544258
c83c84ad-8a87-4de1-9270-42a3c258755d
6.239178, 3.723159
6.122903, 3.718873
6.082318, 3.720441
5.982422, 3.708856
5.930540, 3.701550
5.888194, 3.694618
5.864852, 3.700519
5.842417, 3.703069
1eb9bae6-3f24-4380-9a2d-b51dec6ff41a
6.275999, 4.260638
6.343187, 4.295424
6.384893, 4.324010
6.396784, 4.322848
6.412517, 4.330083
6.450929, 4.347749
6.487403, 4.366169
6.525188, 4.385252
6.573028, 4.401030
6.625422, 4.445710
6.745399, 4.531805
6.764357, 4.546889
6.778336, 4.563376
6.797468, 4.587801
6.815640, 4.612949
6.837002, 4.639456
6.855519, 4.664352
6.877246, 4.690561
6.900321, 4.715590
6.924678, 4.739373
6.950254, 4.761841
6.976976, 4.782934
7.004772, 4.802592
7.037734, 4.820044
7.060426, 4.833421
7.082031, 4.851028
7.109162, 4.870829
7.121313, 4.887108
7.245639, 5.065288
7.264065, 5.091694
7.350150, 5.185966
7.369331, 5.209629
7.391298, 5.234820
7.414155, 5.259205
7.433644, 5.282616
7.451724, 5.307132
7.472248, 5.332939
7.493701, 5.357981
7.510225, 5.377271
7.599177, 5.470218
7.662210, 5.544549
7.697490, 5.586022
7.724911, 5.618257
7.750229, 5.650329
7.770151, 5.682813
7.798768, 5.726612
7.828625, 5.769573
7.858493, 5.809926
7.891219, 5.846591
7.931385, 5.884851
7.974517, 5.919735
7.996180, 5.943029
8.015592, 5.961706
ecf0a03f-3530-4a52-94c8-90368d2f5dce
6.338783, 3.806281
6.450265, 3.997686
6.624254, 4.196988
6.648439, 4.222286
6.663043, 4.246224
6.678209, 4.268377
6.698106, 4.294943
6.711117, 4.314956
6.843205, 4.453846
6.852245, 4.472039
6.864342, 4.500313
6.875970, 4.524321
6.888708, 4.547759
6.906586, 4.571778
6.927707, 4.598064
6.945577, 4.623095
6.962074, 4.644057
6.985046, 4.666391
7.010077, 4.688987
7.034165, 4.710732
7.060720, 4.732351
7.074453, 4.748999
7.097564, 4.774267
7.113474, 4.797947
7.135399, 4.822078
7.150718, 4.840793
7.221991, 4.976201
7.237103, 5.004911
7.411943, 5.205756
7.450000, 5.240477
7.477596, 5.267679
7.499887, 5.295957
7.531334, 5.335849
7.563055, 5.371256
7.593624, 5.409998
7.666019, 5.487057
7.699235, 5.518042
7.735814, 5.554211
7.755051, 5.579547
7.777274, 5.611289
7.805456, 5.678386
7.842764, 5.732423
7.869544, 5.773844
7.910465, 5.817837
7.942948, 5.854956
7.991186, 5.894167
8.024288, 5.926860
8.058314, 5.962568
8.099706, 5.999497
8.139170, 6.040724
8.178688, 6.082008
8.212081, 6.121166
