main root
6.938043, 4.073659
6.939055, 4.272746
6.994964, 4.595510
7.008121, 4.720682
7.014743, 4.862974
7.024723, 5.016092
7.020502, 5.144667
7.018426, 5.271936
7.012535, 5.373609
7.003289, 5.460475
6.986980, 5.534193
6.962653, 5.624681
6.941814, 5.696433
6.918520, 5.765899
6.889494, 5.872426
6.863012, 5.953842
6.839442, 6.026306
6.815871, 6.098770
6.781826, 6.203437
6.759217, 6.277782
6.741034, 6.358152
6.710592, 6.463940
6.689531, 6.552426
6.684480, 6.610198
6.688543, 6.685198
6.700363, 6.786065
6.716370, 6.886327
6.731051, 6.978289
6.739616, 7.071957
6.742569, 7.173950
6.745510, 7.275511
6.756978, 7.379161
6.781526, 7.505573
6.794711, 7.606753
6.799488, 7.708900
6.797571, 7.802929
6.801848, 7.904397
6.798805, 7.979947
6.784729, 8.066627
6.773272, 8.150113
6.765502, 8.206732
6.711521, 8.332365
6.692670, 8.459467
6.672431, 8.567083
6.644933, 8.690585
6.619323, 8.815265
6.593441, 8.930779
6.565505, 9.045817
6.543562, 9.162994
6.517660, 9.278395
6.491501, 9.385274
6.475604, 9.467674
6.449805, 9.588349
6.420480, 10.000538
6.407031, 10.100212
6.395551, 10.201102
6.375921, 10.317647
6.359045, 10.417838
6.345690, 10.509791
6.326877, 10.609889
6.308615, 10.718507
6.287572, 10.818161
6.268949, 10.926829
6.252434, 11.035727
6.232996, 11.135692
6.213109, 11.226937
6.189391, 11.325837
6.165697, 11.424629
6.146075, 11.515462
6.128201, 11.598213
6.114407, 11.676249
6.096290, 11.744342
6.090142, 11.802376
6.016849, 12.020680
5.992603, 12.092872
5.973592, 12.158858
5.956598, 12.239449
5.904630, 12.631323
e67b10bf-c662-4a57-9d7a-371d52041596
6.931187, 4.195820
6.780688, 4.242591
6.718176, 4.274055
6.642743, 4.338305
6.501290, 4.440448
6.467815, 4.460928
6.432886, 4.478745
6.403312, 4.497149
6.366601, 4.523477
6.332379, 4.547974
6.298135, 4.572440
6.275059, 4.592560
6.244751, 4.618938
6.223704, 4.641173
6.196172, 4.674560
6.169773, 4.711220
6.145149, 4.745351
6.119820, 4.775279
6.100007, 4.807900
6.078642, 4.845959
6.044193, 4.889018
5.829441, 5.069247
5.798484, 5.096825
5.771273, 5.126718
5.737993, 5.160651
5.718743, 5.182028
5.701837, 5.202633
5.686311, 5.228207
5.673541, 5.251601
5.663051, 5.279620
5.648252, 5.331188
5.635688, 5.380392
5.622419, 5.426304
5.612429, 5.460872
d0fd3207-ce89-4875-8626-1dc028367550
6.931830, 4.510947
6.865745, 4.540847
6.796894, 4.568716
6.729453, 4.587938
6.633053, 4.619816
6.569588, 4.636074
6.512281, 4.647663
6.418428, 4.661932
6.350617, 4.663160
6.319028, 4.683816
6.216227, 4.725362
6.120811, 4.743504
6.073200, 4.767545
6.017068, 4.784041
5.950052, 4.806857
5.901762, 4.827741
5.854714, 4.840052
5.705019, 4.859694
5.640487, 4.884769
5.613450, 4.890463
5.564916, 4.899156
5.513720, 4.909851
5.465171, 4.918469
5.416384, 4.925613
5.362346, 4.938067
5.326521, 4.941720
5.274664, 4.948515
5.225602, 4.953439
5.173735, 4.960152
5.119497, 4.971703
5.081313, 4.978310
5.055060, 4.984376
4.933959, 5.016665
4.906458, 5.019358
4.854592, 5.025949
4.805529, 5.030683
4.750962, 5.040466
4.702204, 5.047695
4.650728, 5.056847
4.599536, 5.067475
4.550994, 5.076032
4.494931, 5.093521
4.467566, 5.097362
4.416020, 5.106116
4.367197, 5.112898
4.318192, 5.118202
4.271704, 5.118725
4.213543, 5.126869
4.164544, 5.132227
4.112756, 5.139402
4.063749, 5.144689
4.014604, 5.148493
3.959862, 5.157242
3.915508, 5.159790
3.863418, 5.164290
3.814204, 5.167046
3.762108, 5.171471
3.712228, 5.177218
5e186fd6-06d4-46cf-a0f4-d84f2f013137
7.004959, 4.535354
7.093610, 4.551649
7.184947, 4.570576
7.267876, 4.581408
7.319955, 4.592476
7.400761, 4.624996
7.477038, 4.631339
7.549747, 4.640390
7.659611, 4.649799
7.752350, 4.655632
7.837140, 4.663043
7.899265, 4.671476
7.952527, 4.681727
8.092531, 4.676960
8.142424, 4.682750
8.214792, 4.694160
8.306881, 4.706551
8.379730, 4.707982
8.472060, 4.701382
8.546675, 4.697548
8.619934, 4.696782
8.685288, 4.693994
8.736329, 4.700116
8.941947, 4.661378
9.002558, 4.646909
9.053384, 4.647158
9.118646, 4.641487
9.174948, 4.639595
9.239944, 4.631416
9.298727, 4.624016
9.357511, 4.616612
9.413699, 4.612546
9.472795, 4.608266
9.531887, 4.603981
9.588210, 4.602895
9.643041, 4.606329
9.675773, 4.611382
9.707705, 4.610253
66054dc7-f90a-46b8-964d-9995fa4a5184
6.982476, 5.158184
6.931826, 5.172225
6.752793, 5.197634
6.695018, 5.205693
6.656215, 5.204920
6.639053, 5.227298
6.547156, 5.253440
6.484069, 5.268275
6.438569, 5.282049
6.285462, 5.276726
6.224133, 5.274578
6.185052, 5.290000
6.093839, 5.286900
6.049537, 5.279071
6.020240, 5.307191
5.936530, 5.318571
5.885494, 5.329694
5.837154, 5.334323
5.481207, 5.402753
5.406399, 5.417134
5.335151, 5.426259
5.233334, 5.432900
5.149399, 5.440454
5.048470, 5.451659
4.964323, 5.461002
4.888589, 5.469410
4.841766, 5.477621
5a0a8aa5-ec33-44ab-bcaf-15df7e871ab9
6.662493, 6.637488
6.621084, 6.658415
6.569513, 6.681122
6.538114, 6.691675
6.524539, 6.721098
6.472603, 6.751797
6.397274, 6.780705
6.270115, 6.806469
6.195436, 6.821599
6.123095, 6.833201
6.039175, 6.857274
5.986351, 6.868110
5.919404, 6.886864
5.837599, 6.899815
5.766149, 6.907886
5.618781, 6.953521
5.565431, 6.961185
5.472183, 6.970331
5.380375, 6.983562
5.301146, 6.999518
5.225270, 7.016325
5.161323, 7.025588
c5a185f9-1e50-4fcf-a7fe-fd16d428b81d
6.725559, 7.024555
6.839707, 7.064049
6.939434, 7.058446
7.025173, 7.092778
7.095908, 7.121100
7.164696, 7.150258
7.223148, 7.176659
7.370909, 7.197769
7.455233, 7.218195
7.527233, 7.235637
7.577159, 7.238493
7.638442, 7.242000
7.681198, 7.233952
7.754476, 7.232474
7d0f1611-2779-4507-8284-130b69a40281
6.755439, 7.457208
6.709859, 7.469977
6.697081, 7.481567
6.676700, 7.500055
6.632191, 7.574402
6.556533, 7.681524
6.481160, 7.796195
6.445488, 7.844965
6.428595, 7.862992
6.425541, 7.885964
6.413643, 7.918688
6.402360, 7.940520
6.405173, 7.959919
6.403731, 7.981256
6.399626, 8.019788
6.396566, 8.199966
8ac1e372-ae89-4485-be58-55e77d020e54
6.940397, 5.672549
6.960125, 5.680739
7.084649, 5.695468
7.143282, 5.694840
7.197808, 5.707350
7.255570, 5.735843
7.350570, 5.756935
7.401811, 5.766747
7.436093, 5.777851
7.486176, 5.792466
7.532953, 5.807642
7.586801, 5.820358
7.645107, 5.826405
7.685249, 5.840624
7.738736, 5.854775
7.789541, 5.866635
7.830014, 5.871440
a481dc88-9890-4455-bc69-20ff7363dba7
6.863943, 5.810117
6.831201, 5.819826
6.749025, 5.810888
6.730425, 5.823183
6.678541, 5.827715
6.578364, 5.823632
6.493372, 5.829259
6.452631, 5.817174
6.410353, 5.807756
96a8fa71-e650-4680-b544-3a6ac2f9f29a
6.860464, 7.934623
6.924068, 7.951047
7.001105, 7.981866
7.079341, 8.015398
7.194037, 8.065961
7.245433, 8.093151
7.456613, 8.171494
7.521259, 8.191640
7.601489, 8.210366
7.675678, 8.227678
7.742668, 8.249462
7.780656, 8.258671
7.842921, 8.264528
7.920394, 8.270312
7.991548, 8.280129
8.093015, 8.297147
57475a01-1fc6-449d-89ce-1460886f0da1
6.803329, 7.311081
6.851275, 7.301826
6.910601, 7.291924
6.955155, 7.294191
7.040889, 7.270306
7.057666, 7.255943
7.089005, 7.237044
7.096519, 7.222043
7.109230, 7.203349
7.126576, 7.196447
7.164231, 7.184686
a9d043de-5fe2-4643-920b-ab697bf2e3cb
6.745353, 6.800972
6.659552, 6.756678
6.553732, 6.633667
6.513371, 6.625090
6.451186, 6.609342
d6dcc9f9-3f89-46f7-a300-e1006d9271b9
7.105060, 5.056523
7.156082, 5.063954
7.205455, 5.078231
7.252750, 5.098545
7.313862, 5.123330
7.328659, 5.140026
7.342641, 5.160362
7.362585, 5.169110
7.403359, 5.183724
7.443130, 5.196390
7.467332, 5.204098
5b628bc9-d092-460d-9701-a81babeed1ad
7.066876, 4.854974
7.120242, 4.809682
7.139900, 4.789667
9cd89ad4-6798-4a96-ae3f-df007bc50812
6.837170, 7.483666
6.899494, 7.508309
6.942597, 7.522093
6.998142, 7.556921
7.042133, 7.577394
7.088325, 7.592246
7.110802, 7.602577
7.145154, 7.621618
7.177044, 7.635829
5184b5a7-c902-4912-a26c-86e7ecc937e3
6.787185, 7.767677
6.731000, 7.797800
6.663840, 7.833807
6.596069, 7.871841
6.482473, 7.906229
6.413970, 7.933225
6.358548, 7.951848
eb9a70cb-0051-4bf3-8225-18aca5933fb5
6.766689, 8.371585
6.722608, 8.407957
6.654394, 8.464242
6.612231, 8.493165
6.574411, 8.508218
6.512234, 8.537798
6.440028, 8.555668
6.385023, 8.560736
6.264806, 8.581065
3e5f3672-734d-45ea-9e5d-0365ecdb5432
6.755648, 8.686277
6.809375, 8.700564
6.835489, 8.703353
6.857058, 8.698258
6.902369, 8.698831
6.943077, 8.710844
d6a6421f-f3a4-4d4a-95ed-ac6d83fe9256
6.782949, 8.522174
6.843478, 8.520939
6.910782, 8.511450
9fab184d-2b64-43fb-83be-e793f8f5318c
6.607855, 9.145732
6.546114, 9.119502
6.522736, 9.109570
6.526783, 9.027059
6.506426, 9.010660
6.474641, 9.001900
fe1d5277-49a1-4112-ae6a-9cb0c3e7a54b
6.379880, 10.240429
6.437209, 10.570408
6.463416, 10.622263
6.476472, 10.658051
6.494092, 10.697619
6.510707, 10.731249
18d68ee2-9563-4403-8a21-3a031609978a
6.521020, 9.617445
6.552354, 9.842260
6.549298, 9.880182
6.543144, 9.919012
6.539041, 9.964154
6.536188, 9.995799
6.533907, 10.021097
