main root
6.322612, 4.860757
6.273092, 5.182681
6.256594, 5.310232
6.264032, 5.352055
6.279908, 5.410892
6.274038, 5.512720
6.259930, 5.685165
6.254355, 5.830266
6.264110, 5.973162
6.267666, 6.087318
6.275325, 6.197313
6.273584, 6.323391
6.276414, 6.424880
6.283200, 6.517388
6.291253, 6.627153
6.305186, 6.730295
6.322515, 6.812105
6.343945, 6.893250
6.367723, 6.983294
6.391500, 7.073336
6.425146, 7.159554
6.457701, 7.237275
6.490411, 7.315363
6.538857, 7.414586
6.582982, 7.524194
6.626070, 7.625565
6.669650, 7.717276
6.713021, 7.818409
6.746050, 7.906096
6.775108, 7.995178
6.803988, 8.083716
6.832869, 8.172254
6.864972, 8.277495
6.898616, 8.373287
6.925019, 8.480383
6.947661, 8.591606
6.974100, 8.689661
6.990439, 8.790889
7.012856, 8.889948
7.034829, 9.006160
7.059456, 9.113634
7.079889, 9.221754
7.098239, 9.330248
7.113111, 9.430853
7.130048, 9.530978
7.149068, 9.630720
7.166035, 9.731000
7.185059, 9.830750
7.202877, 9.913116
7.214078, 9.971967
7.252880, 10.198219
7.272128, 10.297859
7.281091, 10.399947
7.287887, 10.501358
7.305215, 10.601564
7.320461, 10.702055
7.314899, 10.806403
7.322194, 10.907996
7.316934, 11.012023
7.314878, 11.094338
7.317695, 11.166923
7.366243, 11.277754
7.378449, 11.326590
7.392582, 11.417847
7.398665, 11.512110
7.408830, 11.604313
7.406645, 11.699680
7.417163, 11.791666
7.433707, 11.917879
7.458117, 12.061640
7.474740, 12.196887
7.487085, 12.314628
7.507911, 12.432316
7.524997, 12.541018
7.538695, 12.641788
7.552098, 12.724986
7.564554, 12.802307
7.571558, 12.864609
f8b81fdc-3ecd-454d-9b5b-8a9ab2b1928b
6.228233, 5.046104
6.170743, 5.072927
6.108323, 5.067488
6.074745, 5.058550
5.873970, 5.107519
5.771808, 5.181968
5.733120, 5.206457
5.644839, 5.249973
5.552268, 5.286985
5.503728, 5.312840
364e5c6e-77f9-4a06-80ff-f419e795ac53
6.256247, 5.142421
6.160332, 5.162828
6.129749, 5.163209
6.112785, 5.173023
6.132091, 5.236641
5.970925, 5.366167
5.925596, 5.404266
5.841112, 5.481950
5.810126, 5.506375
5.763828, 5.540965
5.715134, 5.584819
5.688837, 5.600444
5.637363, 5.632771
5.580471, 5.666731
5.537369, 5.690716
5.499108, 5.710295
5.453235, 5.735449
4770c677-6db4-4ae5-9097-3d0f2fb39f8e
6.270340, 5.352093
6.188639, 5.352961
6.138895, 5.346005
6.082910, 5.336973
5.944702, 5.321886
5.863378, 5.326434
5.669121, 5.385603
5.640363, 5.392550
5.601434, 5.398875
5.562138, 5.402227
5.505808, 5.404027
5.448022, 5.404377
5.401856, 5.410645
5.341031, 5.418902
5.289877, 5.424335
cd61124b-8240-407a-90cf-a658ee2514d9
6.271062, 5.355631
6.201220, 5.235070
6.191565, 5.221623
