main root
6.276398, 3.352906
6.396566, 3.729567
6.467122, 4.028722
6.444544, 4.347633
6.402028, 4.622462
6.354233, 4.892322
6.282369, 5.200870
6.076451, 6.050539
6.016414, 6.381108
5.975232, 6.629431
5.930977, 6.829534
5.897683, 7.032838
5.760919, 7.513640
5.683077, 7.777421
5.619262, 8.066330
5.483236, 8.821560
5.450988, 9.149868
5.406435, 9.420137
5.395362, 9.756463
5.369343, 10.020333
5.345120, 10.301295
5.421342, 10.591751
5.549982, 10.863574
7c325373-c744-41ec-bcdc-5cd42a471713
6.304921, 3.383939
6.417381, 3.303432
6.522419, 3.234108
bdd8e2a6-a4e8-4b17-8d6c-7623158be1b4
6.419911, 3.771393
6.487800, 3.734969
6.558908, 3.725364
6.625479, 3.730045
6.734591, 3.740783
f68bbbad-0096-4dd7-83bd-120c0530e2bb
6.327780, 3.714469
6.188322, 3.757325
6.000949, 3.829800
15993a3c-3d38-4acc-8151-bf003845af97
6.437897, 4.114564
6.377145, 4.167069
6.299892, 4.212850
6.234123, 4.236920
6.141307, 4.270170
6.089019, 4.329347
482cd72e-4fa8-4cb6-99a7-5ea47c027522
6.436667, 4.281109
6.376199, 4.331410
6.273118, 4.437204
6.239705, 4.461203
6.188886, 4.418199
f55d4310-75b2-443e-a775-eaaa8f76c7a9
6.402978, 4.448727
6.323479, 4.485388
