main root
6.578421, 4.822984
6.487700, 5.048187
6.468327, 5.222747
6.416974, 5.374187
6.364344, 5.458885
6.292190, 5.581902
6.236632, 5.718664
6.187013, 5.810917
6.095332, 5.915635
6.057427, 6.006041
6.017715, 6.111618
6.005803, 6.167187
5.992601, 6.258882
5.974073, 6.314064
5.956014, 6.381955
5.937540, 6.445584
5.923754, 6.519908
5.912600, 6.588253
5.895510, 6.646514
5.875430, 6.709654
5.853927, 6.772325
5.831015, 6.834493
5.817995, 6.874152
5.807587, 6.929851
5.798734, 7.001674
5.786542, 7.063896
5.772336, 7.128613
5.763519, 7.203688
5.759553, 7.275946
5.748780, 7.335698
5.735874, 7.418965
5.718404, 7.525522
8e71e976-9b84-4581-a2ae-9b7056e0e058
6.465603, 5.151965
6.366980, 5.160603
6.329894, 5.165220
6.300904, 5.173220
6.280651, 5.190575
6.213085, 5.208468
6.165506, 5.219442
6.139690, 5.226856
6.112251, 5.239329
6.099000, 5.261934
6.063482, 5.286779
b36ec012-83e5-4540-9e94-47a062f33957
6.491815, 4.948854
6.391719, 5.017583
6.326097, 5.065136
6.270249, 5.111152
6.233286, 5.135789
6.177341, 5.171280
6.121533, 5.201367
6.060091, 5.239593
6.001141, 5.281557
5.946312, 5.318748
5.889064, 5.363009
5.854435, 5.385997
