main root
7.308746, 5.269163
7.258260, 5.383695
7.205710, 5.514874
7.162960, 5.622125
7.139597, 5.775957
7.099372, 5.944134
7.085647, 6.113709
7.081583, 6.297129
7.095600, 6.435919
7.140332, 6.628923
7.202232, 6.858626
7.275410, 7.090629
7.335103, 7.316006
7.362960, 7.429432
7.397607, 7.596586
7.409759, 7.770459
7.449062, 7.977903
7.455027, 8.110795
7.449605, 8.286516
7.452807, 8.450428
7.466703, 8.626358
7.485925, 8.758774
7.519819, 8.893057
7.563518, 9.047813
7.578568, 9.142205
7.586344, 9.270824
7.606541, 9.409130
7.618887, 9.551039
7.625343, 9.707155
7.626154, 9.869776
7.630952, 9.984406
7.641122, 10.076488
7.648946, 10.128437
7.645994, 10.192798
c0edb014-f0bc-4210-b3c3-814ca3374f1e
7.095459, 5.557446
7.042649, 5.543835
7.008698, 5.539549
6.962549, 5.525925
6.883865, 5.517354
6.821848, 5.513580
6.758432, 5.515748
6.685367, 5.492995
6.628904, 5.475443
6.561192, 5.463831
6.511743, 5.449305
6.447574, 5.436724
6.403278, 5.425021
6.349764, 5.407816
6.293464, 5.389749
6.229624, 5.375582
6.171894, 5.362802
6.114157, 5.350052
6.087375, 5.333409
6.057906, 5.308013
6.029998, 5.311585
5.929472, 5.285936
5.832366, 5.254610
5.736826, 5.219343
5.650427, 5.191935
5.568866, 5.181509
5.484098, 5.160220
5.416070, 5.149550
5.355334, 5.147235
090ddd47-f8ed-4a57-a22a-d20c0cdba412
7.049248, 5.861077
6.932098, 5.878752
6.846583, 5.892663
6.776225, 5.905484
6.710693, 5.926554
6.674340, 5.935098
6.635528, 5.938070
6.573677, 5.945807
6.509669, 5.959849
6.451777, 5.972548
6.387037, 5.995942
6.329499, 6.019916
6.274789, 6.042710
6.243307, 6.044477
6.185257, 6.057134
6.133502, 6.075274
6.056056, 6.109740
5.992307, 6.128028
5.966532, 6.151528
5.833088, 6.216084
5.750382, 6.258431
5.671050, 6.292061
5.593093, 6.325108
5.522936, 6.354848
5.479701, 6.369925
a715b971-03b8-47fe-b95a-341bc5593d5f
7.066200, 5.734194
6.959959, 5.743328
6.897559, 5.754092
6.836337, 5.766700
6.766358, 5.774999
6.679886, 5.799002
6.602294, 5.826752
6.528733, 5.856240
6.465494, 5.867078
6.390041, 5.888594
6.302896, 5.920004
6.234981, 5.940075
6.184180, 5.944121
6.081915, 5.943778
6.017445, 5.954080
5.918349, 5.976341
5.818139, 5.994516
5.734483, 6.001138
5.640036, 6.000174
5.547341, 6.003436
5.455193, 6.012992
5.377929, 6.023091
5.300764, 6.036165
ef7afc34-d750-4d78-92b9-62e19ba566c4
7.251101, 5.702278
7.293253, 5.726389
7.421906, 5.779879
7.482910, 5.832089
7.545928, 5.883772
7.596425, 5.932928
7.626642, 5.961501
7.749833, 6.054735
7.828646, 6.094628
7.910265, 6.140656
7.989732, 6.190300
8.063268, 6.246160
8.134180, 6.307952
8.205456, 6.381282
8.270365, 6.448061
8.335278, 6.514845
8.406910, 6.573452
8.485544, 6.637787
8.574880, 6.702677
8.657083, 6.762386
8.732434, 6.817119
8.808829, 6.870010
8.855817, 6.902541
8.895312, 6.940118
30541fce-2277-438a-ad24-9829feab36f2
7.234047, 5.689539
7.371432, 5.765573
7.498433, 5.901225
7.676114, 6.000343
7.797587, 6.119716
7.834132, 6.166693
7.863902, 6.214214
7.880187, 6.248665
7.898279, 6.286937
7.919622, 6.339095
7.944020, 6.394767
7.973180, 6.457575
7.991898, 6.497892
