main root
6.476873, 5.704092
6.404659, 5.848513
6.371625, 5.958546
6.345857, 6.074757
6.293165, 6.274841
6.238699, 6.506765
6.206295, 6.733594
6.186382, 6.914984
6.187903, 7.094598
6.199456, 7.253294
6.235976, 7.459676
6.267765, 7.565169
6.315785, 7.665066
6.350797, 7.767724
6.474710, 7.809850
1465fa2b-61f3-432f-9cbe-0d569db17dfc
6.439402, 6.115030
6.462822, 6.131859
6.489215, 6.156353
6.528284, 6.202822
6.573982, 6.254847
d8033527-8ce0-473d-91bb-271b5a324d9d
6.413623, 6.197598
6.505068, 6.239601
6.614594, 6.300969
6.672690, 6.330699
6.729073, 6.356165
6.798708, 6.408994
6.837208, 6.447522
6.882818, 6.495198
6.931610, 6.543951
6.973022, 6.591594
7.019434, 6.642618
7.054299, 6.691983
7.082672, 6.745228
7.094616, 6.767644
7.150507, 6.793233
7.201455, 6.848783
7.263476, 6.929782
7.319529, 7.002987
7.379205, 7.074003
7.446704, 7.160908
7.505698, 7.254107
7.558291, 7.341151
7.588173, 7.415147
7.616305, 7.501764
7.624221, 7.567111
7.631024, 7.693122
7.632727, 7.803148
7.625964, 7.913114
7.614989, 8.022609
7.601912, 8.131867
7.589838, 8.232750
7.574663, 8.341724
7.550050, 8.457293
7.520946, 8.563464
7.496147, 8.661937
7.467195, 8.759576
7.434466, 8.847755
7.398730, 8.926160
7.357427, 9.001776
7.330037, 9.047594
7.299785, 9.080698
75c2ad87-841e-4ee3-9ac2-2b043fda8b02
6.527432, 5.764936
6.591300, 5.786967
6.562229, 5.774255
6.622105, 5.808101
6.654061, 5.825327
432444f5-e020-42c2-9c1b-a96bcdcea9d1
6.218952, 6.309781
6.140415, 6.373024
6.080982, 6.415158
6.018923, 6.469297
5.950304, 6.531951
5.873792, 6.598949
5.815147, 6.658570
5.761104, 6.722385
5.693393, 6.779875
5.615944, 6.845635
5.542782, 6.916079
5.474164, 6.990958
5.388314, 7.072151
5.306936, 7.146202
5.230312, 7.213067
5.155215, 7.281406
5.075626, 7.345255
4.992227, 7.404026
4.907895, 7.460866
4.805447, 7.519739
4.718894, 7.586561
4.623918, 7.657220
4.532193, 7.733350
4.437334, 7.803855
4.337705, 7.867390
4.247090, 7.930196
4.141735, 8.000664
4.061013, 8.062291
3.970228, 8.139563
3.881202, 8.218108
3.756890, 8.320034
3.664738, 8.387392
3.590336, 8.453589
3.496981, 8.556202
3.419954, 8.625192
3.322690, 8.692479
3.226266, 8.761751
3.125625, 8.823661
3.014838, 8.884417
2.924675, 8.931450
2.832495, 8.974763
2.751527, 9.019781
2.678900, 9.062535
2.618706, 9.097971
2.562673, 9.135620
bc1468f2-a287-4a51-9add-4baa20d7cdb8
6.513563, 7.727518
6.517691, 7.662449
6.517684, 7.597271
6.516183, 7.555558
fabcf402-a4bd-416f-a54d-d5d365125e73
6.557892, 7.751802
6.632490, 7.705968
6.692900, 7.683500
6.770271, 7.654723
6.838903, 7.622857
6.909773, 7.570172
6.953576, 7.545363
6.997361, 7.527443
7.046161, 7.515556
09bb428b-e8e7-48f5-9c6f-14114537da3c
6.198246, 7.591291
6.131300, 7.608809
6.083300, 7.628467
6.008652, 7.668316
5.949667, 7.690023
5.869283, 7.721078
5.781916, 7.754087
5.702715, 7.784009
5.613668, 7.813156
5.524277, 7.840201
5.428401, 7.873629
5.327043, 7.917931
5.242770, 7.957060
5.151578, 8.001736
5.059339, 8.044568
4.968153, 8.089245
4.894707, 8.129848
4.830363, 8.158579
4.788262, 8.180656
4.718256, 8.224124
4.674006, 8.262172
4d33ce9f-e315-4d6f-8503-4ef7ef586c75
6.250688, 7.705833
6.193427, 7.743186
6.111212, 7.795520
6.044588, 7.842821
5.983868, 7.878585
5.926270, 7.915986
5.861479, 7.961626
5.811407, 8.022738
5.752426, 8.075509
5.662404, 8.132535
5.610102, 8.183847
5.560302, 8.226415
5.511124, 8.257320
5.429627, 8.303568
5.364486, 8.337090
5.311087, 8.371302
5.260248, 8.414536
32547a94-1e84-4547-aa55-71c7297fc3c7
6.379141, 7.848418
6.320342, 7.964832
6.302204, 8.001268
6.290776, 8.023941
6.281989, 8.054651
6.272405, 8.098988
6.265766, 8.143870
6.238741, 8.200393
6.211975, 8.245965
6.186247, 8.289770
6.163203, 8.326049
6.102804, 8.375556
6.063726, 8.405650
6.038299, 8.427120
6.014219, 8.445494
6.012175, 8.485212
5.975998, 8.536324
5.934027, 8.581876
6acaed5e-7a23-44eb-9ff9-0bb702589723
6.514244, 7.881034
6.523197, 8.004356
6.513393, 8.069045
6.502500, 8.119891
6.488935, 8.176062
6.476183, 8.209736
6.441351, 8.267694
6.399028, 8.320682
6.369586, 8.364285
6.337651, 8.427624
6.304011, 8.497670
6.263252, 8.572959
6.233830, 8.621019
6.209402, 8.666655
6.183658, 8.721092
6.159748, 8.778655
6.138630, 8.837298
6.121254, 8.898804
6.102041, 8.950294
6.079237, 9.015687
6.051361, 9.095631
6.031845, 9.151596
6.015091, 9.213280
5.990788, 9.294842
5.979304, 9.349110
5.963015, 9.389935
5.943356, 9.435170
5.929923, 9.462317
5.922049, 9.495106
5.911292, 9.546301
5.899689, 9.594238
5.886638, 9.641803
5.872150, 9.688951
5.856238, 9.735635
5.840784, 9.785613
5.826765, 9.836014
5.812111, 9.883105
5.798002, 9.933479
5.785339, 9.984237
5.774133, 10.035337
5.764395, 10.086738
5.756131, 10.138393
5.744382, 10.183410
5.739037, 10.209811
5.732467, 10.264889
5.727759, 10.316989
5.721830, 10.365953
5.714420, 10.414716
5.708041, 10.466638
5.703149, 10.518722
5.702450, 10.574184
5.703286, 10.626491
5.705314, 10.659709
a20ff888-2055-4917-b2c8-92a8722471e2
6.529265, 7.872263
6.583028, 8.030977
6.602085, 8.102863
6.622989, 8.180973
6.623092, 8.226660
6.640038, 8.243607
6.674306, 8.343428
6.706647, 8.419152
6.736562, 8.489162
6.774350, 8.562323
6.797183, 8.626097
6.826014, 8.684427
6.858827, 8.746037
6.873716, 8.777180
a6087c6f-65e7-476f-9d4f-4963a5725748
6.580052, 7.822891
6.668738, 7.885522
6.722194, 7.913140
6.783978, 7.948430
6.893401, 7.979623
6.947617, 7.988854
7.027915, 7.997970
7.102379, 8.024564
7.147033, 8.049318
7.183874, 8.071453
