main root
6.475333, 4.466030
6.707248, 4.755701
6.753938, 4.827282
6.822775, 4.961658
6.896793, 5.080238
6.972897, 5.219091
7.052203, 5.342226
7.124802, 5.447505
7.172802, 5.506707
7.213576, 5.546920
7.276218, 5.741230
7.304041, 5.820774
7.318015, 5.892131
7.328424, 5.977664
7.344673, 6.059699
7.347455, 6.105757
7.333522, 6.150286
7.320663, 6.226103
7.311115, 6.269998
7.287646, 6.388291
7.259459, 6.598270
7.234649, 6.688934
7.177582, 6.850729
7.157172, 6.945223
7.132357, 7.070061
7.119565, 7.134418
7.106070, 7.186953
7.088950, 7.311031
7.083406, 7.373118
7.075420, 7.428903
7.064481, 7.484184
7.055332, 7.545842
7.046633, 7.604468
7.040455, 7.666494
7.031899, 7.722195
7.025405, 7.784189
7.017227, 7.833529
7.005073, 7.888557
6.990013, 7.942862
6.976259, 8.003659
6.967700, 8.068626
6.963552, 8.100105
a524d6ca-04d5-4201-af82-9d8faa1aef9f
6.685746, 4.818833
6.720054, 4.995952
6.717628, 5.087553
6.702252, 5.738006
6.708712, 5.808339
6.710302, 5.839713
6.710608, 5.871126
6.712649, 5.905489
6.716393, 5.939710
6.715127, 5.967483
6.715268, 6.001906
6.714080, 6.026026
6.708664, 6.049025
6.702444, 6.082883
6.697910, 6.117007
6.692502, 6.147953
6.688266, 6.182115
6.685729, 6.216446
6.684899, 6.250860
6.688698, 6.288339
6.690583, 6.319696
6.694351, 6.353913
6.692409, 6.375376
6.688955, 6.399275
45854f7f-149d-444d-b602-f415222719bc
6.540457, 4.610702
6.439383, 4.660055
6.334769, 4.714617
6.309530, 4.709665
6.277770, 4.700352
6.253396, 4.693204
6.154866, 4.728979
6.133679, 4.731894
6.091744, 4.737665
6.034310, 4.744058
5.984603, 4.751097
5.948975, 4.756142
5.780538, 4.768855
5.738388, 4.772027
5.696237, 4.775188
5.651324, 4.781549
5.606919, 4.790862
5.566698, 4.797768
5.517855, 4.804636
5.489333, 4.810157
5.460842, 4.820245
5.409312, 4.844842
5.359855, 4.860709
46cfd988-e9f8-4583-97e7-fe9d61505157
6.568809, 4.506252
6.575626, 4.461169
6.593857, 4.446722
6.615181, 4.431735
6.655855, 4.415629
6.699165, 4.409465
6.758102, 4.392622
6.789621, 4.385174
6.823676, 4.375591
6.857295, 4.364579
6.888423, 4.352811
6.923570, 4.333124
6.945157, 4.322745
6.965948, 4.317728
6.989387, 4.316688
7.024637, 4.313623
7.057002, 4.312307
7.092263, 4.309373
7.121680, 4.302418
7.209843, 4.269987
7.231019, 4.266978
7.260722, 4.267290
7.299111, 4.263200
7.331444, 4.261259
7.366643, 4.257643
7.401654, 4.252539
7.425526, 4.250570
7.451583, 4.249918
7.475519, 4.250814
7.502595, 4.256320
7.537537, 4.261894
7.560909, 4.267134
7.585975, 4.274286
7.603000, 4.285369
28a1b7ff-cd48-4a34-ac51-9dab0f1ee5ff
6.620902, 4.803832
6.540498, 4.829384
6.472928, 4.859657
6.311680, 4.920008
6.270280, 4.938700
6.234691, 4.948200
6.212272, 4.951085
6.197202, 4.966156
6.144948, 4.990359
6.120457, 5.004967
6.097606, 5.022082
5.926228, 5.097398
5.898697, 5.106227
5.888533, 5.123456
5.822424, 5.164786
5.787479, 5.183104
5.748722, 5.206799
5.712603, 5.228882
5.676484, 5.250964
5.652015, 5.269432
5.618224, 5.294937
5.583848, 5.324634
5.556310, 5.352380
5.538409, 5.368291
d2347114-667d-4829-8a16-1c4b97e4d4e5
6.897440, 5.203396
6.866034, 5.245568
6.853308, 5.268466
6.828075, 5.310768
6.813457, 5.332334
6.810797, 5.358250
6.786316, 5.415919
6.762842, 5.460053
6.665694, 5.687892
6.647633, 5.711174
6.627638, 5.732031
6.624394, 5.753827
6.596614, 5.808325
6.580884, 5.842266
6.569995, 5.869090
6.562062, 5.900308
6.550698, 5.950705
6.541907, 6.003298
6.529677, 6.058312
6.516817, 6.116162
6.507872, 6.149502
7279ca68-5f44-4ea7-a61c-e982403209b3
6.558763, 4.721814
6.536267, 4.754033
6.500970, 4.811942
6.612265, 5.085608
6.625345, 5.124090
6.640367, 5.177844
6.654779, 5.218597
6.691575, 5.282246
6.705648, 5.357510
6.749393, 5.458662
206d1c99-0901-44d1-af1c-5f97884c59aa
7.241609, 5.539381
7.288298, 5.521018
7.345684, 5.494766
7.407619, 5.472861
7.475985, 5.453172
2c6c2084-3bed-4887-a702-89f6e8ded793
6.617368, 4.506491
6.843204, 4.535652
6.916213, 4.585615
6.978763, 4.651687
7.034541, 4.716638
7.068933, 4.761280
7.103003, 4.807959
7.140973, 4.849425
7.188770, 4.894976
7.215768, 4.922771
7.317413, 4.974529
7.358530, 5.000504
7.393494, 5.027903
7.438401, 5.070699
7.495677, 5.123215
7.558085, 5.180437
7.593310, 5.220858
7.651819, 5.278882
7.703805, 5.332546
7.762717, 5.393358
7.799720, 5.435857
7.843447, 5.472456
7.871358, 5.488010
7.905575, 5.498511
