main root
6.401769, 5.383869
6.465873, 5.779441
6.484609, 5.858663
6.482861, 6.091352
6.470440, 6.315670
6.465913, 6.486175
6.398735, 6.691492
6.344542, 6.875322
6.303056, 7.060770
6.276811, 7.246082
6.232452, 7.453629
6.196664, 7.626396
6.156590, 7.806322
6.140910, 7.924938
6.133790, 8.048635
6.130674, 8.139608
6.102703, 8.257323
6.105644, 8.363461
6.115603, 8.496270
6.120120, 8.667439
6.128503, 8.846615
6.132142, 8.967822
6.131924, 9.029664
6.164395, 9.132913
6.183551, 9.351006
6.194197, 9.514092
6.185549, 9.665267
6.183492, 9.810163
6.191995, 9.941528
6.195770, 10.032571
6.201720, 10.075964
6.241029, 10.235684
6.248357, 10.303065
6.249985, 10.373474
6.250909, 10.413675
6.313156, 10.612256
6.336232, 10.769951
6.357379, 10.914462
6.356983, 10.984832
6.358810, 11.028870
6.424731, 11.312647
6.428044, 11.372724
6.430658, 11.457788
6.431202, 11.542889
6.429674, 11.627978
6.426075, 11.713007
6.418316, 11.798258
6.441520, 11.946445
b038a3cd-adff-4bd8-bb98-3e730dcb1b04
6.467086, 5.690778
6.325066, 5.748996
6.267918, 5.786243
6.194172, 5.800085
6.144556, 5.806347
6.119728, 5.829913
6.036224, 5.856945
5.955878, 5.882955
5.873312, 5.909682
5.830060, 5.925257
5.744856, 5.943437
5.654440, 5.964880
5.572063, 5.984417
5.490852, 5.988544
5.390129, 6.002134
5.297836, 6.014586
5.206054, 6.029092
5.098601, 6.038343
4.892605, 6.070225
4.796717, 6.070167
4.695270, 6.074335
4.503885, 6.141127
4.408858, 6.171813
4.366823, 6.188571
4.331040, 6.196391
4.289919, 6.205340
4.248790, 6.214252
4.205361, 6.226687
4.166948, 6.234535
4.128042, 6.239389
4.096536, 6.243321
4.062653, 6.268096
4.022538, 6.342784
3.818874, 6.371164
3.789295, 6.391524
3.717246, 6.436093
3.654728, 6.473006
3.599450, 6.502260
bc1f15de-59e0-45d0-909f-a6d7828ee8a7
6.356233, 5.665955
6.249186, 5.679294
6.221787, 5.682842
6.179922, 5.688263
6.122441, 5.694199
6.073246, 5.697774
6.019811, 5.704658
5.965548, 5.716176
5.898139, 5.732014
5.847740, 5.742318
5.797970, 5.752493
5.722904, 5.770808
5.681781, 5.780841
5.642856, 5.787256
5.615707, 5.791729
5.588178, 5.799299
5.545271, 5.814199
5.503438, 5.831895
5.476583, 5.838379
5.427200, 5.850304
5.369589, 5.864214
5.315290, 5.872706
5.266348, 5.878847
5.218347, 5.889394
5.165309, 5.905645
5.118724, 5.916789
5.062188, 5.928774
5.012490, 5.939310
4.976135, 5.948547
4.906902, 5.967960
4.862038, 5.986767
4.824645, 5.999208
4.780734, 6.020138
4.742564, 6.038342
4.708649, 6.044556
4.695967, 6.075534
4.582598, 6.085787
4.472213, 6.075680
4.336666, 6.079512
4.205934, 6.092070
4.142592, 6.093637
4.106620, 6.094527
3.975020, 6.139497
3.929880, 6.153348
3.845281, 6.157794
3.781919, 6.156634
3.706607, 6.162747
3.637755, 6.169844
3.592198, 6.176050
30a48f62-6169-4bcf-a1b4-9b690b152216
6.482733, 5.856670
6.582514, 5.845116
6.625779, 5.831324
6.686401, 5.827273
6.772720, 5.839829
6.828079, 5.843346
6.877192, 5.847964
6.923077, 5.850777
7.019321, 5.855226
7.040002, 5.860678
7.077279, 5.873599
7.125662, 5.896707
7.179398, 5.917395
7.222733, 5.929267
7.275203, 5.938986
7.345296, 5.948925
7.387214, 5.954868
7.424055, 5.964627
7.474994, 5.976572
7.522651, 5.989285
7.568071, 6.004499
7.606206, 6.017273
7.734413, 6.028196
7.796384, 6.050015
7.818525, 6.060982
7.856452, 6.079765
7.898391, 6.097192
7.945301, 6.110200
7.989771, 6.119420
8.031213, 6.128011
8.072654, 6.136601
8.110558, 6.147512
8.154932, 6.157170
8.192726, 6.168457
8.233280, 6.180565
8.273833, 6.192673
8.310662, 6.206790
8.354051, 6.220212
8.390738, 6.234693
8.430105, 6.250230
8.465587, 6.267452
8.503660, 6.285932
8.551942, 6.306134
8.781795, 6.405014
8.824577, 6.420150
8.864447, 6.434247
8.904321, 6.448336
8.944199, 6.462416
8.987896, 6.474661
9.024929, 6.488138
9.068508, 6.500803
9.105410, 6.514635
9.145014, 6.529468
9.188473, 6.542539
9.215160, 6.553681
9.254190, 6.569966
9.293221, 6.586241
9.332258, 6.602508
9.371299, 6.618767
9.410342, 6.635016
9.449389, 6.651256
9.484514, 6.669106
9.512556, 6.686726
9.533675, 6.687911
9.574614, 6.704693
3a4bb480-9164-40a2-bf07-db6fb1cd8103
6.464191, 6.065559
6.366978, 6.029913
6.334883, 6.023342
6.320049, 6.010946
6.304819, 5.994277
6.239891, 5.954573
6.213307, 5.934808
6.192819, 5.931636
6.159906, 5.920484
6.116397, 5.908900
6.066454, 5.889409
6.041808, 5.879789
5.954651, 5.836771
5.909229, 5.821195
5.877588, 5.804016
5.855469, 5.791836
5.825290, 5.781882
5.757357, 5.769850
c4e9270e-aa84-45f9-92e4-7dd036abf8bb
6.460853, 6.629851
6.497002, 6.637039
6.544980, 6.639232
6.627608, 6.631105
6.659836, 6.629460
6.692106, 6.629332
6.724346, 6.630721
6.759605, 6.630762
6.794833, 6.629328
6.832842, 6.623308
6.864917, 6.619764
6.897122, 6.617732
6.929390, 6.617217
6.961644, 6.618219
6.996901, 6.617838
7.029151, 6.619006
7.061309, 6.621689
7.091447, 6.619717
7.116793, 6.618059
7.291489, 6.599563
7.315438, 6.598509
7.336546, 6.602053
7.371568, 6.606392
7.403405, 6.611822
7.441870, 6.613803
7.477160, 6.614101
7.512429, 6.612877
7.544725, 6.613231
7.576971, 6.615060
7.609100, 6.618359
7.644328, 6.620449
7.674464, 6.623714
7.706381, 6.628654
7.741456, 6.632546
7.773361, 6.637570
7.805003, 6.644045
7.831679, 6.647953
7.956515, 6.664354
7.980046, 6.668931
8.011431, 6.676534
8.042435, 6.685561
8.080418, 6.691918
8.111991, 6.698696
8.146776, 6.704609
8.181784, 6.709017
8.213606, 6.714508
8.248603, 6.719004
8.280410, 6.724576
8.315395, 6.729161
8.347189, 6.734814
8.378691, 6.741911
8.409837, 6.750437
8.444240, 6.758279
8.475365, 6.766885
8.507837, 6.774286
8.527256, 6.783292
542ae40f-3167-45ce-ab8c-c85a57f0db9d
6.288573, 7.089506
6.160764, 7.162970
6.125410, 7.199246
6.100214, 7.218666
6.066958, 7.242408
6.025611, 7.271926
5.983241, 7.298498
5.829958, 7.411578
5.795271, 7.440889
5.776225, 7.453070
5.744163, 7.466471
5.700292, 7.494544
5.666463, 7.509089
5.621314, 7.541535
5.596900, 7.551712
5.570231, 7.569319
5.278423, 7.672448
5.238531, 7.686546
5.123446, 7.737400
5.086276, 7.750546
5.046390, 7.764649
5.008476, 7.778051
4.986355, 7.782691
1f446bb1-8b2d-4243-a554-94e7cf4281ad
6.492781, 6.548231
6.529205, 6.569962
6.559418, 6.584085
6.705659, 6.655258
6.774046, 6.671414
6.850459, 6.687312
6.902710, 6.706353
6.940482, 6.717011
7.030526, 6.746035
5c76105a-5681-4803-8516-0a15408d8cb5
6.338228, 5.422593
6.247889, 5.481390
6.220336, 5.511087
6.192812, 5.536069
6.177957, 5.570486
489fbcf7-9f9b-4af1-b91e-a6e526560b46
6.149067, 7.613208
6.089158, 7.625158
6.006335, 7.650404
5.959419, 7.655632
5.850334, 7.655651
5.788079, 7.658647
5.728888, 7.661496
5.666851, 7.667479
5.618391, 7.672155
df761be5-575e-4910-8aea-cb921a96998e
6.216934, 7.365634
6.114786, 7.330679
6.085556, 7.318059
5.909162, 7.271601
5.874948, 7.264226
5.857232, 7.254283
5.833161, 7.242392
5.722786, 7.220349
5.681274, 7.212058
5.636240, 7.206116
5.575273, 7.183073
5.509791, 7.164423
dedbf441-855c-40c4-8933-2825c7d48020
6.087904, 8.147009
6.004175, 8.139934
5.935900, 8.146207
5.902774, 8.146245
5.884065, 8.155847
5.857762, 8.164297
5.826484, 8.172774
5.800915, 8.181254
5.774908, 8.193033
5.618907, 8.214695
5.589199, 8.214287
5.575221, 8.223679
5.441275, 8.229612
5.405385, 8.226708
5.359467, 8.224494
033950fe-5d68-453a-b3e9-e8865f8fa87d
6.126864, 8.156933
6.052474, 8.189602
5.959256, 8.233887
5.826730, 8.263553
5.771504, 8.272792
5.710941, 8.285905
5.653359, 8.298316
5.558749, 8.324265
5837feaa-11b4-4fac-893e-4bf9832aa408
6.343685, 6.731456
6.303721, 6.751971
6.228839, 6.798441
6.075643, 6.839377
6.032297, 6.843139
6.002972, 6.850122
5.952883, 6.863513
5.902723, 6.881498
5.877910, 6.891985
ee578a8a-ee53-4fa6-86eb-df207b832366
6.547161, 5.972943
6.653715, 6.305191
6.700190, 6.497511
6.704712, 6.535337
6.706408, 6.574741
6.708558, 6.624701
