main root
6.544716, 4.906820
6.532419, 5.094665
6.537456, 5.377769
6.563618, 5.590463
6.593998, 5.800046
6.626919, 6.006993
6.669295, 6.185379
6.732192, 6.388428
6.806896, 6.571724
6.868702, 6.689775
7.007142, 6.857531
7.058378, 6.941235
7.111453, 7.053674
7.171038, 7.174928
7.201000, 7.295368
7.254095, 7.457099
7.295690, 7.639109
7.346653, 7.878540
7.370588, 8.001090
7.383977, 8.069644
7.382381, 8.126051
53846e65-43cd-44b7-9180-296d8d7e5d31
6.525885, 5.003583
6.667519, 5.030973
6.756058, 5.054605
6.823412, 5.073625
c99dfc2c-fd5e-44b3-97fb-bfc6f9bf6e86
6.540529, 5.142090
6.640560, 5.129532
6.722200, 5.135536
8084f56d-714f-4a7f-9c69-ae64f921b53d
6.523119, 5.009002
6.663443, 5.029120
6.969936, 5.180325
7.065395, 5.224065
7.239263, 5.220625
7.297035, 5.220979
7.382111, 5.223574
7.448271, 5.227090
7.523779, 5.223607
7.573837, 5.219801
7.614074, 5.242196
7.647710, 5.237289
7.710627, 5.248302
7.762398, 5.255844
d8d0427a-f1a2-4fd0-9ff0-0bc0384e4652
6.597968, 5.230129
6.663433, 5.259232
6.690133, 5.287444
6.713351, 5.314894
6.726776, 5.338489
6.758315, 5.356404
6.839172, 5.395309
6.879734, 5.440354
6.920154, 5.496425
6.978936, 5.544514
7.043469, 5.573767
7.111744, 5.602395
7.178777, 5.654486
7.260097, 5.745921
7.295248, 5.791773
7.339817, 5.879460
7.370698, 5.933608
7.400059, 5.985094
f7098be1-dcb2-4707-8aee-88346f2c171b
6.558045, 5.437011
6.649725, 5.506570
6.673943, 5.548389
6.716532, 5.590724
6.757508, 5.618604
6.777667, 5.639765
6.905500, 5.711464
6.989575, 5.768629
7.023498, 5.786573
7.070510, 5.803169
7.090677, 5.813543
7.128014, 5.832655
7.152361, 5.848385
7.183497, 5.871966
7.221178, 5.896643
7.252167, 5.920416
7.276867, 5.947016
7.308693, 5.956957
7.351044, 5.975422
7.398343, 5.995397
7.439246, 6.019169
7.492535, 6.048410
7.533183, 6.072422
56a23f84-2da9-4f08-b455-3bbf7d256fa4
6.616477, 5.668377
6.705579, 5.691058
6.792836, 5.687396
6.846237, 5.693279
6.917655, 5.713178
7.000221, 5.721346
