main root
6.108700, 3.318933
6.193366, 3.687233
6.233542, 4.141935
6.180405, 4.530462
6.159293, 4.954709
6.011261, 5.424142
5.920854, 5.774155
5.543393, 6.882168
5.444269, 7.509872
5.447194, 7.906138
5.455360, 8.338900
5.327158, 9.175289
5.221260, 9.564805
6a214c7b-11af-4db5-803c-312ed47c7943
6.212012, 3.711055
6.294785, 3.689443
6.396298, 3.662225
6.467122, 3.646311
6.667075, 3.634489
223892a5-72cb-4439-869e-3051b6f73140
6.247630, 4.021545
6.381568, 4.083226
6.525249, 4.093585
6.655604, 4.106319
6.791579, 4.129993
6.978486, 4.173438
3249e336-2a5d-4738-b7f1-7cbcc51293a9
6.208888, 3.831167
6.298189, 3.848393
6.419876, 3.831648
6.534571, 3.846835
6.617472, 3.893603
6.714148, 3.987819
