main root
7.501427, 6.373105
7.696387, 6.694435
7.763308, 6.829674
7.865534, 7.169761
7.875418, 7.247007
7.879710, 7.345679
7.870415, 7.424140
7.853276, 7.532838
7.827375, 7.629186
7.798934, 7.726830
7.764365, 7.822822
7.723890, 7.916486
7.679642, 8.008217
7.628059, 8.105413
7.580462, 8.186127
7.517377, 8.276442
7.459461, 8.370442
7.402482, 8.454857
7.340902, 8.546089
7.274157, 8.633627
7.205435, 8.730716
7.135183, 8.837234
7.063658, 8.941873
6.995126, 9.038392
6.936311, 9.121227
6.874281, 9.212246
6.812470, 9.314183
6.754445, 9.418015
6.704392, 9.516253
6.652566, 9.613313
6.610424, 9.705710
6.574132, 9.800576
6.552230, 9.881037
6.527772, 9.970899
6.519433, 10.001534
6.544172, 10.067386
6.564077, 10.167249
6.563709, 10.258462
6.550704, 10.399704
6.546123, 10.524742
6.552040, 10.643033
6.571501, 10.832067
6.611335, 11.004853
6.616231, 11.164374
6.637302, 11.423054
6.643517, 11.677865
6.634681, 11.920231
6.621373, 12.131632
6.611551, 12.311267
6.605518, 12.512405
6.600560, 12.677727
6.605731, 12.854140
6.589979, 13.034973
6.579051, 13.198947
6.570384, 13.400557
6deabd62-f697-439a-8ca8-b97eca6adaea
7.556500, 6.278033
7.615740, 6.197997
7.700434, 6.103736
7.795257, 6.021026
7.895396, 5.931148
7.984600, 5.856756
8.036520, 5.816195
8.086802, 5.782536
3e73e101-6752-42e1-8913-d7c5813f6ab3
7.400144, 6.436445
7.302803, 6.484354
7.257074, 6.513934
7.201256, 6.539149
7.157923, 6.647468
7.137723, 6.718912
7.114562, 6.755175
7.079321, 6.770012
7.016584, 6.823352
d57bbd9d-f29d-457c-92f6-193c20777ee0
6.582746, 9.956799
6.642771, 9.975903
6.730471, 10.006237
6.810056, 10.042621
6.842545, 10.064059
6.872038, 10.076350
2c02f580-1885-4537-9481-f09b02b07772
6.464802, 9.984296
6.405513, 9.984513
6.282976, 9.983988
6.136712, 9.986235
6.008445, 9.982982
5.886710, 9.984109
5.793575, 9.984972
5.726263, 9.991582
5.664926, 9.996080
3c215270-7ffc-4aec-a98e-5d3a87db4663
6.620016, 10.213119
6.713453, 10.256679
6.886205, 10.334889
7.007047, 10.362377
7.187499, 10.414209
7.303460, 10.447518
7.394600, 10.480644
d7384f66-fe7b-44ca-96ad-dd85b500ed86
6.547498, 10.519408
6.368302, 10.578760
6.269677, 10.592991
6.229486, 10.594254
6.176711, 10.591419
b34bf4b9-1ca8-48c3-9a98-625d4799a0be
6.523482, 10.585876
6.428060, 10.626388
6.375233, 10.645167
6.323095, 10.657599
6.266739, 10.686994
6.223575, 10.709509
6.181608, 10.716434
975916d8-a266-47f7-a4dc-a1872f2bc869
6.652619, 10.830642
6.728620, 10.845478
6.830398, 10.866690
6.930166, 10.885958
6.995696, 10.894039
7.038880, 10.909032
afa00817-790d-45d9-8322-f3dc846a60bd
6.518947, 10.891924
6.457663, 10.918484
6.400570, 10.936703
6.358224, 10.950216
