main root
6.813927, 4.285854
6.813685, 4.512074
6.798785, 4.641284
6.756990, 4.767888
6.720766, 4.910524
6.698795, 5.063711
6.682068, 5.206924
6.711999, 5.356778
6.764729, 5.488329
6.817121, 5.652488
6.862525, 5.788271
6.926801, 5.948532
6.977462, 6.113844
7.053427, 6.230038
7.087612, 6.293895
7.149350, 6.476878
7.169231, 6.541207
7.176453, 6.580559
7.186286, 6.643711
7.187734, 6.683694
7.188444, 6.751022
7.199524, 6.830193
7.207143, 6.897093
7.213044, 6.964167
7.220467, 7.034089
7.235734, 7.109188
7.243921, 7.173157
7.254101, 7.242730
7.265532, 7.312108
7.278211, 7.381271
7.288648, 7.447788
7.295534, 7.502809
7.287922, 7.554565
df9cf45a-6bf2-4fef-8fb3-c64e61fe5fcf
6.688026, 4.847165
6.600128, 4.857674
6.497489, 4.916033
6.462382, 4.930829
6.421786, 4.951186
6.378268, 4.973009
6.330965, 4.996729
8e823833-8231-47cf-ad48-76c35047a786
6.811328, 4.536223
6.532134, 4.917445
6.519316, 4.942027
