main root
6.413197, 5.729576
6.289765, 5.847000
6.175758, 6.008044
6.101834, 6.123004
6.045631, 6.362142
5.988655, 6.683960
6.066166, 6.762690
6.137877, 7.022595
6.273564, 7.240195
6.342056, 7.421774
6.394811, 7.716747
6.417886, 7.922085
6.420289, 8.064072
6.462567, 8.158366
6.489247, 8.269316
6.502337, 8.348753
6.517695, 8.439535
6.579398, 8.572173
6.599191, 8.685493
6.645587, 8.817555
6.659165, 8.954553
6.694106, 9.092196
6.717988, 9.179154
6.768252, 9.307631
6.818677, 9.431722
6.871317, 9.556167
6.919709, 9.681290
6.951996, 9.812315
6.988158, 9.950838
7.021726, 10.089004
7.053797, 10.243633
7.074757, 10.378348
7.097679, 10.533935
7.118659, 10.667706
7.145006, 10.810106
7.162293, 10.959386
7.187127, 11.120141
7.212288, 11.269814
7.241020, 11.425268
7.261804, 11.606922
7.274164, 11.795177
7.292849, 11.983295
7.319694, 12.148668
7.344117, 12.299109
7.352249, 12.399828
7.365660, 12.532370
7.368325, 12.588571
7.379803, 12.673903
2a9c4150-cd11-4952-9732-0e70814e4db8
6.414271, 5.838563
6.372512, 5.928265
6.294967, 5.994400
6.151909, 5.929318
5.967025, 5.890491
5.898693, 5.848128
5.824132, 5.791456
5.786350, 5.766546
5.751130, 5.743371
5.725268, 5.722725
5.703140, 5.720454
5.630001, 5.690924
5.598740, 5.679811
5.555237, 5.669006
5.499220, 5.661263
5.445573, 5.649316
5.397776, 5.637138
5.360623, 5.626129
5.330689, 5.621941
5.300465, 5.622247
5.245225, 5.627295
5.190574, 5.636799
5.139308, 5.647233
5.088361, 5.659131
5.046192, 5.667441
5.010272, 5.669943
4.955428, 5.678264
4.906459, 5.684180
4.854720, 5.691939
4.805740, 5.697771
4.753987, 5.705441
4.702476, 5.714588
4.653671, 5.721734
4.604672, 5.727396
4.542375, 5.748154
4.515093, 5.752511
4.463686, 5.762238
4.414965, 5.769935
4.363543, 5.779574
4.312418, 5.790681
4.280690, 5.792980
4.225869, 5.801454
4.184874, 5.809304
626cd86b-59b2-4a24-8e42-7cc409399e0a
6.037872, 6.091398
5.964970, 6.113797
5.879439, 6.184145
5.825219, 6.238191
5.762665, 6.292548
5.666807, 6.375845
5.572123, 6.460903
5.454589, 6.572448
5.338373, 6.647102
5.233005, 6.714184
5.127586, 6.781299
5.044098, 6.930400
4.895441, 7.046464
4.751640, 7.174861
4.567268, 7.356372
4.390015, 7.509375
4.210434, 7.674095
4.074770, 7.825224
3.932503, 7.989699
3.825440, 8.135929
3.749165, 8.240108
3.700610, 8.299023
3.653367, 8.386233
3.589234, 8.491879
3.546159, 8.563226
3.434986, 8.781401
3.339489, 8.994399
3.270407, 9.176176
3.188688, 9.362466
3.115272, 9.544683
3.054053, 9.724831
2.989073, 9.883821
568b0c80-0bca-429c-90cb-3adf8422b3ce
5.833837, 6.145171
5.810386, 6.138666
5.759273, 6.115832
5.713216, 6.102040
5.688584, 6.089528
5.663927, 6.078680
17ba9c07-79f6-465f-bc80-85c1a4973ee5
6.158417, 6.247175
5.846118, 6.421573
5.718046, 6.531737
5.363293, 6.730610
5.252533, 6.747455
5.079199, 6.904351
4.819408, 7.105254
4.664760, 7.263054
4.490464, 7.431430
4.270165, 7.611919
4.146616, 7.739722
4.016584, 7.892481
3.895491, 8.044512
3.791412, 8.185308
3.723404, 8.270331
3.690902, 8.349058
3.659374, 8.401895
3.623771, 8.470320
3.582977, 8.538060
3.509045, 8.663213
3.474012, 8.738824
3.444893, 8.815914
3.416225, 8.883342
3.387995, 8.957396
3.357390, 9.020869
3.328484, 9.101500
3.302769, 9.173230
3.275247, 9.241133
3.246623, 9.311752
3.216349, 9.378472
3.184863, 9.447863
3.156354, 9.525178
3.128217, 9.592826
3.098953, 9.663181
3.071303, 9.737454
3.044719, 9.808867
3.014614, 9.872582
2.984914, 9.949448
2.952311, 10.008911
2.920765, 10.066447
2.903801, 10.109839
2.879453, 10.188563
2.864016, 10.258739
2.846485, 10.304101
fe747af3-382c-441b-8ef1-25190640fb25
6.233635, 6.245594
6.274968, 6.299003
6.308892, 6.354728
6.327591, 6.385461
6.344894, 6.408158
6.383116, 6.443481
6.406306, 6.471027
6.426754, 6.495316
b2c86ebd-3c06-4a10-a941-c26d4b66a2c9
6.036631, 6.188681
5.884981, 6.390967
5.717999, 6.532719
5.599523, 6.617470
5.448453, 6.794833
5.409775, 6.852002
5.362675, 6.898961
5.278910, 6.970524
5.182347, 7.053020
5.126539, 7.117267
5.038137, 7.228042
4.980373, 7.275424
4.870157, 7.370269
4.772303, 7.454475
4.705342, 7.539794
4.594548, 7.667630
4.519733, 7.766807
4.443250, 7.868194
4.371307, 7.974023
4.314105, 8.076934
4.260035, 8.182891
4.211867, 8.281940
4.161623, 8.370748
4.110263, 8.478665
4.061078, 8.577089
4.011715, 8.685309
3.967937, 8.786386
3.936359, 8.864510
3.902549, 8.942622
3.877202, 9.008717
3.855536, 9.077762
3.842515, 9.114259
3.826867, 9.157242
3.801369, 9.231259
3.782157, 9.314656
3.749219, 9.392529
3.717989, 9.458724
3.691240, 9.543513
3.662489, 9.604851
3.635955, 9.689712
3.613253, 9.762374
3.588601, 9.831288
3.562977, 9.902971
3.542802, 9.986137
3.524870, 10.060118
3.502544, 10.126875
3.480304, 10.202862
3.460967, 10.279637
3.440219, 10.349827
3.418656, 10.422836
3.403177, 10.507004
3.383348, 10.565264
3.368179, 10.656325
3.350766, 10.724530
3.336271, 10.805576
3.322885, 10.880516
3.302240, 10.945022
3.284168, 11.011259
3.269970, 11.085978
3.262908, 11.171247
3.254087, 11.223356
3.238938, 11.276977
72abe7ab-36f9-4d85-85bf-6be9b1b9571d
5.942300, 6.481151
6.075192, 6.662093
6.107122, 6.724201
6.127446, 6.763733
e4ba1dde-a729-493b-8c57-8d3ab98c4ae7
6.472117, 8.522617
6.367249, 8.557791
6.263671, 8.581221
6.223716, 8.589730
6.175182, 8.598536
6.132651, 8.604732
6.106687, 8.607001
6.041885, 8.596119
5.998049, 8.588757
5.965740, 8.587885
d4c4c59d-e846-421c-a00c-144ce006365b
6.359932, 7.758964
6.198154, 7.769402
6.091782, 7.712604
6.040966, 7.683500
6.008673, 7.670632
5.970997, 7.654215
5.932240, 7.637219
5.879835, 7.617505
5.824524, 7.601494
5.759464, 7.582662
5.704386, 7.565161
5.657848, 7.548803
5.628071, 7.541510
5.589502, 7.535145
7e1466c0-ba6f-445d-962f-066195e7f902
6.369660, 7.951035
6.310006, 7.903801
6.260968, 7.818119
6.241958, 7.806972
6.192051, 7.792840
6.159000, 7.784869
6.137515, 7.777351
6.117355, 7.767125
6.087524, 7.746958
6.045114, 7.720094
6.004390, 7.703157
5.969218, 7.683665
5.947447, 7.671127
5.927441, 7.657911
07422577-56c5-4020-b46e-3cfe58a3844b
6.011175, 6.036480
5.902431, 5.992060
5.853732, 5.973339
5.816151, 5.957288
5.775330, 5.934972
5.737663, 5.919498
5.688723, 5.901009
5.627291, 5.876203
5.576290, 5.858836
5.536112, 5.843573
