main root
7.066687, 5.857835
7.026396, 6.085103
6.992605, 6.251950
6.972371, 6.391530
6.964926, 6.501888
6.952225, 6.627781
6.923745, 6.759869
6.909531, 6.901232
6.886513, 7.025212
6.858747, 7.140098
6.830903, 7.255308
6.796871, 7.360091
6.765293, 7.484504
6.734049, 7.607603
6.696901, 7.728362
6.665983, 7.843217
6.631287, 7.947688
6.591979, 8.059350
6.552622, 8.171155
6.500559, 8.291751
6.427565, 8.424561
6.363974, 8.544596
6.292167, 8.657849
6.211258, 8.754723
6.111963, 8.879999
6.044086, 8.975781
6.008369, 9.037070
5.987888, 9.097361
5.964739, 9.165503
5.947824, 9.218872
5.884623, 9.371425
5.875642, 9.453831
5.878648, 9.537393
5.899341, 9.674462
5.923357, 9.833540
5.920483, 9.937417
5.918927, 10.065835
5.899225, 10.217854
5.888578, 10.288358
5.873822, 10.372188
5.861371, 10.417018
5.853825, 10.455374
5.806442, 10.590914
5.787408, 10.630571
5.778341, 10.658942
5.764262, 10.706624
5.753272, 10.758328
5.744320, 10.807640
5.734435, 10.853717
5.720226, 10.919942
5.707691, 10.999773
5.692444, 11.083506
5.686957, 11.138701
5.677910, 11.184339
5.671563, 11.239444
5.659173, 11.281616
5.645868, 11.332211
5.636149, 11.386821
5.626037, 11.435095
5.616780, 11.486584
5.611415, 11.541793
5.607848, 11.593986
5.602993, 11.643068
5.596324, 11.710469
5.592850, 11.791202
5.588506, 11.857305
5.585461, 11.926481
5.585341, 11.997270
5.586706, 12.074969
5.586373, 12.141220
5.587523, 12.210455
5.587125, 12.276707
5.588207, 12.345947
5.589264, 12.413678
5.595014, 12.494290
5.596634, 12.559081
5.599491, 12.613440
5.603501, 12.666264
761383fb-bce8-4220-b170-bddc876e3b0d
7.035807, 6.275716
7.062213, 6.287095
7.108949, 6.300714
7.123643, 6.318965
7.190004, 6.365674
7.250661, 6.449235
7.275517, 6.483481
7.294612, 6.504702
7.315831, 6.523805
657c7b4f-3b9d-4c8c-bc91-6ce0456c5c91
6.984144, 6.282572
6.927936, 6.307567
6.894661, 6.334332
6.797949, 6.446833
6.770011, 6.472444
6.738961, 6.500909
6.700322, 6.528209
6.666464, 6.548465
6.638186, 6.568872
6.603857, 6.593645
6.574002, 6.618881
6.554427, 6.637387
6.478322, 6.680548
6.443340, 6.700388
6.419404, 6.713962
6.396183, 6.730573
6.361060, 6.759378
6.328329, 6.786222
6.296221, 6.806747
6.253876, 6.832040
6.210776, 6.856039
6.166976, 6.878717
6.125025, 6.897066
6.087784, 6.910088
6.049664, 6.920246
6.022999, 6.930449
5.987666, 6.947174
5.947979, 6.969271
5.909835, 6.993935
5.887616, 7.004737
5.850925, 7.019246
5.794971, 7.042982
5.757948, 7.058687
7b458536-3028-4f72-bce2-b52ce7e610f1
7.000553, 6.692099
7.028613, 6.705283
7.057500, 6.715548
7.083345, 6.723143
7.159686, 6.752597
7.203004, 6.766102
7.243370, 6.778687
7.303698, 6.794360
7.364709, 6.807118
7.424492, 6.818088
7.456399, 6.826988
7.505917, 6.845460
7.553512, 6.863215
7.601166, 6.882590
ea26615b-9b16-49f6-8887-17be68f4cfef
6.992114, 6.712640
7.030676, 6.759463
7.053366, 6.791723
7.073539, 6.825612
7.090631, 6.848478
7.124346, 6.883586
7.166370, 6.933829
7.183130, 6.960867
7.207837, 7.003562
7.244286, 7.071206
