main root
6.625040, 4.945461
6.563745, 5.182870
6.557520, 5.383795
6.538378, 5.543038
6.516146, 5.727976
6.492806, 5.929693
6.486013, 6.075296
6.483596, 6.208961
6.475017, 6.335025
6.463762, 6.469684
6.459528, 6.571126
6.462421, 6.654035
6.475560, 6.727312
6.492469, 6.809868
6.507335, 6.882445
6.514351, 6.939082
6.556113, 7.064424
6.569612, 7.109666
6.576856, 7.199074
6.593614, 7.276172
6.595055, 7.318023
6.611311, 7.398706
6.615875, 7.459238
6.628995, 7.533670
6.635550, 7.596723
6.647488, 7.668087
6.653494, 7.731194
6.661545, 7.799961
6.667762, 7.865912
6.668236, 7.918764
6.667335, 7.985001
6.664939, 8.051201
6.663933, 8.120429
6.642514, 8.160692
722c23b2-d977-4e5b-8679-884bedad9809
6.552996, 5.129157
6.368171, 5.183480
6.274970, 5.240621
6.203659, 5.275426
ffbef57b-6e3c-4630-bded-93bde258219a
6.573651, 5.072168
6.420939, 5.117882
6.255496, 5.260200
6.199668, 5.324822
6.138476, 5.367345
