main root
6.532557, 4.829132
6.554621, 5.178121
6.567905, 5.386058
6.583708, 5.590098
6.598837, 5.768882
6.671885, 5.994493
6.729534, 6.190220
6.784317, 6.354085
6.834908, 6.466167
6.925108, 6.623681
6.960415, 6.726533
7.005041, 6.901618
7.034095, 6.982021
7.136836, 7.141841
7.174607, 7.200598
7.198957, 7.263174
7.260929, 7.430599
7.275639, 7.500523
7.294815, 7.591665
7.318007, 7.681472
7.328342, 7.738316
7.343468, 7.845172
7.345654, 7.920639
7.339538, 8.000111
7.326208, 8.091081
7.307594, 8.175207
7.289301, 8.257879
7.275125, 8.321948
7.274927, 8.391782
7.242269, 8.523199
7.232526, 8.605356
7.218337, 8.689792
7.209242, 8.781991
7.200931, 8.866246
7.191787, 8.958935
7.188994, 9.051535
7.186441, 9.136165
7.192071, 9.228561
7.201906, 9.320791
7.211781, 9.413403
7.225790, 9.505097
7.239855, 9.597165
7.251876, 9.689775
7.256604, 9.791929
7.265090, 9.884302
7.269463, 9.977901
7.275901, 10.070603
7.283807, 10.154503
7.287937, 10.220446
7.285425, 10.276110
7.327992, 10.493299
7.337915, 10.559484
7.342405, 10.629806
7.347260, 10.705848
7.352118, 10.781891
7.353801, 10.855137
7.355552, 10.931313
7.360367, 11.010414
7.361827, 11.083662
7.366399, 11.162775
7.364107, 11.226878
7.358499, 11.299929
7.352669, 11.375900
7.344083, 11.448658
7.332533, 11.521007
7.320521, 11.596250
7.306026, 11.668064
7.288609, 11.739228
7.272694, 11.816862
7.257392, 11.891504
7.236261, 11.957315
7.211031, 12.026094
7.194909, 12.087431
7.199121, 12.130276
7.162581, 12.389510
7.151465, 12.446909
7.152545, 12.531459
7.153515, 12.607631
7.153731, 12.732891
7.143332, 12.834910
7.133028, 12.935988
7.062518, 13.090241
6.990617, 13.170261
6.871476, 13.184219
6.737264, 13.193641
6.650722, 13.192067
6.591463, 13.190989
6.532210, 13.189911
6.471433, 13.190302
6.419151, 13.192135
6.369825, 13.192368
6.337449, 13.191024
6.305170, 13.188185
6.271919, 13.186763
6.233407, 13.189610
6.199634, 13.192105
811ef01a-5d77-43be-914c-25f5f49fd9b7
6.556865, 5.031376
6.447696, 5.027743
6.360611, 5.027117
6.304403, 5.038291
6.210300, 5.156984
6.176133, 5.215056
6.129910, 5.280008
6.111124, 5.296397
6.033883, 5.354114
5.985837, 5.392649
5.914523, 5.491928
5.890034, 5.518323
5.872758, 5.536943
5.599099, 5.820256
5.552008, 5.866855
5.503810, 5.925077
5.460026, 5.970929
5.413495, 6.030494
5.371036, 6.065397
5.329953, 6.101105
5.290633, 6.145241
5.192249, 6.297891
5.154468, 6.342701
5.110989, 6.396593
5.030157, 6.469790
4.980058, 6.513139
4.929298, 6.551123
4.874769, 6.593796
4.823224, 6.620829
4.758593, 6.673728
4.720289, 6.710879
4.682207, 6.754068
4.658806, 6.787394
4.499987, 7.014962
4.459378, 7.060069
4.414403, 7.116730
4.372062, 7.167663
4.327802, 7.209193
4.278489, 7.253408
4.235823, 7.293668
4.194073, 7.339232
4.148419, 7.391270
4.103898, 7.444279
4.060898, 7.502454
4.020961, 7.558999
3.989068, 7.611934
3.967657, 7.656167
3.948529, 7.705980
3.931550, 7.756342
fd5576ab-4cd8-4cb2-9077-80f68752e729
6.564994, 5.094448
6.421861, 5.084236
6.347105, 5.112373
6.259630, 5.213729
6.208350, 5.246265
6.137244, 5.275054
6.027124, 5.358751
6.003398, 5.379860
5.840750, 5.571802
5.754833, 5.640109
5.651499, 5.751371
5.582173, 5.815671
5.512608, 5.888323
5.467717, 5.941371
5.242690, 6.222902
5.169620, 6.304230
5.025426, 6.449157
4.878633, 6.580422
4.798048, 6.663769
4.781426, 6.711627
4.604322, 6.901477
4.580015, 6.935072
4.502998, 7.043378
4.414084, 7.157705
4.322082, 7.248880
4.218124, 7.356295
4.129376, 7.451009
4.062767, 7.536044
4.004761, 7.621845
3.963945, 7.678445
3.930820, 7.736674
e895cda9-a8a6-43a6-b0b1-07727bb26a3a
6.543021, 5.283266
6.414214, 5.312801
6.328593, 5.307383
6.256147, 5.363861
6.146447, 5.431421
6.068472, 5.481914
5.997403, 5.527935
5.893986, 5.598133
5.823373, 5.738832
5.763546, 5.823407
5.752558, 5.910963
5.734544, 6.145658
5.732219, 6.215081
5.727103, 6.278356
5.725944, 6.370993
5.729530, 6.443263
5.737595, 6.515171
5.738527, 6.577195
5.734986, 6.640493
5.736971, 6.685379
5.740121, 6.722756
5.763692, 6.900816
5.780413, 6.981508
5.778663, 7.039447
5.779839, 7.099654
5.780874, 7.152561
5.791230, 7.222736
5.812551, 7.305696
5.836350, 7.422342
5.838027, 7.472651
5.835929, 7.544477
5.827894, 7.614489
5.823624, 7.707038
5.817651, 7.771572
5.811408, 7.839017
5.806921, 7.887494
5.810986, 8.179567
5.801763, 8.260254
5.794255, 8.344192
5.782506, 8.429002
5.769725, 8.521250
5.765409, 8.613716
5.761066, 8.706744
5.754662, 8.779737
5.745281, 8.852407
5.724916, 8.960583
5.707138, 9.043816
5.685219, 9.126576
5.663583, 9.196582
5.656911, 9.238450
5.641289, 9.368424
b61f969d-374f-45cc-8d9f-165ac73d4774
6.658611, 5.438594
6.700203, 5.461616
6.744435, 5.499514
6.868209, 5.555022
6f5fe05c-7e40-4791-bd48-f3c8aecc2032
6.684020, 5.051550
6.762415, 5.082240
6.806340, 5.101279
6.837205, 5.110002
6.890167, 5.120533
6.939044, 5.125672
6.970241, 5.149555
6.988441, 5.198044
6.996425, 5.229806
7.004433, 5.255526
0f90af1d-8f94-4df1-8fc9-f3c22da00b04
7.183967, 9.012767
7.144839, 9.026157
7.097055, 9.023480
