main root
6.017867, 4.587249
6.104159, 4.770328
6.087014, 4.957227
6.036248, 5.135204
6.013415, 5.289171
5.966926, 5.427010
5.903672, 5.590594
5.835390, 5.741179
5.756358, 5.895118
5.696528, 6.002440
5.642933, 6.098581
5.589338, 6.194722
5.520965, 6.294800
5.453738, 6.410807
5.357129, 6.544359
5.219993, 6.717571
5.151362, 6.777119
5.057784, 6.863873
4.964645, 6.950219
4.907439, 7.016676
4.853477, 7.091062
4.810918, 7.167746
4.763971, 7.278422
4.714378, 7.395336
4.673924, 7.517587
4.640586, 7.631764
4.619597, 7.748594
4.603198, 7.875494
4.585935, 7.992615
4.568650, 8.109882
4.558856, 8.219860
4.544169, 8.337207
4.561580, 8.467876
4.552655, 8.559526
4.545682, 8.623794
4.535639, 8.716352
4.527961, 8.826344
4.518190, 8.935936
4.515509, 9.037458
4.514944, 9.139000
4.510147, 9.240737
4.502852, 9.350528
4.500347, 9.452028
4.491291, 9.561732
4.476589, 9.662695
4.459844, 9.763011
4.447313, 9.863772
4.442101, 9.974268
4.432692, 10.083901
4.425385, 10.193800
4.422876, 10.295303
4.418466, 10.388587
4.416559, 10.472838
4.412560, 10.557863
4.404400, 10.643085
4.397640, 10.735758
4.391479, 10.820203
4.380473, 10.913252
4.369532, 11.005744
4.354359, 11.098209
4.343504, 11.190330
4.328372, 11.282798
4.313331, 11.374709
4.296176, 11.466512
4.280625, 11.549735
4.265628, 11.641439
4.249850, 11.725077
4.236270, 11.808243
4.220511, 11.891886
4.204836, 11.975088
4.185482, 12.066454
4.167936, 12.149284
4.149243, 12.257951
4.139793, 12.350111
4.129429, 12.451182
4.124162, 12.543787
4.116760, 12.636885
4.110822, 12.738253
4.102766, 12.839630
4.091558, 12.900552
4.077167, 12.944394
4.054894, 12.985650
4.009416, 13.037659
3.931691, 13.067769
3.885981, 13.063468
14fe1d2b-3a66-4512-ada5-794a1f0fb6e3
5.263515, 6.717784
5.309980, 6.758522
5.343403, 6.787826
5.412128, 6.832800
5.455503, 6.866551
5.510680, 6.901898
5.556448, 6.934774
5.612938, 6.967980
5.655835, 7.000140
5.720015, 7.033293
5.762725, 7.062092
5.807707, 7.096036
5.843190, 7.122809
5.882331, 7.135469
5652afff-28ec-4d5e-abfa-8e7b80358e03
5.523447, 6.381469
5.584615, 6.419813
5.626146, 6.440606
5.678061, 6.468371
5.703179, 6.504178
5.740578, 6.539426
5.786251, 6.576817
5.872855, 6.610057
5.940100, 6.652157
5.998060, 6.686153
6.023115, 6.709012
6.074039, 6.752847
6.111408, 6.787573
6.181862, 6.822413
6.232308, 6.854039
6.295078, 6.893389
6.342337, 6.927769
6c7a0e37-01fe-4c73-a069-d5424b47a0a0
5.730269, 5.826907
5.695195, 5.834340
5.649642, 5.840772
5.595008, 5.832270
5.526504, 5.832213
5.470516, 5.815003
5.401821, 5.801424
5.376903, 5.796498
5.336341, 5.776315
5.286918, 5.761037
5.231960, 5.751652
5.165773, 5.750346
5.133546, 5.748197
5.101454, 5.744542
5.066256, 5.742023
5.039338, 5.741582
5.007278, 5.745532
4.972467, 5.751312
4.935441, 5.762028
4.914095, 5.763547
4.883177, 5.762746
4.854034, 5.757483
4.838420, 5.763039
4.817215, 5.765819
4.787505, 5.765185
4.758231, 5.760069
4.746278, 5.768332
4.723475, 5.768059
4.691310, 5.766149
4.664393, 5.760026
4.651219, 5.769541
4.630127, 5.771193
4.586548, 5.776109
4.547122, 5.777545
4.511162, 5.778854
660171d6-d39b-4f25-b95a-8a72c8a8b893
5.972381, 5.607538
6.080478, 5.659967
6.165601, 5.716814
6.233437, 5.756717
6.298639, 5.784652
6.403350, 5.820307
6.461353, 5.838476
6.506657, 5.862078
6.578270, 5.896010
6.633741, 5.922295
6.672811, 5.948754
6.735633, 5.949738
6.795733, 5.978642
6.864441, 6.002696
6.897129, 6.042785
6.921802, 6.044599
6.976000, 6.074809
7.036448, 6.113641
7.106916, 6.161377
7.160911, 6.199763
7.227637, 6.232508
7.280428, 6.265083
7.343215, 6.305585
7.384125, 6.331975
b92caecc-34cf-46e5-bd80-c59f69772352
6.048841, 5.226192
6.136258, 5.235084
6.166020, 5.237442
6.234345, 5.269848
6.282237, 5.290906
6.328739, 5.311354
6.359880, 5.318508
6.415847, 5.332900
6.465045, 5.345552
6.507867, 5.355019
6.555686, 5.367123
6.589400, 5.367937
6.648784, 5.361634
6.671381, 5.362247
6.702741, 5.367589
6.751093, 5.377343
6.785225, 5.388810
6.829592, 5.406873
6.862870, 5.412342
6.909557, 5.423047
6.967324, 5.436294
085eeedc-ae8f-48e2-936a-6e464a01e28c
5.974238, 5.173093
5.905821, 5.164557
5.848093, 5.173461
5.775861, 5.186166
5.681849, 5.195235
5.602723, 5.208882
5.522747, 5.228751
5.465074, 5.236578
5.401803, 5.240632
5.337007, 5.241785
5.271947, 5.247150
5.220466, 5.245388
5.196387, 5.264151
5.134512, 5.278777
5.058536, 5.290849
5.004979, 5.293297
4.951482, 5.289751
4.891822, 5.298060
4.861562, 5.308320
4.801687, 5.334941
4.746773, 5.360995
4.647628, 5.381081
4.580076, 5.396293
4.497484, 5.414892
4.398439, 5.441317
b4b51382-c441-462b-a92e-064c1319b1a3
6.112410, 4.898435
6.261973, 5.047332
6.312342, 5.085642
6.368810, 5.133603
6.432419, 5.185594
6.475496, 5.218870
6.563090, 5.265994
6.640984, 5.292603
6.681354, 5.311137
6.733169, 5.338220
6.807793, 5.338870
6.875604, 5.358002
6.925255, 5.370031
6.980416, 5.391096
7.052169, 5.410168
7.110877, 5.430112
7.167348, 5.454351
7.229294, 5.473443
7.297660, 5.490126
7.356046, 5.509300
7.412761, 5.532965
5ef9dde3-5a1a-4b66-b5c6-9fdf9fb8e3dd
6.179878, 4.712368
6.279490, 4.761740
6.362232, 4.845099
6.423565, 4.899780
6.467008, 4.942473
6.483303, 4.964783
6.504090, 4.998317
6.537375, 5.049172
6.574466, 5.105843
6.606922, 5.155433
6.629438, 5.195302
6.658871, 5.208674
6.737919, 5.262558
6.782432, 5.290400
6.820822, 5.301774
6.887597, 5.323121
6.968246, 5.348902
7.028458, 5.365008
7.059130, 5.373211
7.091768, 5.379199
7.122097, 5.394675
7.195364, 5.429558
7.271455, 5.459588
7.387538, 5.509916
7.459971, 5.529788
7.559884, 5.548425
7.610827, 5.562494
7.673645, 5.586299
7.733122, 5.612038
7.789457, 5.636416
7.831396, 5.663757
ab1df929-6680-40aa-8653-aa9cdc3247e2
6.175569, 4.826011
6.281071, 4.852665
6.360814, 4.843639
6.499649, 4.860677
6.558048, 4.855851
6.630659, 4.877163
6.739109, 4.893605
6.841861, 4.902754
6.930047, 4.912256
6.996876, 4.921173
7.061264, 4.920928
7.140213, 4.922340
7.172252, 4.924075
7.210763, 4.921656
7.236850, 4.926016
7.271929, 4.930368
7.307161, 4.933238
7.342483, 4.934620
7.374723, 4.937386
7.406989, 4.935656
7.439347, 4.935427
7.471681, 4.936701
7.507030, 4.936603
7.542343, 4.935015
7.574701, 4.935065
7.613018, 4.930641
7.642671, 4.931745
7.681123, 4.928690
7.709933, 4.924893
7.724184, 4.933104
7.755023, 4.954649
7.788350, 4.966976
7.806403, 4.978442
7.827844, 4.992060
c6125da2-3e34-4114-93b2-1e8bb9a9e32e
6.193543, 4.720169
6.257115, 4.698438
6.308728, 4.683485
6.341487, 4.666823
6.358079, 4.669511
6.410171, 4.668851
6.464691, 4.689592
6.502185, 4.700653
6.560033, 4.708356
6.602704, 4.694108
6.656211, 4.689122
6.725712, 4.712725
6.819629, 4.712252
6.985599, 4.719310
7.121363, 4.727625
7.198624, 4.736294
7.233430, 4.738580
7.254118, 4.744327
7.283005, 4.753788
7.301620, 4.764493
7.332626, 4.780468
7.360305, 4.796287
7.391355, 4.812180
7.416911, 4.828624
7.448997, 4.845710
7.488390, 4.864991
7.549898, 4.888840
7.583300, 4.895370
7.637957, 4.909105
7.689986, 4.926810
7.747678, 4.940117
7.823725, 4.956123
7.873433, 4.966585
7.931423, 4.978790
7.974617, 4.986352
8.014580, 4.994867
8.066043, 5.004303
8.117754, 5.012262
8.164548, 5.022494
8.226008, 5.032868
8.277186, 5.046061
8.328202, 5.057665
8.372090, 5.070718
8.406581, 5.080976
8.427204, 5.090233
48faa9ad-847a-4a52-b650-0df04b471aa0
6.024393, 5.403881
6.111920, 5.419908
6.138645, 5.423280
6.165517, 5.425163
6.200893, 5.426143
6.237818, 5.424170
6.261767, 5.424389
6.287773, 5.426124
6.314674, 5.432417
6.367459, 5.431325
6.414869, 5.441330
6.452567, 5.444518
6.473213, 5.450595
6.498960, 5.463037
6.513200, 5.460792
6.532063, 5.465395
6.592733, 5.479051
6.641682, 5.491240
6.675881, 5.498098
6.710359, 5.503372
6.733889, 5.508371
6.766396, 5.515277
6.827054, 5.537409
6.893103, 5.553356
7.004476, 5.609614
7.055436, 5.626329
7.118150, 5.647211
7.148204, 5.658824
7.177668, 5.665427
7.212316, 5.671685
7.252444, 5.672849
7.276322, 5.675011
7.302132, 5.678823
7.333811, 5.684987
7.365177, 5.692586
7.396165, 5.701604
7.426711, 5.712023
7.450890, 5.721823
7.472481, 5.732189
4f862ef0-4077-49ac-8f75-9f1063893e84
6.009400, 4.925915
5.972202, 4.881488
5.919695, 4.808650
5.880374, 4.741641
5.820833, 4.697588
5.759362, 4.686194
5.724809, 4.681426
5.706397, 4.672841
5.678412, 4.658019
5.647170, 4.643040
5.620537, 4.628609
5.598373, 4.614898
5.575752, 4.595622
5.547863, 4.573824
5.516176, 4.549059
5.448448, 4.522344
5.362871, 4.495653
5.296165, 4.474386
5.264134, 4.464174
5.227566, 4.449374
5.186379, 4.434319
5.144768, 4.422296
5.106492, 4.414353
5.061805, 4.409665
4.991148, 4.405262
4.933584, 4.400175
4.887848, 4.391625
4.836502, 4.385072
4.789061, 4.382036
4.739934, 4.383391
4.672222, 4.385260
5769dcdb-aa2c-4958-844b-ead7f07c6c47
5.446446, 6.514894
5.499978, 6.519633
5.544467, 6.544028
5.624698, 6.564868
5.684607, 6.560163
5.715643, 6.566732
109d41cc-db9b-44ed-8653-8ee5286282ee
4.971069, 6.890519
4.903008, 6.825155
4.835835, 6.783218
4.783539, 6.793031
4.752726, 6.804208
4.713839, 6.816721
4.685547, 6.822679
4.648506, 6.827423
4.609107, 6.829450
4.568249, 6.830053
4.518929, 6.829285
4.468135, 6.828494
4.419131, 6.832221
4.379030, 6.835271
4.353703, 6.837198
17419ba3-421c-4344-8850-3fbd9ceb96d7
4.752235, 7.211329
4.687589, 7.211868
4.623093, 7.217803
4.558766, 7.229987
4.500596, 7.241016
4.440043, 7.255557
4.408372, 7.258545
