main root
7.300361, 4.709172
7.301582, 5.093280
7.299883, 5.220012
7.296151, 5.356366
7.305173, 5.478711
7.309359, 5.635845
7.301577, 5.765741
7.300026, 5.896731
7.285026, 6.022894
7.280903, 6.170607
7.274976, 6.308334
7.278196, 6.432478
7.287867, 6.562882
7.312871, 6.709300
7.321043, 6.795468
7.314955, 6.864359
7.300740, 6.953663
7.276752, 7.023828
7.231910, 7.122289
7.188930, 7.201556
7.152576, 7.250896
7.100280, 7.304040
7.001595, 7.330289
6.866221, 7.399942
6.781439, 7.463828
6.719409, 7.562093
6.638380, 7.790503
6.611268, 7.979042
6.563614, 8.207102
6.526660, 8.404646
6.504228, 8.501546
6.491172, 8.551304
6.453863, 8.673117
6.449485, 8.780433
6.443226, 8.924327
6.443873, 9.054251
6.430731, 9.127741
6.402471, 9.262118
6.361212, 9.397887
6.366243, 9.550248
6.340540, 9.720803
6.338366, 9.776984
6.329459, 9.813636
5b352842-d779-419b-8f80-1f9d91dd91f2
7.293418, 4.839423
7.233987, 4.950777
6.907928, 4.968521
6.749476, 4.989834
6.640712, 5.012203
6.570767, 5.035178
6.482284, 5.064242
6.415923, 5.086041
6.369873, 5.107468
6.297883, 5.147569
6.233631, 5.176508
6.185381, 5.198240
6.151072, 5.216977
6.112200, 5.248439
6.064044, 5.291268
6.033497, 5.326447
5.983834, 5.388205
5.936539, 5.451797
5.891372, 5.515035
5.793120, 5.613390
5.751233, 5.651087
5.724264, 5.679385
5.696619, 5.712728
5.660537, 5.760939
5.637043, 5.797327
e2ce8877-267f-4ff8-87dc-971fde8c63ce
7.353450, 6.275922
7.456707, 6.343871
7.573214, 6.411510
7.637087, 6.448551
7.736505, 6.507906
7.821048, 6.547844
7.889695, 6.580199
7.942347, 6.618251
7.984393, 6.652414
8.056168, 6.681075
8.134277, 6.705892
8.217903, 6.722967
8.316219, 6.763986
8.374451, 6.798012
8.446059, 6.834655
8.537302, 6.874216
8.574146, 6.893454
8.614217, 6.920887
3948636f-6d12-4014-a925-be8e48095829
7.154755, 7.312808
7.156864, 7.360900
7.156340, 7.417252
7.158853, 7.468954
7.160393, 7.500666
7.174328, 7.571123
7.187522, 7.606983
7.211830, 7.664380
7.236701, 7.711592
f9e71577-7d14-4614-86cc-b163d7cc53ff
7.217323, 7.255902
7.300588, 7.310045
7.357300, 7.346922
7.393700, 7.365218
8bb581af-5e7a-462c-8c05-bc469bb90cb5
7.330362, 6.901123
7.346491, 6.999092
7.357803, 7.075597
7.359099, 7.114344
7.363434, 7.159466
7.364228, 7.198813
7.368154, 7.243973
7.365326, 7.280584
7.370573, 7.417204
7.367436, 7.483629
7.362582, 7.522721
7.354763, 7.561329
7.349112, 7.604263
7.346433, 7.647484
7.350074, 7.685519
7.350842, 7.724965
7.354387, 7.753295
7.364223, 7.783698
7.381023, 7.825901
7.390848, 7.862721
7.405775, 7.912864
7.418459, 7.955466
d4b28921-e1f6-470c-b252-2bdcad8876cd
7.354444, 5.751319
7.439945, 5.801769
7.514103, 5.833702
7.601444, 5.877966
7.708221, 5.942613
7.766511, 5.995027
7.849480, 6.066863
7.917496, 6.131318
7.983826, 6.197072
8.040779, 6.274265
8.086798, 6.340200
8.097517, 6.404853
8.109776, 6.463072
8.128081, 6.523020
8.152694, 6.581668
8.162612, 6.619679
8.177486, 6.675008
8.183022, 6.695604
8.204241, 6.827655
8.247628, 6.915456
8.290101, 6.987369
8.339988, 7.075994
8.381516, 7.149769
8.428918, 7.229690
8.473677, 7.301091
8.520181, 7.371371
8.568398, 7.440482
8.618307, 7.508391
8.665608, 7.579756
8.705629, 7.642847
8.746445, 7.707189
8.781179, 7.773726
8.803649, 7.820001
8.816824, 7.864630
656e82a0-57e1-4e74-9306-0323ada9e26d
7.353970, 5.397473
7.403981, 5.430729
7.416485, 5.483508
7.477038, 5.606850
7.528106, 5.695782
7.558485, 5.741347
7.586251, 5.770057
7.619632, 5.811032
7.658202, 5.863118
7.713481, 5.949201
7.846328, 6.062787
7.948464, 6.150033
8.022447, 6.247295
8.109429, 6.432468
8.123755, 6.484921
8.146720, 6.546278
8.155934, 6.596509
8.166630, 6.654789
8.167966, 6.662074
8.210243, 6.842098
8.262951, 6.947371
8.309971, 7.027189
8.354515, 7.098720
8.394661, 7.174957
8.439023, 7.245848
8.483940, 7.317625
8.528488, 7.383171
8.592138, 7.473056
8.639617, 7.543693
8.686847, 7.613960
8.729355, 7.677203
8.764451, 7.737466
8.805900, 7.830307
8.821543, 7.876358
81764fcd-3c52-441d-8ae6-dfaf5c040c5e
7.362030, 5.520270
7.469451, 5.589951
7.615014, 5.698487
7.688078, 5.774399
7.727060, 5.817059
7.764924, 5.860714
7.819112, 5.926356
7.849761, 5.972888
7.889604, 6.036100
7.933221, 6.109192
7.973480, 6.184751
8.024710, 6.250031
8.082582, 6.334054
8.135740, 6.378053
8.164679, 6.421974
8.196153, 6.449130
8.241040, 6.493791
8.287020, 6.531092
8.344689, 6.569752
8.386887, 6.598039
8.435313, 6.625097
8.484827, 6.656190
8.535288, 6.686112
8.603803, 6.718038
8.665409, 6.741791
8.704869, 6.755401
8.806427, 6.769629
8.844052, 6.764326
8.899657, 6.777029
8.942637, 6.797712
8.968183, 6.834873
9.008570, 6.880407
5870e912-0cc0-429c-8d56-01e684d67498
7.365670, 5.184879
7.412592, 5.155247
7.456112, 5.113428
7.474980, 5.076638
7.498266, 5.068507
7.525000, 5.054424
7.538482, 5.032038
7.552596, 5.014346
7.572865, 4.993690
7.592136, 4.974006
7.612639, 4.980541
7.652732, 4.978847
74100048-01e9-4780-a61a-88ab70f589b7
7.369856, 5.243017
7.456664, 5.279226
7.530005, 5.295308
7.570125, 5.295774
7.600934, 5.313082
7.626483, 5.301736
7.718245, 5.293185
7.759801, 5.292320
7.808310, 5.295800
7.863136, 5.305736
7.919710, 5.317510
7.984256, 5.332472
8.046645, 5.350008
8.101854, 5.367080
8.151440, 5.393379
8.201159, 5.428221
8.270497, 5.476811
8.348794, 5.526542
8.408908, 5.554697
8.491288, 5.583936
8.579342, 5.608452
8.659311, 5.624259
8.736074, 5.628862
8.820889, 5.636026
8.904760, 5.638948
8.998328, 5.648522
9.068995, 5.652744
9.124460, 5.657557
9.169469, 5.665497
