main root
6.333725, 4.031136
6.349948, 4.245063
6.289563, 4.410821
6.262422, 4.534400
6.227207, 4.655584
6.195652, 4.779221
6.164247, 4.902269
6.124066, 5.001662
6.069842, 5.125335
6.014938, 5.215256
5.977945, 5.289252
5.933855, 5.383610
5.896143, 5.480830
5.881413, 5.549835
5.875146, 5.646206
5.854439, 5.736319
5.837389, 5.848205
5.828416, 5.926948
5.777004, 6.140155
5.752549, 6.395170
5.714224, 6.558792
5.688200, 6.704029
5.674266, 6.840955
5.652392, 6.973462
5.638624, 7.082853
5.618527, 7.175145
5.609557, 7.230411
5.607263, 7.519583
5.609627, 7.598794
5.596319, 7.711993
5.595294, 7.797636
5.588468, 7.867770
5.591845, 7.956684
5.587645, 8.003808
5.583595, 8.082951
5.576866, 8.155907
5.565039, 8.218950
5.548600, 8.290346
5.529257, 8.361011
5.510954, 8.416538
5.502087, 8.476600
5.503118, 8.649293
5.482911, 8.738323
5.480148, 8.806717
5.470848, 8.932906
5.464432, 9.085492
5.450934, 9.205980
5.436585, 9.315068
5.425543, 9.399007
5.415606, 9.474550
5.408890, 9.537088
5.430124, 10.053933
5.423743, 10.156275
5.420558, 10.275180
5.415279, 10.393443
5.413600, 10.500560
5.405324, 10.626814
5.405947, 10.746320
5.404455, 10.864689
5.401057, 10.966335
5.395546, 11.067891
5.390959, 11.152433
5.384920, 11.208457
5.381223, 11.270676
5.385864, 11.318734
f1c6226c-d4d8-428c-971b-a21f463977e6
6.337300, 4.443589
6.457609, 4.419347
6.522348, 4.468257
6.577194, 4.514705
6.657056, 4.593868
6.928504, 4.724168
6.953714, 4.741113
7.045521, 4.762052
7.094725, 4.771783
7.119906, 4.778336
7.149911, 4.781549
7.206555, 4.780089
7.290340, 4.796856
7.341723, 4.805568
7.370629, 4.808907
7.446101, 4.838854
7.514523, 4.848242
7.546332, 4.872408
7.610890, 4.888057
ddc2d4d7-e197-4bd0-b8ed-b80f46e79808
6.304974, 4.568009
6.430872, 4.613649
6.481480, 4.656671
6.514525, 4.659615
6.578437, 4.683186
6.957548, 4.788510
7.044971, 4.834427
7.074399, 4.861967
7.100099, 4.858333
7.214680, 4.901467
7.262276, 4.920984
7.307331, 4.942694
7.404100, 4.991100
7.441959, 5.010038
7.479818, 5.028975
7.513661, 5.049252
7.554081, 5.069978
7.591748, 5.089294
7.686585, 5.122255
7.718950, 5.139842
7.750907, 5.153800
7.793640, 5.169200
7.829634, 5.185353
7.856764, 5.194247
a090055e-4a52-4e06-8c0c-8a770a261ad0
6.290417, 4.757781
6.346870, 4.796305
6.532743, 4.847674
6.671012, 4.931187
6.738510, 4.964625
6.778340, 4.984358
6.849699, 5.020285
6.925800, 5.051895
6.992257, 5.082741
7.096142, 5.136701
7.157054, 5.164530
7.227058, 5.190022
7.286583, 5.208511
7.337415, 5.227434
7.396807, 5.246348
7.431640, 5.263725
7.484673, 5.290181
7.541719, 5.315294
7.599908, 5.337638
7.641489, 5.356811
7.687365, 5.384557
7.737242, 5.407727
7.769876, 5.422886
1f370097-dbac-4643-874e-93992bce2e64
6.075779, 5.281988
6.137614, 5.312561
6.414638, 5.449823
6.685884, 5.513855
6.826743, 5.555090
8bbaccbd-7340-4d84-b206-bc44b7f33da3
6.355624, 4.680104
6.594311, 4.972711
6.620919, 5.007008
6.642866, 5.032135
6.666235, 5.055945
6.684018, 5.075570
6.699362, 5.098532
6.723632, 5.125973
6.742924, 5.149379
6.761391, 5.173441
6.783207, 5.198684
6.794104, 5.217486
6.812482, 5.245330
6.828299, 5.271211
6.843206, 5.297626
6.851611, 5.318611
6.936778, 5.489063
6.984312, 5.527228
7.016790, 5.574434
7.141564, 5.723038
7.200964, 5.787174
7.233955, 5.818387
7.258178, 5.837181
75719e11-8cc5-4583-8c5c-903b9954ad89
6.273407, 4.822688
6.326376, 4.930421
6.341048, 4.967046
6.352899, 5.004678
6.365615, 5.045057
6.385203, 5.087329
6.402113, 5.123818
6.431420, 5.172824
6.465944, 5.224718
6.486684, 5.264000
6.508379, 5.308296
6.524716, 5.351859
6.540625, 5.398548
6.553211, 5.444764
6.564503, 5.480534
6.568393, 5.502802
6.582945, 5.687134
6.618405, 5.813577
b8eb8d88-5471-4352-8e37-010fcc9d797d
6.416958, 4.187505
6.481233, 4.224866
6.532684, 4.230906
6.573044, 4.210295
6.610022, 4.198134
6.668231, 4.175839
6.708878, 4.161874
6.736118, 4.157263
6.786209, 4.148784
6.845871, 4.137167
6.914724, 4.120710
6.961754, 4.116852
7.020833, 4.123421
7.047730, 4.124906
7.129572, 4.107469
7.200700, 4.117237
7.230590, 4.123149
7.260439, 4.124775
7.295750, 4.123700
7.319972, 4.124167
7.339266, 4.130527
7.367170, 4.136572
7.474661, 4.153633
7.519845, 4.157774
7.557069, 4.165694
7.608532, 4.175114
7.658498, 4.184260
7.720281, 4.192525
7.780708, 4.199099
7.831213, 4.204595
7.866985, 4.208487
7.888937, 4.213886
c75ed6ce-89f8-45e6-a121-f3bdd3d4af57
5.876562, 5.547766
5.781083, 5.552628
5.732550, 5.555099
5.686854, 5.554430
5.638176, 5.553716
5.588449, 5.548623
5.510298, 5.567101
5.486692, 5.571144
5.467770, 5.566793
5.421556, 5.569418
5.353054, 5.567799
5.317671, 5.568461
5.288222, 5.564522
5.252538, 5.567301
5.222258, 5.568160
5.198321, 5.567342
9b513d8a-0c7f-46df-8e95-ac356a92fd7d
5.607736, 7.820236
5.543638, 7.822121
5.520009, 7.832530
5.467710, 7.855571
f898f43f-f07b-47f8-9e7b-feed86334c9b
5.630650, 7.305012
5.602421, 7.303072
5.505186, 7.289380
6bea357d-d778-4edd-83d2-804de1d5c494
5.780801, 6.581314
5.842929, 6.606942
5.869167, 6.623586
5.897164, 6.620990
5.916338, 6.629008
5.939766, 6.640428
5.954239, 6.638095
5.970444, 6.642887
5.998690, 6.649679
45dd0bf1-0b12-4170-8f10-4958958b64fd
5.695785, 6.769753
5.612166, 6.765966
5.591073, 6.756479
5.462103, 6.754080
f8087dc3-cefc-4fb5-95fc-5ccf4fe6180f
5.763282, 6.215312
5.433209, 6.169821
