main root
6.151033, 2.719211
6.082976, 3.112798
6.489191, 4.133832
6.512460, 4.602953
6.385407, 5.084460
6.149721, 5.558622
6.044487, 5.866404
5.687140, 6.872487
5.415864, 9.016643
ea241fc4-c080-4987-86d5-35a5e58838e6
5.934361, 6.134767
5.580527, 6.295464
a873103d-f4e5-4850-aab4-510cba357b70
6.083300, 3.111500
6.509104, 3.094415
6.825411, 3.095280
7.110589, 3.221567
cae2579c-283f-406f-9fbf-1283206d5b40
6.086506, 3.100048
5.832223, 3.366704
5.529703, 3.743439
5.272132, 4.209315
91f6d764-8a6f-45c9-8c7f-16382bc50cd6
6.121400, 3.234266
5.603911, 3.517437
4.819836, 3.867369
4.463526, 4.086379
4.269967, 4.226698
2207c69a-b674-4cb6-a2e6-25c1d91044ba
6.273817, 3.610646
5.976913, 3.717976
