main root
6.483094, 2.264899
6.434264, 3.119234
6.269349, 4.091225
6.078159, 4.480353
5.921586, 4.703574
5.580621, 5.027847
5.265600, 5.217154
4.841718, 5.573169
4.422779, 6.169075
4.319367, 6.498464
4.158925, 7.266698
4.069211, 8.255465
4.009082, 9.024518
3.871394, 10.072144
3.758322, 10.918375
9bf60d09-2888-4f40-8521-edcf0094c5fe
6.449462, 3.128732
7.996767, 3.327400
8f7f7ac3-2fd1-4b42-8823-3e571237f2fc
6.439618, 2.922993
6.877627, 3.103168
7.607679, 3.430734
8.898466, 3.877733
9.765279, 4.032082
10.566400, 4.186767
e8d1f4a8-926d-44bd-8fce-9d2732494425
6.393969, 3.410257
6.682645, 3.565039
8.406259, 3.718444
8f31a9fa-bb34-422f-8b84-a71e24bc489e
6.212081, 4.218006
6.539386, 4.401438
6.931541, 4.482206
8e7e5bda-44d4-467a-97b1-0db1814a974a
6.002133, 4.588954
6.035944, 4.656235
85ef39cc-2a8a-4e07-b40f-8befdb9e3fd9
5.785975, 4.840144
6.446144, 5.412761
bad54abf-d3c7-49b7-99b6-5facdead67e6
5.572783, 5.030990
5.762398, 5.572184
6.017147, 6.030819
21445cda-f786-482d-921f-3456c60cc5b9
5.302670, 5.184566
5.623427, 5.672229
6.009849, 6.109122
6.172789, 6.253188
6.415636, 6.433796
bfad3fe1-0321-4eea-a221-90d23dbe6dd0
4.536768, 5.978702
4.318090, 5.986080
bb4b25ac-a713-4663-949a-ddcea902a31c
4.689496, 5.766491
4.532745, 5.778424
4.354417, 5.719582
f4475979-c818-496e-b9a6-6960c369adf7
4.930015, 5.490401
4.732654, 5.449991
4.271803, 5.287432
f6445548-e452-421b-b520-f5a35323937e
6.188303, 4.280301
5.953827, 4.286348
ed1a2e43-876e-4098-8f59-e995849c7228
6.322275, 3.701926
5.673489, 3.711378
5.342434, 3.645294
a3d49eb8-7d7f-4185-b990-e3f26c9e55e3
6.369521, 3.414125
6.096885, 3.441297
5.515841, 3.392722
5.127998, 3.327221
c3434828-ef3d-435a-8cad-89aff357ef77
6.447367, 2.895600
4.663904, 3.181595
3.321430, 3.460248
