main root
6.044287, 4.208660
5.936492, 4.329489
5.907645, 4.481918
5.913640, 4.599896
5.931814, 4.707394
5.948066, 4.816221
5.967234, 4.915928
5.982795, 5.008017
5.996903, 5.091505
6.012420, 5.183333
6.021833, 5.276916
6.028287, 5.361787
6.034706, 5.446205
6.037271, 5.519425
6.036843, 5.592689
6.039584, 5.635917
6.050357, 5.711221
6.071310, 5.794270
6.082680, 5.863811
6.095671, 5.956293
6.101713, 6.020823
6.112916, 6.092315
6.128645, 6.192693
6.134399, 6.248753
6.140452, 6.307712
6.149787, 6.369344
6.162072, 6.430455
6.180801, 6.493251
6.164830, 6.529779
6.181137, 6.558186
6.188692, 6.642059
6.193737, 6.714734
6.204982, 6.815648
6.210115, 6.888739
6.217051, 6.966144
6.224019, 7.067603
6.227064, 7.133784
6.233305, 7.204297
6.234407, 7.267688
6.235881, 7.352347
6.237206, 7.428531
6.238531, 7.504714
6.242250, 7.597558
6.246517, 7.666675
6.261738, 7.829035
6.273791, 7.893428
6.281202, 7.949276
6.289000, 8.008013
6.296802, 8.066749
6.301245, 8.122910
6.305922, 8.181976
6.307383, 8.238295
6.305853, 8.294611
6.307158, 8.356915
6.308004, 8.397126
6.293414, 8.433258
6.414511, 8.715102
6.427590, 8.777170
6.436266, 8.832836
6.445392, 8.891380
6.447685, 8.944930
6.453343, 9.006991
6.452029, 9.058489
6.453439, 9.120789
6.454161, 9.152533
6.436593, 9.236482
6.426778, 9.298022
6.407504, 9.342814
6.418220, 9.371143
6.423250, 9.486185
6.415480, 9.545852
6.406536, 9.598476
6.399009, 9.641285
6.392735, 9.785369
6.389101, 9.834539
6.383981, 9.883578
6.382712, 9.939015
6.377410, 9.974634
6.366157, 10.019758
6.357145, 10.074473
6.347663, 10.122859
6.343809, 10.181474
6.339085, 10.230553
6.338263, 10.285997
6.333092, 10.332214
6.331414, 10.387641
6.328432, 10.436856
6.323961, 10.485958
6.312588, 10.528397
6.304740, 10.586611
6.296676, 10.635251
6.292069, 10.690511
6.286490, 10.739499
6.287335, 10.798233
6.280328, 10.831074
6.273190, 10.886066
6.263597, 10.925119
6.252585, 10.976246
6.247636, 11.034777
6.244728, 11.086992
6.248965, 11.145582
6.251032, 11.194844
6.254723, 11.247009
6.252472, 11.278745
6.250272, 11.330996
6.243844, 11.377056
6.243206, 11.435796
6.244139, 11.488087
6.246571, 11.540327
6.247373, 11.589624
6.249724, 11.641870
6.253288, 11.687706
6.250624, 11.741233
0dd04e8f-203c-4607-a7f2-dcf2dee3ea82
5.861724, 4.561583
5.824875, 4.602785
5.810965, 4.636444
5.786517, 4.715066
5.773378, 4.765671
