main root
6.699489, 5.160596
6.565514, 5.779954
6.541509, 5.841026
6.447226, 5.999178
6.382915, 6.228679
6.345666, 6.392347
6.299875, 6.565277
6.261344, 6.694485
6.217674, 6.796843
6.167836, 6.913658
6.143140, 6.993112
6.123392, 7.061687
6.103749, 7.124417
6.101070, 7.254419
6.095417, 7.274468
6.087668, 7.315754
6.081237, 7.354072
6.073089, 7.389059
6.065006, 7.427063
6.057659, 7.465216
6.049075, 7.497922
6.037802, 7.532030
6.032031, 7.580494
6.025813, 7.613730
6.018749, 7.635205
b141a257-caea-49d8-9747-9a04744cd274
6.632839, 5.299227
6.593232, 5.314993
6.576288, 5.326083
6.541777, 5.345093
6.504744, 5.365492
6.467751, 5.390995
6.433875, 5.417985
6.405256, 5.444614
6.372832, 5.498161
6.358579, 5.521698
6.356424, 5.541595
6.349024, 5.568212
6.337733, 5.608828
6.318737, 5.660396
6.301178, 5.708060
6.279095, 5.751310
