main root
7.017377, 4.434917
6.909432, 4.737623
6.855368, 4.991912
6.814195, 5.214071
6.759145, 5.401094
6.696833, 5.612878
6.692575, 5.725683
6.667814, 5.932815
6.662195, 6.152203
6.650862, 6.264024
6.634775, 6.361088
6.633162, 6.408880
6.618994, 6.545208
6.608141, 6.629617
6.599460, 6.713425
6.597059, 6.797005
6.592545, 6.881989
6.590153, 6.966211
6.581496, 7.051928
6.575097, 7.135941
6.561546, 7.177368
6.537329, 7.258069
6.528444, 7.309323
6.521880, 7.359503
0416c562-6ae2-4e81-b0d8-250d82302364
6.942982, 4.474281
6.876396, 4.481002
6.802037, 4.484259
6.743572, 4.483824
6.607677, 4.495532
6.523593, 4.511791
6.476379, 4.514825
6.403142, 4.516535
6.344696, 4.514907
6.297949, 4.507618
6.222669, 4.495883
6.154227, 4.479158
6.072978, 4.465469
5.994398, 4.455269
5.908781, 4.453215
5.829548, 4.454310
5.776031, 4.447455
dc1be100-760c-4eb8-ac28-66c108ec94b2
6.973432, 4.602793
7.045565, 4.626307
7.130107, 4.664912
7.175344, 4.681009
7.247961, 4.687978
7.390389, 4.730320
7.480005, 4.754767
7.578982, 4.777383
7.670730, 4.789716
7.763218, 4.793660
7.856559, 4.801851
7.949435, 4.814224
8.041670, 4.830756
8.114935, 4.845408
8.177516, 4.859451
8.231102, 4.879490
529c1d1a-813d-4b4b-8911-2ae76dc54ad8
6.827660, 4.839648
6.751316, 4.838611
6.684543, 4.845609
6.623838, 4.844445
6.576346, 4.846529
6.541398, 4.853828
6.508499, 4.857632
6.492426, 4.871843
6.449530, 4.895787
6.388650, 4.934911
6.344583, 4.961451
6.277695, 4.984234
6.197763, 4.992992
6.134403, 4.995416
6.065277, 4.999557
6.001207, 5.010893
5.962841, 4.997690
8f64c7b2-a19a-4764-b2ed-796e1857f970
6.787814, 5.091876
6.731438, 5.104680
6.660720, 5.136858
6.599369, 5.159841
6.537692, 5.179749
6.457457, 5.218230
6.388063, 5.244471
6.343656, 5.263479
6.301284, 5.267181
3064dfb0-84cf-4484-b7a6-856ad3675c8b
6.904282, 5.192306
6.950905, 5.194183
7.050635, 5.223345
2076ff56-a581-4f8d-93d1-17913bd7fc6e
7.068128, 4.492428
7.091881, 4.495319
7.113233, 4.503430
7.163288, 4.516762
