main root
6.356041, 4.653435
6.599353, 4.933599
6.648869, 5.003258
6.723025, 5.134773
6.801725, 5.250298
6.883320, 5.385996
6.967487, 5.505861
7.044238, 5.608153
7.094567, 5.665388
7.136916, 5.703938
7.207279, 5.895588
7.238260, 5.973956
7.255076, 6.044697
7.268898, 6.129746
7.288415, 6.211065
7.293036, 6.256975
7.280895, 6.302025
7.271079, 6.378296
7.263294, 6.422538
7.243920, 6.480983
a524d6ca-04d5-4201-af82-9d8faa1aef9f
6.580394, 4.997542
6.533723, 5.048819
6.498673, 5.079426
45854f7f-149d-444d-b602-f415222719bc
6.426897, 4.795387
6.327877, 4.848742
46cfd988-e9f8-4583-97e7-fe9d61505157
6.451050, 4.689887
6.456059, 4.644567
6.473698, 4.629403
6.494404, 4.613575
6.534402, 4.595856
6.577431, 4.587964
