main root
6.898492, 5.355176
6.703660, 5.483322
6.578705, 5.567931
6.369648, 5.639328
6.272538, 5.715953
6.156902, 5.888316
6.067924, 6.013711
6.026061, 6.098004
5.984378, 6.172034
5.944713, 6.230278
5.925246, 6.319832
5.899908, 6.379958
5.893778, 6.519700
5.878807, 6.619469
5.847747, 6.741573
5.804490, 6.890824
5.769726, 7.010771
5.751460, 7.073794
5.729982, 7.195038
5.706456, 7.284929
5.658596, 7.401413
5.639455, 7.589943
5.615052, 7.664024
5.597602, 7.737124
5.580496, 7.826964
5.576146, 7.865813
1f83ec59-fe52-4b40-8c7a-87038107359a
6.514362, 5.660969
6.516222, 5.794689
6.524054, 5.870491
6.526389, 5.897033
6.529172, 5.928661
6.528153, 5.951244
6.571973, 6.061435
6.575527, 6.082524
6.580836, 6.123030
6.584082, 6.170820
6.586502, 6.228560
6.601070, 6.289165
6.652468, 6.379560
6.702720, 6.442782
6.739597, 6.489179
6.772268, 6.535093
6.802454, 6.582679
6.830069, 6.631800
6.863189, 6.684603
6.890554, 6.733866
6.916270, 6.783244
6.933018, 6.808921
6.948292, 6.835078
6.966525, 6.869269
6.981365, 6.906642
7.002058, 6.954696
7.016251, 6.999010
7.036746, 7.048279
b20e5474-8866-4d57-b427-4cdbd336fd92
6.569326, 5.621928
6.582526, 5.666931
6.593430, 5.720410
6.642414, 5.781512
6.671071, 5.826829
6.707613, 5.873414
6.748397, 5.920556
6.782952, 5.965074
6.804025, 5.987340
6.830081, 6.010517
6.882819, 6.049414
6.958922, 6.104768
6.986506, 6.132234
7.018004, 6.163598
d1a52016-8526-4144-87f2-2445c7aa572a
6.519126, 5.598026
6.410569, 5.755850
6.386617, 5.774755
6.359410, 5.801984
6.341455, 5.813641
6.312734, 5.834106
6.285626, 5.851619
6.256858, 5.872019
6.229710, 5.889471
6.200897, 5.909806
6.172270, 5.935539
6.167547, 5.939785
5.786996, 6.438563
5.761096, 6.480743
5.741038, 6.524922
5.720648, 6.555348
5.702142, 6.577517
5.699703, 6.599127
5.675449, 6.666206
5.659254, 6.719803
5.650620, 6.763897
5.643261, 6.809275
5.643129, 6.847484
5.638393, 6.919177
5.636439, 6.971465
5.640302, 7.028441
5.635622, 7.070052
5.628624, 7.118879
5.619111, 7.153607
5.564011, 7.423855
1d0ad2f2-f36c-4dcb-8889-2ac71fec6768
6.887120, 5.369197
6.821679, 5.339224
6.738769, 5.296497
6.651888, 5.266042
6.545881, 5.178598
6.467909, 5.145382
6.400244, 5.065960
6.349558, 5.041303
6.265097, 5.002553
6.172754, 4.960186
6.105482, 4.927675
6.058358, 4.902599
3cec2a05-5fb1-4ae9-9bcf-31d4babcb355
6.810185, 5.401541
6.743977, 5.345607
6.681069, 5.273188
6.638038, 5.223651
6.569574, 5.207819
6.523613, 5.162870
6.488215, 5.140810
6.443348, 4.995551
6.418378, 4.960574
6.396935, 4.925128
6.345245, 4.882743
6.274206, 4.850405
6.178065, 4.826033
3e0e3060-1c7d-4ccc-b14f-b9243d954817
6.953417, 5.499924
6.970207, 5.570648
6.976368, 5.609562
6.979543, 5.648823
6.985658, 5.687421
6.995687, 5.731658
7.005022, 5.772882
7.012023, 5.803841
7.021193, 5.830868
7.038976, 5.864673
7.062701, 5.903346
7.091995, 5.960777
