main root
6.040223, 3.765005
5.908550, 3.962529
5.753459, 4.295437
5.449522, 5.021130
5.409908, 5.190553
5.478209, 5.467208
5.477489, 5.822343
5.425058, 6.023451
5.393627, 6.283286
5.328311, 6.728673
5.255387, 6.971626
5.120408, 7.538720
4.990138, 7.864446
eac7859d-3d4a-49d2-8ca3-099cda166603
5.473678, 5.737224
5.379620, 5.702091
5.315218, 5.693174
5.209663, 5.637345
2bbf98fc-73d3-4d3b-98f8-a72047c576d8
5.477939, 5.863378
5.577542, 5.884323
5.723853, 5.914317
5.855784, 5.928675
3ca1b436-f0c2-4e4e-b155-c55a87704390
5.456731, 5.474474
5.308303, 5.330418
2037c44f-634d-4be2-a153-bf89ffc23ed5
5.420698, 5.193721
5.737416, 5.103698
5.806171, 5.092138
5.927954, 5.091192
6.173627, 5.095850
c0bfa92e-cdb7-4359-9a8b-47642eead3a4
5.403424, 5.232600
5.200935, 5.299490
5.079004, 5.325815
4.994634, 5.325899
4.911838, 5.338528
4.576688, 5.351321
4.473750, 5.369824
4.303699, 5.387864
9246eb8e-3296-40d4-9e3a-cc31d68f360b
5.923679, 3.917545
5.876130, 3.906122
5.490505, 3.908238
5.045613, 3.913823
4.986242, 3.925936
4.586117, 3.935529
4.540682, 3.945536
4.375671, 3.946076
e487b652-ed5b-4ed2-aede-eb4a9f3f7a0c
5.753107, 4.321881
5.892836, 4.477229
5.925691, 4.517971
6.152330, 4.829949
6.176735, 4.890068
6.197267, 4.939697
6.217319, 4.988429
6.413708, 5.305008
6.514570, 5.473972
979aa932-053b-4e0c-a6d7-2c3680f18258
5.863174, 4.067882
6.033833, 4.294221
6.147707, 4.434604
6.339842, 4.693432
6.367434, 4.741546
6.391183, 4.799062
6.419805, 4.855393
6.538770, 5.020922
6.631326, 5.151154
6.765581, 5.323533
fb8b42c2-3979-4bcf-bc49-8c5a05ef138a
6.043451, 3.663090
5.889191, 3.667830
5.797811, 3.666987
5.701943, 3.624702
5.630384, 3.597437
41f4e7e5-d3d0-4b46-bbf4-40d97b1eb4cd
6.377511, 3.653631
6.293784, 3.752676
6.317297, 3.814269
6.409207, 3.755266
6.568499, 3.595609
6.851527, 3.567437
7.176160, 3.588430
7.358966, 3.665892
7.645731, 3.756073
7.974514, 3.875473
8.390633, 4.064055
8.709427, 4.210445
9.451057, 4.461689
9.677635, 4.512811
9.782158, 4.540502
9.928552, 4.587170
10.176835, 4.664894
10.647232, 4.793534
f20af173-8d13-4445-93e1-d29c09df12fb
6.437068, 3.885086
6.501508, 3.860965
6.624683, 3.849849
7.116860, 3.912175
7.262985, 3.947215
7.347275, 4.004164
7.540710, 4.181800
7.970165, 4.375922
8.121767, 4.444877
8.255158, 4.534533
8.431585, 4.648009
8.837104, 4.935603
9.152706, 5.127247
9.305326, 5.227423
9.664607, 5.520950
9.951529, 5.695925
10.196482, 5.771587
a43a891c-2904-453b-8a12-5cd220c91641
6.034354, 3.856772
6.255808, 3.943350
6.469263, 4.026460
6.721475, 4.159250
6.822017, 4.175125
7.272867, 4.374445
7.529689, 4.562122
7.964476, 4.790851
8.401778, 5.007475
8.488334, 5.076954
8.710149, 5.240315
9.095713, 5.421127
9.218329, 5.469569
9.342575, 5.543688
9.578218, 5.656165
9acbf2f6-0661-4585-b599-0a0e9ef814d1
6.231080, 3.762991
6.476317, 3.989762
6.681258, 4.152900
6.863292, 4.248150
7.021626, 4.317900
7.289800, 4.425244
7.422681, 4.555982
7.530042, 4.657725
7.676444, 4.789311
7.919509, 4.987925
8.039100, 5.104342
8.180917, 5.277908
8.435622, 5.661378
8.573558, 5.956300
8.629650, 6.178550
8.668808, 6.411383
8.691033, 6.878108
8.760883, 7.314142
8.890706, 8.130822
8.949266, 8.728427
319cb198-6169-4537-b52d-90387c9bdce2
6.080247, 3.885508
6.314017, 4.013200
6.529917, 4.095750
6.913034, 4.309533
7.313083, 4.489450
7.662333, 4.806950
7.888816, 4.993216
8.039100, 5.151967
8.233833, 5.401733
8.441267, 5.724878
8.545689, 5.963355
8.604956, 6.183489
8.637411, 6.413500
8.674100, 6.879167
8.739011, 7.316611
8.854722, 8.084255
8.927210, 8.735080
8.969038, 9.069187
9.002398, 9.391003
