main root
6.244807, 5.337229
6.242467, 5.747776
6.215238, 6.002146
6.168790, 6.146899
6.146578, 6.520037
6.140812, 6.686527
6.120275, 6.843898
6.117542, 6.950901
6.127859, 7.110365
6.121870, 7.244019
6.114769, 7.368472
6.109015, 7.505882
6.091451, 7.622760
6.070544, 7.747767
6.053043, 7.865186
6.041755, 7.983866
6.032134, 8.085015
6.023813, 8.194840
6.016137, 8.296153
5.996409, 8.389482
6.014755, 8.452863
6.011399, 8.570423
6.014630, 8.679020
6.044947, 8.775623
6.098619, 8.918950
6.270358, 9.140162
6.355638, 9.253462
6.443206, 9.538456
6.440945, 9.829143
6.448216, 9.969716
6.450802, 10.060665
6.452186, 10.109328
6.492422, 10.354477
6.493622, 10.361788
6.540663, 10.525042
6.571891, 10.590179
6.583455, 10.621220
6.604144, 10.676758
6.624833, 10.732296
6.645523, 10.787834
6.670063, 10.845132
6.705187, 10.904333
6.731326, 10.954255
6.756096, 10.988658
6.826750, 11.097178
6.856178, 11.161173
6.869026, 11.210607
6.898532, 11.276535
6.901557, 11.283297
6.971140, 11.539961
6.981006, 11.615350
6.991092, 11.740955
7.000100, 11.886276
7.011824, 12.007304
7.015606, 12.133444
7.021021, 12.243452
7.026017, 12.344930
7.036507, 12.487261
94869aa0-e2c2-4510-9378-a6e94a4e19b0
6.340371, 5.541818
6.249866, 5.425345
6.180169, 5.234831
6.249094, 5.100808
6.306739, 5.051310
6.371075, 5.004044
6.424861, 4.979868
6.488570, 4.951231
6.545091, 4.930994
6.650547, 4.904734
6.729182, 4.880897
6.802589, 4.865238
6.869871, 4.863862
6.979917, 4.861613
7.052869, 4.851707
7.143598, 4.833018
7.243113, 4.812520
7.336302, 4.799767
7.420888, 4.790285
7.487400, 4.787003
7.539648, 4.795147
1d0a8e35-c2b5-4b12-ad85-e9a3fb021d99
6.304138, 5.940539
6.340803, 5.994381
6.268220, 6.017470
6.107666, 6.111462
6.013911, 6.133731
5.935513, 6.158544
5.873246, 6.174415
5.733968, 6.223985
5.666667, 6.232221
5.549097, 6.248733
5.447742, 6.258697
5.355933, 6.271948
5.279247, 6.284530
5.218673, 6.294467
5.164583, 6.302018
5.017883, 6.332861
4.944655, 6.343838
4.857302, 6.367543
4.768399, 6.389494
4.638228, 6.423600
4.523565, 6.453642
4.433469, 6.477248
4.341098, 6.494927
4.242735, 6.520212
4.161666, 6.543193
4.082154, 6.570045
4.028948, 6.586433
3.980513, 6.591511
0ce1750c-3442-4950-b875-3804c7d4d7ce
6.017474, 8.354998
6.075479, 8.370799
6.175387, 8.461683
6.215049, 8.491806
6.268268, 8.521661
6.351139, 8.563326
6.411772, 8.592136
6.463119, 8.623447
6.708820, 8.761038
6.737517, 8.786676
6.768423, 8.817452
6.799048, 8.842832
6.839504, 8.871649
6.877780, 8.898136
6.912249, 8.924860
6.949120, 8.948859
6.992616, 8.972845
7.033678, 8.994766
7.070986, 9.017359
7.102907, 9.042946
7.136080, 9.064892
7.175248, 9.090045
7.206481, 9.116465
7.238207, 9.146394
7.283405, 9.177556
7.325394, 9.231331
7.344162, 9.273446
b4246e7a-a3f8-4c53-b1f3-5600043d7b8f
5.955941, 8.416041
5.909520, 8.416512
5.870709, 8.413826
5.842266, 8.414775
5.797618, 8.419175
5.731912, 8.425556
5.686421, 8.419943
5.491042, 8.423999
5.443508, 8.432470
5.383949, 8.444606
5.315247, 8.461659
5.251823, 8.471233
5.193223, 8.480080
5.134623, 8.488926
5.077280, 8.496069
5.016667, 8.508144
4.953957, 8.524867
4.894568, 8.543802
4.838100, 8.561806
4.796869, 8.579663
4.745205, 8.600409
ac81e128-80a5-4883-ab68-57e0c83be916
6.032619, 8.251210
6.055854, 8.273658
6.087432, 8.293866
6.107106, 8.307935
6.272485, 8.426845
6.377986, 8.556221
6.703468, 8.742209
a273b59c-6c83-447e-bf1a-dba72247c1c1
6.052097, 9.023397
5.962102, 9.085665
5.942805, 9.094873
5.937901, 9.109573
5.857611, 9.181169
5.826258, 9.205118
5.806074, 9.220536
5.785327, 9.240149
5.754564, 9.269231
5.723684, 9.302544
5.694905, 9.333589
5.665886, 9.358288
5.627204, 9.391212
5.582408, 9.425409
5.535576, 9.459277
5.481022, 9.496882
5.425466, 9.542450
5.366555, 9.590770
5.331978, 9.621065
044883b0-8576-47d8-9d98-f06405a72fe2
6.028033, 8.821144
5.975627, 8.857141
5.867362, 8.909278
5.839413, 8.934890
5.783234, 8.986370
5.727609, 9.025163
5.683527, 9.061034
5.641184, 9.107069
5.608315, 9.145015
09f92a0e-a9c6-4f7f-8925-da0b62df0f76
6.057435, 9.024668
6.022564, 9.079795
5.988439, 9.118240
5.900172, 9.218032
5.871816, 9.243313
5.840309, 9.271404
5.803608, 9.310142
5.762907, 9.355278
5.717323, 9.401360
5.675637, 9.443501
5.633934, 9.481403
5.589973, 9.523379
5.541186, 9.561686
5.505465, 9.595441
5.473546, 9.631310
5.445157, 9.658710
5.426806, 9.680583
5.404049, 9.712368
5.380097, 9.750966
5.365589, 9.774347
5.351713, 9.793868
579782bf-a94e-4b12-a8a4-760b7dbfc460
6.456265, 9.632169
6.555005, 9.615064
3c69e7f5-090b-4189-9277-78eb68fde634
6.399773, 9.221448
6.492439, 9.260032
6.620079, 9.282198
6.654511, 9.292734
6.683566, 9.279452
6.777081, 9.266537
6.823669, 9.257081
057d775d-cceb-4ec1-bdff-21801e138b07
6.355951, 9.237350
6.470959, 9.152037
6.498099, 9.127821
6.521549, 9.110909
6.550057, 9.094040
6.593850, 9.076471
10fa507e-a117-4d36-b383-d3d85ed22497
5.967592, 8.710120
5.912543, 8.732928
5.875068, 8.745213
5.834855, 8.758392
5.790815, 8.779122
5.753242, 8.795153
5.726408, 8.801720
5.677056, 8.813798
5.620583, 8.826078
5.555536, 8.838692
5.495013, 8.849237
ba88a7e8-36f5-42bb-bf18-182a0556879c
6.030594, 8.251687
6.132526, 8.297570
6.214533, 8.326967
6.244578, 8.340918
2f2c5056-2185-4bc1-9b3c-35086587f86d
6.186291, 5.670704
6.124164, 5.672923
6.084747, 5.671334
6.054835, 5.684301
6.030773, 5.693376
6.008752, 5.698477
5.998462, 5.722794
