main root
7.082299, 5.835819
6.934160, 6.114006
6.889705, 6.193047
6.818366, 6.307121
6.748119, 6.423381
6.657713, 6.544402
6.614308, 6.630588
6.588302, 6.733254
6.567546, 6.880147
6.532466, 6.999491
6.492324, 7.180822
6.464457, 7.355088
6.435043, 7.539028
6.400749, 7.735626
6.390623, 7.818148
6.384177, 7.870669
6.388590, 7.981826
6.382279, 8.049330
6.372483, 8.121919
6.364859, 8.200781
6.344068, 8.260270
6.380928, 8.295348
6.378788, 8.470193
6.379790, 8.561284
6.381792, 8.607212
ffa8748b-afb2-4362-99eb-b6a38b46324b
7.062762, 5.965954
7.141654, 6.074199
7.167635, 6.151948
7.185298, 6.185854
7.227375, 6.204429
7.262773, 6.255672
7.269661, 6.297933
7.301188, 6.319094
7.334664, 6.362688
7.356856, 6.383717
7.405558, 6.419557
7.430355, 6.441520
7.468383, 6.481203
7.505647, 6.517925
7.539713, 6.553596
7.584378, 6.602532
7.615718, 6.632429
5446abfe-938c-406d-a5d8-c449b6aa5383
6.984757, 6.146913
7.051794, 6.228322
7.071623, 6.261821
7.106779, 6.309460
7.147983, 6.343658
7.184098, 6.365856
7.238690, 6.395901
7.294661, 6.423292
7.343874, 6.450710
7.396583, 6.471509
5715b333-a963-4e41-b53b-79e50b53a570
6.802967, 6.379633
6.833522, 6.418301
6.851312, 6.450485
6.874135, 6.462952
6.942193, 6.519703
6.981275, 6.555204
7.017285, 6.590936
7.037888, 6.610314
d12297e1-005b-44f1-ae6c-29ef7525b3af
6.940393, 6.084447
7.063274, 6.229736
7.128933, 6.235700
7.196930, 6.263358
7.265483, 6.279932
7.335198, 6.311920
