main root
6.772979, 5.270079
6.810460, 5.464504
6.813870, 5.672154
6.899519, 5.947950
6.877963, 6.204462
6.890733, 6.327261
6.911804, 6.478028
6.958314, 6.632093
6.952491, 6.799348
6.945150, 6.951080
6.935755, 7.102700
6.908382, 7.227797
6.887438, 7.369999
6.875694, 7.515003
6.853866, 7.649237
6.838071, 7.778858
6.826155, 7.859667
6.809545, 7.929708
6.764661, 8.223015
6.768200, 8.308735
6.759828, 8.350432
6.745321, 8.415081
6.729357, 8.479384
6.716312, 8.550563
6.702900, 8.615447
6.695000, 8.690622
6.681260, 8.749761
6.678241, 8.835504
6.655792, 8.952398
6.644205, 9.020671
6.634096, 9.089177
6.630519, 9.164682
6.623541, 9.217071
6.623206, 9.253583
6.620316, 9.446276
6.614877, 9.509446
6.615878, 9.585029
6.609194, 9.645374
6.613644, 9.727571
6.611092, 9.763488
6.607678, 9.832650
6.605761, 9.901872
6.602428, 9.968042
6.597601, 10.034121
6.588516, 10.096871
6.585142, 10.172382
6.577835, 10.235365
6.573970, 10.307627
6.571768, 10.376841
6.565269, 10.439911
6.565002, 10.515501
6.566255, 10.584739
6.562908, 10.648054
6.560748, 10.717268
6.560083, 10.786511
6.557950, 10.852733
6.563007, 10.928153
6.562758, 10.991556
6.569947, 11.066806
6.578021, 11.135582
6.580934, 11.198918
6.588739, 11.270862
6.594395, 11.336875
6.596570, 11.379798
ca1d8eb1-2cf9-4895-a448-1886940525ca
6.946818, 5.644720
7.022862, 5.655119
7.116273, 5.684779
7.214300, 5.700238
7.343181, 5.722683
7.468418, 5.741621
7.557495, 5.760681
7.611274, 5.783010
7.696073, 5.815927
7.735021, 5.846620
7.786890, 5.880029
7.828395, 5.903203
7.995989, 5.977188
8.100138, 6.031261
8.177019, 6.085768
8.226040, 6.091695
8.339452, 6.138395
8.397796, 6.171519
8.476292, 6.223341
8.545377, 6.273920
8.606856, 6.318931
8.661124, 6.360517
8.709866, 6.395315
9f49221e-ecaa-45d0-a76a-a3d3f1c358d5
6.722204, 5.599746
6.584630, 5.654550
6.492597, 5.695365
6.411678, 5.743103
6.328667, 5.787343
6.228219, 5.859912
6.138079, 5.909494
6.068951, 5.954351
6.005469, 5.993759
5.959279, 6.027412
5.924009, 6.049405
5.899110, 6.077278
5.676257, 6.342143
5.608901, 6.388231
5.560767, 6.417540
5.510144, 6.448363
5.458521, 6.483299
5.409437, 6.516518
5.361154, 6.545580
5.310375, 6.576143
5.259594, 6.606707
5.210856, 6.629053
5.152561, 6.665660
5.102369, 6.697179
5.050289, 6.736951
5.004590, 6.762435
4.973163, 6.779961
4.948667, 6.800477
3ddb9c10-4aba-43cd-a3ec-2b5bf88a2c6f
6.800965, 6.080859
6.694622, 6.136728
6.591683, 6.176467
6.516809, 6.212176
6.463951, 6.235089
6.420717, 6.273479
6.224377, 6.397366
6.157729, 6.421907
6.064002, 6.460928
5.965438, 6.511129
5.898191, 6.543701
5.787764, 6.590454
ca22044f-4661-46c6-bb31-2168c635b928
6.832600, 5.558367
6.180666, 5.812367
6.090203, 5.863064
5.908236, 6.005339
5.775994, 6.094164
5.747756, 6.105920
5.707869, 6.124146
5.671584, 6.135790
5.624183, 6.149428
5.592646, 6.160059
5.551716, 6.178595
5.503203, 6.205493
5.458776, 6.230125
5.408109, 6.254795
5.370047, 6.273328
5.316070, 6.301274
5.280997, 6.317748
5.255373, 6.331437
ba9e2019-dd01-4baa-8336-893ffebe8314
6.823171, 5.853805
6.688249, 5.895843
6.589260, 5.886319
6.444536, 5.946332
6.281657, 6.006586
6.150587, 6.038169
6.042990, 6.075514
5.942189, 6.117166
99ec82b7-69ae-4f0e-8033-1a95a25835ac
6.950244, 6.362251
7.047683, 6.399795
7.119355, 6.428403
7.218076, 6.451595
7.352869, 6.496366
0b9ea283-80f0-4c2b-978e-cb9415a18cfe
6.900734, 6.462919
6.849380, 6.492732
9981ec59-0926-43a6-b908-a8b03b7c09a3
6.912694, 7.375012
6.822064, 7.402259
6.748111, 7.426055
6.677589, 7.448747
6.639469, 7.467304
6.590706, 7.469482
8b8758af-2b4f-470b-9dc6-1b02c377a24f
6.952849, 7.503368
7.013164, 7.501969
7.156289, 7.535275
449c1e8e-9e19-464d-939e-5925509e1fd3
6.904629, 7.838016
6.929071, 7.858270
6.971394, 7.898570
