main root
4.875730, 6.232087
5.194866, 6.247732
5.500640, 6.381743
5.676210, 6.469273
5.828139, 6.566313
5.939610, 6.645583
6.046445, 6.707994
6.115208, 6.832789
6.130061, 6.881539
6.151045, 6.943297
6.167243, 6.986320
6.204661, 7.061180
6.215368, 7.121055
6.225555, 7.186517
6.234259, 7.252191
6.241479, 7.318047
6.243909, 7.381400
6.248059, 7.450517
6.256869, 7.522338
6.260112, 7.585654
6.265148, 7.654713
6.271677, 7.723646
6.279694, 7.792422
6.289196, 7.861009
6.300180, 7.929375
6.312641, 7.997488
6.326572, 8.065313
6.333128, 8.126997
6.332440, 8.162997
6.359884, 8.378103
6.379572, 8.461461
6.389495, 8.573956
6.392945, 8.647141
6.399663, 8.726103
6.402889, 8.799299
6.406244, 8.875424
6.406477, 8.948688
6.412725, 9.030854
6.415290, 9.104076
6.414861, 9.177340
6.417391, 9.256548
6.407270, 9.314780
6.391787, 9.386393
6.384686, 9.433396
6.380544, 9.500906
6.378683, 9.580132
6.379814, 9.659372
6.373221, 9.721839
6.360444, 9.822744
6.353232, 9.891614
6.342180, 9.954048
6.327578, 10.019360
6.309605, 10.224419
6.311115, 10.310046
6.297230, 10.371522
6.278182, 10.442258
6.268554, 10.512531
6.265912, 10.575895
6.271337, 10.661359
6.272984, 10.734595
6.277756, 10.813689
6.276009, 10.884124
6.273279, 10.994146
6.266752, 11.087615
6.270837, 11.180082
6.271101, 11.281927
6.275549, 11.374583
6.282103, 11.467278
6.289270, 11.568624
6.289597, 11.662684
6.298179, 11.745623
6.302736, 11.818748
6.313824, 11.900402
6.330738, 12.009229
6.336747, 12.067386
6.339839, 12.119421
6.379315, 12.311550
6.391306, 12.362468
6.397551, 12.408567
6.406053, 12.460182
6.412591, 12.509066
6.415957, 12.534242
6.424385, 12.701735
6.475589, 12.814300
6.511147, 12.870777
6.529954, 12.911888
6.561109, 12.923093
6.604071, 12.947741
6.640640, 12.957994
6.673434, 12.961049
6.731155, 12.966620
6.779056, 12.980460
6.803458, 12.987511
09f7f844-73f7-419d-8d24-b92db6f7a9c1
4.928330, 6.331436
4.943803, 6.373360
4.964346, 6.405348
4.986794, 6.453179
5.094311, 6.624854
5.131592, 6.670280
5.195418, 6.712664
5.235664, 6.741186
5.275026, 6.770917
5.313467, 6.801829
5.350210, 6.829455
5.444509, 6.922770
5.472201, 6.948069
5.499983, 6.951011
5.579691, 7.002515
5.651569, 7.046491
5.725237, 7.086699
5.807785, 7.129357
5.882425, 7.170264
5.930510, 7.198324
5.977942, 7.226767
6.031309, 7.244818
6.125543, 7.300098
6.161430, 7.329483
6.208523, 7.353742
6.426477, 7.435140
6.487762, 7.455479
6.521705, 7.465205
6.604735, 7.437252
6.637828, 7.439975
6.673067, 7.447379
6.716266, 7.454925
6.762846, 7.466101
6.820474, 7.479928
6.851854, 7.490536
6.888272, 7.507586
6.922851, 7.522123
b5747fa8-35cb-4531-85ca-004cbf85c26d
5.146302, 6.326319
5.075228, 6.441626
5.024838, 6.511517
4.968945, 6.596277
4.927419, 6.661966
4.886236, 6.724314
4.837354, 6.805992
4.810695, 6.853451
4.763942, 6.954887
4.743538, 7.020614
4.726419, 7.055578
4.703108, 7.116806
4.683829, 7.150625
4.656724, 7.210270
4.629237, 7.256290
4.600925, 7.315370
4.572509, 7.360820
4.542050, 7.415188
4.510795, 7.458735
4.476934, 7.511053
4.443853, 7.556659
4.409065, 7.604626
4.372613, 7.642138
4.327717, 7.686581
4.277489, 7.768810
4.236288, 7.827647
4.197915, 7.877223
4.150226, 7.977630
4.117544, 8.046442
4.091292, 8.084271
4.039130, 8.152162
3.993252, 8.216785
3.924459, 8.302723
3.873433, 8.369783
3.832420, 8.423684
3.791407, 8.477585
3.755308, 8.531976
3.734572, 8.557809
3.667019, 8.642381
3.620067, 8.705958
3.573660, 8.758659
3.536156, 8.805720
3.490221, 8.877711
3.448435, 8.937634
3.403113, 8.989542
3.331363, 9.062074
3.270052, 9.121105
3.207318, 9.178626
3.146627, 9.237089
3.097804, 9.286197
3.050054, 9.336349
3.006733, 9.377727
5f343a56-785b-473a-8bb3-51b6f07de097
5.289117, 6.374643
5.259682, 6.453494
5.254313, 6.484993
5.249250, 6.550327
5.235519, 6.600018
5.211904, 6.772936
5.172118, 6.864653
5.153818, 6.899174
5.153936, 6.918956
5.140110, 6.964746
5.132769, 6.989062
5.105534, 7.163455
5.083756, 7.234480
5.061685, 7.306046
5.046608, 7.344779
5.023737, 7.387619
4.977799, 7.462484
4.954676, 7.494441
4.936063, 7.520161
4.920602, 7.546631
4.899253, 7.583176
4.878977, 7.623816
4.858739, 7.657674
4.838056, 7.698108
4.818780, 7.735789
4.799503, 7.773469
4.782488, 7.813300
4.769928, 7.850317
4.761766, 7.874371
5c3b0bef-bcf0-494e-ad06-76e815a78ff2
5.341102, 6.289622
5.518376, 6.188885
5.599132, 6.146177
5.639478, 6.120145
5.679090, 6.108257
5.789451, 6.046824
5.865835, 6.011385
5.933174, 5.966426
6.025464, 5.915701
6.103563, 5.883077
6.173877, 5.853705
6.241777, 5.830206
6.318257, 5.799263
6.392921, 5.792055
6.428914, 5.793091
6.528995, 5.755351
6.615896, 5.747799
6.702051, 5.746558
6.765352, 5.750136
6.862813, 5.729125
6.906608, 5.732081
7973058c-2d9e-44cc-8889-dc36a8966734
5.268294, 6.166848
5.316410, 6.085351
5.365159, 5.995814
5.438399, 5.933042
5.489651, 5.897427
5.543120, 5.865321
5.681932, 5.830820
5.783978, 5.830428
5.954786, 5.792432
6.011642, 5.745219
6.036291, 5.722532
6.054905, 5.707147
6.076568, 5.707024
6.108415, 5.702487
6.139915, 5.690439
6.189900, 5.678150
6.264584, 5.654073
6.290690, 5.642512
6.331687, 5.619445
6.410606, 5.600813
6.446740, 5.590745
6.472248, 5.582084
6.500980, 5.564425
6.546716, 5.527534
6.590557, 5.501974
6.666945, 5.485728
6.695012, 5.478229
6.719551, 5.471672
6.784054, 5.429735
6.806245, 5.418877
6.836508, 5.409069
6.868813, 5.401746
6.911777, 5.398145
6.973572, 5.389962
7.029892, 5.377974
7.098447, 5.360322
7.128118, 5.354228
7.198795, 5.356358
7.248326, 5.363924
c85eccd5-ae28-4d33-8e62-d5f75dab8d09
5.023797, 6.170033
5.019944, 6.081206
5.019485, 6.055809
5.035964, 6.009484
5.046292, 5.989374
5.069511, 5.963819
5.087812, 5.939228
5.101136, 5.906287
5.117003, 5.867055
5.140050, 5.814061
5.164536, 5.748287
5.255845, 5.717788
5.284747, 5.712935
5.297635, 5.699445
5.316838, 5.688015
5.352892, 5.663068
5.381724, 5.646759
5.432174, 5.621660
5.487254, 5.589243
5.547216, 5.548741
5.607159, 5.517427
5.665669, 5.501307
5.721812, 5.488084
5.757172, 5.473605
5.796860, 5.455736
5.842874, 5.445116
5.879637, 5.442776
5.912751, 5.443667
5.932502, 5.434051
5.964734, 5.413293
5.984765, 5.405660
6.018713, 5.387851
6.039565, 5.388788
6.075876, 5.379931
6.156890, 5.357408
6.217279, 5.303301
6.227992, 5.304814
6.247979, 5.297138
6.280158, 5.283108
6.301152, 5.278784
6.339842, 5.263109
6.361607, 5.270458
6.417059, 5.256655
6.462387, 5.239203
6.487207, 5.231251
6.543348, 5.223119
6025cd67-75cc-4910-a561-cdbcc93cb671
5.126650, 6.133762
5.167100, 6.074922
5.176059, 6.060551
5.256885, 5.982307
5.308959, 5.960473
5.366361, 5.945484
5.453753, 5.936658
5.583285, 5.854593
5.659244, 5.789689
5.718077, 5.771678
5.745265, 5.761974
5.777779, 5.745785
5.806456, 5.733376
5.832012, 5.717614
5.854062, 5.702463
5.876110, 5.682079
5.900322, 5.657896
5.922786, 5.635459
5.940754, 5.621742
5.996272, 5.577245
6.029166, 5.548963
6.052763, 5.534596
6.097155, 5.504063
6.145985, 5.470477
6.174863, 5.454248
b299e3fd-44a3-43d4-873d-662aa8874d33
5.246564, 6.180188
5.344413, 6.090073
5.378259, 6.024508
5.448107, 5.954359
5.552368, 5.889906
5.639585, 5.838601
5.776589, 5.830407
5.840849, 5.826429
5.881321, 5.818404
5.959103, 5.790553
6.065061, 5.778620
6.105794, 5.775539
6.130474, 5.776675
6.203372, 5.766263
6.237334, 5.758399
6.304182, 5.738704
6.341756, 5.735436
6.395701, 5.724735
6.442832, 5.710808
6.506771, 5.690353
6.532010, 5.683850
6.633729, 5.674645
6.693845, 5.639726
6.756805, 5.622105
6.793457, 5.614955
6.834721, 5.609956
6.889642, 5.607825
6.953855, 5.602338
6.998016, 5.594058
7.055383, 5.581778
7.126073, 5.583319
7.156287, 5.585475
7.181622, 5.587283
5e2c28fa-e5ff-4949-8812-d096713fbff5
6.053500, 6.738700
6.119041, 6.687560
6.143223, 6.668154
6.240307, 6.598816
6.266510, 6.585698
6.291201, 6.568390
6.317549, 6.548169
6.337963, 6.530696
6.357417, 6.512159
6.381719, 6.487023
6.404972, 6.460913
6.426215, 6.439406
6.444050, 6.419128
6.463603, 6.413887
6.514542, 6.390923
6.576460, 6.345054
6.609471, 6.324325
6.645888, 6.297823
6.679751, 6.273077
6.714214, 6.244079
6.746979, 6.208575
6.775362, 6.177697
6.803866, 6.151110
6.834475, 6.122560
6.860715, 6.100132
765ff27e-2e84-4420-ab75-bf16f68883c4
5.912668, 6.690616
5.889422, 6.738861
5.854292, 6.801425
5.814743, 6.859632
5.778925, 6.919877
5.760536, 6.950807
5.609505, 7.115354
5.574956, 7.143400
5.506150, 7.209270
0a668c67-66f2-4be8-beb2-cc4c48d82dc3
6.253642, 7.361337
6.310770, 7.372560
6.352121, 7.393566
6.454254, 7.363623
6.499847, 7.381125
6.537391, 7.398815
6.766340, 7.411518
f4179441-90b8-4dee-acb2-084c45487f7f
6.187335, 6.986989
6.322701, 6.963700
6.394410, 6.951884
6.459858, 6.947857
6.555459, 6.914449
6.633930, 6.910031
6.668751, 6.906486
6.692191, 6.908527
6.727161, 6.909984
6.762161, 6.909859
6.783171, 6.914189
6.821271, 6.917368
6.850401, 6.918211
6.869633, 6.924758
ced9b74e-9fa4-44a5-808c-20b88dd126ec
6.388769, 9.693397
6.419621, 9.701936
6.449484, 9.714686
7a029e29-1860-4b31-bcd5-ffd18a91d969
6.288136, 7.933161
6.240553, 7.957683
6.176040, 7.982510
6.105781, 8.007944
6.045682, 8.022952
5.994795, 8.027109
5.916331, 8.031409
5.851242, 8.045441
0bbdeba5-b496-49f1-972f-144c7ced6de8
6.402908, 8.539372
6.458195, 8.539300
4bfbc1b0-3be9-4284-a769-8aef8a5fd255
5.255644, 6.320770
5.119751, 6.677523
5.090084, 6.724963
5.054627, 6.756254
5.039887, 6.779751
5.002994, 6.832932
4.962547, 6.878082
4.947726, 6.917066
4.916849, 6.952215
