main root
6.386500, 4.516746
6.325203, 4.703500
6.255319, 4.938555
6.215168, 5.118819
6.186978, 5.272813
6.183301, 5.379461
6.184915, 5.532684
6.182085, 5.662130
6.181425, 5.813161
6.183111, 5.910396
6.172149, 6.008904
6.161849, 6.101471
6.151775, 6.211152
6.130768, 6.301095
6.109586, 6.391789
6.086303, 6.482227
6.065110, 6.581517
6.045669, 6.672604
6.028612, 6.745347
6.014599, 6.805108
6.005960, 6.897169
5.978398, 7.051326
5.965753, 7.146010
5.946896, 7.271352
5.934925, 7.393178
5.909922, 7.542548
5.875560, 7.671990
5.844936, 7.795537
5.823301, 7.919105
5.799570, 8.030133
5.784316, 8.121625
5.771785, 8.196785
5.760460, 8.255610
5.746097, 8.306472
5.736509, 8.541636
5.738057, 8.613970
5.725759, 8.725561
5.714373, 8.787918
5.701006, 8.852795
5.693164, 8.927959
5.679474, 8.987093
5.669807, 9.062048
5.659853, 9.127536
5.648425, 9.192780
5.637959, 9.261217
5.628978, 9.329866
5.618907, 9.395335
5.607363, 9.460563
5.601628, 9.535917
5.590079, 9.589097
5.579145, 9.660614
5.567662, 9.725853
5.552281, 9.787348
5.539121, 9.858491
5.528005, 9.926826
5.515898, 9.991949
5.504721, 10.060272
5.497498, 10.132259
5.494403, 10.178130
5.478138, 10.357327
5.462527, 10.413367
5.465349, 10.552325
5.462493, 10.805589
5.469447, 10.933744
5.476326, 11.060551
5.483206, 11.187365
5.491285, 11.297210
5.491514, 11.415368
5.489611, 11.525386
5.487853, 11.626976
5.488349, 11.719891
5.488802, 11.804552
5.486199, 11.877772
5.489791, 11.945313
5.497998, 11.986905
ec028405-d1cc-42e1-9ef2-d7fd25829793
6.321210, 4.804642
6.436091, 4.918645
6.474636, 4.948287
6.548186, 4.993747
6.567693, 5.036270
6.606349, 5.050808
6.638315, 5.070826
6.690024, 5.098887
6.804446, 5.161161
6.830875, 5.175544
6.957001, 5.218003
6.988260, 5.226242
7.068120, 5.283467
7.200816, 5.340949
7.292110, 5.398483
7.335984, 5.425115
7.581498, 5.530425
7.657917, 5.589275
7.709064, 5.624881
7.778533, 5.655003
7.832898, 5.678572
7.873578, 5.702730
7.928628, 5.731938
7.959803, 5.755253
8.011446, 5.790134
8.064706, 5.822492
8.103761, 5.851474
8.134238, 5.866631
e462482e-392f-4d28-b764-3a915dfc0778
6.281400, 4.989101
6.325744, 5.039556
6.349457, 5.071071
6.379092, 5.105480
6.431544, 5.162829
6.536696, 5.221920
6.592434, 5.249805
6.631728, 5.276156
6.685098, 5.308340
6.739954, 5.337923
6.781970, 5.369083
6.829562, 5.404382
6.866048, 5.427719
6.954983, 5.474349
6.988905, 5.505366
7.057148, 5.558365
7.074678, 5.575772
7.097843, 5.572416
7.168366, 5.613111
7.238347, 5.665465
7.310651, 5.706610
7.384233, 5.748481
7.444337, 5.787850
7.531510, 5.839891
7.582400, 5.870272
7.616461, 5.894092
7.655657, 5.925156
28b8c47d-e8d0-4db3-bb12-abb69080b0ee
6.232917, 5.165041
6.260223, 5.195419
6.282881, 5.225102
6.300390, 5.245575
6.400354, 5.301412
6.437128, 5.323664
6.458129, 5.341618
6.494626, 5.374785
6.530100, 5.409044
6.572985, 5.444213
6.605941, 5.477044
6.648274, 5.512876
6.666184, 5.533915
6.701218, 5.572756
6.733124, 5.610360
6.766954, 5.638662
6.875333, 5.752173
6.946804, 5.818301
6.990025, 5.870527
7.053814, 5.937709
7.102572, 5.986885
7.148148, 6.034979
7.218035, 6.108727
7.256682, 6.151684
7.284298, 6.184618
70f6530b-6d7d-470f-bc65-cf54aa4e3097
6.364526, 4.684142
6.406908, 4.711695
6.447626, 4.733518
6.642822, 4.854963
6.667191, 4.875412
6.699526, 4.902547
6.742818, 4.940830
6.780875, 4.974483
6.827386, 5.013615
6.889761, 5.056313
6.923692, 5.084983
6.960385, 5.117946
6.993947, 5.152121
7.033359, 5.194387
7.194578, 5.337181
7.331387, 5.422176
7.486394, 5.501896
7.631608, 5.592022
7.715217, 5.679315
7.751777, 5.721813
7.780999, 5.746522
97fa384c-2a8a-43df-9f8a-3987cef6120e
6.338000, 4.811069
6.396636, 4.779104
6.469728, 4.771942
6.627486, 4.785482
6.656683, 4.783690
6.694020, 4.784395
6.728471, 4.786545
6.755935, 4.788259
6.778111, 4.792643
6.981170, 4.779091
7.045732, 4.778475
2d7d6389-d7b7-4643-8bd7-1c6670439436
6.200467, 6.125565
6.229092, 6.138750
6.298960, 6.207313
6.331692, 6.230672
6.386562, 6.262474
6.435202, 6.291994
bd09e12c-ec58-44da-861a-7c403ff21d48
6.237745, 5.684237
6.257589, 5.678315
6.296453, 5.677189
6.289917, 5.609373
6.276619, 5.599424
6.204260, 5.568304
06fcdcf2-dd36-49f0-b6e9-f7f33b1ea992
6.187388, 4.885022
6.112588, 4.866805
6.044868, 4.862300
5.924810, 4.938021
5.877094, 4.959148
5.823672, 4.964346
5.781591, 4.968439
5.706564, 4.977242
a8337e13-61be-4d2c-ad6b-4800210943d0
5.981134, 7.558539
6.016538, 7.577780
6.064382, 7.608892
6.111509, 7.634572
344d63b1-d54a-46b7-8245-b1de59cbfc95
6.101920, 6.640998
6.177667, 6.658891
6.270398, 6.712659
6.321938, 6.747384
6.348913, 6.761950
c032e6ba-cb42-4bbf-b443-f99bbb601fea
6.095106, 6.588918
6.017423, 6.624676
5.988910, 6.629487
5.936275, 6.624927
e354892a-2f2d-4957-82e9-ce613ad244ba
6.395406, 4.830468
6.542116, 4.886139
6.656025, 4.970809
28d480f2-ef96-4d7a-bf70-385e32c273ae
6.306765, 4.713580
6.199778, 4.762217
6.103300, 4.769993
