main root
6.734915, 4.959797
6.639801, 5.670634
6.514804, 6.152397
6.444756, 6.437414
6.372528, 6.919992
6.354674, 7.180974
6.370991, 7.699745
6.469822, 8.276644
6.539208, 8.475224
6.578911, 8.578306
6.625648, 8.742042
6.657700, 8.926625
6.637895, 9.154050
6.591611, 9.377798
6.544057, 9.647881
6.503527, 9.926044
6.465964, 10.189814
6.466305, 10.464630
6.457317, 10.778989
6.434709, 11.009682
6.414121, 11.210255
6.415725, 11.298159
6.416690, 11.351067
a916cecb-afc9-4fa9-8c09-618c2cd67a79
6.600523, 8.611371
6.691472, 8.633149
6.755702, 8.624653
6.808378, 8.602355
6.833674, 8.591738
6.860252, 8.574180
6.920660, 8.526378
6.954536, 8.507205
7.006682, 8.475973
7.043786, 8.457240
7.074585, 8.445044
7.114231, 8.432563
7.146598, 8.425513
7.185454, 8.423177
7.247423, 8.416451
7.286079, 8.413762
7.333941, 8.414927
b5cd722f-7b3f-46b0-9e7b-d798bf76c1f5
6.499530, 8.464462
6.465058, 8.495619
6.435029, 8.524458
6.400915, 8.550056
6.360578, 8.578453
6.304831, 8.619531
6.249985, 8.661803
6.215594, 8.682641
6.172653, 8.706909
6.127860, 8.733943
6.074799, 8.767715
6.035006, 8.801916
5.983801, 8.843952
5.931246, 8.889031
5.887383, 8.932571
5.849804, 8.976200
5.800093, 9.043448
5.770839, 9.080504
5.753542, 9.099999
40d8c86b-2873-4eb7-8b59-f4c664f304b8
6.475100, 8.199639
6.594462, 8.179205
6.685275, 8.168872
6.746530, 8.179744
6.814616, 8.197907
6.884577, 8.219671
6.930473, 8.227677
7.010734, 8.237122
7.057524, 8.251670
7.146858, 8.277243
7.206421, 8.298964
7.273824, 8.318763
7.324129, 8.340319
b74e8a45-4f5c-4867-94a4-5a0591b36979
6.734492, 8.877313
6.823430, 8.942896
6.918450, 8.972306
7.065824, 9.006205
7.164167, 9.029486
7.206578, 9.034557
7.228553, 9.034743
7e266988-21d0-4b6a-91e4-1e34f2f06e13
6.662118, 8.853108
6.894023, 8.925203
6.933811, 8.937370
6.972109, 8.950647
7.044565, 8.988873
7.085838, 9.007195
7.119049, 9.027549
7.162270, 9.060387
7.193480, 9.080728
5594a04f-631d-4765-b3cb-38df204971e7
6.302422, 7.581491
6.220095, 7.612827
6.145618, 7.647581
6.077487, 7.677721
5.982713, 7.715023
5.914340, 7.737107
5.841829, 7.760528
5.785056, 7.769972
5.709885, 7.782476
5.638406, 7.789813
5.582437, 7.801937
5.512797, 7.821617
5.445520, 7.846851
5.390674, 7.862628
2d4d3301-2845-443f-a993-f2483f3bec2e
6.330926, 7.606984
6.248554, 7.656528
6.196221, 7.677465
6.141814, 7.696465
6.085934, 7.718675
5.992843, 7.766090
5.955852, 7.778212
5.886305, 7.796278
5.810404, 7.819086
5.741434, 7.833560
5.663382, 7.854528
5.608188, 7.869355
5.561123, 7.873012
9cbae114-7d7b-4445-9aa7-3edc51ad314e
6.345511, 6.957468
6.255965, 6.972839
6.186528, 6.982825
6.140062, 6.988272
6.085455, 7.000986
6.055455, 7.015200
5.997930, 7.039142
5.895563, 7.056564
5.822891, 7.065896
5.776216, 7.074908
c27bcefe-85e4-4c7a-9db1-8964603800de
6.352865, 6.714294
6.239430, 6.712988
6.137612, 6.738652
6.044331, 6.753488
5.966596, 6.768882
5.895384, 6.778407
5.810070, 6.785633
5.738238, 6.787210
5.677244, 6.794897
5.606147, 6.808382
5.541072, 6.826819
5.484077, 6.839855
e0fc35dd-b914-4f7a-bba3-33e69495048e
6.480101, 6.468379
6.547285, 6.498072
6.600857, 6.523742
6.674443, 6.568565
6.732290, 6.603800
6.796308, 6.637537
6.888936, 6.679178
6.948737, 6.707702
7.011868, 6.736156
7.091784, 6.769856
7.150325, 6.789669
7.220176, 6.808569
7.283721, 6.827315
7.356122, 6.842433
7.415341, 6.860912
7.465563, 6.873449
7.506966, 6.891292
bf894ccf-b9ea-4eae-ab69-7ecad2810708
6.792168, 5.212385
6.937434, 5.221743
6.993844, 5.213441
7.085628, 5.192057
7.149005, 5.189158
7.240451, 5.191328
7.332890, 5.201764
7.406290, 5.211557
7.474300, 5.226791
7.515868, 5.227020
7.597419, 5.221483
7.657317, 5.223417
7.723236, 5.229754
7.784601, 5.243172
7.867312, 5.261257
7.934624, 5.282103
8.009283, 5.303658
8.089616, 5.322448
8.172801, 5.334220
8.244862, 5.347441
8.351811, 5.373517
8.434069, 5.393572
8.504480, 5.413822
8.546470, 5.419668
8.632073, 5.422519
8.705138, 5.427947
8.797856, 5.430616
8.867870, 5.438620
8.956833, 5.436737
9.008113, 5.441641
9.086214, 5.457561
9.159115, 5.473949
9.235484, 5.493241
9.274476, 5.503091
b2eeabc5-646a-4164-a950-0788689c887a
6.675967, 5.524500
6.760161, 5.554202
6.831391, 5.580922
6.881406, 5.588768
a90cc9a1-b5fb-4f5f-a6fe-39a4d3373985
6.615714, 4.978489
6.408377, 5.047896
6.312925, 5.083275
6.231245, 5.110436
6.125307, 5.144292
6.024869, 5.164921
5.941931, 5.181955
5.854000, 5.187312
5.777944, 5.191946
5.713868, 5.198847
5.652838, 5.205420
5.605989, 5.213476
5.569813, 5.225772
5.489250, 5.267383
5.365397, 5.289935
5.281308, 5.303138
5.199141, 5.320238
5.107297, 5.337204
5.028007, 5.362396
4.944216, 5.382492
4.865461, 5.409910
4.804997, 5.417785
4.713152, 5.431869
4.629458, 5.444703
4.537955, 5.460862
4.437014, 5.474392
4.311135, 5.491264
4.201816, 5.503782
4.119672, 5.519449
4.044814, 5.544392
4.009499, 5.551428
3.962357, 5.553498
97169f54-84cf-4df4-8baa-8bdc652ff4ad
6.649897, 5.219727
6.535512, 5.248956
6.443536, 5.261802
6.333128, 5.265430
6.223125, 5.269046
6.161844, 5.281645
6.078079, 5.296752
5.997115, 5.317674
5.914207, 5.336958
5.829972, 5.352292
5.761251, 5.364801
5.694872, 5.385987
5.660743, 5.403164
5.609693, 5.428857
5.579802, 5.457306
5.524554, 5.511953
5.418067, 5.567304
5.353183, 5.589345
5.274084, 5.618404
5.196598, 5.646871
5.137409, 5.657575
120126de-e3ff-4723-a592-3a42696ebf28
6.632657, 5.429489
6.523550, 5.473114
6.429461, 5.522381
6.350632, 5.512923
6.279958, 5.488334
6.240130, 5.472177
6.198893, 5.448989
b41b2fc2-e726-4550-892d-ed520a198222
6.526634, 5.914542
6.449550, 5.901767
6.382090, 5.877926
6.308821, 5.849963
6.253313, 5.823973
