main root
6.265850, 4.337929
6.160492, 4.460890
6.134700, 4.613865
6.143053, 4.731700
6.163373, 4.838813
6.181799, 4.947292
6.202957, 5.046597
6.220357, 5.138356
6.236131, 5.221545
6.253482, 5.313044
6.264765, 5.406420
6.272914, 5.491145
6.281020, 5.575417
6.285049, 5.648572
6.286087, 5.721830
6.289691, 5.764994
6.301968, 5.840068
6.324578, 5.922681
6.337337, 5.991981
6.352174, 6.084185
6.359505, 6.148581
6.372136, 6.219835
6.389870, 6.319878
6.396744, 6.375812
6.403974, 6.434637
6.414540, 6.496070
6.428045, 6.556924
6.448025, 6.619333
6.432789, 6.656173
6.449660, 6.684249
6.458891, 6.767953
6.465388, 6.840513
6.478649, 6.941181
6.485243, 7.014155
6.493725, 7.091406
6.502721, 7.192706
6.507089, 7.258812
6.514739, 7.329186
6.517109, 7.392542
6.520275, 7.477156
6.523123, 7.553298
6.525972, 7.629439
6.531548, 7.722190
6.537195, 7.791207
6.555660, 7.953231
6.568999, 8.017370
6.577525, 8.073059
6.586495, 8.131628
6.595471, 8.190196
6.601036, 8.246256
6.606894, 8.305218
6.609480, 8.361496
6.609077, 8.417831
6.611629, 8.480097
6.613278, 8.520284
6.599414, 8.556700
6.726123, 8.836066
6.740441, 8.897860
6.750228, 8.953342
6.760523, 9.011692
6.763887, 9.065184
6.770784, 9.127120
6.770501, 9.178634
6.773157, 9.240893
6.774512, 9.272616
6.758627, 9.356899
6.750045, 9.418624
6.731670, 9.463794
6.742950, 9.491902
6.750280, 9.606819
6.743706, 9.666630
6.735816, 9.719423
6.729146, 9.762374
6.725755, 9.906554
6.723106, 9.955787
6.718967, 10.004919
6.718807, 10.060370
6.714219, 10.096088
6.703870, 10.141428
6.695953, 10.196312
6.687442, 10.244878
6.684760, 10.303558
6.681019, 10.352722
6.681306, 10.408172
6.677061, 10.454483
6.676491, 10.509932
6.674494, 10.559197
6.671006, 10.608378
6.660484, 10.651036
6.653801, 10.709394
6.646711, 10.758187
6.643211, 10.813528
6.638612, 10.862618
6.640632, 10.921323
6.634283, 10.954298
6.628246, 11.009421
6.619436, 11.048658
6.609449, 11.099996
6.605672, 11.158614
6.603808, 11.210877
6.609217, 11.269370
6.612268, 11.318582
6.617001, 11.370662
6.615386, 11.402436
6.614231, 11.454721
6.608725, 11.500901
6.609261, 11.559642
6.611241, 11.611902
6.614718, 11.664084
6.616505, 11.713355
6.619900, 11.765543
6.624380, 11.811299
6.622787, 11.864868
6.612740, 12.108032
6.600602, 12.147848
6.609475, 12.241578
6.582234, 12.426225
6.586179, 12.484242
6.483725, 12.559025
6.391835, 12.639484
6.276447, 12.801411
0dd04e8f-203c-4607-a7f2-dcf2dee3ea82
6.090381, 4.694432
6.054364, 4.736363
6.041130, 4.770293
6.018259, 4.849389
6.006134, 4.900246
021384ac-7d08-4417-af70-5b6e4321fe74
6.649763, 8.649695
6.724083, 8.629310
6.744389, 8.629949
6.771384, 8.631291
6.788981, 8.623192
6.809853, 8.618528
6.835573, 8.614314
6.912406, 8.595764
6.951337, 8.589444
6.995586, 8.579228
7.051093, 8.569485
7.110679, 8.557507
7.177086, 8.544157
7.218859, 8.532706
e789ec5a-6ee9-4b28-9c90-bdaec0a6366c
6.622191, 8.713422
6.585913, 8.762013
6.567567, 8.772570
6.533259, 8.790581
9f2ac7ff-b96e-426e-b936-ae46de8e5b98
6.677977, 11.173260
6.594074, 11.232923
2ef45978-718c-4385-8130-8b3a82b909d2
6.745822, 10.595770
6.795566, 10.627140
