main root
6.495953, 4.307429
6.327008, 4.599327
6.291480, 4.690193
6.235267, 4.840367
6.189436, 4.944719
6.145572, 5.075728
6.099534, 5.193391
6.052537, 5.301928
6.008804, 5.402926
5.959306, 5.501260
5.919398, 5.594658
5.881450, 5.688850
5.839500, 5.781655
5.799879, 5.884721
5.765423, 5.980244
5.736696, 6.059887
5.707152, 6.147992
5.678911, 6.245518
5.659265, 6.336050
5.641886, 6.436084
5.625121, 6.544948
5.618066, 6.646346
5.611602, 6.739252
5.618561, 6.821065
5.622304, 6.914695
5.634392, 7.006474
5.642446, 7.099830
5.650451, 7.192620
5.662606, 7.284574
5.676865, 7.376394
5.686221, 7.477999
5.697637, 7.578902
5.704874, 7.680489
5.711491, 7.773383
5.712967, 7.883453
5.712035, 7.968567
5.704575, 8.070318
5.700484, 8.154484
5.692190, 8.239701
5.686153, 8.317174
5.673354, 8.385098
5.661439, 8.437133
5.655717, 8.625230
5.637702, 8.675974
5.654100, 8.824742
5.641413, 9.010962
5.639799, 9.155070
5.640189, 9.296123
5.640393, 9.370206
5.640076, 9.430085
5.608141, 9.569730
5.596161, 9.615395
5.582752, 9.648810
5.564665, 9.697906
5.547992, 9.747496
5.531802, 9.795648
5.494027, 9.917088
5.481813, 10.022096
5.456145, 10.189363
5.442333, 10.320784
5.433825, 10.421974
5.430074, 10.491330
5.423972, 10.550579
6776542b-e863-4416-85bf-789586a19eaf
6.378489, 4.603414
6.416260, 4.678776
6.437817, 4.716257
6.477794, 4.768329
6.507736, 4.804545
6.530169, 4.836143
6.561278, 4.864192
76c33a2d-6d85-47f4-8c07-975c59488f8c
6.278527, 4.627027
6.210620, 4.644686
6.133176, 4.669081
6.056764, 4.688740
6.017815, 4.698760
5.953247, 4.703695
5.877268, 4.709502
5.806801, 4.708884
5.762353, 4.708494
5.727428, 4.735346
5.623990, 4.743577
