main root
6.230203, 4.744689
6.179989, 5.025228
6.135709, 5.151171
6.113661, 5.257487
6.100985, 5.382924
6.116785, 5.519749
6.149133, 5.714993
6.194031, 5.890224
6.238334, 6.030848
6.292060, 6.180922
6.347329, 6.293458
6.419082, 6.425844
6.488588, 6.538075
6.541057, 6.634852
6.584519, 6.719443
6.612403, 6.831363
6.629416, 6.917048
6.643431, 6.987637
6.703954, 7.308952
6.713387, 7.375207
6.717357, 7.445563
6.721650, 7.521644
6.732257, 7.603364
6.738713, 7.676348
6.738749, 7.744707
6.735794, 7.817917
6.726981, 7.887833
6.717450, 7.963436
6.707921, 8.039040
6.708775, 8.128021
6.709506, 8.204220
6.707216, 8.277453
6.704835, 8.353619
6.696724, 8.421494
6.687681, 8.497157
6.681254, 8.576146
6.683299, 8.661778
6.691243, 8.743797
6.695121, 8.783828
6.746181, 9.020766
6.769347, 9.099848
6.771888, 9.140473
6.786169, 9.224929
6.791974, 9.295157
6.801480, 9.373837
6.807290, 9.446876
6.816554, 9.525585
6.825462, 9.601264
6.834370, 9.676943
6.835890, 9.741068
6.834632, 9.814327
6.833324, 9.890517
6.832017, 9.966707
6.824827, 10.036807
6.822396, 10.119180
6.820146, 10.195346
6.820800, 10.274595
6.824445, 10.353762
6.821694, 10.424177
6.821592, 10.503427
6.815515, 10.573632
6.817113, 10.659268
6.815488, 10.732519
6.822577, 10.817880
6.815960, 10.882876
6.811989, 10.951437
6.814804, 11.006362
6.824449, 11.077564
6.832647, 11.115787
6.848218, 11.309428
6.849449, 11.403440
6.855006, 11.504821
6.869494, 11.614485
6.886016, 11.723387
6.899177, 11.824236
6.914515, 11.941771
6.928758, 12.050911
6.934579, 12.160926
6.952979, 12.268387
6.975743, 12.376267
6.990141, 12.485492
7.000258, 12.578333
7.005398, 12.663786
7.003637, 12.734229
7.008046, 12.797498
b2e8312d-7efc-40f0-9f68-0de559464285
6.096126, 4.836077
5.896650, 4.864886
5.804501, 4.878195
5.713391, 4.895604
5.638542, 4.909905
5.596661, 4.920954
5.373856, 5.031799
5.304282, 5.069754
5.177829, 5.101629
5.029383, 5.171262
4.945094, 5.210801
4.862988, 5.253962
4.795539, 5.289419
4.726833, 5.328918
4.669947, 5.361622
4.589188, 5.401378
4.521975, 5.448533
4.448532, 5.505197
4.360172, 5.560008
4.271465, 5.610055
4.170643, 5.654790
4.087296, 5.701028
4.009535, 5.751382
3.939954, 5.798910
3.884859, 5.846589
3.829144, 5.890843
3.782463, 5.943211
35c16d21-dc99-466e-8513-1c0aacb8dfd3
6.587589, 6.680293
6.680707, 6.692612
6.741765, 6.692454
6.793481, 6.715768
6.850981, 6.751538
6.888171, 6.778220
6.952084, 6.797983
7.026660, 6.819476
7.101900, 6.866384
7.140200, 6.901282
8e1856ce-0f63-45b5-b64d-89f89c3d3031
6.112293, 5.222224
5.956699, 5.260449
5.932032, 5.266509
5.850001, 5.345625
5.815113, 5.370955
5.769198, 5.402441
5.721746, 5.423708
5.572329, 5.532629
5.526404, 5.554995
5.478736, 5.591821
5.431296, 5.632254
5.387465, 5.673544
5.367178, 5.702099
e6335f7f-3ec0-4936-a686-f5c550db27bf
6.208891, 5.092928
6.265852, 5.139364
6.301656, 5.184505
6.320481, 5.192489
6.372423, 5.232388
6.410051, 5.257518
6.427022, 5.272451
6.588043, 5.359829
6.630949, 5.408339
6.672329, 5.452864
6.720463, 5.498060
6.774076, 5.544294
6.801405, 5.573792
6.833816, 5.610978
6.865082, 5.649128
6.899391, 5.688630
6.930591, 5.726834
6.953352, 5.754704
6.987591, 5.794263
1de15e43-e879-42af-adbc-8713c7710fec
6.155249, 5.034314
6.020155, 5.150964
5.918300, 5.234488
5.668953, 5.548437
9020fa43-e42a-466c-8507-717dcb4ab727
6.726788, 8.334376
6.797322, 8.386233
e7314da3-e861-4dca-abaf-65bd6f3d3164
6.692900, 8.064500
6.561050, 8.080155
3708a2fa-6b57-44be-ae95-2aa1deef6317
6.763790, 7.834314
6.820547, 7.843741
6.837585, 7.855477
6.868624, 7.878674
6.891064, 7.893578
9b602d47-a246-4532-a4ce-29f1765a170f
6.757134, 7.601528
6.820957, 7.607532
e2d3bbf9-60f3-4620-8ddc-5bc5d058de21
6.708182, 7.091214
6.775416, 7.073978
6.797906, 7.071242
6.820561, 7.071441
6.862620, 7.071753
6.904680, 7.072007
6.946682, 7.072259
6.987177, 7.073999
7.033146, 7.074477
7.110589, 7.099300
