main root
7.012540, 5.965717
6.935372, 6.263170
6.891129, 6.368832
6.827351, 6.468795
6.761304, 6.587678
6.716169, 6.686346
6.685595, 6.793873
6.645393, 6.896575
6.594321, 7.012408
6.554693, 7.128399
6.503967, 7.237775
6.464869, 7.361999
6.411759, 7.487781
6.371506, 7.604765
6.335693, 7.708844
6.303845, 7.814409
6.274061, 7.920454
6.245982, 8.036038
6.226129, 8.144645
6.204817, 8.261241
6.189170, 8.370380
6.173838, 8.462502
6.155058, 8.562451
6.142577, 8.663240
6.134282, 8.747103
6.124281, 8.848211
6.119347, 8.940831
6.114393, 9.033828
6.111551, 9.126706
6.111047, 9.210973
6.114693, 9.294822
6.122922, 9.387215
6.138917, 9.471968
6.164283, 9.561004
6.193717, 9.648966
6.236743, 9.750875
6.269050, 9.821988
6.285723, 9.863702
6.326652, 10.101687
6.314932, 10.261389
6.309612, 10.362794
6.313548, 10.446092
6.324215, 10.538113
6.344283, 10.637758
6.360654, 10.729704
6.382602, 10.828836
6.402734, 10.919764
6.420864, 11.011382
6.428966, 11.060040
6.439034, 11.111382
6.444889, 11.156794
6.449271, 11.212312
6.522841, 11.529552
6.532404, 11.570692
6.538392, 11.609591
6.548254, 11.653837
6.553890, 11.692788
6.566744, 11.739655
6.574256, 11.778289
6.582338, 11.819746
6.590441, 11.861199
6.595052, 11.900285
6.603344, 11.944850
6.607600, 11.983975
6.612187, 12.025964
6.620098, 12.070601
6.624019, 12.109763
6.631523, 12.154469
6.638536, 12.196120
6.645569, 12.237767
6.659522, 12.284319
6.666153, 12.316793
6.674623, 12.358171
6.676023, 12.394866
6.671400, 12.431278
6.681564, 12.453144
6.692353, 12.531996
6.705115, 12.592151
6.713426, 12.645750
6.702463, 12.756350
6.706272, 12.782548
6.715277, 12.834082
6.718824, 12.880468
6.732251, 12.903166
6.742865, 12.953795
6.751482, 13.009487
6.763960, 13.070554
6.772292, 13.126285
6.835053, 13.210953
6.896848, 13.229815
7.199742, 13.238534
7.271455, 13.248922
fff01aa6-70d1-4609-a949-216158257c37
6.968128, 6.338953
7.013434, 6.369009
7.045558, 6.397632
7.081278, 6.413566
7.216584, 6.464213
7.236276, 6.494211
7.263654, 6.530463
7.291265, 6.564539
7.304939, 6.588545
7.317510, 6.610616
7.349153, 6.676878
7.369608, 6.709040
7.385535, 6.736658
7.404334, 6.766040
7.420332, 6.793615
7.435117, 6.821860
7.464785, 6.876931
7.492154, 6.931334
7.575546, 7.115706
7.595362, 7.155893
7.607134, 7.189921
7.617343, 7.214849
7.728617, 7.421185
7.747154, 7.450436
7.769787, 7.486149
7.792419, 7.521862
7.825077, 7.570598
7.847124, 7.613867
476389f8-f3f1-4cc1-aa5e-08a7c8c58b7b
6.808524, 6.515391
6.892303, 6.552135
6.940407, 6.611821
7.000387, 6.684146
7.027400, 6.716723
7.050364, 6.744421
7.070791, 6.764369
7.120968, 6.837601
7.141305, 6.867284
7.159822, 6.889016
7.188955, 6.909360
7.215326, 6.935079
7.266223, 6.976353
7.314359, 7.013460
7.337406, 7.033116
7.356732, 7.049598
7.410984, 7.089846
7.437001, 7.114739
7.465462, 7.144042
7.505089, 7.180543
7.546683, 7.214787
7.592437, 7.252455
7.638193, 7.290126
7.683949, 7.327796
7.733920, 7.365059
7.775148, 7.401404
7.813254, 7.434996
7.850836, 7.470123
7.868824, 7.488984
7.964181, 7.592823
7.992805, 7.623994
8.015085, 7.654895
8.044797, 7.696104
8.083636, 7.744853
8.120281, 7.783643
8.162969, 7.822290
8.217411, 7.867541
8.262990, 7.905425
8.299469, 7.939639
8.331719, 7.976042
8.363294, 8.013939
8.391597, 8.052585
8.423884, 8.094584
48832bff-2ea9-499b-be28-200e757c92bb
6.316115, 10.469912
6.256268, 10.513754
6.252633, 10.514189
6.116750, 10.557747
6.080823, 10.573693
6.027184, 10.602035
5.975607, 10.645560
41ac8750-49c6-4aae-94c6-7f611d22acad
6.202635, 9.738138
6.167302, 9.794991
6.144956, 9.830946
6.121648, 9.862779
6.086956, 9.912693
6.049131, 9.964492
6.011171, 10.009464
5.924246, 10.139767
5.900351, 10.169923
5.875044, 10.206436
5.852128, 10.244497
5.832816, 10.288462
5.793806, 10.348520
5.773702, 10.390738
c97167bc-317b-485c-9306-f1828369146f
6.294952, 10.376603
6.224376, 10.477602
6.159424, 10.589866
6.145645, 10.613684
6.131833, 10.631579
9564e7f8-da50-427d-a5d9-95d2950dd56b
6.279784, 9.780870
6.323244, 9.783637
6.377827, 9.798697
f3ebeffa-0574-41e5-8fb0-97613ab3b2ee
6.386625, 10.927752
6.433448, 10.935801
6.492249, 10.946131
1a6e134d-2d87-4a87-badd-922513fec64f
6.405019, 11.087803
6.387395, 11.139149
6.363190, 11.200021
d0c7f315-08f6-4ced-8617-938f364080fd
6.442311, 11.234876
6.475721, 11.231758
6.496152, 11.234094
f46b4150-04d2-432c-9eb2-363cc90c8cab
6.457312, 11.337415
6.507803, 11.343451
