main root
7.368727, 4.479555
7.235864, 4.714914
7.180265, 4.826121
7.161408, 5.101112
7.131029, 5.313373
7.117764, 5.494982
7.111518, 5.682821
7.089765, 5.779215
7.055829, 5.947455
7.038893, 6.052822
7.023508, 6.161878
7.013147, 6.280631
6.981848, 6.426396
6.973275, 6.514331
6.966241, 6.672802
6.954530, 6.747637
6.950807, 6.790790
6.904611, 7.066423
6.901845, 7.155360
6.891502, 7.198996
6.878375, 7.280347
6.863758, 7.352140
6.850891, 7.430337
6.836677, 7.479850
6.819753, 7.560496
6.811775, 7.627660
6.786915, 7.667522
6.782504, 7.835660
6.777594, 7.908760
6.766915, 7.978410
6.757875, 8.057140
6.746551, 8.129524
6.734775, 8.204805
6.720505, 8.276667
6.703310, 8.347884
6.687635, 8.425564
6.674905, 8.503780
6.662818, 8.540783
1485a7fa-ab6c-4cca-9bc9-12396a8145b4
7.115510, 4.776025
7.069771, 4.808734
6.951602, 4.845748
6.879501, 4.861701
6.806634, 4.875657
6.772481, 4.880673
6.736918, 4.895482
6.611470, 4.902396
6.539600, 4.910855
6.474703, 4.923013
6.428855, 4.902159
6.269951, 4.906634
6.195742, 4.910221
6.141464, 4.914343
5.966879, 4.934043
5.863130, 4.939361
5.759593, 4.943039
5.655528, 4.936636
5.552422, 4.923932
5.434360, 4.911511
5.365098, 4.906309
5.307372, 4.896669
d7ce3316-fcab-4958-8d70-f4bdf5d593b5
7.162847, 5.094602
7.247699, 5.172244
7.298878, 5.263555
7.326295, 5.308001
7.344395, 5.343044
7.360611, 5.387489
7.380926, 5.443165
7.405078, 5.500625
7.430002, 5.556059
7.459760, 5.618591
7.486872, 5.679049
7.514589, 5.740856
7.535504, 5.798468
7.553731, 5.852167
7.607966, 5.963684
7.655256, 6.036964
7.683895, 6.096949
7.714732, 6.165008
7.747989, 6.223903
7.772054, 6.275652
07d187e1-8433-47f8-858f-7cb482249ff0
7.124700, 4.906433
7.062223, 4.945718
6.994914, 4.998653
6.944166, 4.998060
6.914661, 5.024017
6.862842, 5.047405
6.753352, 5.077825
6.690106, 5.094056
6.639780, 5.105639
6.595919, 5.105193
6.521583, 5.112125
6.441987, 5.096235
6.367656, 5.089234
6.269078, 5.079711
6.194236, 5.082300
6.073945, 5.065571
5.999111, 5.055308
5.627141, 4.944427
9d369e85-5a69-4053-8859-f35ba93c9083
7.241900, 4.907303
7.284058, 4.969920
7.327122, 5.039794
7.366447, 5.092188
7.410917, 5.151440
7.426231, 5.179323
7.446620, 5.222666
7.469858, 5.275580
7.498485, 5.333319
7.516474, 5.366234
7.544229, 5.456220
7.588812, 5.506618
7.640916, 5.555201
7.721194, 5.630052
7.785521, 5.698659
7.840315, 5.748346
7.881629, 5.783789
7.907187, 5.820166
8.003789, 5.910939
8.042926, 5.945661
8.061397, 5.964048
8.077547, 5.986463
8.105156, 6.027338
8.148134, 6.072254
8.176907, 6.108818
8.214626, 6.149492
8.255513, 6.186980
8.289282, 6.219973
8.310493, 6.251157
8.349462, 6.295141
8.376812, 6.332782
8.417125, 6.375534
8.435463, 6.401527
8.453413, 6.424372
8e2e0c6f-2e25-48dc-a572-b7e39de68899
7.159537, 4.748269
7.006340, 4.696137
6.914993, 4.679814
6.853913, 4.664510
6.725913, 4.652517
6.676687, 4.638884
6.629374, 4.622675
6.540188, 4.605329
6.478505, 4.596382
6.418158, 4.589140
6.361003, 4.574754
6.275637, 4.584994
6.263970, 4.561356
6.150207, 4.510398
6.039999, 4.465658
5.922210, 4.422370
5.866514, 4.400308
5.819210, 4.376740
e3d2197a-2268-46d2-b96f-19180eff519e
7.064506, 5.316964
6.995845, 5.351304
6.946384, 5.394865
6.898224, 5.402730
6.842020, 5.389996
6.803412, 5.393738
6.768942, 5.395575
6.692441, 5.408414
6.614610, 5.397275
6.562773, 5.383823
6.494514, 5.375400
6.439090, 5.365558
6.384264, 5.352795
6.328587, 5.339847
6.281532, 5.318789
1bda6f2c-66d8-47a7-8a67-e13dbabeb930
7.064685, 6.297056
7.113656, 6.324470
7.181583, 6.352852
7.249935, 6.383035
7.310035, 6.406301
7.354186, 6.433421
6b5e0019-5f58-4ffb-9ea5-df1ee828d66b
6.920118, 6.282359
6.864311, 6.298287
6.793905, 6.299861
6.724052, 6.289980
6.666227, 6.268739
6.622957, 6.246696
42ac6fdc-8f27-4a16-83d4-8a098a61ffe4
7.163580, 4.630573
6.906643, 4.606870
6.856848, 4.585109
6.812301, 4.562375
6.769821, 4.537659
1ee3e45c-1775-4eb8-9efd-7338e696db69
7.236032, 4.562137
7.141883, 4.539308
7.122621, 4.530016
7.088786, 4.510374
7.037530, 4.480617
6.991767, 4.454049
6.962694, 4.435439
