main root
6.739441, 4.501267
6.775138, 4.781971
6.804111, 4.896142
6.860380, 5.045310
6.903513, 5.206870
6.932746, 5.380854
6.959480, 5.553991
6.985199, 5.691256
6.991722, 5.748811
6.979139, 5.823121
6.927612, 6.053307
6.910967, 6.127664
6.893024, 6.180414
6.868486, 6.252553
6.842078, 6.320893
6.818039, 6.399711
6.795810, 6.472595
6.779553, 6.556687
6.767462, 6.635008
6.748331, 6.700068
6.726836, 6.773171
6.713936, 6.827655
6.712179, 6.867557
6.679684, 7.001239
6.657283, 7.068048
6.624562, 7.099716
6.648073, 7.133809
6.631798, 7.254040
6.622381, 7.355137
6.623191, 7.437172
6.632514, 7.529279
6.643961, 7.621486
6.664836, 7.720954
6.681956, 7.812770
6.694385, 7.914046
6.708850, 8.014554
6.724895, 8.096922
6.740684, 8.188976
6.754997, 8.272427
6.771333, 8.349969
6.783495, 8.422215
6.796919, 8.514635
6.797778, 8.578251
6.797320, 8.639359
e50d5a9e-9818-495a-b947-ff312519aaf3
6.741549, 4.679508
6.651548, 4.741429
6.626431, 4.766052
6.590632, 4.807436
6.564169, 4.835741
6.462638, 4.913633
6.422607, 4.942458
6.397182, 4.958921
6.374532, 4.978936
6.354845, 5.006320
6.329924, 5.048678
6.309507, 5.095184
6.289854, 5.143674
6.266889, 5.212294
6.243503, 5.272736
6.228136, 5.308308
f42bcfef-9d10-4948-bd3f-4fe9d109fe16
6.794471, 4.873976
6.735930, 4.956900
