main root
6.648452, 5.482079
6.555853, 5.893280
6.500155, 6.097541
6.519847, 6.223471
6.499029, 6.400820
6.460982, 6.563117
6.412713, 6.734812
6.362845, 6.838955
6.310816, 6.970177
6.256597, 7.106920
6.223536, 7.230176
6.185343, 7.369698
6.155517, 7.478654
6.139310, 7.537858
6.137218, 7.579514
3e8aa350-e030-41d2-bded-2f65d8a7f2b1
6.553581, 5.917057
6.640978, 5.990580
6.692370, 6.059280
6.727843, 6.106680
6.743030, 6.153604
fb0e728b-7218-4b19-87b8-e95ee47fb934
6.566428, 5.813117
6.386519, 5.839484
6.344635, 5.845623
6.300224, 5.855156
6.275390, 5.860487
9ab34756-7adb-448c-a895-d07b53fbec57
6.465807, 6.085356
6.386160, 6.114637
6.357657, 6.122788
6.339876, 6.142845
6.299005, 6.167696
eb20860b-d45e-49cb-83b6-cfd2fa5c9b41
6.572513, 6.015361
6.671554, 6.052133
6.721119, 6.113124
6.749878, 6.157383
