main root
6.439908, 4.701575
6.452280, 5.032958
6.445345, 5.187557
6.422454, 5.365186
6.408348, 5.513897
6.401027, 5.635686
6.400207, 5.767650
6.386895, 5.908923
6.379111, 6.036288
6.379681, 6.164638
6.384445, 6.292159
6.389187, 6.419068
6.391820, 6.545794
6.394285, 6.664305
6.392715, 6.790820
6.387118, 6.900708
6.384494, 6.993593
6.379043, 7.111853
6.370736, 7.246732
6.365545, 7.365341
6.360362, 7.483767
6.352065, 7.577101
6.350168, 7.669720
6.348434, 7.754372
6.345408, 7.829027
6.340973, 7.901493
6.332757, 7.962231
6.353223, 8.321871
6.364967, 8.396542
6.366605, 8.455132
6.373111, 8.527203
6.377574, 8.593307
6.377357, 8.656712
6.378615, 8.725948
6.372225, 8.786326
6.371752, 8.861915
6.372812, 8.931153
6.366253, 8.991513
6.365566, 9.067100
6.360502, 9.130301
6.359209, 9.202654
6.353590, 9.265809
6.348945, 9.334901
6.348579, 9.407265
6.346747, 9.473496
6.343419, 9.539665
6.341435, 9.608885
6.340947, 9.678130
6.342550, 9.760719
6.341425, 9.813627
6.345334, 9.885884
6.343468, 9.934482
6.339427, 10.000613
6.339506, 10.072980
6.332088, 10.133240
6.327443, 10.183229
6.328916, 10.248279
6.328872, 10.312416
6.336332, 10.347421
6.349643, 10.534365
6.359253, 10.606077
6.364038, 10.653047
6.357490, 10.692121
6.332779, 10.739950
6.349182, 10.770803
6.342918, 10.887632
6.334916, 10.997368
6.327527, 11.098694
6.323733, 11.208889
6.324173, 11.319140
6.324611, 11.429200
6.320818, 11.539172
6.321248, 11.649431
6.315330, 11.759353
6.311983, 11.860842
6.308635, 11.962386
6.303455, 12.055640
6.296666, 12.140485
6.294116, 12.224362
6.293250, 12.302072
6.287960, 12.373731
6.283687, 12.460356
6.281497, 12.504752
6.298725, 12.601465
6.304536, 12.651143
6.291745, 12.696360
6.271006, 12.769671
6.241340, 12.946942
6.115825, 13.102264
5a529719-0472-4d1b-b8e9-47ce3e082b65
6.514153, 5.063752
6.572127, 5.075921
6.636040, 5.098516
6.706374, 5.097137
6.759956, 5.105444
6.846844, 5.112360
6.916734, 5.113786
6.974373, 5.122792
7.007598, 5.120781
7.061450, 5.107394
7.150727, 5.095366
7.214438, 5.098876
7.279831, 5.108179
7.318228, 5.103252
7.399413, 5.090746
7.508673, 5.102835
7.556289, 5.099757
7.629538, 5.098021
7.675587, 5.090941
7.750904, 5.079360
7.795267, 5.077083
7.848087, 5.078868
7dc0e16a-835f-4b1e-8ec3-deba6170499d
6.500820, 5.274630
6.563329, 5.280770
6.649932, 5.297718
6.741163, 5.317714
6.796927, 5.334183
6.829578, 5.345385
6.907839, 5.354783
6.983400, 5.356320
7.043478, 5.365004
7.118982, 5.368353
7.188200, 5.369923
7.249568, 5.371315
7.305114, 5.375329
7.354773, 5.378841
7.377811, 5.398475
7.393637, 5.381884
7.469366, 5.369832
7.591445, 5.380123
7.664135, 5.389257
7.714924, 5.389606
7.800159, 5.381210
7.854347, 5.378881
7.911272, 5.381899
2dec490c-b0f9-4a5f-8817-5a95659da9a7
6.475974, 5.437645
6.515409, 5.433319
6.542172, 5.431053
6.574306, 5.420822
6.631878, 5.398595
6.676018, 5.413139
6.715628, 5.428976
6.747605, 5.427021
6.776754, 5.404278
6.811574, 5.385061
6.901553, 5.333430
6.958434, 5.329952
6.983787, 5.328400
6.999868, 5.316483
7.042562, 5.296302
7.090122, 5.280536
40b4e619-6c47-44bc-bb84-fd4ab0ebe325
6.341305, 5.739317
6.284913, 5.759125
6.183477, 5.794811
6.100533, 5.819519
6.037619, 5.832013
5.977411, 5.843969
5.924885, 5.849821
5.843876, 5.876613
5.796702, 5.893793
5.726484, 5.902023
5.672100, 5.912921
5.640338, 5.914708
5.588215, 5.919141
5.556452, 5.917339
5.501004, 5.918691
5.448766, 5.921464
5.399462, 5.922583
5.344294, 5.928329
5.292442, 5.935236
5.253861, 5.938866
9f33ccd6-42ec-4872-80ac-3b4d786d9ca1
6.470044, 5.811823
6.542403, 5.812849
6.590198, 5.819513
6.630903, 5.820655
6.706301, 5.815283
6.747865, 5.815323
6.801138, 5.821361
6.831792, 5.821821
6.863862, 5.817813
6.889867, 5.816072
6.970337, 5.813708
7.025113, 5.811145
7.075121, 5.811802
7.106584, 5.806229
7.162328, 5.791793
7.190916, 5.787482
7.217289, 5.781992
0f01b16f-6ac3-401c-9b91-d70f0bc12f84
6.439045, 6.309086
6.480318, 6.310441
6.516282, 6.311623
6.551105, 6.309771
6.609589, 6.305162
6.641241, 6.302668
6.663813, 6.303891
6.753041, 6.302977
6.798334, 6.299518
6.840547, 6.296295
6.873668, 6.296768
6.889767, 6.287765
6.910209, 6.281479
6.951493, 6.267217
6.975501, 6.258924
e88a7015-adc6-4c42-99de-b661a8da76f7
6.352038, 6.536097
6.292649, 6.557859
6.254072, 6.550291
6.230939, 6.544197
6.217322, 6.551420
6.172695, 6.555538
6.087196, 6.577003
6.037273, 6.568351
5.992100, 6.563560
5.954940, 6.555104
5.900035, 6.547215
5.867005, 6.536420
5.829027, 6.527159
5.794068, 6.518633
a4a75a4c-f62b-4c9a-84a9-765d51e7d025
6.377604, 5.723900
6.275112, 5.676854
6.247084, 5.650297
6.221199, 5.621647
6.190010, 5.591592
6.152949, 5.553730
6.071243, 5.492053
6.027137, 5.453711
5.989253, 5.387083
5.967436, 5.357799
5.941276, 5.317673
c58e5956-4baa-4a3e-bc51-de29a42e677b
6.448418, 5.164176
6.600313, 5.370555
6.698093, 5.473000
6.732430, 5.526627
6.754979, 5.547676
6.777678, 5.564866
6.810508, 5.578463
6.839842, 5.593852
6.886203, 5.628279
6.938362, 5.683238
6.964450, 5.706378
7.083122, 5.883163
7.101429, 5.905068
7.120601, 5.909512
7.136003, 5.922624
7.168078, 5.949929
7.198044, 5.977405
7.235488, 6.011737
7.304706, 6.057333
7.375409, 6.103908
7.406617, 6.128051
7.436779, 6.143816
628d832a-26d4-4002-9775-721f20361c6c
6.491280, 4.812080
6.526019, 4.770606
6.587050, 4.737310
6.648900, 4.696746
6.698029, 4.666316
6.758030, 4.620349
6.801437, 4.599994
6.845270, 4.584398
6.876092, 4.571843
6.902080, 4.556410
6.928873, 4.530053
6.967765, 4.505798
7.031175, 4.483120
7.072835, 4.465040
7.113212, 4.444250
7.152129, 4.420841
7.203381, 4.401097
3952a0d9-795e-4876-ae4e-49265f562601
6.304502, 9.776594
6.291373, 9.779566
6.253278, 9.786656
1b30a96d-6d0f-426a-8b18-5b271cf06c2a
6.349997, 10.298869
6.310928, 10.295423
6.285626, 10.293190
fcee5c2a-d35a-4ae2-b6c6-9d04975f181a
6.343209, 8.812508
6.305143, 8.818099
6.244379, 8.813581
6.202671, 8.811981
6.132097, 8.824422
510d5d03-8fa5-4736-b1b2-4284ffe79fef
6.319768, 9.148212
6.298565, 9.157562
6.273615, 9.159613
6.249669, 9.160078
ecdf7b61-8f6e-48a3-8c5a-345cb74fb2a1
6.375637, 9.024396
6.416645, 9.072207
6.429544, 9.108149
6.441094, 9.133456
6d106901-cabc-45b9-b606-9f79abcc1d39
6.329588, 8.534332
6.300082, 8.549699
6.233583, 8.565328
4503a5c1-c409-4f85-9e40-9815e75acbeb
6.314360, 8.074111
6.288402, 8.083076
6.219586, 8.080189
ed7a4621-7a14-41fc-a707-62b68cd2d234
6.330886, 7.833442
6.311094, 7.867665
6.280964, 7.887818
6.256642, 7.895044
6.247737, 7.918740
6.213646, 7.957658
6.191711, 7.985066
6.174907, 7.996482
6.154311, 8.008588
b03cc3ec-a90f-4fe6-8d4e-8d2241049e20
6.338390, 7.514096
6.296337, 7.504160
6.244255, 7.494929
6.189373, 7.482163
6.129846, 7.469852
6.095769, 7.458221
6.015747, 7.432487
5.962568, 7.422277
2d0fd26c-02fa-484f-abdf-a9e9ac32906a
6.346771, 7.179693
6.305303, 7.161776
6.262482, 7.148166
6.193655, 7.133269
6.161712, 7.132480
5dc575f5-3d5e-4dd1-bfe6-41f694240638
6.457757, 6.726545
6.512046, 6.729649
6.531383, 6.737349
6.556693, 6.747638
6.579969, 6.757310
6.599519, 6.748923
6.622086, 6.751161
6.650691, 6.758537
6.667235, 6.753552
6.689637, 6.749798
6.712333, 6.748903
6.751173, 6.750242
6.789679, 6.754564
6.827848, 6.752825
