main root
6.927637, 4.094587
6.915301, 4.337531
6.905941, 4.578208
6.897439, 4.721478
6.882034, 4.838628
6.865476, 4.964536
6.853216, 5.073996
6.844018, 5.175118
6.826361, 5.275848
6.813581, 5.385516
6.806041, 5.486765
6.797010, 5.579722
6.793525, 5.681219
6.783688, 5.782783
6.789864, 5.850330
6.791436, 5.960485
6.790890, 6.070509
6.796628, 6.189587
6.803628, 6.290882
6.812737, 6.392022
6.825486, 6.510057
6.836098, 6.627955
6.848841, 6.745995
6.851055, 6.845133
6.842788, 6.948782
6.832595, 7.049972
6.815447, 7.135784
6.790870, 7.226567
6.766632, 7.308164
6.736198, 7.388769
6.708334, 7.486519
6.686647, 7.585745
6.680341, 7.664131
6.677873, 7.721188
6.686253, 7.981147
6.704616, 8.091073
6.722038, 8.208168
6.735257, 8.325690
6.751778, 8.434697
6.766170, 8.543786
6.769026, 8.646289
6.768100, 8.764549
6.763007, 8.874474
6.764247, 8.984878
6.765389, 9.086480
6.774577, 9.155286
6.793064, 9.246062
6.809960, 9.329024
6.821365, 9.385025
6.833323, 9.836471
6.844428, 9.936286
6.858706, 10.045495
6.876052, 10.145538
6.891962, 10.237303
6.903810, 10.330255
6.919698, 10.421640
6.928081, 10.531622
6.937905, 10.632692
6.943024, 10.750777
6.951644, 10.851944
6.959552, 10.944747
6.967459, 11.037546
6.969138, 11.131587
6.976849, 11.214861
6.980602, 11.300393
6.982382, 11.375091
6.990326, 11.457113
6.995852, 11.562450
6.985561, 11.793557
6.987754, 11.886144
6.988048, 11.987841
6.986226, 12.089529
6.988638, 12.191024
6.986826, 12.292847
6.989384, 12.385570
6.991777, 12.472320
6.927244, 12.629794
6.772680, 12.798940
dfc65a7b-27ec-48b3-97d2-5230b09baad2
6.669764, 7.568997
6.596347, 7.603489
6.562621, 7.627726
6.543384, 7.628604
6.524833, 7.635594
6.497230, 7.640927
6.487688, 7.652289
6.427242, 7.678405
6.365710, 7.705358
81aad918-3989-4fd1-a8b3-dfcbc270b693
6.794500, 8.674099
6.851973, 8.691365
32e50cf4-41fd-446f-8f2f-25617f8624e4
6.964170, 4.503400
7.044267, 4.512734
7.080894, 4.520014
7.116818, 4.530208
7.164404, 4.549933
7.219155, 4.572629
7.275857, 4.594513
7.340981, 4.618043
7.374823, 4.630271
7.414192, 4.652241
05e245fb-86cc-458a-814c-76df2f31d9af
6.959995, 4.570909
7.008843, 4.575947
