main root
7.158646, 4.812324
7.407093, 4.979953
7.513540, 5.194407
7.616354, 5.364799
7.716059, 5.541530
7.797400, 5.685709
7.849618, 5.803291
7.892991, 5.932738
7.933992, 6.048481
7.963344, 6.162933
7.982363, 6.279556
8.011642, 6.423714
7.985877, 6.626002
7.985055, 6.772376
7.973934, 6.924395
7.926920, 7.151298
7.911159, 7.279101
7.897665, 7.405669
7.882891, 7.528169
7.866620, 7.679952
7.860328, 7.816943
7.844541, 7.934841
7.809053, 8.078402
7.764846, 8.213051
7.712633, 8.378079
7.664488, 8.516546
7.611771, 8.649233
7.555498, 8.790871
7.491898, 8.939850
7.430834, 9.088111
7.385455, 9.230033
7.345844, 9.366845
7.307923, 9.504901
7.270124, 9.634636
7.222713, 9.760063
7.170873, 9.895106
7.132329, 10.001415
7.093851, 10.113733
7.059318, 10.227554
7.034031, 10.354288
7.009182, 10.478832
6.992358, 10.606074
6.967525, 10.729809
6.942536, 10.854328
6.919551, 10.979527
6.900192, 11.096664
6.880864, 11.213606
6.864995, 11.322598
6.852459, 11.423374
6.844134, 11.524570
6.832267, 11.617513
6.820472, 11.709892
6.810792, 11.802306
6.800969, 11.876192
6.794670, 11.941727
a8c28b42-06a0-4fe8-b1bf-78e803dc8dae
7.729346, 5.643209
7.661616, 5.690279
7.598874, 5.745597
7.532973, 5.791058
7.471778, 5.825998
7.408951, 5.851529
7.378834, 5.876691
7.297130, 5.918296
7.210645, 5.955255
7.142243, 5.991253
7.071341, 6.035596
7.014388, 6.069449
6.969945, 6.092385
6.861667, 6.131342
6.784553, 6.168631
6.717340, 6.197807
6.644329, 6.236024
6.580607, 6.259244
6.507219, 6.289172
6.403805, 6.326775
6.314395, 6.354809
6.230112, 6.387849
6.153592, 6.422300
6.084104, 6.453586
6.038962, 6.475552
5.995192, 6.495952
bf71c6bb-37e6-4cc8-ace7-a45e419427da
7.066695, 4.909888
6.984354, 4.932450
6.939679, 4.942931
6.898466, 4.952601
6.867555, 4.959853
6.808170, 4.991653
6.766478, 5.010583
6.735203, 5.021496
6.695994, 5.030422
6.655653, 5.041140
6.548733, 5.041440
6.523333, 5.041512
6.471113, 5.080212
6.397249, 5.109146
6.342637, 5.125715
6.277779, 5.138762
6.189824, 5.143763
6.112344, 5.152382
6.039197, 5.169556
5.962782, 5.190571
5.898729, 5.206006
5.863748, 5.214435
4b7f3407-bd6a-4d97-b567-3b85f1c28584
7.154966, 4.904504
7.005672, 5.003785
6.919797, 5.019150
6.868561, 5.029444
6.829401, 5.034260
6.798977, 5.044031
6.758671, 5.056978
6.716430, 5.073689
6.681557, 5.082656
6.630207, 5.098952
6.575668, 5.113118
6.532453, 5.130528
6.461779, 5.159002
6.404017, 5.206738
6.338609, 5.246167
6.193423, 5.349597
6.140981, 5.387040
6.107324, 5.407367
6.085588, 5.420471
6.062825, 5.437665
6.041391, 5.461331
6.013050, 5.492593
5.984693, 5.523841
5.956322, 5.555077
5.929483, 5.589045
5.903800, 5.626346
5.880242, 5.663199
5.856140, 5.692568
5.824325, 5.736053
5.794974, 5.781239
5.761373, 5.824727
5.736515, 5.854451
5.720408, 5.876043
5.706741, 5.906876
5.694445, 5.945696
5.683276, 5.985915
5.679038, 6.017956
5.673665, 6.069994
5.664659, 6.113493
5.662995, 6.143671
d41cb473-e3a9-41ca-85ef-e8c669c42496
7.406869, 5.157098
7.369087, 5.194021
7.327367, 5.216707
7.276783, 5.237247
7.236152, 5.268847
7.181032, 5.294086
7.126717, 5.307176
7.075220, 5.322893
7.019682, 5.330951
6.967760, 5.330056
6.906758, 5.318274
6.840486, 5.285779
6.774042, 5.303174
6.715956, 5.312040
6.660515, 5.300662
6.555167, 5.297779
6.485256, 5.289859
6.371585, 5.297880
6.297058, 5.301639
6.229567, 5.296050
6.151057, 5.293796
6.077002, 5.291672
6.034877, 5.296454
5.952568, 5.313329
5.909023, 5.322257
18d08a9e-6a02-4352-ac6f-677f9c25eab2
7.368085, 4.946217
7.359926, 5.328056
7.362388, 5.396553
7.360247, 5.429148
7.355958, 5.451334
7.363600, 5.472939
7.366239, 5.516755
a610b02a-984b-4753-a7a9-3d17628309dc
7.496353, 4.980709
7.547492, 4.984490
7.643023, 4.988541
7.727229, 4.991680
7.772776, 4.996374
b2867a76-3e9e-4d9e-ad9d-f658af449b29
8.073550, 6.466335
8.145805, 6.480160
8.230729, 6.486766
8.307573, 6.490116
8.369425, 6.492307
8.463078, 6.518416
8.506958, 6.522882
59aaab83-c211-4665-ba8a-bc4e13f07972
7.941118, 6.672564
7.832059, 6.722858
7.808810, 6.729898
7.792921, 6.747415
7.774125, 6.761455
7.742230, 6.783409
7.712590, 6.803812
