main root
6.575679, 5.326777
6.543921, 5.499573
6.562027, 5.752832
6.566300, 6.120860
6.553907, 6.238287
6.522636, 6.376760
6.490441, 6.540244
6.454597, 6.730958
6.398307, 6.916345
6.360981, 7.070126
6.341437, 7.188792
6.365996, 7.424809
6.368130, 7.587594
6.369861, 7.719736
6.373420, 7.829822
6.385442, 7.939781
6.399779, 8.089094
6.410109, 8.263138
6.419825, 8.426822
6.415746, 8.543232
6.406567, 8.628344
6.392385, 8.700814
6.375551, 8.765244
6.361708, 8.819467
c5f1c756-4796-4ddb-a417-fdbbd09b8b8a
6.477954, 5.335108
6.412124, 5.308633
6.337425, 5.289544
6.248231, 5.265862
6.095458, 5.267563
6.038311, 5.268199
921b14c8-c3b2-4518-82bc-66730d0e7ef2
6.447534, 5.568943
6.356664, 5.549723
6.307120, 5.532422
6.256978, 5.511742
6.197790, 5.500565
3f9d2865-d9bf-4b78-9dc3-29486015bd30
6.415456, 5.593041
6.361464, 5.640905
6.320303, 5.685799
6.257388, 5.754422
6.205053, 5.802167
6.155109, 5.845703
6.089518, 5.897378
6.043959, 5.925649
5.991669, 5.965141
5.945252, 5.994572
5.887985, 6.037970
5.841569, 6.078777
5.790204, 6.139368
5.752411, 6.199639
5cb353d0-ef25-4373-8399-f8a8a590dad3
6.500386, 5.818706
6.403895, 5.868911
6.360972, 5.885604
6.310075, 5.911478
6.279149, 5.933912
6.230856, 5.970793
6.178431, 6.001413
6.142629, 6.025791
6.095659, 6.060966
