main root
6.718217, 4.527750
6.705872, 4.782278
6.695931, 4.858238
6.682885, 4.974202
6.663978, 5.118560
6.646186, 5.238177
6.618439, 5.353024
6.603692, 5.496696
6.573898, 5.622940
6.548692, 5.748024
6.518177, 5.889485
6.486042, 6.038457
6.458411, 6.189884
6.429533, 6.326665
6.392073, 6.484258
6.366662, 6.609316
6.343379, 6.734447
6.327825, 6.852645
6.303924, 6.976068
6.290513, 7.078713
6.279458, 7.179649
6.262396, 7.296685
6.242347, 7.404874
6.222290, 7.513103
6.211653, 7.605131
6.197877, 7.705891
6.177795, 7.805925
6.159888, 7.905877
6.136937, 8.022014
6.118031, 8.139443
6.104698, 8.248889
6.087201, 8.357524
6.063458, 8.465013
6.041544, 8.564224
6.015751, 8.671185
5.987965, 8.786414
5.966250, 8.894519
5.942510, 9.001962
5.918507, 9.100786
5.896601, 9.199939
5.883469, 9.298599
5.875414, 9.391004
5.865210, 9.483835
5.858067, 9.567794
5.851788, 9.641611
5.839762, 9.694685
c962be66-5091-43fb-8844-74227af8d2b0
6.755265, 4.835576
6.765420, 4.877228
6.807404, 4.934031
f92284a6-a325-489e-abf0-68a55fc1ee97
6.714448, 4.672457
6.792715, 4.781292
6.831911, 4.849554
db208f70-52cb-44d0-9070-b5ebf3b5fd48
6.633633, 4.889500
6.615562, 4.898200
6.559380, 4.931895
6.513983, 4.931391
6.487727, 4.951902
6.438545, 4.970613
6593f7ce-15b8-4fc6-8681-e7c3442e26ef
6.668901, 4.560622
6.530866, 4.641441
6.477453, 4.662308
6.413584, 4.688880
6.353538, 4.709015
6.288445, 4.732437
6.227596, 4.752757
6.192510, 4.766067
