main root
6.684148, 4.521638
6.579212, 5.000312
6.564315, 5.107786
6.557094, 5.236350
6.550446, 5.354698
6.552830, 5.463174
6.556974, 5.556001
6.562803, 5.640071
6.566620, 5.725099
6.570417, 5.809677
6.576684, 5.902382
6.582396, 5.986860
6.592843, 6.079020
6.594806, 6.149468
6.605390, 6.206860
6.629671, 6.289004
6.651271, 6.362083
6.652595, 6.408801
6.651677, 6.482070
6.657032, 6.532578
6.671652, 6.613682
6.685173, 6.688680
6.702173, 6.766092
6.711389, 6.835963
6.721357, 6.911516
6.741404, 6.994795
6.748405, 7.062256
6.755547, 7.172055
6.767843, 7.263880
6.777155, 7.365293
6.787219, 7.474905
6.797808, 7.567227
6.815662, 7.667203
6.831454, 7.767666
6.845152, 7.868432
6.856752, 7.969472
6.876469, 8.067030
6.898947, 8.157017
6.923501, 8.246631
6.940208, 8.331153
6.964434, 8.410935
6.985664, 8.502567
7.012682, 8.600438
7.043360, 8.687854
7.067155, 8.787596
7.092772, 8.885860
7.116032, 8.966857
7.143154, 9.046279
7.173254, 9.134419
7.205269, 9.221656
7.238315, 9.317843
7.289368, 9.393361
7.297641, 9.501425
7.346583, 9.600884
7.403607, 9.690089
7.424995, 9.788975
7.453466, 9.878240
7.475970, 9.969562
7.500279, 10.068206
7.522564, 10.158637
7.540879, 10.250536
7.555049, 10.343165
7.563002, 10.436880
7.565290, 10.538885
7.565408, 10.638470
7.552790, 10.700340
7.527854, 10.791029
7.494739, 10.887531
7.459735, 10.983022
7.434831, 11.081688
7.407895, 11.179760
7.374804, 11.276283
7.337804, 11.371165
7.293914, 11.472067
7.255766, 11.575681
7.214626, 11.669057
7.167761, 11.759689
7.104337, 11.859374
7.053448, 11.947240
7.014197, 12.015010
6.926743, 12.127363
6.824264, 12.327825
6.785846, 12.412216
6.736433, 12.510546
6.681418, 12.605890
6.647130, 12.682197
6.617279, 12.789931
6.586578, 12.929819
6.523498, 13.040616
6.114827, 13.141751
5.647855, 13.192505
4.948157, 13.199566
4.852627, 13.211597
70abc189-fd30-4063-98f1-4d8794afab2a
6.614607, 4.862955
6.696666, 4.970308
6.769455, 5.058573
6.836147, 5.146098
6.913164, 5.226223
6.960762, 5.277455
7.064618, 5.393035
7.269990, 5.592692
7.310506, 5.617652
7.372127, 5.660485
7.412113, 5.697393
7.450997, 5.733284
7.509200, 5.770791
7.637695, 5.878748
7.687598, 5.928495
7.747074, 5.970566
7.821796, 6.012422
7.888272, 6.049660
7.954751, 6.086896
8.009006, 6.127578
8.082541, 6.171491
8.139751, 6.212626
8.214150, 6.255060
8.264004, 6.297278
8.307614, 6.334212
8.340281, 6.354031
8.390169, 6.375826
19d9d418-c527-411d-860d-a22aa708d923
6.618913, 4.895837
6.747895, 5.028274
6.866902, 5.184393
6.998493, 5.279001
7.166772, 5.361492
7.210287, 5.389785
7.239500, 5.401951
7.276295, 5.411075
7.332054, 5.425174
7.372393, 5.430742
7.503807, 5.468557
7.559659, 5.484354
7.619273, 5.497831
7.683102, 5.505853
7.740722, 5.512829
7.798373, 5.519544
7.852735, 5.528624
7.906579, 5.540386
7.966901, 5.550230
8.017352, 5.564262
8.084399, 5.573314
8.124178, 5.590924
f4a28588-d229-42ae-b329-67a29da18c77
6.640110, 4.751188
6.746184, 4.833464
6.773455, 4.870519
7074da43-2500-4e8f-99bd-d784ebd03b12
7.408291, 9.690698
7.367017, 9.721897
7.242563, 9.783942
7.187913, 9.824481
7.134736, 9.860201
7.079947, 9.893397
7.024863, 9.921853
6.972296, 9.940005
878a8892-91f2-4de0-ac77-036398c087bd
7.290367, 9.389051
7.234545, 9.456780
7.142043, 9.521995
7.094340, 9.551958
7.066512, 9.572970
7.018643, 9.612860
6.977608, 9.650949
6.944871, 9.685415
6.904285, 9.736833
6.868813, 9.793852
6.832169, 9.828418
2c8d7dcb-8e24-406b-9a63-0f573ec5d3fd
7.128937, 8.910991
7.073893, 8.965461
7.036336, 8.992099
6.987258, 9.019120
6.855338, 9.113478
6.792687, 9.161970
6.733519, 9.200196
6.655296, 9.250732
6.590843, 9.294155
6.538719, 9.334683
5e029df5-3016-457f-b078-bdcc73400dc8
7.007398, 8.477645
6.948295, 8.498530
6.881524, 8.523713
6.821678, 8.549968
6.730499, 8.595242
6.682881, 8.614714
6.639864, 8.628263
6.612213, 8.642468
6.577939, 8.665968
6.531955, 8.700220
6.488574, 8.727870
6.444210, 8.748162
6.394519, 8.770070
6.347292, 8.796618
6.311377, 8.819387
4aeb9245-14b5-44ba-9cb9-f9518faae076
6.982764, 8.367719
6.924279, 8.531727
6.928216, 8.646533
6.909453, 8.748327
0a0531ca-1790-44cf-bfe5-79521359d091
7.472168, 9.787453
7.598061, 9.747473
85eded1c-e907-4731-9c9b-3f49ad392809
7.481683, 10.074259
7.423685, 10.099403
7.372438, 10.115095
7.305993, 10.149854
7.272845, 10.170568
7.248559, 10.189272
7.227345, 10.213165
c245bb3b-6061-45df-ad46-f3a738545e50
7.531267, 10.327210
7.608829, 10.351823
7.679574, 10.375842
7.747924, 10.402209
7.804147, 10.430604
0754257e-9b1c-40ab-8ef2-f38fec7d9033
7.531854, 10.557865
7.591804, 10.567862
7.632935, 10.580790
7.685578, 10.598907
7.732009, 10.621217
27e23ef7-2dd4-4b35-9d86-670a631b7fa3
7.465944, 10.769032
7.551716, 10.803332
7.608972, 10.836566
a9a07a48-e1d5-44eb-ae8e-732076d5e108
7.412417, 11.106145
7.456004, 11.116096
7.501673, 11.128058
7.551716, 11.149542
b46131e8-2da7-4a2d-b83f-dd2e99dd8305
7.344833, 11.358033
7.363227, 11.377594
