main root
6.812914, 5.845717
6.871619, 6.096248
6.848170, 6.281963
6.809798, 6.375527
6.747622, 6.539674
6.679155, 6.726399
6.624451, 6.961389
6.560426, 7.180493
6.506117, 7.372837
6.469413, 7.560485
6.434237, 7.747452
6.408778, 7.874675
6.367369, 8.166983
6.342592, 8.266487
6.310486, 8.369213
6.322792, 8.434425
6.316375, 8.669031
6.314002, 8.755783
6.311331, 8.798679
b2c188cb-d431-4cee-bda0-f7cb336e2312
6.801351, 6.058041
6.745961, 6.069587
6.600625, 6.115804
6.536033, 6.145335
6.500518, 6.144043
6.432526, 6.171332
6.336323, 6.199162
5.827997, 6.298006
5.764823, 6.308372
5.646141, 6.327846
23916726-6f20-43a7-b5a0-6ae0ab15816c
6.913229, 6.195468
6.984313, 6.244566
7.018041, 6.270935
7.078070, 6.317865
7.121860, 6.350201
7.190844, 6.397285
7.249602, 6.441013
7.310706, 6.486493
7.361527, 6.516861
7.429220, 6.553830
7.490866, 6.584089
7.538570, 6.604175
7.606897, 6.623206
7.687653, 6.639483
7.765858, 6.652189
7.806304, 6.661787
7.846985, 6.680665
7.928016, 6.708363
7.990595, 6.737664
8.069533, 6.766360
8.124178, 6.794413
2c61192d-c2c7-4659-9b7b-3c583447650a
6.816269, 6.153626
6.777276, 6.152918
6.552798, 6.140735
6.325746, 6.231248
6.084651, 6.275422
5.899419, 6.339232
5.867213, 6.350514
5.820214, 6.362613
30a3868f-c878-40ee-b4da-9e7fdd70c021
6.852455, 6.297956
6.906016, 6.343980
6.936169, 6.387362
7.068368, 6.518152
7.118889, 6.559671
7.135213, 6.586647
7.149690, 6.616411
7.160799, 6.639253
7.263422, 6.691495
7.316129, 6.718293
7.347993, 6.737818
7.390192, 6.770662
7.441071, 6.806431
7.478992, 6.842238
7.516270, 6.881597
7.545771, 6.901861
