main root
6.754529, 5.033046
6.809834, 5.237818
6.841731, 5.418375
6.882798, 5.657394
6.926205, 5.878267
6.951679, 6.051950
6.979515, 6.202999
7.009218, 6.337413
6.994720, 6.487823
6.983803, 6.666225
6.967361, 6.802570
6.947012, 6.997166
6.914831, 7.147282
6.886751, 7.307491
6.851169, 7.474456
6.809167, 7.683999
6.764475, 7.894478
6.738497, 8.020390
6.721855, 8.165572
6.716188, 8.288972
6.691960, 8.412292
6.686752, 8.514462
6.676129, 8.640389
6.664773, 8.749828
6.651315, 8.859032
6.629734, 8.984312
6.617057, 9.095281
6.605682, 9.213451
6.596409, 9.331809
6.586358, 9.433014
6.580892, 9.552099
6.574118, 9.653582
6.573696, 9.755146
6.568986, 9.873315
6.568827, 9.983578
6.577131, 10.093876
6.579052, 10.203944
6.587166, 10.305180
6.603692, 10.405468
6.618834, 10.497362
6.639483, 10.622677
6.659477, 10.730994
6.684115, 10.829522
6.700341, 10.946589
6.721762, 11.054900
6.741474, 11.154568
6.759543, 11.245932
6.771560, 11.339217
6.790805, 11.438944
6.803871, 11.540141
6.816881, 11.640908
6.832918, 11.732267
6.845669, 11.841618
6.857436, 11.942532
6.872347, 12.034080
6.885846, 12.143288
6.893154, 12.236698
6.906654, 12.328345
6.919380, 12.429251
6.927868, 12.547144
6.932148, 12.665339
6.942481, 12.775274
6.957806, 12.893236
6.971985, 13.002381
6.979850, 13.112189
7.005251, 13.230580
7.049005, 13.343993
7.071376, 13.460593
7.085050, 13.520646
7.092098, 13.551603
02f222b9-9abc-4f95-97f8-6f5353147569
6.644541, 5.039842
6.563053, 5.059332
6.505969, 5.080518
6.469529, 5.088683
6.405364, 5.092437
6.306187, 5.082796
6.237349, 5.098903
6.217084, 5.102668
b8545630-7228-4eab-aad9-e3f69e7975b9
6.664465, 5.101558
6.605997, 5.128330
6.556596, 5.153180
6.520277, 5.167927
6.483566, 5.178101
6.433570, 5.193508
6.386016, 5.206597
6.340172, 5.214557
6.292722, 5.227354
6.239520, 5.244802
6.190393, 5.265639
6.116049, 5.303931
6.072179, 5.323159
6.029158, 5.346918
5.976100, 5.379640
5.911732, 5.417578
5.874498, 5.436049
5.828444, 5.455553
5.796104, 5.467624
5.721618, 5.481518
5.671682, 5.490832
5.611025, 5.505191
5.551128, 5.522447
5.474832, 5.549100
5.412730, 5.567624
5.354931, 5.586425
5.288600, 5.611150
5.233063, 5.631852
5.184806, 5.654631
5.130499, 5.681921
5.068649, 5.716353
5.016500, 5.733345
4.978171, 5.742685
4.949238, 5.752817
4.909287, 5.766806
4.867499, 5.784609
4.830927, 5.795310
4.783184, 5.807720
4.735090, 5.818674
4.700752, 5.831100
4.650289, 5.854136
4.612813, 5.864663
4.555756, 5.880689
4.498701, 5.896715
4.441646, 5.912741
4.383554, 5.930613
4.335003, 5.945549
4.275386, 5.968588
4.211349, 5.994940
4.149529, 6.018761
4.104704, 6.031222
4.054718, 6.046670
3.991985, 6.062926
3.936757, 6.074144
3.878679, 6.085942
3.820597, 6.097740
3.763685, 6.107774
3.693337, 6.124735
3.627490, 6.140611
3.567665, 6.158114
3.494530, 6.179512
3.444759, 6.192515
3.415110, 6.198714
3.366268, 6.205776
0053bf22-a088-4338-91e7-d00e74966d68
6.876641, 5.174556
6.996637, 5.180041
7.051333, 5.193401
7.133220, 5.214757
7.214657, 5.237918
7.302849, 5.271748
7.391937, 5.296910
7.472654, 5.313486
7.547291, 5.328813
7.614860, 5.348800
7.687928, 5.370411
7.760994, 5.392022
7.837779, 5.411612
7.915251, 5.428286
7.982628, 5.448912
8.059226, 5.469228
8.121891, 5.495140
8.186627, 5.509163
8.271763, 5.518413
8.321074, 5.526778
8.383041, 5.543358
8.452970, 5.565163
8.521946, 5.589807
8.586024, 5.619064
8.622834, 5.629293
8.699911, 5.647609
8.784840, 5.658559
8.826424, 5.669952
8.899900, 5.690079
8.984411, 5.703913
9.059593, 5.716217
9.114777, 5.737380
9.185900, 5.764658
9.268625, 5.786769
9.336722, 5.809617
9.383134, 5.823003
d3e5ab22-fa7f-42b7-a4a4-6321bb02efe3
6.736917, 5.416270
6.683122, 5.452089
6.614291, 5.481368
6.574117, 5.510238
6.489925, 5.533478
6.432745, 5.552369
6.358713, 5.560111
19973fbd-17ea-4dbe-8a0f-bee602256328
6.927431, 5.335056
6.997860, 5.347084
7.065950, 5.364801
7.150554, 5.377535
7.212188, 5.398921
7.333565, 5.416390
7.365791, 5.424053
7.422379, 5.435585
7.483973, 5.445077
7.564796, 5.467816
7.621837, 5.483860
7.686263, 5.495760
7.748019, 5.504119
7.821940, 5.529646
7.866053, 5.546463
7da1727d-12be-4980-a326-1d4a2608c338
6.818956, 5.709276
6.777051, 5.711798
6.724273, 5.709586
6.692551, 5.708256
6.660941, 5.712922
6.625343, 5.718176
6.600215, 5.721885
6.570765, 5.742904
6.540793, 5.751965
6.502400, 5.760424
6.456618, 5.776642
6.432502, 5.782008
6.399650, 5.786253
6.360254, 5.788325
6.316564, 5.792121
6.286295, 5.793248
6.256593, 5.798848
6.228052, 5.808796
6.175636, 5.838163
6.135461, 5.853809
6.095161, 5.871110
6.049267, 5.889182
6.002844, 5.905854
5.955938, 5.921109
5.904750, 5.942478
5.844662, 5.962697
5.795575, 5.980793
5.760500, 5.988938
5.711016, 6.000429
5.653284, 6.013834
5.595552, 6.027240
5.542888, 6.041005
5.508075, 6.050105
5.484570, 6.054702
5.453329, 6.059473
5.413605, 6.065500
5.386013, 6.072677
5.343129, 6.086886
5.303167, 6.100088
5.275158, 6.112454
5.235115, 6.133367
5.197792, 6.152817
5.159166, 6.176322
5.133544, 6.186657
5.086430, 6.205660
5.033951, 6.221987
4.986428, 6.235204
4.937487, 6.248817
4.878302, 6.268384
4.822029, 6.286990
4.764810, 6.307484
4.703760, 6.324581
4.652764, 6.341971
4.611627, 6.354419
e6ea9fde-adeb-42d0-bed2-96068eb2bde5
6.905130, 5.267153
6.936606, 5.266220
6.981407, 5.263058
7.025841, 5.261839
7.074199, 5.266287
7.148486, 5.278910
7.193534, 5.283549
7.238788, 5.285222
7.452649, 5.318480
7.479656, 5.279290
2971fc09-e23d-4987-8b18-32de15990845
6.775154, 5.392534
6.643029, 5.496640
6.641643, 5.545772
6.636734, 5.568998
6.628262, 5.610464
6.619900, 5.673829
6.603309, 5.730902
6.601420, 5.780297
6.590796, 5.824043
6.575563, 5.886596
b416668b-70d8-4428-bcee-228f430ca0f9
6.732153, 7.797917
6.685354, 7.794988
6.658198, 7.789410
6.626261, 7.789287
6.601300, 7.791028
6.562571, 7.792229
6.535733, 7.794558
9dd90ee5-fa98-44cc-8f62-20ee86e44861
6.903124, 6.830649
6.836801, 6.856195
6.814098, 6.855951
6.775353, 6.852457
6.733754, 6.848622
6.695718, 6.851042
6.653944, 6.853701
6.615047, 6.853092
6.583654, 6.858503
6.552434, 6.863799
6.523716, 6.873224
0b4716f0-aa4d-4005-84cb-ca3e56f7af9b
7.042770, 6.175979
7.095421, 6.170826
7.141848, 6.175435
7.166390, 6.178328
7.194941, 6.178335
7.261004, 6.155342
7.300829, 6.138311
7.341326, 6.117738
7.394822, 6.088881
7.420946, 6.079891
7.467908, 6.062147
7.512103, 6.053236
343a91ab-b47f-4140-a852-834e0f1092a7
6.831295, 5.589401
6.772090, 5.602417
6.686980, 5.627452
6.644255, 5.633232
