main root
7.338698, 5.345549
7.533674, 5.585491
7.546794, 5.735907
7.573264, 5.949293
7.580495, 6.107125
7.576187, 6.287266
7.556773, 6.469876
7.542262, 6.632678
7.511399, 6.813645
7.496122, 7.016458
7.472904, 7.186649
7.458556, 7.336547
7.449734, 7.472501
7.437356, 7.598420
7.421240, 7.742240
7.404393, 7.885913
7.382882, 7.996748
7.357777, 8.103882
7.332325, 8.194056
7.302301, 8.287104
7.264135, 8.535352
7.255843, 8.620625
7.235849, 8.762001
7.212847, 8.894844
7.193201, 9.020609
7.188497, 9.168223
7.172613, 9.273592
7.151646, 9.398591
7.139036, 9.499338
7.121777, 9.564921
7.122792, 9.633990
7.120017, 9.691522
7.124400, 9.823946
7.124753, 9.915214
7.126360, 10.048098
7.123977, 10.193288
7.123596, 10.336459
7.117437, 10.499380
7.108133, 10.656363
7.102011, 10.794860
7.094676, 10.913016
7.086265, 11.014362
7.079263, 11.098733
7.075236, 11.147250
d184ce0e-af4e-49f9-8954-e95c8200d955
7.478177, 5.505345
7.671050, 5.419145
7.780704, 5.379933
7.883971, 5.333033
7.938196, 5.333630
7.980474, 5.334096
8.025778, 5.331601
8.087776, 5.325190
8.145389, 5.320736
8.194662, 5.318429
8.241868, 5.317717
8.291697, 5.325135
32cef910-4b13-413a-ac0d-28d2b0932f5e
7.473319, 5.500969
7.601511, 5.478360
7.618505, 5.497453
7.647555, 5.547248
eaad9fac-6cd9-4255-97df-2819124caed0
7.605036, 5.596670
7.662478, 5.622978
7.686485, 5.624412
7.718145, 5.626336
7.776747, 5.616297
7.880006, 5.588914
7.932982, 5.601206
7.970610, 5.613012
7.998594, 5.618658
8.027015, 5.621341
8.078930, 5.617221
8.112054, 5.617596
8.166777, 5.622705
8.229524, 5.627060
8.275553, 5.637453
964e79c2-14dc-4345-8503-695c05c8900f
7.554276, 5.622828
7.672211, 5.654322
7.703148, 5.763942
7.700756, 5.778017
7.703930, 5.800980
7.799120, 6.055999
7.809774, 6.105576
7.815063, 6.144532
7.819311, 6.175974
7.826102, 6.203730
41ec8a3f-817c-4db4-b634-80d19a989c06
7.631621, 5.784758
7.645257, 5.806318
7.663747, 5.841153
7.684626, 5.877296
7.699376, 5.899837
7.795242, 5.924074
7.833036, 5.978199
7.844621, 6.000020
7.857409, 6.033679
7.865899, 6.068672
7.877877, 6.118039
7.889545, 6.172476
7.897089, 6.200531
