main root
6.833648, 4.571526
6.684979, 4.744302
6.554518, 4.905280
6.450485, 5.029561
6.368143, 5.143266
6.277363, 5.276108
6.216416, 5.383955
6.154693, 5.505902
6.106577, 5.614979
6.062461, 5.725443
6.024406, 5.813777
5.988543, 5.918411
5.952146, 6.005137
5.927686, 6.084858
5.900370, 6.173890
5.868891, 6.262144
5.837602, 6.349867
5.811094, 6.419728
5.777057, 6.515398
5.746581, 6.594873
5.724616, 6.675318
5.698248, 6.737796
5.677644, 6.820794
5.661468, 6.898373
5.649530, 6.970294
5.641978, 7.052348
5.637702, 7.131480
5.642073, 7.217020
5.638105, 7.286027
5.642318, 7.360160
5.646641, 7.436235
5.654122, 7.515128
5.666625, 7.624564
5.675970, 7.693178
5.680057, 7.756451
5.687420, 7.800776
5.703686, 7.871288
5.717118, 7.936169
5.729614, 7.989149
5.750565, 8.058414
5.775774, 8.126246
5.789749, 8.185330
5.789132, 8.241239
5.807897, 8.283875
5.799897, 8.376696
5.795150, 8.423626
5.792784, 8.481562
5.782623, 8.578383
5.786544, 8.641664
5.789147, 8.707868
5.796473, 8.779860
5.801690, 8.845912
5.805414, 8.912063
5.813957, 8.983922
5.823617, 9.052493
5.831375, 9.118293
5.838243, 9.163749
5.867290, 9.202144
5.872037, 9.253758
5.891886, 9.358162
5.910153, 9.454245
5.928622, 9.562714
5.943603, 9.663301
5.958064, 9.746317
5.968653, 9.831273
5.980172, 9.923699
5.991679, 10.033124
6.004399, 10.133870
6.019216, 10.234331
6.027797, 10.336001
6.042645, 10.436464
6.057500, 10.536977
6.073163, 10.628565
6.087435, 10.712021
6.105168, 10.803239
6.123280, 10.885539
6.139545, 10.969091
6.153767, 11.053006
6.173837, 11.134193
6.190332, 11.218201
6.205012, 11.292972
6.219286, 11.365666
6.227564, 11.429872
66f3503c-b392-4d9b-9494-095390aba29b
6.657045, 4.890225
6.677259, 4.985719
6.692965, 5.026593
6.703200, 5.062281
6.716380, 5.075775
6.739568, 5.138228
6.751642, 5.175048
6.759076, 5.207329
6.761769, 5.239027
6.761036, 5.283442
6.760198, 5.334231
6.757749, 5.391964
6.754162, 5.441155
6.755698, 5.481848
bc330413-c86c-481b-86a9-50f0083da2ba
6.560659, 4.986219
6.566450, 5.056741
6.569205, 5.101044
6.572240, 5.133955
6.576545, 5.166725
6.585471, 5.201883
6.603122, 5.253162
6.611357, 5.295483
6.626188, 5.356029
6.642807, 5.423873
6.658717, 5.482533
6.683791, 5.552112
6.710584, 5.617631
6.726361, 5.668073
106a6da3-b193-4c29-a910-691f2cd4aadc
6.363564, 5.217768
6.405362, 5.311898
6.417861, 5.348450
6.429794, 5.382375
6.442013, 5.408154
6.468068, 5.449147
6.483443, 5.481708
6.498807, 5.514246
8637e9cb-0175-4c24-92a0-94c43510b8ab
6.203948, 5.420510
6.238769, 5.481595
6.242189, 5.538201
6.250046, 5.569163
6.259932, 5.595948
