main root
10.879846, 7.956468
10.795711, 7.858315
10.753625, 7.712940
10.727963, 7.612865
10.631791, 7.407876
10.539360, 7.275344
10.305339, 7.019517
10.121622, 6.928422
10.022686, 6.890549
9.940487, 6.872171
9.821238, 6.861652
9.661341, 6.849603
9.550742, 6.860313
9.430600, 6.882276
9.297284, 6.902404
9.171658, 6.919249
9.053833, 6.928664
8.979053, 6.957749
8.900610, 6.967887
8.800901, 6.987171
8.702750, 7.003999
8.662919, 7.042730
8.599704, 7.095074
8.526810, 7.180914
8.459691, 7.320171
8.427931, 7.432419
8.397583, 7.584609
8.370381, 7.752127
8.355419, 7.883450
8.353594, 8.046960
8.345740, 8.204618
8.346337, 8.354647
8.346844, 8.481648
8.345249, 8.608383
8.332032, 8.749197
8.325356, 8.908019
8.312813, 9.042410
8.301461, 9.172026
8.308667, 9.305878
8.315656, 9.435692
8.333145, 9.624793
8.338551, 9.802495
8.346439, 9.992489
8.354614, 10.138382
8.316299, 10.317332
8.316608, 10.415726
8.308606, 10.541683
8.296398, 10.667615
8.288271, 10.794966
8.290573, 10.923719
8.292692, 11.042232
8.292543, 11.152269
8.296577, 11.236087
8.297108, 11.309353
8.300596, 11.377938
8.285087, 11.486732
8.286486, 11.555668
8.293098, 11.673493
8.289659, 11.799543
8.288529, 11.918257
8.276862, 12.035840
8.265158, 12.153796
8.258489, 12.263861
8.251831, 12.373726
8.245919, 12.553930
352161de-103d-4ef4-ae6b-a1a5c4e56b7e
10.409439, 7.204838
10.277393, 7.135817
10.213621, 7.142653
10.121546, 7.191308
10.002842, 7.254121
9.915190, 7.293347
9.832236, 7.321200
9.724790, 7.346118
9.638343, 7.374852
9.536968, 7.419696
9.443122, 7.458898
9.335052, 7.508613
9.230268, 7.566106
9.177783, 7.582908
9.079582, 7.609903
8.988996, 7.632623
8.889270, 7.653275
8.819358, 7.676345
8.759698, 7.702678
8.707245, 7.735078
8.635036, 7.789572
8.565065, 7.850283
8.492720, 7.899325
8.419608, 7.943876
8.271032, 8.015072
8.187784, 8.042802
8.152471, 8.049832
8.093444, 8.060058
8.061646, 8.061008
8.013774, 8.059446
7.957632, 8.054620
7.901825, 8.046817
7.841441, 8.039885
7.788103, 8.038280
7.740591, 8.039845
7.679436, 8.048658
7.560690, 8.094103
7.521166, 8.109228
7.483368, 8.120489
7.424555, 8.141133
7.367882, 8.165785
7.311985, 8.193363
7.243654, 8.227076
7.192542, 8.247286
7.146141, 8.264024
7.098353, 8.281262
7.044400, 8.297542
6.987658, 8.314664
6.929919, 8.333650
6.872766, 8.357169
6.808503, 8.386852
6.753971, 8.413690
6.691149, 8.449611
6.632350, 8.483231
6.579787, 8.516734
6.515531, 8.554881
0906a208-adea-470f-9a11-34b993907dbc
10.511896, 7.408717
10.426745, 7.420700
10.342885, 7.410262
10.280932, 7.387393
10.212082, 7.370050
10.162856, 7.369194
10.128178, 7.374663
10.109200, 7.395633
10.057551, 7.401562
9.950711, 7.446869
9.850015, 7.541650
9.802135, 7.627168
9.739344, 7.770182
9.675522, 7.872223
9.594139, 7.969416
9.504899, 8.062198
9.430090, 8.143027
9.363451, 8.205687
9.278886, 8.264879
9.236280, 8.307358
9.181617, 8.370643
9.111897, 8.444888
9.043062, 8.508974
8.981088, 8.566674
8.904895, 8.623241
8.841644, 8.677950
8.775922, 8.732053
8.712192, 8.787203
8.632484, 8.850584
8.562577, 8.911548
8.492389, 8.972756
8.430004, 9.041113
8.385657, 9.111242
8.354746, 9.178455
8.311558, 9.381309
8.330577, 9.575464
8.352570, 10.100500
8.416499, 10.352425
8.441297, 10.450138
8.462222, 10.541150
8.481194, 10.623661
8.498269, 10.697926
8.515345, 10.772190
8.525205, 10.824463
8.527751, 10.875797
8.528796, 10.950461
8.539983, 11.029729
8.557093, 11.120859
8.573225, 11.229716
8.597765, 11.337570
8.622183, 11.444892
8.644527, 11.552637
8.668599, 11.668707
8.698613, 11.792744
8.726380, 11.916418
8.733480, 12.034730
8.751162, 12.153275
8.777494, 12.287383
8.788031, 12.395427
8.828658, 12.571796
e47013ea-f95e-41b2-9979-bf82bda47dad
9.543336, 8.012551
9.463804, 7.993935
9.386904, 7.977964
9.304101, 7.952041
9.252392, 7.942465
9.194455, 7.933257
9.141112, 7.922706
d63fe6f2-127c-4124-b0ed-b3be9f0d9d05
10.628087, 7.584271
10.542523, 7.574847
10.441103, 7.580862
10.356382, 7.592763
10.188521, 7.613565
10.123750, 7.594467
10.073670, 7.577403
10.012639, 7.565437
9.928596, 7.576505
9.818407, 7.605896
9.744634, 7.728166
9.697331, 7.831804
9.639061, 7.928633
9.642021, 8.078072
9.661058, 8.165584
9.669704, 8.206013
9.677936, 8.245226
9.693372, 8.290345
9.706802, 8.329602
9.716433, 8.366995
9.729389, 8.423308
9.744576, 8.489315
9.750690, 8.542586
9.754133, 8.598839
9.774727, 8.642437
9.838045, 8.800521
9.885031, 8.917830
9.925953, 9.020002
9.964312, 9.104458
10.002216, 9.167569
10.055215, 9.243553
10.102194, 9.314533
10.144439, 9.389634
10.192352, 9.457891
10.229877, 9.519165
10.279417, 9.608153
10.308334, 9.672409
10.339602, 9.741891
10.374829, 9.812876
10.427856, 9.925962
10.448103, 9.994048
10.474098, 10.074190
10.494695, 10.157847
10.511108, 10.241870
10.522206, 10.314293
10.540571, 10.394626
10.534436, 10.434957
10.530260, 10.482312
10.531424, 10.537296
10.542203, 10.622271
10.542096, 10.680881
10.539796, 10.782557
10.538264, 10.850276
10.533807, 10.914936
10.531699, 10.976083
10.527780, 11.030318
10.518252, 11.117700
10.515530, 11.193772
10.516420, 11.286490
10.508911, 11.380644
10.507853, 11.473281
10.498227, 11.575095
10.492069, 11.685194
10.490142, 11.795430
10.486407, 11.888744
10.486576, 11.990281
10.488877, 12.100399
10.489637, 12.188859
10.486281, 12.290656
10.489543, 12.383244
10.493118, 12.484773
b11d8490-8136-4ece-87f6-cd5756b8e7d2
9.764650, 8.712128
9.665688, 8.784698
9.607318, 8.826193
9.555675, 8.851410
9.518909, 8.870882
9.471122, 8.910735
2992398d-f487-4597-8a45-c09f6c9c6930
8.467871, 7.084661
8.378816, 7.065906
8.296083, 7.051026
8.257172, 7.047270
8.197997, 7.050666
8.114348, 7.038001
8.059328, 7.021110
7.977932, 6.987319
7.896224, 6.944290
7.814657, 6.903726
7.765047, 6.884069
e7213d23-6f08-4c76-a67a-a3434b66b976
10.831405, 7.718286
10.877604, 7.627656
10.918134, 7.569431
10.946365, 7.532176
10.974923, 7.487702
10.996804, 7.440498
11.011077, 7.414198
11.021543, 7.386314
11.037973, 7.339397
11.048948, 7.303528
11.073940, 7.271503
11.099589, 7.272013
11.138501, 7.285573
11.152026, 7.295628
11.191240, 7.338324
ed75970a-d889-4a7d-95ca-7a81ba13e872
10.690094, 7.263846
10.728115, 7.200252
10.709118, 7.130666
10.693789, 7.036614
10.763331, 6.989055
10.863739, 6.973782
10.909493, 6.977763
11.011950, 6.989428
11.085342, 7.003003
11.224944, 7.030907
11.404806, 7.027166
11.497915, 7.025230
11.591033, 7.023293
11.685271, 7.029748
11.778283, 7.038228
11.860727, 7.047827
12.004431, 7.096756
12.093053, 7.124708
12.186585, 7.167515
12.244381, 7.187028
12.308124, 7.195412
12.400467, 7.207560
12.456967, 7.223478
12.545582, 7.255001
12.643134, 7.293809
12.686256, 7.320066
eb8f1f29-390f-463d-92ee-c570da8719d5
10.272657, 6.891386
10.188819, 6.771867
10.071272, 6.720648
9.982017, 6.669558
9.912107, 6.636698
9.833490, 6.608912
9.765470, 6.581696
9.698617, 6.551724
9.597437, 6.532612
9.522564, 6.518470
9.423210, 6.521030
9.344123, 6.526064
9.270878, 6.527728
9.183003, 6.541701
9.102779, 6.560522
8.992806, 6.546951
8.915942, 6.540481
8.800300, 6.548898
8.751919, 6.573026
8.704102, 6.587430
8.602958, 6.598134
8.522073, 6.593882
8.427532, 6.588534
8.332855, 6.578959
8.292843, 6.574912
8.254455, 6.583064
24ce9a52-9e1d-4251-899d-a1a88f72a80b
10.547937, 7.148468
10.531411, 7.012763
10.530078, 6.784077
10.464534, 6.684619
10.389029, 6.650253
10.317077, 6.622069
10.113443, 6.599855
9.943342, 6.562525
9.704474, 6.532948
9.535931, 6.505809
9.218994, 6.438878
9.033565, 6.460359
8.980497, 6.487347
8.913576, 6.497378
8.870171, 6.493400
8.786324, 6.489879
8.713312, 6.483818
8.643840, 6.472043
8.577908, 6.482448
8.522450, 6.495862
8.413793, 6.533345
07f5b52c-df09-4497-a3ca-8d4a1d43d403
8.406012, 7.518504
8.250596, 7.583212
8.167963, 7.606969
8.082117, 7.619489
8.035603, 7.629299
b52d1449-201c-4bba-88a6-13da9f4955d1
8.336860, 7.588592
8.165376, 7.495081
8.149723, 7.483051
8.124714, 7.461329
8.103426, 7.444822
88ca87ce-554a-497d-969c-38c8db9b05da
8.468860, 7.099176
8.388952, 7.005894
8.368209, 6.986278
8.349755, 6.968825
8.312071, 6.957480
8.249718, 6.921644
8.208974, 6.901680
8.176866, 6.882613
8.141159, 6.856188
8.100327, 6.825970
8.054781, 6.790402
8.015546, 6.763560
7.981687, 6.744023
42634266-3c72-49b5-a20b-05812144e603
8.420439, 7.288877
8.361216, 7.280508
