main root
6.557433, 4.711700
6.505621, 4.958128
6.474956, 5.064159
6.525137, 5.159075
6.585825, 5.510234
6.595830, 5.667051
6.597745, 5.862838
6.596981, 6.042428
6.588036, 6.208560
6.579066, 6.397124
6.550738, 6.585047
6.530251, 6.748653
6.510766, 6.880494
6.487432, 7.024228
6.464214, 7.164997
6.437681, 7.300279
6.417255, 7.426240
6.403797, 7.535667
6.384082, 7.643966
6.372170, 7.744831
6.354118, 7.861709
6.335235, 7.970108
6.319897, 8.070480
6.298005, 8.197277
6.279071, 8.306934
6.261112, 8.398587
6.241575, 8.498295
6.223667, 8.589689
6.205757, 8.681088
6.181518, 8.771972
6.161812, 8.853908
6.139897, 8.936157
6.122325, 9.018216
6.103985, 9.075269
6.102184, 9.138867
6.095009, 9.261806
6.096195, 9.344205
6.088090, 9.405195
6.083198, 9.487461
6.075861, 9.560365
6.070910, 9.639466
6.066149, 9.715523
6.061388, 9.791580
6.053825, 9.864462
6.045960, 9.940261
6.043430, 10.022634
6.038190, 10.095718
6.043828, 10.184527
6.041629, 10.244415
6.035952, 10.317469
6.032798, 10.396659
6.026892, 10.469692
6.012521, 10.535977
5.998620, 10.600105
5.998768, 10.641813
5.992553, 10.793768
5.986569, 10.866795
5.980343, 10.942744
5.976854, 11.021920
5.968618, 11.072769
5.956434, 11.147993
5.946725, 11.226651
5.950408, 11.318966
5.913965, 11.451166
5.895473, 11.654135
5.889829, 11.726685
5.875949, 11.796623
5.863384, 11.861953
5.861319, 11.971349
5.860472, 12.016257
5.806161, 12.222077
5.758175, 12.306323
5.776511, 12.472396
5.746551, 12.640491
5.733232, 12.762415
5.726239, 13.053069
28c2d71c-d112-4299-8e96-0e789c00f86f
6.512945, 4.941984
6.397762, 5.029526
6.362546, 5.075733
f190578b-b74b-493f-8e5e-39b4e99aedfc
6.456657, 5.096892
6.406637, 5.304242
6.681806, 5.192014
6.738010, 5.210864
6.770956, 5.234418
6.805076, 5.280428
b81c88ef-56a1-42f5-9f37-6acaad3d4039
6.559746, 5.098403
6.694699, 5.205325
6.765767, 5.296070
6.783752, 5.323888
6.802588, 5.358537
6.827869, 5.401909
6.893322, 5.478476
6.927071, 5.498667
6.977069, 5.556101
7.008168, 5.604122
d357d767-fc87-4c8d-8faa-466821745b5e
6.583018, 5.217581
6.629962, 5.232707
6.690951, 5.253931
6.735029, 5.264200
6.907157, 5.375532
6.963546, 5.405362
7.005875, 5.463872
7.032711, 5.506075
7.061107, 5.550728
9bedc1a4-ca05-407b-b20b-eb0c98143cdf
6.225126, 8.682127
6.281048, 8.717052
6.398683, 8.841316
6.428514, 8.877630
6.462864, 8.917089
6.501164, 8.954246
6.536378, 8.982154
6.584158, 9.014290
6.639247, 9.047735
6.696323, 9.075382
6.749659, 9.101217
6.802995, 9.127052
6.856331, 9.152887
6.905668, 9.180111
6.953489, 9.209918
6.994273, 9.238867
7.031733, 9.274055
7.144742, 9.331073
7.192105, 9.353293
7.249962, 9.397442
7.292444, 9.427975
7.335782, 9.457279
7.375783, 9.486135
7.431608, 9.513488
7.466128, 9.525399
7.483137, 9.564442
7.561537, 9.606966
7.634608, 9.641491
7.703506, 9.674045
7.762149, 9.704080
7.807486, 9.736287
660d831e-fcea-4158-ba52-4be8ba7674a3
6.054801, 10.500480
6.106134, 10.543508
6.164268, 10.590312
6.228018, 10.651143
6.267113, 10.680173
6.301104, 10.705414
6.335095, 10.730656
6.373272, 10.755279
6.400575, 10.780011
6.453093, 10.807393
6.461748, 10.838850
6.511076, 10.872632
6.591986, 10.931182
6.645177, 10.954020
6.733134, 11.003287
6.808940, 11.038617
6.900210, 11.083488
6.975119, 11.124936
7.049925, 11.159486
7.133143, 11.202555
7.177713, 11.232360
7.218815, 11.256245
7.252837, 11.267360
67f8f3e7-7faa-49dd-8b66-1eb645d51238
5.983198, 10.105913
5.911235, 10.118711
5.773110, 10.165157
5.713186, 10.191626
5.663574, 10.203724
5.592818, 10.239469
5.527255, 10.225358
5.508546, 10.244208
5.390136, 10.263246
5.273953, 10.292608
5.202556, 10.302095
5.109718, 10.312311
5.041062, 10.321372
4.971330, 10.333594
4.923974, 10.344030
4.880235, 10.343211
d35aff0c-0a77-4fc1-8c0e-6fcfc0e709e4
6.091221, 9.643568
6.127637, 9.662573
6.159540, 9.679504
6.199234, 9.701159
6.301331, 9.753850
6.331799, 9.764550
6.385289, 9.778603
6.432427, 9.792560
6.475390, 9.809989
6.522396, 9.824241
6.572712, 9.837956
6.612367, 9.856551
6.637322, 9.866627
6.676501, 9.877630
6.727088, 9.890310
6.774381, 9.903732
6.824934, 9.916550
6.875825, 9.927937
6.927019, 9.937882
6.978473, 9.946380
7.030146, 9.953423
7.078626, 9.961567
7.107486, 9.964897
d5b50a1d-ef53-4886-9e09-c704045a70fa
5.998378, 9.632935
5.970962, 9.643931
5.947387, 9.653389
5.923731, 9.644809
5.900015, 9.636072
5.868657, 9.630768
5.843612, 9.626532
5.768763, 9.585023
5.746548, 9.572705
5.740165, 9.553135
5.723700, 9.497819
5.695070, 9.403377
5.659303, 9.355506
5.601855, 9.314925
5.567579, 9.298043
5.519897, 9.277897
5.467208, 9.262135
5.402482, 9.244332
5.356345, 9.237854
5.300562, 9.233043
5.259852, 9.234039
53534607-e518-4fe5-a106-a0f0769b367e
6.326601, 8.700709
6.397454, 8.665919
6.450682, 8.639049
6.398404, 8.394989
6.376857, 8.369046
6.318890, 8.295961
6.281922, 8.259364
6.237410, 8.213189
6.202676, 8.190099
1c6be716-dfd4-4b3d-8f69-0006809bfe82
6.454872, 8.519765
6.574561, 8.578753
6.648450, 8.616950
6.738085, 8.629490
6.797055, 8.647830
6.922216, 8.727151
6.983044, 8.755758
7.057716, 8.781523
7.146687, 8.807771
7.229072, 8.824274
7.290394, 8.831978
c2e354f6-873f-4213-a5c0-468de7332756
6.180265, 8.961761
6.080003, 8.950465
6.037170, 8.947836
5.984051, 8.942499
5.930517, 8.926107
5.824296, 8.877100
5.747467, 8.846314
5.682365, 8.831626
5.584415, 8.803022
5.471394, 8.767818
5.390769, 8.740533
5.310316, 8.715496
5.245646, 8.695370
5.182850, 8.674260
5.136186, 8.662949
5.096042, 8.641929
e00f6bbb-2f61-4de2-ab65-83a6aab36d16
6.222004, 8.905513
6.140726, 9.163979
6.166227, 9.243179
6.156037, 9.318061
6.089590, 9.745571
6712b254-c3f4-4465-97a3-cfbf51df710e
6.755962, 8.036227
6.807721, 8.098768
6.869284, 8.161167
6.967195, 8.215909
7.044627, 8.275563
7.082193, 8.300726
7.119267, 8.323756
7.162416, 8.350561
7.216880, 8.380871
7.264595, 8.410851
7.327161, 8.439553
7.371378, 8.473042
a09093fc-a1f3-412b-995a-c96f3228a102
6.724061, 8.103981
6.928861, 8.035811
6c34e63b-5776-40db-8ec9-4789c56a4a7d
6.243094, 8.867672
6.202991, 8.742183
6.176390, 8.674879
6.169339, 8.614271
6.181936, 8.554531
6.190516, 8.521095
6.220383, 8.461759
6.266114, 8.405144
6.322785, 8.359480
7b2949a4-cca1-41ab-8ca7-568e320cf46a
6.049810, 9.268849
6.007783, 9.265320
5.884222, 9.250729
5.781828, 9.234375
5.729574, 9.226029
5.695546, 9.226655
e273cb9a-8d1a-4ec1-a375-1750b82f85f4
6.123645, 9.326758
6.214397, 9.362554
6.261530, 9.387964
6.289971, 9.398196
177d950d-e66d-47cd-8a9a-4a15db9c5387
6.102534, 9.392247
6.171036, 9.462357
6.212337, 9.504627
6.251637, 9.546990
6.284069, 9.584149
6.317471, 9.622422
6.341083, 9.654029
6.369341, 9.686854
6.385913, 9.706104
fe29c210-10a4-4e58-8db6-42ce55ec7cff
6.100233, 10.020300
6.142640, 10.008947
6.179368, 10.002217
6.206755, 9.994158
6.220154, 9.977085
6.276859, 9.937774
6.329011, 9.917670
6.377317, 9.910053
6.398671, 9.911232
33c12287-ee8f-42ac-983b-764f12303642
6.074285, 10.321476
6.112802, 10.319797
6.143372, 10.309378
6.171556, 10.302934
6.214926, 10.289914
6.267805, 10.298096
6.298379, 10.299829
6.343624, 10.299396
6.381330, 10.303526
6.431829, 10.309057
6.495242, 10.309980
6.554506, 10.310843
6.610730, 10.314656
6.669861, 10.318666
6.725803, 10.325460
6.782536, 10.332351
6.833664, 10.338902
43d8f8ab-aa51-4861-8df9-d37ca07779e5
5.949510, 10.641449
5.890251, 10.632478
5.855705, 10.613765
5.825636, 10.582620
5.760179, 10.514480
5.702449, 10.479818
5.633740, 10.459872
5.529286, 10.447691
5.477268, 10.447887
5.426471, 10.448079
5.365715, 10.449805
5.326839, 10.453904
5.270004, 10.459897
7efa2cff-dc1a-4329-bd5b-988137edb1ed
6.037131, 11.093956
6.372327, 11.220583
08fa6f3c-78d1-4429-b753-90e3930d3d15
5.867774, 11.308327
5.828068, 11.310190
5.765089, 11.311671
5.716570, 11.308320
5.650588, 11.302263
5.583136, 11.296071
5.520868, 11.293360
5.456981, 11.295074
5.418234, 11.294616
e013dfae-4b79-4164-865a-a1b1127435fc
5.857805, 11.489560
5.808962, 11.501884
5.769573, 11.499525
5.744218, 11.498006
5.715696, 11.499296
5.670545, 11.504335
5.628467, 11.509031
5.589033, 11.510421
5.560760, 11.514413
81b8703a-705b-407f-b326-10eb6c2acd9b
6.002701, 11.535957
6.071655, 11.601210
6.110616, 11.660519
6.130875, 11.696812
6.148495, 11.737588
6.166676, 11.783437
6.183456, 11.829816
6.210567, 11.887149
6.236991, 11.939528
6.259905, 11.985702
1cd6626e-6eee-4de1-9589-42c5686173e0
5.962717, 11.811596
6.087832, 11.887560
