main root
6.604989, 4.689162
6.655164, 5.028943
6.668774, 5.141589
6.688242, 5.267696
6.664220, 5.346023
6.636453, 5.470670
6.647439, 5.535467
6.683472, 5.660074
6.689411, 5.733516
6.696113, 5.858952
6.705109, 5.988040
6.715467, 6.106317
6.718357, 6.233370
6.725296, 6.352943
6.736877, 6.480022
6.748049, 6.624310
6.764523, 6.767907
6.774094, 6.888313
6.790500, 7.015227
6.805698, 7.132791
6.819810, 7.241956
6.831815, 7.351328
6.840807, 7.452627
6.845589, 7.554355
6.855429, 7.636166
6.857903, 7.698861
6.855264, 7.882432
6.860313, 7.947761
6.861664, 8.004095
6.866150, 8.066263
6.867215, 8.122603
6.865287, 8.178921
6.869038, 8.244337
6.875592, 8.306322
6.878532, 8.362596
6.884770, 8.424611
6.890702, 8.483577
6.893356, 8.539865
6.902410, 8.604760
6.903842, 8.658352
6.908499, 8.720508
6.908296, 8.757851
6.936276, 8.897644
6.942310, 8.943033
6.946757, 8.999207
6.954656, 9.061034
6.955469, 9.114641
6.962446, 9.179793
6.968755, 9.238719
6.975065, 9.297647
6.978079, 9.353916
6.981249, 9.413094
6.981269, 9.469443
6.978296, 9.525715
6.980832, 9.591190
6.980020, 9.647534
6.979165, 9.706791
6.981263, 9.769086
6.983256, 9.828316
6.985250, 9.887546
6.987244, 9.946775
6.992330, 10.008896
6.993938, 10.065224
6.995629, 10.124463
7.000399, 10.186609
7.001720, 10.242945
7.003111, 10.302193
7.004255, 10.350863
7.027951, 10.465225
7.045175, 10.590406
7.059199, 10.707811
7.075267, 10.842329
7.099343, 10.991650
7.113431, 11.150879
7.121204, 11.307737
7.130300, 11.434091
7.139947, 11.538640
7.151778, 11.621721
7.159134, 11.694612
7.167725, 11.749937
7.179426, 11.802432
c7000e8e-d205-4887-bf5c-069ea968a7ab
6.612234, 4.815718
6.526271, 4.992592
6.479641, 5.045509
6.407016, 5.161604
6.383671, 5.193239
6.369216, 5.217834
6.347817, 5.254199
6.327463, 5.294652
6.309818, 5.336383
6.292564, 5.369501
6.264648, 5.407545
6.175709, 5.545981
6.130852, 5.607043
6.093230, 5.648143
6.076643, 5.688597
6.072682, 5.721471
6.070842, 5.786912
6.069962, 5.818664
6.052255, 5.998633
6.052683, 6.028272
6.050404, 6.078228
6.056285, 6.113534
30035685-029d-4926-aba3-1efdde073303
6.619985, 4.871411
6.722163, 4.863561
6.775582, 4.866595
6.814155, 4.870285
6.856087, 4.880312
6.920947, 4.889665
6.979609, 4.898125
7.034480, 4.907549
7.068930, 4.918023
7.119402, 4.931802
7.160445, 4.944559
7.205208, 4.961607
7.333545, 5.044722
7.401870, 5.066551
7.445959, 5.077494
7.487046, 5.087691
7.540940, 5.104152
7.597620, 5.121464
7.636083, 5.133211
7.660375, 5.140631
3c013efa-fdad-4eeb-9d9c-ac0dad2fc461
6.800830, 7.405069
6.692956, 7.451842
6.607926, 7.475011
6.435985, 7.514617
6.394729, 7.524120
6.355538, 7.533148
6.326479, 7.542915
6.298512, 7.555474
6.275341, 7.565878
