main root
6.607495, 5.063626
6.477049, 5.227742
6.402463, 5.374900
6.318850, 5.572005
6.297321, 5.703424
6.251372, 5.830079
6.199044, 5.998850
6.150578, 6.169285
6.101946, 6.340310
6.071860, 6.519018
6.046267, 6.684141
6.034946, 6.832685
6.023845, 7.026147
6.028365, 7.108504
6.034566, 7.187618
6.067047, 7.305326
6.088362, 7.401526
6.108416, 7.478181
6.124046, 7.549748
6.140304, 7.624178
6.148990, 7.691986
6.151969, 7.762374
6.161430, 7.844222
6.173500, 7.922534
6.179439, 7.980701
6.181105, 8.026462
6.186140, 8.107625
6.177739, 8.184021
6.171983, 8.257865
6.159377, 8.356886
6.145566, 8.448768
6.119100, 8.597140
6.103263, 8.744274
6.097715, 8.892697
6.109660, 9.054707
6.120112, 9.227022
6.127061, 9.341596
6.124950, 9.405703
6.128688, 9.467335
ab9d3b83-5593-4fba-83eb-e83dbf210ce0
6.436852, 5.326000
6.542863, 5.334010
6.588728, 5.334569
6.613115, 5.337957
6.644455, 5.342407
6.666109, 5.348603
6.866072, 5.439788
6.917498, 5.471895
6.967987, 5.479163
7.074260, 5.491756
7.158502, 5.512372
7.271640, 5.546575
7.344164, 5.561871
7.424990, 5.570440
7.487678, 5.575582
7.540016, 5.562627
7.609571, 5.561560
7.683225, 5.564812
7.791359, 5.585072
7.891551, 5.599542
7.974683, 5.602996
8.085221, 5.599119
8.195160, 5.588911
8.313190, 5.577951
8.379815, 5.578102
8.455575, 5.586569
8.506510, 5.593768
6f225e03-ead0-470f-ae9e-8d9f9c7a7b84
6.446989, 5.483805
6.481995, 5.504800
6.511342, 5.517856
6.561587, 5.538636
6.639511, 5.557905
6.701544, 5.600460
6.749340, 5.629620
6.799129, 5.652981
6.845341, 5.669705
6.900002, 5.682870
6.947580, 5.695869
6.996581, 5.709257
7.067195, 5.748879
7.136712, 5.807896
7.177674, 5.846598
7.222871, 5.887241
7.264377, 5.916515
7.318710, 5.951174
7.372155, 5.974613
7.439968, 6.005988
7.499450, 6.035158
7.554259, 6.067038
7.593115, 6.086175
7.662038, 6.151116
7.739791, 6.208269
7.822747, 6.263998
7.902989, 6.310303
7.993952, 6.355468
8.046761, 6.390950
8.122109, 6.446645
8.181291, 6.492250
8.233675, 6.538287
8.272372, 6.575056
cd6a0bba-9227-432a-813b-87900323c3ae
6.390459, 5.591005
6.425330, 5.611909
6.465780, 5.634120
6.488995, 5.633667
6.530929, 5.632765
6.578718, 5.625666
6.617602, 5.622915
6.662133, 5.616764
6.703249, 5.609574
6.772702, 5.619153
6.815915, 5.622092
6.846557, 5.621177
6.896547, 5.622678
7.003020, 5.617522
7.124487, 5.614798
7.302616, 5.604615
7.447583, 5.567832
b2ca211c-3936-4a8f-aeb6-19c6248e8f37
6.234566, 6.045937
6.269857, 6.091241
6.320412, 6.142864
6.364167, 6.195242
6.399662, 6.236868
6.443624, 6.279372
6.474025, 6.308764
6.502310, 6.338192
6.533281, 6.374736
6.571598, 6.419947
6.612025, 6.465332
6.653994, 6.530259
6.690307, 6.580923
6.722747, 6.628751
6.739085, 6.660840
6.757241, 6.699796
6.766475, 6.730238
6.783086, 6.779844
6.800805, 6.842188
6.809951, 6.879842
a583c2f8-fc7c-466c-8345-d99195859fff
6.678976, 5.080180
6.777863, 5.170129
6.879482, 5.256395
6.971551, 5.348230
6.980145, 5.378004
7.052948, 5.551916
7.085118, 5.622784
7.092097, 5.637209
7.115779, 5.681830
7.127183, 5.705677
7.189223, 5.754117
7.224758, 5.810034
7.276056, 5.895243
7.387907, 6.050242
7.406724, 6.089273
7.422417, 6.132392
7.431739, 6.171420
7.447811, 6.194254
d6d1e5ef-fc6b-4739-875b-45cd84dec676
6.589181, 5.219611
6.605076, 5.228974
6.708363, 5.263821
6.852831, 5.251369
7.024470, 5.241024
7.099295, 5.227313
7.177710, 5.219395
7.256260, 5.213548
7.296366, 5.210563
8168c8f9-11f1-44f2-873f-a396dd1b823d
6.504891, 5.357228
6.548067, 5.365061
6.566474, 5.360726
6.621739, 5.361229
6.741881, 5.363479
6.788131, 5.360910
6.821462, 5.359059
6.907509, 5.347483
6.978622, 5.331916
7.041199, 5.315161
47b07c06-9b51-49d5-a397-c9dd59380fb7
6.121746, 6.451019
6.191041, 6.514780
6.210080, 6.536057
f6ac39d2-f91e-4ab3-8639-a1a30dfe6e5f
6.103599, 6.885129
6.174748, 6.968205
6.202724, 7.009310
6.237647, 7.049656
6.286198, 7.101171
6.324732, 7.144241
6.371408, 7.199863
