main root
6.708691, 4.382138
6.649383, 4.681803
6.619667, 4.790865
6.496887, 5.064662
6.473877, 5.205156
6.457144, 5.345917
6.435769, 5.435515
6.397916, 5.539800
6.333209, 5.669514
6.257782, 5.842253
6.211389, 5.959999
6.168304, 6.044848
6.087823, 6.157135
6.020257, 6.225709
5.975463, 6.284292
5.915197, 6.377045
5.887460, 6.474197
5.826542, 6.516836
5.772773, 6.617157
5.729063, 6.670416
5.655334, 6.753583
5.581440, 6.814741
5.505991, 6.882677
5.438359, 6.946404
5.392111, 6.992889
5.360270, 7.046173
5.292474, 7.185425
5.252212, 7.233927
5.233961, 7.333567
5.152792, 7.614252
5.139278, 7.714303
5.121343, 7.831320
5.105445, 7.948973
5.091839, 8.049665
5.079191, 8.159074
5.067654, 8.277239
5.051969, 8.394464
5.041552, 8.504233
5.026951, 8.613294
5.016526, 8.723054
5.008220, 8.832880
5.000558, 8.934189
4.995651, 9.026979
4.993272, 9.111220
4.986712, 9.196588
4.983630, 9.275774
4.980666, 9.351912
4.981008, 9.428212
352df7f4-4b7f-4cae-83e8-e16a4aa5b3b1
6.711235, 4.661668
6.766389, 4.672646
6.816782, 4.710570
6.851081, 4.742002
6.894875, 4.776044
6.937080, 4.806956
6.971785, 4.837940
7.008102, 4.870362
7.034822, 4.907602
7.058174, 4.947848
7.085712, 4.992327
7.112452, 5.035515
7.137742, 5.070679
7.168512, 5.111179
9e0ec186-3ad0-411f-ad4a-deda2828295d
6.716645, 4.626587
6.802967, 4.615745
6.807812, 4.607827
6.823658, 4.602056
6.856242, 4.588566
6.878915, 4.580769
6.900167, 4.578180
6.924100, 4.576744
6.945267, 4.579944
6.968710, 4.584973
6.988245, 4.593729
525e9c35-9433-42c7-8a61-d66501c0270b
6.695365, 4.755183
6.734463, 4.768624
6.793277, 4.769502
6.955824, 4.759412
7.007823, 4.770546
7.039974, 4.777431
7.072125, 4.784315
7.105533, 4.792999
7.130339, 4.800994
4e9e88f7-283a-4272-ad5a-1b54cc5fd138
6.683098, 4.834250
6.694274, 4.864315
6.706553, 4.883230
6.745780, 4.924323
d3f1f0fc-4e0e-4b5d-b3c9-d12e5b111a7e
6.552748, 4.842226
6.509692, 4.800226
6.494582, 4.785091
6.477258, 4.765619
6.437669, 4.693801
63f907c1-6c35-41a9-a808-bde734ff6677
6.472012, 5.080068
6.407643, 5.078750
6.367434, 5.077927
6.280626, 5.104532
be814255-370b-4992-87ee-46058258ef0d
6.475253, 5.510837
6.509528, 5.526254
6.547590, 5.548424
