main root
6.888361, 4.271225
6.893821, 4.564553
6.883171, 4.674499
6.868355, 4.783528
6.851256, 4.887126
6.846106, 4.944312
6.861053, 5.014221
6.869368, 5.113834
6.867957, 5.224117
6.868773, 5.325662
6.852837, 5.442966
6.850553, 5.554074
6.835605, 5.663528
6.818624, 5.772239
6.795688, 5.906702
6.779860, 6.024589
6.763125, 6.133331
6.753335, 6.252439
6.750630, 6.362828
6.735598, 6.458209
6.716261, 6.523215
6.698965, 6.591861
6.695424, 6.706622
6.685839, 6.748258
6.666653, 6.801984
6.678297, 6.907274
6.676786, 6.961672
6.676364, 7.030905
6.674466, 7.097119
6.673981, 7.166351
6.669050, 7.229549
6.665163, 7.298675
6.662773, 7.367868
6.658994, 7.434000
6.653725, 7.500032
6.649714, 7.569150
6.644386, 7.635176
6.643056, 7.707516
6.643282, 7.776749
6.644947, 7.826927
090f5d82-0ce7-4e44-bfee-7da18583ed33
6.947691, 4.345452
7.160263, 4.445539
7.272183, 4.498725
7.458447, 4.590192
aea84371-fe27-43aa-8d9e-cd0563727385
6.949165, 4.328609
7.454410, 4.549258
bd442ec5-8537-466c-8f26-cbedc368d375
6.954869, 4.681422
7.021391, 4.692431
7.056473, 4.705230
7.100428, 4.726046
7.159730, 4.754130
7.188425, 4.767720
7.207394, 4.780016
942288f7-38e4-410a-9905-304de4fc66c6
6.862832, 4.483122
6.807251, 4.557109
6.791101, 4.571130
6.759225, 4.598805
6.719565, 4.629274
6.673115, 4.661185
6.625034, 4.690584
6.582011, 4.722154
6.546174, 4.748450
b0a21c0d-5e06-4e15-85e8-5e671c36f843
6.870656, 4.341283
6.812252, 4.407328
6.778904, 4.436000
6.744722, 4.471312
6.710862, 4.506292
5f1b168f-dd26-497d-8fa0-c3d8f3480816
6.870239, 4.758319
6.814763, 4.796511
6.794203, 4.805866
6.758373, 4.855335
