main root
6.923105, 4.197453
6.897101, 4.392328
6.842788, 4.610317
6.808641, 4.759757
6.799007, 4.834546
6.799161, 4.934782
6.790858, 5.035276
6.787113, 5.176268
6.782756, 5.311078
6.778825, 5.432706
6.773157, 5.542594
6.770040, 5.644090
6.766400, 5.762564
6.763021, 5.872571
6.761755, 5.982710
6.764818, 6.084199
6.765532, 6.177585
6.770538, 6.278986
6.775965, 6.388922
6.784736, 6.481265
6.799757, 6.572679
6.812082, 6.673777
6.819235, 6.767207
6.830502, 6.859271
6.835638, 6.953181
6.846404, 7.036108
6.855302, 7.120753
6.865923, 7.221795
6.867135, 7.325612
6.874524, 7.417960
6.878422, 7.519734
6.869938, 7.629872
6.865695, 7.740042
6.851556, 7.833888
6.836419, 7.934354
6.805433, 8.040599
6.772877, 8.161689
6.733502, 8.275680
6.695834, 8.397593
6.658340, 8.518943
6.624701, 8.642037
6.591635, 8.746984
6.561155, 8.871664
6.532975, 8.995783
6.508400, 9.094466
6.479483, 9.176258
6.444313, 9.263114
6.422738, 9.300440
cb22c6ea-c23c-43fa-abce-6baffafdfb00
6.900721, 4.385936
6.998630, 4.382735
7.102110, 4.375763
7.147982, 4.372589
7.189027, 4.385100
d034e40f-d825-4ec9-a8ff-8996e547dd05
6.861468, 4.184604
6.774160, 4.160768
6.718083, 4.136962
6.668979, 4.105225
6.656742, 4.083979
6.614917, 4.029383
6.585542, 3.979172
