main root
6.976722, 5.288684
7.002402, 5.554097
6.984531, 5.664290
6.957555, 5.830616
6.919418, 5.990336
6.868334, 6.127907
6.811083, 6.276226
6.766303, 6.362780
6.704144, 6.443293
6.578694, 6.578334
6.452763, 6.726300
6.384407, 6.817731
6.333764, 6.911250
6.296781, 7.013967
6.248519, 7.178024
6.216201, 7.249815
6.159018, 7.366643
6.115750, 7.431163
6.041441, 7.523029
5.994607, 7.591018
5.965146, 7.644975
5.942139, 7.696921
5.841629, 7.838570
5.794695, 7.884023
5.771396, 7.966042
5.713910, 8.169219
5.703942, 8.221943
5.690020, 8.263353
5.675092, 8.311599
5.661338, 8.360193
5.649987, 8.411289
5.638166, 8.457595
5.623572, 8.526868
5.609021, 8.603201
5.595148, 8.667981
5.578665, 8.730654
5.561456, 8.784320
5.542388, 8.838878
5.520962, 8.904718
5.501922, 8.972902
5.479350, 9.042601
5.461089, 9.098990
5.443791, 9.157261
5.432768, 9.215433
5.422157, 9.295556
5.412301, 9.392028
3d8d5f99-7d69-4d3f-a9c3-bbb938ef85cd
6.967769, 5.890831
7.039255, 5.907718
7.126817, 5.928783
26e25173-1cc8-4542-93bc-52df1804625d
6.982048, 5.856529
7.034336, 5.935784
7.049127, 5.957194
7.063708, 5.966786
7.080781, 5.981602
7.108153, 6.003222
7.127801, 6.020506
7.150799, 6.042584
7.172816, 6.065639
7.202276, 6.089825
7.215744, 6.106547
7.230121, 6.131733
7.245114, 6.137184
7.256095, 6.146319
7.277974, 6.162347
7.287623, 6.179008
