main root
7.138680, 4.602718
7.066540, 4.965213
7.047404, 5.057766
7.039150, 5.316160
7.033221, 5.435711
7.033203, 5.603564
7.018493, 5.728684
7.004897, 5.872172
6.977474, 5.982267
6.954123, 6.079008
6.957114, 6.165746
6.946191, 6.278475
6.947425, 6.417192
6.935336, 6.559189
6.925281, 6.677291
6.915944, 6.786966
6.908710, 6.896874
6.906269, 6.998380
6.904029, 7.091483
6.901790, 7.184586
6.905799, 7.266891
6.898533, 7.333044
6.887563, 7.405481
6.887237, 7.503672
6.889966, 7.582872
6.898780, 7.664800
6.900337, 7.735248
6.895902, 7.805574
6.895903, 7.853110
6.895904, 7.927193
6.901892, 7.973395
6.915037, 8.051543
6.927675, 8.126684
6.936864, 8.199370
6.946419, 8.274964
6.959318, 8.353153
6.975161, 8.430801
6.986862, 8.503126
7.004883, 8.577033
7.026551, 8.653260
7.043686, 8.724494
7.068727, 8.802999
7.079957, 8.867750
7.096671, 8.976506
7.113504, 9.058728
7.124129, 9.152580
7.151272, 9.260668
7.158022, 9.347145
7.165928, 9.448438
7.177332, 9.540487
7.186724, 9.633404
7.193218, 9.718267
7.203748, 9.801528
7.213377, 9.894424
7.218069, 9.979913
7.225260, 10.072556
7.231812, 10.156970
7.239019, 10.249826
7.234685, 10.329900
7.224961, 10.431279
7.211838, 10.524052
7.198792, 10.616269
7.189979, 10.708601
7.181129, 10.801309
7.170163, 10.894056
7.162453, 10.995295
7.155380, 11.088164
7.154654, 11.180802
7.155972, 11.282338
7.157292, 11.383934
7.154301, 11.477584
7.147109, 11.571006
7.131498, 11.664158
7.116106, 11.756009
7.100715, 11.847857
7.081098, 11.939472
7.063702, 12.030756
7.043620, 12.113983
7.023537, 12.184444
7.011091, 12.239037
6.998660, 12.320498
6.993434, 12.404355
6.985893, 12.477236
6.998579, 12.703605
7.268166, 12.969515
7.454847, 13.049240
7.958445, 13.064698
9.545093, 13.066454
c570209e-add0-4a59-8380-d099f0efdc09
7.151830, 4.772634
7.229237, 4.801912
7.270750, 4.816013
7.308922, 4.830560
7.350273, 4.839912
7.408079, 4.852983
7.456112, 4.866914
7.488817, 4.877958
7.553328, 4.914743
7.576825, 4.931589
7.609141, 4.956597
7.644719, 4.982237
7.688018, 5.011598
7.734224, 5.039312
7.772583, 5.060575
7.821082, 5.084035
7.876431, 5.109147
7.916747, 5.132367
7.964854, 5.156621
8.015767, 5.183966
8.060520, 5.208003
8.099843, 5.227424
8.145392, 5.249921
8.177442, 5.269088
8.209669, 5.291851
8.246334, 5.315915
8.282583, 5.345078
8.328479, 5.376238
8.370505, 5.404771
8.421621, 5.437666
8.464342, 5.465159
8.499943, 5.488069
8.535543, 5.510979
8.574081, 5.542999
8.690073, 5.610791
8.717045, 5.630022
8.747243, 5.655230
8.790636, 5.693402
8.826660, 5.727085
8.865886, 5.761713
8.906085, 5.795203
8.947223, 5.827527
8.985062, 5.859163
9.026147, 5.891561
9.066134, 5.915469
9.132317, 5.935858
9.150650, 5.971977
8f6c3bab-6f6b-4c74-aa17-fca86f69b327
7.241090, 4.763081
7.248369, 4.882381
7.254557, 4.934650
7.261525, 4.993507
7.271817, 5.054978
7.278132, 5.101764
7.280421, 5.163926
7.302329, 5.186704
7b506f80-dcfd-4423-8cd9-93c6cc0d0a3f
7.162176, 4.819554
7.176021, 4.878941
7.196790, 4.948147
7.214392, 5.004718
f0d5b185-856e-4697-8802-3fa175346600
7.428061, 4.830110
7.463332, 4.813366
7.474238, 4.802172
7.493412, 4.780347
7.510724, 4.769714
7.532859, 4.754361
030cc5cc-d328-42ca-9951-e170b2bd69e8
7.131781, 4.974618
7.147916, 5.044990
7.162284, 5.087563
7.177584, 5.123535
7.204708, 5.179659
7.224501, 5.230936
7.248600, 5.280901
7.276600, 5.358065
7.288176, 5.403131
7.300815, 5.452337
7.352366, 5.546358
7.374755, 5.596531
7.394942, 5.649122
7.411774, 5.676276
7.441541, 5.718621
7.486040, 5.768910
7.514739, 5.812637
7.562696, 5.881926
7.597302, 5.929297
7.629797, 5.966166
7.680919, 6.017379
7.703856, 6.048831
7.728762, 6.090604
7.883405, 6.277797
7.897477, 6.297178
7.906131, 6.316737
7.917858, 6.346938
7.927416, 6.375682
7.931759, 6.402966
7.942222, 6.440134
7.949552, 6.471691
7.982709, 6.582209
8.017042, 6.659797
8.034173, 6.698511
8.058154, 6.752705
8.073906, 6.795698
8.088532, 6.848674
8.102053, 6.897642
8.119666, 6.955812
8.137429, 7.019637
8.153741, 7.061503
8.167753, 7.109488
a9231d01-ae75-438d-be41-b9898bfd80bb
7.087498, 5.366706
7.151552, 5.386924
7.206123, 5.405718
7.248729, 5.429903
7.296127, 5.460250
7.362536, 5.488536
7.432165, 5.537495
7.492488, 5.553445
7.611730, 5.608403
7.676939, 5.641754
7.750801, 5.674486
7.844477, 5.713686
7.912832, 5.737421
7.952918, 5.752925
644365d2-3c36-4ed0-ab65-778773a8705b
7.037163, 5.171871
6.942469, 5.194871
6.848067, 5.224187
6.784758, 5.252657
6.737999, 5.270403
6.691131, 5.283388
6.437373, 5.319976
6.414290, 5.329795
6.357485, 5.360675
6.328872, 5.367712
6.271277, 5.383416
6.187685, 5.401909
6.090891, 5.432148
22c56b20-bd55-47a3-9690-e26b211f338a
7.055743, 5.841499
7.091111, 5.857386
7.183091, 5.891503
7.233903, 5.923508
7.350828, 5.945831
7.460002, 5.989196
7.536653, 6.014812
7.586332, 6.035787
7.615604, 6.044896
f506c5f5-44de-4239-8697-8263830b68eb
7.000436, 6.107297
7.056928, 6.129527
7.104300, 6.154602
7.158690, 6.181699
7.233927, 6.221497
7.344029, 6.270088
7.417754, 6.311691
7.484119, 6.349140
7.554562, 6.385454
7.594072, 6.405821
7.836431, 6.465495
7.899310, 6.488685
7.967378, 6.516421
8.033421, 6.546564
8.098164, 6.579404
8.181224, 6.621535
8.270399, 6.665699
09293f18-7553-4a11-a7ee-a39bb9cd7ef3
6.986889, 6.660109
7.010773, 6.667788
7.065295, 6.686890
7.119303, 6.707398
7.179285, 6.739048
7.242639, 6.775861
7.310573, 6.813605
7.382734, 6.853696
7.413819, 6.874391
7.539567, 6.913034
7.654243, 6.969117
7.708615, 7.000707
7.764556, 7.035048
7.801781, 7.049225
7.868455, 7.071417
7.924655, 7.096432
7.996374, 7.121802
8.056324, 7.144597
6babbc99-d59c-4ea9-bc59-dfa4df6aec33
6.949844, 6.980487
6.968218, 6.991769
7.014591, 7.023758
7.056019, 7.045065
7.112742, 7.070872
7.143402, 7.089755
7.176258, 7.121715
7.307840, 7.150711
7.387503, 7.199361
7.438039, 7.230210
7.488582, 7.261047
7.530867, 7.293875
7.556785, 7.310224
7.591878, 7.325296
7.648322, 7.346281
7.681575, 7.372803
0f0d20de-a5f5-45fa-88ce-04572a70e5bf
6.863971, 7.534161
6.777896, 7.566688
6.701557, 7.580186
6.507747, 7.608151
6.483259, 7.621471
6.423756, 7.653834
6.363654, 7.688227
6.317206, 7.707639
6.257126, 7.727882
6.201086, 7.749922
6.149592, 7.766957
d96e9d26-fde2-4d37-a0f2-af46ba8dbca8
6.956331, 8.205450
7.001383, 8.199563
7.039536, 8.212153
7.186431, 8.201354
7.264671, 8.218565
7.341064, 8.241739
7.402145, 8.263398
7.460168, 8.287147
473af7cb-1a53-4093-9742-be2378ac803a
7.160076, 9.876230
7.135588, 9.891100
7.092368, 9.910339
7.047892, 9.930139
c9d9ecb1-bace-4043-a813-c76c1b5d92af
7.242468, 9.925003
7.280762, 9.934067
7.373904, 9.954478
29d9ccbf-f3c4-47c1-9080-2bc22086bc5a
7.101068, 9.101061
7.038785, 9.130631
6.977373, 9.163100
6.919911, 9.190096
6.852384, 9.218514
6.800742, 9.242527
6.751127, 9.257896
3bcd4562-70fa-4e0b-a5d2-4b5ea995daf0
7.192742, 9.235011
7.198078, 9.235723
7.251365, 9.245844
7.301941, 9.255795
80700c3e-e488-4423-b985-fa3bf2fdcecc
7.244365, 10.187414
7.264056, 10.194968
7.328215, 10.218392
e13065bf-442a-47e7-b375-2abe65e6b0f0
7.069648, 8.920512
7.037211, 9.035344
7.071851, 9.222332
7.076712, 9.247614
7.080095, 9.270243
4bd82b33-7485-4f26-aebb-17f5c9d8d288
7.143733, 9.419957
7.086030, 9.449468
c813c153-0386-4ce0-9059-551faf002862
6.998790, 8.674029
6.968680, 8.653614
6.925850, 8.626181
53216028-4944-4d97-8260-d85509e5fff3
6.917256, 8.192029
6.876345, 8.216900
6.826704, 8.243575
6.739123, 8.300465
adb60369-ffa1-4e8f-ad10-48b5196f24fd
6.913077, 8.333317
6.865576, 8.323414
6.840711, 8.318229
6.822704, 8.327912
6.770040, 8.342098
6.733183, 8.355126
6.710147, 8.361682
6c246966-a6e1-4808-9ca8-01c603b209f2
6.880530, 8.015729
6.856155, 8.049092
6.836787, 8.058363
6.807970, 8.068837
6.776477, 8.080285
6.744449, 8.088742
6.718825, 8.097055
47e3447c-2fe5-4f4d-a3aa-187eedceb6da
6.825078, 7.494070
6.531008, 7.557774
6.489687, 7.566725
6.449511, 7.573897
6.400710, 7.581088
6.362185, 7.585253
6.335606, 7.589632
449c2c21-ab35-419a-b0e6-4b241d3bd908
6.999138, 5.075890
7.094023, 5.109604
7.181295, 5.142847
7.240728, 5.168687
7.306073, 5.187910
0edbb0b5-6f9a-4739-a514-2702e250faeb
7.081523, 4.724951
7.029913, 4.684469
7.012026, 4.668539
6.988854, 4.645900
6.981269, 4.628026
6.963450, 4.627822
6.944108, 4.621613
6.921946, 4.612809
6.908576, 4.618608
6.889460, 4.616034
6.854338, 4.612845
6.835546, 4.605128
6.814041, 4.594646
7107d1e0-8d3a-4182-8fa4-7fafdb163640
6.923763, 8.398730
6.912475, 8.403788
6.858813, 8.427830
6.805152, 8.451873
6.743489, 8.478888
