main root
6.468300, 5.037250
6.462133, 5.193919
6.440279, 5.424289
6.431373, 5.660614
6.371880, 5.908597
6.325345, 6.135272
6.319222, 6.370947
6.284410, 6.578786
6.254796, 6.817744
6.221304, 7.002475
6.204594, 7.118542
6.195785, 7.169223
6.180044, 7.225267
4a82acc5-62db-4e9c-87f4-38345e029b24
6.389543, 5.098884
6.307754, 5.111222
6.150259, 5.129220
5.987266, 5.129696
5.894862, 5.170047
5.799833, 5.226964
5.723317, 5.260677
5.628494, 5.297833
5.561492, 5.328606
5.504240, 5.358194
5.463372, 5.392793
a2cdc13c-1082-4077-9494-0ee7931422e3
6.402073, 5.351855
6.302029, 5.343476
6.205574, 5.361212
6.096396, 5.424093
6.060814, 5.441130
6.026856, 5.447435
6.017462, 5.469248
5.923004, 5.549576
5.858716, 5.595964
5.819913, 5.620272
f2c84f21-e15e-491e-901e-719495cead4c
6.332201, 5.589551
6.212567, 5.770762
6.179970, 5.828693
6.162097, 5.851589
6.143069, 5.888358
6.130815, 5.909090
6.113129, 5.930465
6.092267, 5.958249
6.072142, 5.982793
6.051404, 6.010669
6.035350, 6.024962
6.010764, 6.045037
5.985343, 6.064044
5.958530, 6.086138
5.932787, 6.109471
5.908174, 6.133991
5.884744, 6.159646
5.862549, 6.186377
5.842031, 6.218340
5.823760, 6.244294
5.804397, 6.269444
5.785069, 6.302140
5.767765, 6.328750
5.749340, 6.354595
5.733751, 6.379285
5.719768, 6.398893
786ae659-101a-4965-8811-170b6364e888
6.475056, 5.143816
6.621963, 5.151614
6.738315, 5.181060
6.811856, 5.186654
6.904642, 5.191600
6.997640, 5.196559
7.107552, 5.202419
7.180858, 5.214803
7.256045, 5.238234
7.351934, 5.272548
7.440595, 5.299808
7.522368, 5.331552
7.599875, 5.370538
7.652941, 5.395554
8c68d995-87d7-457d-9729-ffb3d5679d70
6.473814, 5.221580
6.587530, 5.403291
6.630033, 5.466201
6.708046, 5.541173
6.785178, 5.597695
6.872668, 5.664432
6.946124, 5.736425
7.013937, 5.799943
7.083922, 5.874190
7.156682, 5.935962
7.251529, 6.008183
7.300908, 6.051086
7.375876, 6.129649
58040e05-f61a-4a77-b3dc-5af8f896b83b
6.492360, 5.605982
6.630931, 5.729248
6.729599, 5.797632
6.766432, 5.821338
6.806122, 5.843323
6.862036, 5.870873
6.917203, 5.896387
6.945888, 5.912952
6.986637, 5.933025
7.020324, 5.967083
7.048769, 5.985200
7.069350, 6.003630
7.104576, 6.033169
d68ebe71-2ec4-444a-a8bd-06d4281308d9
6.418763, 5.728317
6.504084, 5.878424
6.530921, 6.034066
6.540986, 6.110055
6.545389, 6.184320
6.564559, 6.287328
6.607495, 6.420872
6.624768, 6.543533
6.631332, 6.605026
9738bab9-97be-41ff-b0d8-a7ecf5b208ee
6.379378, 5.238734
6.272342, 5.177764
6.167021, 5.130439
6.004101, 5.121914
5.874143, 5.093629
5.830727, 5.099431
5.801835, 5.100262
5.773539, 5.104071
