main root
6.743671, 5.288043
6.639703, 5.545499
6.606161, 5.649589
6.576638, 5.779728
6.550236, 5.886543
6.532072, 5.986474
6.511808, 6.086137
6.510020, 6.148012
6.509201, 6.249554
6.508382, 6.351155
6.511841, 6.443844
6.521594, 6.535966
6.530508, 6.620160
6.544448, 6.711866
6.564575, 6.802289
6.582971, 6.884935
6.607075, 6.954497
6.647119, 7.037942
6.694823, 7.127571
6.733341, 7.213371
6.768017, 7.290613
6.809805, 7.373425
6.857079, 7.453098
6.894013, 7.531603
6.931856, 7.616980
6.973029, 7.709868
7.013717, 7.812108
7.042554, 7.901633
7.068511, 7.982218
7.100927, 8.069129
7.127809, 8.159265
7.162863, 8.254594
7.195969, 8.350755
7.219884, 8.432962
7.253715, 8.519128
7.284010, 8.607800
7.314121, 8.695934
7.327357, 8.762450
7.344113, 8.800646
7.370781, 8.868890
7.402394, 8.941564
7.432791, 9.011439
7.463188, 9.081316
7.497524, 9.152743
7.526544, 9.220021
7.564242, 9.323446
7.593238, 9.402993
7.617414, 9.473690
7.630668, 9.540202
7.673038, 9.646124
7.695090, 9.709311
7.706542, 9.779109
7.701600, 9.826085
7.698854, 10.044574
7.691552, 10.130419
7.686477, 10.214528
7.679281, 10.299332
7.665814, 10.384429
7.659253, 10.465679
7.658739, 10.549298
7.658219, 10.633955
7.651346, 10.725639
7.645290, 10.778675
7.642940, 10.974600
7.611789, 11.317931
7.592084, 11.418097
7.572474, 11.517780
7.552387, 11.608986
7.526370, 11.707452
7.495888, 11.831036
7.475702, 11.930540
7.452968, 12.021442
7.438764, 12.112922
7.427071, 12.188223
7.414129, 12.261818
7.398632, 12.362159
7.386802, 12.409333
7.344784, 12.705441
7.344277, 12.794342
7.334993, 12.850943
7.327629, 12.932940
7.320837, 13.008757
7.314062, 13.084574
7.310020, 13.163643
7.306135, 13.239647
7.302122, 13.385911
7.298184, 13.439298
7.342011, 13.567833
7.516989, 13.573478
05fde346-99a2-4316-af96-b7eb0071a7d0
6.754003, 5.407709
6.798078, 5.447578
6.830600, 5.481034
6.871912, 5.523530
6.906873, 5.565937
6.964724, 5.626328
6.997750, 5.662967
7.074248, 5.753977
7.306066, 5.947835
7.483942, 6.136894
7.577381, 6.207617
7.746861, 6.317618
7.892879, 6.387790
8.152513, 6.569075
8.440371, 6.716465
8.593817, 6.816271
6198d397-af1b-462a-8b7e-e50c57af5dc8
6.676585, 5.597427
6.719846, 5.671232
6.757371, 5.675324
6.826256, 5.681343
6.877022, 5.679769
6.916122, 5.710819
6.940925, 5.746274
7.297524, 5.897874
7.342730, 5.923074
7.441246, 5.983560
7.765483, 6.168961
7.860782, 6.236414
7.948371, 6.290634
8.018896, 6.339168
8.093623, 6.395700
8.146006, 6.442834
8.188489, 6.481061
8.382512, 6.629936
8.449829, 6.697489
8.523495, 6.753525
8.601944, 6.802621
8.674465, 6.865378
8.750860, 6.917580
8.818521, 6.971479
8.875888, 7.058504
8.928887, 7.141740
8.954190, 7.195951
bb2e8a17-a53c-4dda-8608-7ec8e8c7be44
6.641644, 5.690356
6.675875, 5.721940
6.702745, 5.750809
6.724278, 5.769553
6.747656, 5.785938
6.782309, 5.810228
6.816960, 5.834519
6.881880, 5.855823
7.024592, 5.876775
7.064636, 5.894203
7.110530, 5.913137
7.160541, 5.941367
7.196521, 5.970894
7.260573, 6.002862
7.285790, 6.024418
7.316953, 6.060188
7.344963, 6.080120
7.650544, 6.273877
7.686462, 6.304870
7.717013, 6.320629
7.763607, 6.345735
7.805685, 6.372891
7.845491, 6.403280
7.895367, 6.435022
7.935367, 6.465158
7.985443, 6.496582
8.025634, 6.526464
8.066766, 6.558232
8.101141, 6.573433
8.653563, 6.847934
8.896736, 7.001804
a613773c-f3f8-49bc-9735-596b06f8667e
6.550522, 6.241746
6.568738, 6.247978
6.627468, 6.261530
6.707907, 6.273742
6.771462, 6.286419
6.868937, 6.328358
6.925753, 6.350546
6.961144, 6.359547
7.117507, 6.364252
7.174426, 6.376447
7.274508, 6.393565
7.365942, 6.415605
7.457701, 6.442074
7.519617, 6.467724
7.590011, 6.496886
7.653956, 6.525653
7.698784, 6.551492
7.842950, 6.564175
7.926428, 6.617462
8.007726, 6.661871
8.097834, 6.708683
8.187994, 6.755521
8.271408, 6.796485
8.349000, 6.827659
8.411846, 6.852908
8.463746, 6.878294
8.507612, 6.910163
8beceb05-a5b9-4a10-9e24-ca2f7b33ac31
6.841408, 7.360441
6.955998, 7.356628
7.047673, 7.346259
7.112228, 7.339005
7.174839, 7.334982
7.240367, 7.330772
7.305849, 7.326565
7.359747, 7.332476
7.452457, 7.329172
7.528790, 7.353570
7.597585, 7.378702
7.647694, 7.406572
7.683614, 7.398297
7.767616, 7.417534
7.816497, 7.413374
7.865254, 7.418238
7.934760, 7.425170
7.987650, 7.437966
9c973a6c-bdd0-4773-97c0-5a9ce574c95c
7.666790, 9.432211
7.704418, 9.447128
7.741836, 9.465197
7.774703, 9.472757
7.867897, 9.484084
7.943542, 9.493279
7.987668, 9.498642
8.102240, 9.478597
8.178312, 9.473709
8.228293, 9.468998
8.268495, 9.478050
9460d27f-8836-4a38-a729-089729236962
7.691080, 9.522195
7.746801, 9.529868
7.863547, 9.539833
7.948892, 9.555606
7.990470, 9.563290
8.030306, 9.572174
8.076317, 9.585503
8.133064, 9.600383
8.174254, 9.618714
95923317-5be7-44bf-b725-cedaa2a5f91a
6.682067, 7.020666
6.709568, 7.021067
6.747404, 7.015616
6.824954, 7.018496
6.881640, 7.025094
6.964361, 7.043073
7.003660, 7.051615
4798fd02-cda8-4325-b468-91e62297a4c9
7.610275, 9.498378
7.576534, 9.605301
7.561708, 9.652283
7.547651, 9.686879
7.529273, 9.724160
7.512682, 9.754431
7.473233, 9.806792
7.441192, 9.859789
4073dbb7-d84a-495c-8f1b-a0a3a0f653ba
7.728990, 10.196511
7.813377, 10.210102
d50198df-8c74-4bf7-bf7d-3fe5083fb775
7.095078, 8.004704
7.178739, 8.088510
7.192921, 8.093910
7.216648, 8.102955
7.236409, 8.099914
7.257759, 8.101171
7.296676, 8.106463
7.333190, 8.106897
7.367657, 8.108804
7.393018, 8.110208
bc8da563-4467-48c8-89d6-6f9519290182
6.981860, 7.682626
7.039805, 7.722540
7.056560, 7.737716
bc1354df-de9f-47f1-8dca-c64c0212214a
6.455833, 6.057900
6.396528, 6.077801
6.358334, 6.087451
6.331546, 6.097298
6.290088, 6.115717
6.251453, 6.132872
6.190458, 6.168242
