main root
6.632760, 3.899454
6.681354, 4.091719
6.674915, 4.232583
6.619673, 4.435105
6.590750, 4.565936
6.572754, 4.695811
6.559855, 4.800618
6.539155, 4.916980
6.534519, 5.019277
6.521453, 5.120699
6.522065, 5.209676
6.491529, 5.265986
6.501678, 5.300978
6.490595, 5.392412
6.474256, 5.509665
6.462571, 5.593520
6.457156, 5.675749
6.443777, 5.742236
6.426401, 5.813416
6.413228, 5.892622
6.403188, 5.971237
6.400279, 6.053094
6.390637, 6.110961
6.405737, 6.176949
6.386781, 6.197336
6.374327, 6.272760
6.375995, 6.326203
6.376805, 6.427047
6.362450, 6.510381
6.404754, 6.631092
6.431559, 6.727422
6.456013, 6.775048
6.427175, 6.845645
6.397560, 6.918147
6.364620, 6.964951
0669c034-5236-4408-8d08-efff47105f7c
6.726012, 4.106401
6.772511, 4.138092
