main root
7.214933, 4.400412
7.240398, 4.614543
7.239507, 4.740743
7.265792, 4.880814
7.276641, 5.022353
7.282618, 5.208484
7.275583, 5.392001
7.266487, 5.574500
7.255611, 5.708879
7.237558, 5.856781
7.224378, 6.044403
7.214169, 6.159598
7.195579, 6.273627
7.173909, 6.432017
7.166742, 6.607848
7.159500, 6.785512
7.135435, 6.965086
7.118166, 7.141179
7.116576, 7.264574
7.123108, 7.404191
7.126546, 7.538622
7.127762, 7.668158
7.140428, 7.798013
7.152529, 7.931140
7.165188, 8.078794
7.176235, 8.207643
7.180884, 8.342530
7.185363, 8.472459
7.178571, 8.582547
7.173367, 8.701159
7.174473, 8.820357
7.173461, 8.938739
7.168231, 9.056886
7.159141, 9.166553
7.147944, 9.276016
7.131269, 9.376670
7.112564, 9.476639
7.096992, 9.559862
7.086196, 9.651872
7.074356, 9.752777
7.069909, 9.863300
7.049553, 9.951421
7.042174, 10.030379
7.043285, 10.132134
7.044579, 10.250659
7.051897, 10.343006
7.060619, 10.426820
7.069382, 10.511029
7.078913, 10.588149
7.086588, 10.662468
7.087707, 10.733852
7.087248, 10.800103
7.083422, 10.866086
17948f8b-0610-4516-87bf-4453fa77cb65
7.377261, 4.360823
7.515503, 4.334432
7.618942, 4.339264
7.747722, 4.339047
7.846875, 4.350121
7.947219, 4.369840
8.038424, 4.389908
8.137269, 4.413822
8.249826, 4.449736
8.356079, 4.479197
8.444819, 4.510351
8.541306, 4.541983
8.638438, 4.571600
8.735085, 4.603281
8.841172, 4.655819
8.932459, 4.686862
9.038858, 4.716338
9.153816, 4.745997
9.267200, 4.779606
9.373374, 4.808872
9.490883, 4.862088
8f152442-3064-42f4-ab07-a8aed39d7835
7.073768, 4.421715
7.028085, 4.414936
6.991814, 4.408736
6.933593, 4.365230
6.894430, 4.316081
6.844633, 4.293016
6.805541, 4.316649
6.783463, 4.344049
6.740184, 4.385317
6.749124, 4.421055
6.734770, 4.458260
b9d5f5fd-c897-4a6a-bb51-24950b7f2ee5
7.095387, 4.456084
7.033615, 4.528634
6.982194, 4.607591
6.950394, 4.641552
6.931586, 4.661638
6.869591, 4.780632
6.832652, 4.833713
49ad369c-fa70-45a6-baaf-b0ef312a035c
7.159047, 4.527494
7.083293, 4.576924
7.042839, 4.637981
7.019456, 4.673272
6.912236, 4.809422
6.878913, 4.852097
6.853903, 4.881694
6.833056, 4.901727
6.804142, 4.925360
6.771577, 4.950043
6.742035, 4.978069
123195e4-9e24-4fcc-b9d9-3af27365e10a
7.166656, 4.760417
7.078093, 4.738598
7.035265, 4.721567
6.966463, 4.736330
6.873625, 4.779500
6.837915, 4.795359
6.755905, 4.832026
6.659009, 4.913558
6.587744, 4.973524
6.511871, 5.029120
6.429912, 5.089175
6.344749, 5.159446
6.270609, 5.228850
6.191925, 5.293815
6.120616, 5.366406
6.054113, 5.443159
5.992532, 5.523922
5.937848, 5.609595
5.880383, 5.703557
5.815119, 5.802182
5.761312, 5.898833
5.699536, 6.009797
5.641169, 6.123270
5.588969, 6.220128
5.540770, 6.309562
5.486714, 6.405404
5.449326, 6.493221
5.415458, 6.588974
5.383597, 6.685391
5.355784, 6.783039
5.325635, 6.888891
5.297506, 6.995375
5.267234, 7.109971
5.256178, 7.201533
5.249162, 7.329696
5.240138, 7.456121
5.227513, 7.573723
5.213667, 7.682881
5.190466, 7.798729
5.172979, 7.907594
5.149280, 8.015102
5.131576, 8.115071
5.123999, 8.206387
5.120530, 8.299074
5.120029, 8.368718
5.113777, 8.441293
9b1ab375-49d2-40f7-9fbe-61a682a1b343
7.184847, 4.823691
7.121127, 4.889303
7.085428, 4.927352
7.056813, 4.966631
7.031959, 5.000783
7.008439, 5.043310
6.988016, 5.080280
6.965257, 5.109099
6.938594, 5.137997
6.921539, 5.160866
6.900023, 5.189683
6.886038, 5.218386
6.868918, 5.260313
6.854585, 5.303272
6.845009, 5.350893
6.834341, 5.388757
6.821374, 5.451344
6.807632, 5.517667
6.796290, 5.557654
6.778632, 5.608939
6.756556, 5.659266
6.737688, 5.709732
6.721653, 5.761167
6.710114, 5.813267
6.702332, 5.848399
6.702528, 5.882123
6.705883, 5.944364
6.713001, 5.992991
6.726089, 6.030727
6.753995, 6.097490
6.780118, 6.159986
6.789753, 6.194681
6.801504, 6.242585
6.809985, 6.289724
6.822217, 6.349264
6.847040, 6.428868
6.859061, 6.482499
6.877451, 6.550858
6.897245, 6.624435
6.909704, 6.693798
6.933604, 6.776053
6.937765, 6.877557
6.931545, 6.945093
6.925917, 7.006219
6.931433, 7.087331
6.946173, 7.171711
6.961019, 7.247997
6.970311, 7.319249
6.983448, 7.419988
6.984913, 7.489092
6.989584, 7.568201
6.997813, 7.671669
6.998786, 7.721672
