main root
6.479084, 4.965066
6.357998, 5.168979
6.304446, 5.322342
6.262005, 5.508874
6.223094, 5.704433
6.199926, 5.870810
6.195285, 6.018138
6.218703, 6.145838
6.265989, 6.301966
6.366665, 6.552980
6.408939, 6.692412
6.449141, 6.995288
6.474012, 7.118744
6.494417, 7.241321
6.497909, 7.375664
6.486060, 7.466589
6.460596, 7.566765
6.405610, 7.678022
6.349872, 7.824048
6.298051, 7.985976
6.250476, 8.140949
6.246677, 8.235711
6.234455, 8.389682
6.237513, 8.508405
6.207436, 8.588321
6.156035, 8.661305
897d79ae-067d-4ec2-9099-f9e1c31f0171
6.322679, 5.093236
6.237527, 5.003499
6.188679, 4.987129
6.152170, 4.986848
6.086143, 4.994593
6.024796, 5.004188
5.976165, 5.004330
31feb377-aa56-4194-b749-8bfcfb74a8c5
6.505963, 5.092727
6.605278, 5.134170
6.711821, 5.170869
6.831362, 5.201159
6.946431, 5.225409
7.108334, 5.276303
7.186467, 5.292044
7.324957, 5.305885
7.378474, 5.319569
7.443033, 5.345857
d2eea3f6-77d6-4f62-8f19-d0368f45ce78
6.149665, 6.121627
6.097345, 6.190826
6.034321, 6.247688
6.011074, 6.262615
5.968329, 6.290062
5.932278, 6.307875
5.887414, 6.328373
5.851574, 6.343102
525bef25-2909-4dfc-864a-dd476eee6a2d
6.327780, 5.568669
6.440732, 5.635068
6.513969, 5.668564
6.596028, 5.715347
6.688354, 5.775290
6.773568, 5.830615
6.817361, 5.862616
6.875168, 5.885044
17adeb25-530e-4fb3-a411-ae1a8ee7f2f7
6.337659, 5.573214
6.429930, 5.558313
6.501729, 5.546742
6.562077, 5.537525
6.603911, 5.531136
6.636975, 5.529115
6.710533, 5.542675
6.765331, 5.555821
6.824767, 5.568540
6.892779, 5.581563
6.953721, 5.596280
7.003856, 5.613006
7.054282, 5.632985
7.091671, 5.647799
