main root
6.296079, 4.793769
6.247684, 4.987313
6.249211, 5.248897
6.250802, 5.423788
6.244967, 5.603150
6.231027, 5.913097
6.247102, 6.069404
6.282630, 6.279564
6.299160, 6.524112
6.322251, 6.661359
6.342608, 6.794936
6.331397, 6.965087
6.306332, 7.066469
6.284579, 7.172707
6.277219, 7.283849
6.281717, 7.419200
6.279759, 7.549393
6.269548, 7.667113
6.262140, 7.777011
6.252074, 7.894965
6.243435, 7.996201
6.242489, 8.106818
6.243663, 8.216951
6.244746, 8.318543
6.248036, 8.428642
6.251070, 8.530196
6.248008, 8.640242
6.247299, 8.741783
6.252797, 8.860874
6.256147, 8.979214
6.259023, 9.080770
6.263754, 9.173566
6.266016, 9.258654
6.268266, 9.343286
6.273363, 9.422377
6.273144, 9.517672
6.275097, 9.570169
6.269230, 9.613732
8c0b3a72-c2e2-4ad2-8717-b74b269f28df
6.260860, 5.486321
6.400680, 5.487777
6.493444, 5.497990
6.583527, 5.513577
6.611471, 5.515271
6.627716, 5.524889
6.657774, 5.535730
6.683583, 5.543448
b61b7b30-d0a8-4aa5-90a4-ef8c9de44f9a
6.302479, 4.881589
6.438991, 4.824596
6.494415, 4.781906
6.522382, 4.760277
6.539699, 4.741255
6.557647, 4.737459
6.588033, 4.726443
6.617882, 4.715622
9c36bb6b-9738-4c56-93f0-eb7dcd16e5af
6.174393, 5.634443
6.134100, 5.741811
6.105058, 5.810268
6.084845, 5.878466
6.071039, 5.907874
6.054166, 5.946685
6.037290, 5.985495
6.024492, 6.022430
6.008510, 6.089330
5.994582, 6.134740
59592d9e-d0d6-4499-8243-04162fb5da23
6.235191, 5.336935
6.080478, 5.346700
5.985864, 5.364726
5.866059, 5.380189
5.802585, 5.396627
5.675001, 5.470516
5.640049, 5.485569
5.547240, 5.536203
5.446948, 5.594067
29db0196-62df-4d21-8109-6f89211f20d3
6.251403, 5.077428
6.146190, 5.088202
6.086176, 5.093269
6.015776, 5.097345
5.952952, 5.093696
5.881591, 5.084988
5.845787, 5.075157
5.801322, 5.066951
5.755866, 5.060084
5.674562, 5.063714
5.602609, 5.071423
5.533937, 5.080284
5.469180, 5.093168
5.401567, 5.108146
5.326959, 5.123836
0c7e9be5-6e32-441e-860f-22c70a9e66a5
6.167843, 4.969935
6.120985, 5.005755
6.083406, 5.036005
5.952167, 5.167936
5.921496, 5.206716
5.873879, 5.266933
5.839453, 5.320777
5.809393, 5.376408
5.760922, 5.455202
5.722092, 5.525619
5.624829, 5.718730
5.562859, 5.853507
5.547248, 5.959742
5.504631, 6.191007
5.488539, 6.322393
5.432532, 6.509416
