main root
6.400927, 4.285165
6.461949, 4.449372
6.531880, 4.589430
6.578469, 4.724648
6.633477, 4.884300
6.716417, 5.079538
6.771956, 5.242734
6.809181, 5.400552
6.835859, 5.567625
6.863163, 5.725623
6.883349, 5.842430
6.903273, 5.933018
6.920680, 6.041713
6.931753, 6.123971
6.937683, 6.168023
6.965287, 6.352347
6.990190, 6.437779
6.999427, 6.544169
7.002777, 6.617362
7.003132, 6.690631
7.006510, 6.769812
7.019111, 6.854532
7.017313, 6.903500
7.026043, 6.992055
6.999164, 7.089959
6.997819, 7.153515
7.003993, 7.286598
6.996103, 7.390459
6.984815, 7.460012
6.981287, 7.519112
6.981953, 7.558198
1d08b059-1bb4-449d-929b-6d917029e2c6
6.380092, 4.382068
6.337295, 4.449006
6.335591, 4.487922
6.310434, 4.537736
bf69d292-4b6b-4aec-bd25-a3def8dd4d6f
6.443363, 4.529951
6.372923, 4.636058
6.339857, 4.678279
6.308438, 4.712878
8901598c-4764-4d92-bf2b-43bca39ecdf9
6.543301, 4.446906
6.631822, 4.478160
6.665458, 4.491009
6.705939, 4.504871
6.753997, 4.521327
6.806164, 4.540773
6.833989, 4.552742
6.871982, 4.577016
8002df1e-1dc8-4554-88ce-198bbd850a15
6.645701, 4.672027
6.697372, 4.675830
6.734384, 4.668820
6.767846, 4.660744
6.797762, 4.654848
6.821669, 4.651445
