main root
6.453569, 4.950858
6.448831, 5.177835
6.469597, 5.419851
6.464852, 5.613961
6.514838, 5.893071
6.520531, 6.087766
6.477252, 6.292852
6.402681, 6.444557
6.295581, 6.657787
6.191471, 6.822759
6.015086, 7.019706
5.923492, 7.156564
5.813516, 7.312489
5.761056, 7.386867
5.736158, 7.427362
ff91cb35-e4c8-4e68-b014-a250d6209e89
6.557433, 5.278966
6.628923, 5.294934
6.695248, 5.293975
6.750545, 5.266221
6.802053, 5.235675
6.831654, 5.220808
6.866262, 5.206776
6.912826, 5.192741
6.975679, 5.176923
7.032071, 5.164275
7.072846, 5.147460
7.134649, 5.123591
7.196981, 5.101123
7.242974, 5.087727
7.299877, 5.071152
7.345609, 5.053156
7.412014, 5.020591
7.446069, 5.008892
7.510122, 4.986887
7.555235, 4.972972
7.582519, 4.962990
87057437-12df-4f38-ab53-9a71001b9e12
6.555579, 5.566628
6.590343, 5.605151
6.603132, 5.623791
6.622919, 5.657922
6.648242, 5.695632
6.683360, 5.745246
6.702782, 5.780456
6.729352, 5.825528
6.739327, 5.851292
6.755734, 5.897811
6.769611, 5.932659
6.780953, 5.957093
69aefefb-2501-4e65-90b7-828a7a1ea17f
6.432750, 6.002176
6.404748, 6.043551
6.385323, 6.066537
6.347351, 6.113786
6.310557, 6.161958
6.251543, 6.225556
6.199710, 6.281415
6.147640, 6.330929
6.066243, 6.397757
e85c0154-2aad-4f9a-9316-ee99ab835c89
6.395883, 5.734164
6.358295, 5.756902
6.293221, 5.796451
6.255377, 5.819767
ce564239-d86f-4ed7-885f-3565e09549b6
6.397571, 5.655693
6.355753, 5.687112
6.320634, 5.722216
6.265202, 5.772893
abfd9745-d728-4444-80b5-2ec1cb1bdc4e
6.366784, 5.454076
6.300976, 5.476935
6.238886, 5.493793
6.145889, 5.510324
6.055394, 5.530683
5.967303, 5.559126
5.879541, 5.589672
5.799582, 5.617503
5.706137, 5.636663
5.615552, 5.657385
5.534771, 5.680119
5.464345, 5.691197
5.370101, 5.697506
5.277927, 5.707891
5.209927, 5.721904
5.136556, 5.745493
5.064978, 5.766932
5.016333, 5.784627
be15ff71-fe7c-4b8b-aa07-ff68e154dee1
6.339748, 5.213251
6.242991, 5.226906
6.186173, 5.229690
6.140553, 5.232327
6.113093, 5.229284
6.062602, 5.223688
6.007006, 5.214514
5.946815, 5.206099
5.878048, 5.197997
5.814100, 5.187448
5.753901, 5.179035
5.704874, 5.169160
5.664823, 5.158040
5.612248, 5.134154
5.591159, 5.121285
5.563252, 5.097243
5.531770, 5.074071
5.499922, 5.056204
5.446004, 5.029388
5.379226, 5.002863
5.308410, 4.974734
5.268996, 4.954248
5.223921, 4.930818
5.172932, 4.907688
5.122653, 4.889810
5.068971, 4.873899
5.030413, 4.862470
a6f29f9d-f480-4701-9150-50c4d507d5c0
6.376563, 5.091362
6.233366, 5.040767
6.127643, 5.010963
6.041716, 4.982223
5.940429, 4.883159
