main root
6.640207, 4.054373
6.736380, 4.227051
6.746883, 4.495658
6.729798, 4.682632
6.739045, 4.954803
6.721426, 5.190161
6.710720, 5.583362
6.710572, 5.738944
6.708953, 5.908080
6.704065, 6.034524
6.699814, 6.144513
6.702549, 6.237116
6.707662, 6.338530
6.722092, 6.457169
6.716163, 6.548206
6.709986, 6.675337
6.700036, 6.793191
6.689351, 6.919742
6.689014, 7.048512
6.685431, 7.175339
6.678019, 7.287950
6.668682, 7.397590
6.660713, 7.516038
6.654283, 7.660017
6.647135, 7.772678
6.645914, 7.891890
6.642609, 8.028239
6.638066, 8.152810
6.639276, 8.291195
6.628964, 8.417986
6.626707, 8.549142
6.624230, 8.693049
6.628328, 8.820948
6.625781, 8.939105
6.627438, 9.058035
6.627104, 9.184775
6.621984, 9.329977
6.615886, 9.442936
6.612525, 9.544420
6.607635, 9.629398
6.602336, 9.695441
6.597849, 9.777818
6.595431, 9.822202
e7060d85-755e-44bf-a244-0a7d4bcd2437
6.719143, 5.308049
6.837136, 5.362846
6.931870, 5.406005
6.988619, 5.435831
7.068997, 5.479864
45c57498-4a18-4d67-a17e-7cf9656d74d5
6.689930, 4.128378
7.047012, 4.224939
7.151856, 4.271838
7.281032, 4.322165
7.386332, 4.368786
7.480227, 4.413120
7.565607, 4.449792
7.627905, 4.471664
7.683768, 4.493755
9cab063f-09a3-49d8-9a43-add353b0a4e9
6.606471, 4.123651
6.519756, 4.139956
6.463947, 4.155575
6.397886, 4.184757
6.346562, 4.210047
6.305621, 4.226738
6.268283, 4.238058
6.228868, 4.248838
6.186985, 4.261844
6.139458, 4.275035
6.090509, 4.288622
6.032360, 4.306315
6.002981, 4.313690
5.977258, 4.321690
804cfea5-e162-4503-a27a-262f72b156c8
6.728991, 4.266239
6.608133, 4.279499
6.571545, 4.288367
6.486023, 4.322521
6.409316, 4.324851
6.325579, 4.301732
6.294973, 4.293283
6.263124, 4.290703
6.222421, 4.291911
6.195115, 4.290744
1e4063d5-0098-4440-bb92-0f55e211e978
6.746060, 4.400261
6.845178, 4.449208
6.897038, 4.476051
6.923472, 4.493187
7c54cf6d-ae4d-4b7b-bb7c-680547e59dcf
6.742030, 4.573191
6.828221, 4.542875
6.891142, 4.524405
6.951991, 4.501600
6.985965, 4.497022
7.046272, 4.488945
7.078938, 4.480611
7.100344, 4.480785
7.135588, 4.479547
7.159556, 4.480175
43017c7f-16ef-4413-af18-14ccfce7b728
6.744078, 4.917402
6.795504, 4.922015
6.847981, 4.922995
