main root
6.870363, 4.852273
6.876657, 5.084364
6.894118, 5.254149
6.900509, 5.370499
6.899408, 5.552593
6.873588, 5.713897
6.866346, 5.837106
6.873640, 6.003349
6.880526, 6.160285
6.908397, 6.282424
6.934981, 6.474761
6.962878, 6.631699
7.003736, 6.825568
7.019760, 7.007951
7.022186, 7.193196
7.011615, 7.335259
6.991514, 7.528471
6.995854, 7.655867
6.955409, 7.750753
6.918434, 7.962244
6.900607, 8.088592
6.889932, 8.179275
6.884831, 8.240653
6.889812, 8.340688
6.891190, 8.398466
6.889741, 8.463252
6.888037, 8.539433
6.884870, 8.614090
6.884863, 8.684885
6.883359, 8.759581
6.883463, 8.828833
6.885063, 8.898062
6.885097, 8.964313
6.886630, 9.033548
6.885070, 9.098345
6.882184, 9.156063
6.877380, 9.222141
6.871086, 9.288088
6.865997, 9.357150
6.858254, 9.421498
6.852482, 9.481998
6.848743, 9.552694
6.844720, 9.628781
6.843007, 9.689538
6.842551, 9.758780
6.840618, 9.825008
6.835738, 9.889626
6.834034, 9.951937
6.833405, 10.029643
6.834798, 10.113893
6.837159, 10.166157
6.837889, 10.215476
6.841928, 10.286155
6.843117, 10.359412
6.848916, 10.440016
6.850575, 10.504807
6.852093, 10.564050
6.856680, 10.626208
6.867096, 10.706344
6.874149, 10.772215
6.884655, 10.842226
6.895964, 10.917584
6.906461, 10.977448
6.918158, 11.044159
6.926663, 11.101323
6.936631, 11.168324
6.947053, 11.228211
6.956937, 11.293729
6.970447, 11.363220
6.982301, 11.416348
6.990250, 11.465725
1b50971c-8332-423b-b0cf-babb6608a142
6.961779, 4.875062
7.054881, 4.865024
7.131025, 4.891600
7.187292, 4.911915
7.210521, 4.920333
7.231027, 4.917463
7.268306, 4.915269
7.301415, 4.916319
7.364458, 4.931819
7.428720, 4.964202
7.462625, 4.982963
7.519519, 5.030690
7.571252, 5.068227
7.596196, 5.090024
7.623848, 5.118164
7.651405, 5.148341
7.679158, 5.172074
7.726209, 5.204431
7.766716, 5.239554
7.815715, 5.278078
7.849783, 5.308670
7.889652, 5.348496
7.927349, 5.390383
7.969110, 5.434547
8.004014, 5.471461
8.042619, 5.514466
8.076555, 5.552271
8.124599, 5.596830
8.165938, 5.637211
8.207112, 5.671155
8.263585, 5.713832
8.312964, 5.749272
8.348337, 5.778344
8.374973, 5.798298
cd5d3dd3-181b-4f37-ad51-52bbd3017535
6.938433, 5.008033
6.995025, 5.062527
7.033253, 5.116120
7.064724, 5.157706
7.101585, 5.198973
7.119216, 5.225452
7.143220, 5.266902
7.168829, 5.317099
7.189029, 5.356694
0dca6aff-4e16-489b-8456-d1b5a4e34695
6.837378, 5.156165
6.780702, 5.150074
6.723761, 5.134492
6.681756, 5.139051
6.591143, 5.157351
6.499198, 5.173774
6.417413, 5.192596
6.343150, 5.209687
6.262149, 5.237544
6.193802, 5.254717
6.085201, 5.273279
5.994569, 5.293037
5.906961, 5.322899
5.841070, 5.334185
5.739617, 5.345124
5.639208, 5.360206
5.551385, 5.381905
5.480932, 5.403646
5.412500, 5.426620
