main root
6.145410, 4.881534
6.123368, 5.093949
6.027425, 5.331199
5.982498, 5.695915
5.982597, 5.841373
5.978080, 6.023146
5.964262, 6.160704
5.965982, 6.302503
5.969896, 6.457805
5.983899, 6.610446
6.000890, 6.756143
6.025307, 6.907476
6.043448, 7.019918
6.074010, 7.130256
6.116294, 7.251446
6.176926, 7.392052
6.228546, 7.511757
6.282908, 7.627213
6.333912, 7.735394
6.380250, 7.864790
6.419250, 7.948739
6.482846, 8.060714
6.564339, 8.171561
6.662437, 8.308529
6.723939, 8.387139
6.751835, 8.425227
6.856663, 8.557170
6.880115, 8.591492
6.913490, 8.685419
6.958115, 8.766287
6.990856, 8.831804
7.036961, 8.903960
7.057191, 8.946732
7.079457, 9.000798
7.092831, 9.064719
7.106338, 9.114684
7.125637, 9.151658
bc46d946-c3db-4967-b0e9-a38fc5314494
5.952465, 5.531911
5.815740, 5.509567
5.758809, 5.491177
5.724194, 5.475276
5.695344, 5.462021
5.668299, 5.452886
5.650399, 5.458397
5.631817, 5.456606
5.602002, 5.450724
5.569396, 5.444292
5.527866, 5.436099
5.436009, 5.419811
5.410999, 5.415377
5.382518, 5.413369
5.361763, 5.423147
5.295925, 5.437037
5.257729, 5.443566
5.208661, 5.448825
5.134730, 5.464325
5.094458, 5.471239
5.051515, 5.480131
4.999447, 5.493969
4.958612, 5.501724
4.919406, 5.506122
4.877336, 5.510842
4.833945, 5.517217
4.782420, 5.526298
4.733608, 5.533382
4.667552, 5.545401
66965402-1501-4b3e-a465-ef02137ff2b4
6.082597, 5.527213
6.128243, 5.540321
6.181703, 5.582109
6.232585, 5.618080
6.307328, 5.659923
6.375860, 5.696574
6.434650, 5.725616
6.473566, 5.757206
6.606061, 5.811250
6.774407, 5.889358
6.843534, 5.921430
6.916637, 5.952046
6.994761, 5.978274
7.074584, 5.998757
7.124931, 6.019402
7.217479, 6.061924
7.282747, 6.095207
7.350626, 6.129821
7.409499, 6.165142
7.493920, 6.209253
7.568058, 6.236179
7.637454, 6.256601
7.681794, 6.285780
7.719784, 6.316152
7.770571, 6.358662
7.824604, 6.401931
7.879562, 6.444017
7.939618, 6.484345
7.989601, 6.523313
8.049306, 6.564158
8.102397, 6.636828
8.186069, 6.706532
8.235980, 6.750059
8.269526, 6.785272
8.307473, 6.832248
fe3fbb9e-a0fb-424e-84eb-cf2afbdb0b86
6.172789, 5.207426
6.397719, 5.394364
6.445712, 5.443823
6.470950, 5.474132
6.498032, 5.506654
6.533850, 5.552006
6.559819, 5.589717
6.578785, 5.625176
6.602743, 5.669968
6.626646, 5.721003
6.642297, 5.747364
6.739963, 5.916317
6.771005, 5.973337
6.788992, 6.002885
6.803685, 6.029561
6.817750, 6.057843
6.830620, 6.086688
6.846224, 6.117561
6.861055, 6.146906
6.931247, 6.265469
6.963864, 6.302106
7.001857, 6.353787
7.030278, 6.389919
7.061011, 6.415364
7.092387, 6.453002
7.149609, 6.512293
7.166485, 6.547021
7.197013, 6.609847
7.216739, 6.643595
7.247537, 6.690354
7.284936, 6.736252
7.349915, 6.797040
7.427273, 6.907810
7.463972, 6.962973
7.498241, 7.017188
7.525438, 7.065404
ff3c8ea0-a9c0-4d7b-a026-af80140ec353
6.207962, 5.083674
6.328232, 5.198277
6.424504, 5.329210
6.535290, 5.401603
6.659205, 5.461136
6.696917, 5.487557
6.765417, 5.538081
6.800410, 5.567610
6.922383, 5.651270
6.963674, 5.692297
6.998553, 5.720621
7.035163, 5.748424
7.095634, 5.776374
7.138101, 5.791055
7.207826, 5.810409
7.267565, 5.831650
7.314180, 5.862522
7.372725, 5.899499
7.427238, 5.928620
7.493532, 5.953855
7.547911, 5.981533
7.659439, 5.990794
7.744315, 6.059176
7.871288, 6.156213
8.004032, 6.242185
8.116796, 6.310525
8.187552, 6.366578
a682d3f3-e9ac-446f-a4ab-cffc15d0a23a
6.184469, 5.226261
6.280280, 5.277895
6.354664, 5.333206
6.566648, 5.417718
6.820567, 5.569367
7.033979, 5.654785
7.097935, 5.681616
7.141305, 5.712774
7.221067, 5.759706
7.297866, 5.814652
7.369465, 5.876221
7.425176, 5.910258
7.523680, 5.939355
7.622674, 5.976224
7.752544, 6.068063
7.966013, 6.214812
8.041640, 6.265162
8.134986, 6.321579
5551175e-102e-45e9-88fe-00ea8ea13f51
6.211901, 5.013697
6.289830, 4.988344
6.315221, 4.998737
6.364016, 5.017047
6.405622, 5.037408
6.453090, 5.058925
6.493249, 5.082010
6.551443, 5.103327
6.600888, 5.119799
6.643227, 5.138591
6.695417, 5.156796
6.737488, 5.176181
6.789416, 5.195118
6.813544, 5.208650
6.859733, 5.232789
6.897455, 5.250765
7.031168, 5.303179
7.096882, 5.323850
7.175135, 5.354950
7.256044, 5.373717
7.326677, 5.393173
7.382575, 5.414781
7.456315, 5.452358
7.520181, 5.488264
7.584565, 5.526177
7.650039, 5.569642
7.691221, 5.593388
7.792734, 5.640191
7.853795, 5.674936
7.913714, 5.714197
7.991037, 5.782564
8.051819, 5.822465
8.124164, 5.864995
8.207040, 5.906396
8.283327, 5.942188
8.358983, 5.982265
8.422275, 6.019179
8.490146, 6.057033
8.535398, 6.084693
67a106c6-84bc-418c-bcfc-6ce711c524cb
5.976807, 6.703959
6.055543, 6.719784
6.144272, 6.739975
6.173605, 6.748476
6.202395, 6.758671
6.268913, 6.751993
6.345023, 6.755911
6.416408, 6.764083
6.500341, 6.771604
6.543958, 6.780021
6.596567, 6.793222
5692706b-dca9-4822-b3b3-2830753497aa
6.035323, 5.838217
6.090498, 5.852645
6.165952, 5.870830
6.238130, 5.889765
6.303428, 5.905347
6.484924, 5.927313
6.561622, 5.933068
6.626727, 5.945458
6.702267, 5.956787
6.780433, 5.967630
6.822847, 5.985343
2569bb4d-bef8-4c82-98d0-49a639f3cb2d
5.938251, 5.338013
5.887753, 5.355622
5.831928, 5.375121
5.801317, 5.373130
5.766483, 5.373836
5.720439, 5.380729
5.662012, 5.389446
5.603581, 5.398133
5.464333, 5.444091
5.343084, 5.469589
5.293764, 5.485853
5.243211, 5.493069
5.189177, 5.497755
5.138572, 5.502137
5.116553, 5.532531
5.033422, 5.564338
4.987089, 5.583668
2d966887-2e61-4e3f-bd6d-068143be4508
6.082795, 7.195857
6.035073, 7.226994
5.983949, 7.249192
c8b44d60-6889-432d-b8a7-4d61e74d9be9
6.034681, 6.472626
6.101564, 6.487628
6.179488, 6.502039
6.219034, 6.509352
c5971d1c-b5eb-442e-93cd-8800df2f7796
6.037570, 5.113403
5.964692, 5.075848
5.938095, 5.065498
5.904736, 5.060548
5.883011, 5.054298
