main root
7.113519, 4.226428
7.035068, 4.309742
6.955368, 4.452142
6.863793, 4.570034
6.815731, 4.708322
6.794740, 4.797339
6.779982, 4.905821
6.775767, 5.015050
6.779849, 5.128155
6.794173, 5.231700
6.812531, 5.349000
6.827606, 5.431913
6.852572, 5.511280
6.842613, 5.628363
6.843846, 5.711744
6.862548, 5.840629
6.868429, 5.982170
6.873349, 6.100603
6.874404, 6.227134
6.873360, 6.353881
6.868078, 6.488599
6.872215, 6.599131
6.880564, 6.709081
6.884670, 6.819034
6.890893, 6.929003
6.896633, 7.030433
6.900736, 7.140388
6.911500, 7.259108
6.917969, 7.377194
6.910139, 7.502935
6.908549, 7.647912
6.909226, 7.777528
6.907733, 7.895902
6.908745, 7.980167
6.907616, 8.058928
6.903726, 8.121502
6.892822, 8.275658
6.900130, 8.405744
6.903021, 8.532084
6.899607, 8.658233
6.885268, 8.807816
6.855684, 8.983346
6.842793, 9.088510
6.841727, 9.165994
6.843951, 9.221938
6.841395, 9.351532
6.839359, 9.525824
6.846972, 9.625558
6.834825, 9.716846
6.775816, 9.817916
6.754281, 9.949578
6.740113, 9.999106
6.734320, 10.055431
6.718107, 10.171391
6.720001, 10.233515
6.719301, 10.259570
6.685942, 10.359898
6.638029, 10.498094
6.616675, 10.578565
6.607525, 10.653614
6.603667, 10.771231
6.612423, 10.890501
6.584141, 11.046867
6.575404, 11.128809
6.559157, 11.168251
6.552592, 11.206687
8fb9985f-6be4-42b9-a535-dfa5a02284d4
6.863961, 4.466368
6.668407, 4.468872
6.619403, 4.462757
6.560163, 4.453856
6.421066, 4.413786
6.377811, 4.396651
6.348369, 4.389817
6.297089, 4.379451
6.242006, 4.372896
6.193227, 4.365583
6.151752, 4.360879
6.126514, 4.358015
5.781034, 4.412356
5.708435, 4.429277
5.556492, 4.471391
5.280723, 4.593541
5.170962, 4.648816
4.933544, 4.750714
4.779068, 4.826192
b8596bcf-d760-4845-b937-e831d5cad097
6.946636, 4.400191
6.847110, 4.380675
6.782407, 4.370143
6.698208, 4.380012
6.557424, 4.368289
6.475535, 4.341704
6.370458, 4.346436
6.298616, 4.345177
6.209553, 4.334454
6.166245, 4.319362
6.141388, 4.329064
6.064129, 4.334715
6.006455, 4.338974
5.871895, 4.382575
5.729234, 4.424636
5.500649, 4.478490
5.477733, 4.486211
5.430407, 4.497418
4.799056, 4.814208
4.706320, 4.844489
4.659253, 4.858236
4.633883, 4.867160
4.597221, 4.884769
4.552658, 4.907785
4.511253, 4.934172
4.483105, 4.957435
d0fab083-4d3b-4819-a21d-a1fa61de09d4
6.859121, 6.724215
6.788492, 6.777585
6.725308, 6.825634
6.705660, 6.836814
6.682866, 6.846341
6.650469, 6.858258
6.613405, 6.867108
6.566846, 6.882843
6.518718, 6.899107
6.490772, 6.911711
6.411655, 6.936719
6.373244, 6.945721
6.334261, 6.951781
6.289935, 6.961701
6.248626, 6.970945
6.221571, 6.980066
6.181583, 6.996706
6.140885, 7.016882
6.104311, 7.031671
6.065068, 7.047540
6.024171, 7.067307
5.990051, 7.078811
5.941913, 7.095042
5.884812, 7.115874
5.833315, 7.137848
5.785381, 7.164811
5.718401, 7.204205
5.679555, 7.228788
2aba85ac-bf59-43a8-a4cf-c668355d85d7
6.876987, 6.662979
6.932689, 6.671587
6.990279, 6.710320
7.030807, 6.739881
7.127793, 6.786355
7.168311, 6.797471
7.206483, 6.803284
7.228574, 6.811188
7.270020, 6.818070
7.293357, 6.823461
7.318375, 6.830774
7.349018, 6.841290
7.375341, 6.855070
7.419482, 6.866350
7.442272, 6.873717
ba332ead-f712-4a9b-98d4-bfcc08cece67
6.860376, 6.759248
6.797397, 6.955894
6.789907, 6.992261
6.742591, 7.263063
6.725266, 7.557903
35e21247-4bb8-4678-9744-8e5068c1c075
6.818735, 6.282971
6.786583, 6.281424
6.747573, 6.276528
6.719052, 6.275945
6.670737, 6.280949
6.632751, 6.280370
6.607416, 6.284293
6.570232, 6.294603
6.538674, 6.301808
6.504566, 6.311137
6.472982, 6.318231
6.447063, 6.325592
6.315996, 6.371393
6.275116, 6.387264
6.237362, 6.398710
6.213054, 6.406079
6.184754, 6.420913
6.147261, 6.440566
6.109768, 6.460217
6.071014, 6.483910
6.036386, 6.499817
5.990957, 6.519039
5.944171, 6.538836
5.889591, 6.561930
5.833421, 6.588947
5.779312, 6.616634
5.730903, 6.644766
5.686236, 6.667263
7dedceb1-70ad-42ca-a883-065c12ae2da5
6.867184, 5.536653
6.890489, 5.537840
6.941316, 5.554802
6.965410, 5.562842
7.052733, 5.592230
7.062106, 5.604949
7.081361, 5.626031
7.121170, 5.656301
7.148578, 5.682783
7.187225, 5.718044
7.228983, 5.752091
7.274914, 5.789539
7.305618, 5.816505
7.329474, 5.837456
7.346446, 5.854354
42f8403d-2360-43d7-a6e6-eb02926e601e
6.706727, 5.171401
6.666815, 5.190842
6.584248, 5.233399
6.539739, 5.254656
6.494605, 5.274553
6.444654, 5.299846
6.400886, 5.315412
6.176925, 5.468705
6.116020, 5.480681
6.059120, 5.490345
5.995195, 5.503305
5.962908, 5.511378
a5ca122b-6d2b-4ee1-985e-f0d22ed7531e
6.741857, 4.703753
6.680802, 4.734775
6.633812, 4.748161
874b6d14-2b43-4c48-927f-82bd16826183
6.644278, 5.243745
6.576445, 5.360882
fca086b8-55df-486f-a891-d9043a26caee
6.845300, 6.997700
6.800561, 7.013442
6.733961, 7.018685
6.637588, 7.035994
6.601163, 7.047211
6.579783, 7.049213
6.545243, 7.054062
6.513510, 7.057118
6.481676, 7.058794
6.446967, 7.062232
6.423510, 7.060155
6.395396, 7.053047
6.382370, 7.058131
6.318507, 7.064305
6.285410, 7.064466
6.260042, 7.064558
47e07bb5-a81c-4bf1-abc9-560cac73a328
6.869696, 7.279523
6.755792, 7.291334
6.713831, 7.296829
6.673160, 7.300646
6.627554, 7.306429
6.597352, 7.308751
6.572027, 7.310698
2009bab4-a4f0-4e26-b7ee-374e1f2fb408
6.947570, 7.683473
7.003802, 7.702198
7.031674, 7.708335
7.060035, 7.711525
7.108668, 7.710969
7.147985, 7.713513
7.183893, 7.715836
7.209240, 7.717477
23ffee6a-92e7-4777-8350-2c05100275a6
6.868467, 8.218109
6.805884, 8.231802
6.686034, 8.259710
3073b6d1-e85c-4e56-b281-8c2a47b16541
6.893627, 7.856556
6.754229, 8.203721
6.726496, 8.275092
6.713663, 8.324072
6.689515, 8.403192
