main root
6.896670, 5.135402
6.797473, 5.307537
6.638063, 5.714189
6.558323, 5.963974
6.488136, 6.162973
6.394523, 6.428910
6.380666, 6.516002
6.353283, 6.675070
6.341036, 6.758439
6.327402, 6.820358
6.307078, 6.903009
6.276285, 6.984806
6.259438, 7.047218
6.240037, 7.127047
6.232888, 7.182814
6.224230, 7.266635
6.230277, 7.349392
6.230334, 7.435553
6.228316, 7.520644
6.224225, 7.605659
6.215887, 7.685527
6.213415, 7.769116
6.208827, 7.854106
6.200821, 7.919130
6.211092, 8.030739
6.220876, 8.114435
6.232717, 8.197866
6.250595, 8.279557
6.270630, 8.361408
6.285019, 8.446359
6.301133, 8.529070
6.321972, 8.603503
6.354210, 8.680198
6.390513, 8.755859
6.410467, 8.821413
6.428946, 8.889245
6.440822, 8.954611
90d0bc5c-5a30-4997-b695-8ec2f6dd8046
6.683153, 5.597282
6.574550, 5.648450
6.436192, 5.703138
6.285100, 5.747697
6.249867, 5.759364
6.223549, 5.770432
6.198537, 5.784199
6.160273, 5.808675
6.125522, 5.827351
6.102503, 5.836323
6.066733, 5.847052
6.028192, 5.855487
5.986835, 5.864538
5.947762, 5.870026
5.909580, 5.878412
5.868230, 5.887494
5.826880, 5.896577
5.797722, 5.906047
5.753613, 5.926667
5.717902, 5.941709
d865411e-91bc-428d-ae3f-ebaad30479ff
6.615350, 5.797823
6.683065, 5.901681
6.702342, 5.976700
6.714913, 6.018018
6.727746, 6.061961
6.740943, 6.116740
6.754824, 6.174352
6.768707, 6.231970
6.777313, 6.274079
6.775825, 6.317800
169f2138-be99-43e1-aeb3-9170d7cf9c31
6.731297, 5.520319
6.824834, 5.622800
6.879430, 5.673243
6.964205, 5.736134
7.030497, 5.811903
7.103614, 5.888871
7.187913, 5.945815
7.296475, 5.998355
7.379481, 6.032683
7.465593, 6.070148
7.544045, 6.099955
7.599399, 6.119386
960b8414-9ceb-4148-b73a-54706bf7383e
6.724667, 5.557574
6.864769, 5.659455
6.883369, 5.731928
6.911942, 5.776662
6.947173, 5.824923
6.975893, 5.873891
6.994435, 5.911090
7.031698, 5.958416
7.091446, 6.019781
7.136730, 6.105628
7.168304, 6.152150
7.195345, 6.189327
7db0f744-a0a2-4179-baf1-1fed060baf78
6.744307, 5.434564
6.852189, 5.504948
6.885833, 5.578803
6.920260, 5.694762
7.344953, 6.092277
7.412549, 6.203646
7.430144, 6.238685
7.449259, 6.276440
7.512218, 6.402478
7.606509, 6.553145
7.690643, 6.634948
7.784647, 6.738645
7.904455, 6.842352
8.072641, 6.952806
8.211472, 7.069748
e46c3364-b695-4034-b585-e79d59acfc2e
6.946680, 5.111747
7.083792, 5.162857
7.159872, 5.194777
7.253002, 5.237572
7.350379, 5.281221
7.398003, 5.310944
7.656448, 5.499937
7.720046, 5.551908
7.762714, 5.608901
7.801434, 5.662397
7.819704, 5.678824
8.084749, 5.838304
8.184778, 5.880121
8.252005, 5.914661
8.294952, 5.940289
25dc93a9-2d8f-4d4d-9d96-49de431a95f7
6.959642, 5.173670
7.179611, 5.327647
7.259654, 5.363654
7.292285, 5.385200
7.312798, 5.399796
7.381766, 5.450865
7.480807, 5.498854
7.603066, 5.562600
7.689271, 5.602970
8.023712, 5.763796
8.095584, 5.759455
8.202412, 5.751538
8.272538, 5.750448
8.311277, 5.751343
