main root
6.904574, 4.245681
6.863094, 4.429389
6.863299, 4.694544
6.866541, 4.909523
6.874736, 5.210523
6.858564, 5.395681
6.851326, 5.547299
6.843253, 5.716433
6.832383, 5.861563
6.835501, 6.010756
6.851247, 6.164980
6.859272, 6.323588
6.864619, 6.468215
6.879613, 6.590708
6.899816, 6.716422
6.926717, 6.844189
6.955340, 6.959651
6.996410, 7.081700
7.054748, 7.213284
7.104188, 7.324794
7.149577, 7.442709
7.192016, 7.570387
7.219124, 7.685385
7.246319, 7.800752
7.283880, 7.923490
7.327306, 8.043864
7.374814, 8.182841
7.416721, 8.325950
7.436308, 8.454663
7.465373, 8.598790
7.487802, 8.710011
7.507475, 8.818269
7.522349, 8.935520
7.530924, 9.053407
7.537406, 9.171603
7.538754, 9.273443
7.548677, 9.383603
7.558550, 9.493221
7.570536, 9.602703
7.579498, 9.704003
7.584252, 9.805744
7.588599, 9.898780
7.584585, 9.993146
7.578516, 10.086339
7.568820, 10.171401
7.560193, 10.220664
7.559683, 10.279327
deb1d81e-3a74-4747-b203-b13a034897fc
6.791774, 4.631443
6.690485, 4.631261
6.626141, 4.609545
6.509857, 4.613546
6.446417, 4.638084
6.360997, 4.673101
6.280328, 4.701784
6.194426, 4.736794
6.108184, 4.771941
6.019911, 4.803374
5.945857, 4.838675
5.849076, 4.891843
5.766647, 4.922929
5.681430, 4.959563
5.594816, 4.994509
5.520974, 5.033246
5.452862, 5.070668
5.395353, 5.102264
5.344738, 5.122589
7e467571-3082-41e7-ab88-0e19e29c4ea9
6.870191, 4.696934
6.997062, 4.690007
7.036318, 4.666971
7.104265, 4.610728
7.179316, 4.602087
7.207188, 4.663983
7.252517, 4.724280
7.268430, 4.790951
7.283863, 4.862588
7.294373, 4.940595
7.303853, 5.014242
7.355073, 5.095532
7.405589, 5.126655
7.456774, 5.163684
7.547979, 5.207978
7.628503, 5.237102
7.668683, 5.259591
7.743202, 5.298924
7.790000, 5.323626
230f8dc2-a6ad-4587-b46f-ab59d8c9cb62
6.864897, 4.837507
6.974580, 4.877851
7.010103, 4.879456
7.104630, 4.859272
7.161442, 4.912835
7.214907, 4.981377
7.262308, 5.047301
7.288389, 5.115278
7.300571, 5.215898
7.328050, 5.285416
7.375160, 5.342405
7.391961, 5.355751
7.439855, 5.385146
7.490010, 5.411063
7.551510, 5.442326
7.589592, 5.433617
7.694561, 5.445533
7.758555, 5.455810
7.806622, 5.463530
f80b974a-114a-4b21-875b-8c331f44f9be
6.930415, 5.247233
7.062548, 5.417809
7.169133, 5.491955
7.197909, 5.515669
7.232540, 5.540375
7.269717, 5.570576
7.317825, 5.607727
7.367044, 5.648867
