main root
7.465187, 4.460448
7.440449, 4.548943
7.369563, 4.709836
7.329020, 4.892231
7.271363, 5.052038
7.250089, 5.192009
7.221287, 5.381504
7.176261, 5.601305
7.174153, 5.773079
7.145807, 5.943657
7.137381, 6.040150
7.136240, 6.165582
7.148524, 6.299713
7.177612, 6.446473
7.184377, 6.536321
7.180013, 6.675747
7.180078, 6.807546
7.196547, 6.964166
7.191252, 7.054348
7.184305, 7.172679
7.185298, 7.264078
7.200791, 7.330721
7.225541, 7.446495
7.248221, 7.562678
7.271810, 7.661437
7.269804, 7.752451
7.262982, 7.870520
7.258741, 7.980579
7.249199, 8.108787
7.229945, 8.225360
7.212683, 8.342817
7.197075, 8.456506
7.173869, 8.563302
7.164564, 8.645983
7.164834, 8.757112
7.152316, 8.830894
7.131829, 8.939006
7.122467, 9.033857
7.124255, 9.144974
7.121793, 9.254976
7.112988, 9.364712
7.102014, 9.449617
7.095665, 9.531558
7.102900, 9.602510
7.120400, 9.711527
7.132350, 9.812674
7.151589, 9.921400
7.160502, 10.008195
7.159686, 10.083067
7.148141, 10.177268
7.142111, 10.278649
7.142426, 10.380219
7.151201, 10.481480
7.155090, 10.575094
7.161776, 10.685026
7.162826, 10.770634
7.170270, 10.862975
7.171618, 10.958661
7.164206, 11.033172
7.143336, 11.115478
7.116284, 11.222162
7.085007, 11.311281
7.050038, 11.398212
7.019361, 11.485749
6.994748, 11.575062
6.975996, 11.674955
6.958812, 11.766492
6.939518, 11.857874
6.922027, 11.940717
6.894359, 12.031029
6.867078, 12.120076
6.843957, 12.209908
6.822841, 12.300390
6.799367, 12.382727
6.771743, 12.471944
6.746702, 12.552818
6.727473, 12.643367
6.687643, 12.758410
6.638203, 12.849485
6.606606, 12.929734
6.574721, 13.008024
84bce05e-8722-424e-a95e-32d239e53f76
7.092757, 6.269345
7.067280, 6.290511
7.046505, 6.303880
b35667b9-0dd3-4a15-9bdb-3fec07682341
7.150477, 7.152183
7.107725, 7.180458
7.066598, 7.205865
7.002809, 7.238819
5746089a-f968-4dd2-bbf9-f4b2161c508d
7.302245, 7.812601
7.368549, 7.828051
7.435210, 7.840511
7.472271, 7.842335
75a235b4-8882-4fa2-b835-1adeecb4ec92
7.286286, 8.094194
7.307947, 8.098405
7.356782, 8.131537
