main root
6.607229, 5.791240
6.764763, 5.875729
6.893353, 5.982886
7.064995, 6.100227
7.129373, 6.165750
7.191489, 6.251681
7.265102, 6.346407
7.303956, 6.408601
7.322331, 6.520300
7.325843, 6.605529
7.319056, 6.692664
7.316681, 6.776548
7.305531, 6.871299
7.286383, 6.979706
7.267425, 7.063195
7.248905, 7.154250
7.218214, 7.252084
7.183717, 7.347914
7.152172, 7.435544
7.120629, 7.523169
7.087028, 7.610303
7.054479, 7.688946
7.022100, 7.767179
6.991339, 7.833673
6.960808, 7.906802
6.914542, 8.006632
6.881043, 8.071803
6.846204, 8.139581
6.813954, 8.215422
6.782550, 8.281628
6.748470, 8.346497
6.713026, 8.413960
6.678842, 8.485468
6.645974, 8.554222
6.614515, 8.626969
6.585827, 8.700852
6.559952, 8.775768
6.533222, 8.843995
6.502034, 8.907197
6.475717, 8.974059
6.447806, 9.044971
6.421585, 9.119765
6.396375, 9.191685
6.369334, 9.259790
6.341211, 9.330618
6.314766, 9.405333
6.293282, 9.475001
6.280399, 9.537102
6.267244, 9.615260
6.247230, 9.680063
6.265137, 9.717971
6.267195, 9.817622
6.281283, 9.898488
6.316995, 10.071824
6.308121, 10.284204
6.305544, 10.444037
6.331885, 10.591935
6.357196, 10.788644
6.363043, 10.930794
6.369423, 11.059313
6.371075, 11.133929
6.366315, 11.189443
72ad5e03-ceb9-474e-8307-79cc16fdbb01
6.908081, 5.890928
6.967734, 5.861460
7.001849, 5.834488
7.026770, 5.814678
7.046185, 5.802960
7.081034, 5.785327
7.117100, 5.770338
7.157412, 5.750251
7.183423, 5.733852
7.199184, 5.760321
7.273844, 5.781178
7.319258, 5.745683
7.368116, 5.739021
