main root
6.420980, 5.833622
6.321338, 6.052263
6.323704, 6.383663
6.335484, 6.518820
6.329220, 6.604404
6.321280, 6.724989
6.320909, 6.858027
6.307908, 6.967726
6.330384, 7.107647
6.339397, 7.190286
6.350818, 7.239775
6.344168, 7.306977
6.332963, 7.359411
6.323324, 7.418854
6.313836, 7.477359
6.304349, 7.535865
6.292387, 7.590937
6.277516, 7.645297
6.257683, 7.695112
6.235759, 7.750178
6.210489, 7.797470
6.192765, 7.836991
6.177815, 7.877644
6.171456, 7.979782
43e54118-37e4-48f5-aecc-f09a798ebcf9
6.296028, 6.045240
6.235175, 6.054696
6.200900, 6.070360
6.179893, 6.075300
6.124846, 6.105109
6.096813, 6.118871
6.065517, 6.139518
6.011755, 6.155548
5.979819, 6.166371
5.950180, 6.174571
5.920122, 6.181075
5.894342, 6.187927
5.866786, 6.199638
5.836261, 6.213966
5.806287, 6.229411
5.778194, 6.241921
5.749435, 6.252815
5.723219, 6.267280
5.693757, 6.288379
5.667777, 6.304836
5.645934, 6.320148
5.624830, 6.336464
b80f6a19-f116-4e2e-ad58-3f7b345facc5
6.376765, 5.900031
6.260624, 5.900662
6.241568, 5.894387
6.166412, 5.921186
6.079500, 5.954434
6.056809, 5.961197
6.054286, 5.975998
6.030572, 5.991356
5.996847, 6.006065
5.958043, 6.022989
5.916144, 6.047795
5.895338, 6.056634
5.874337, 6.060677
5.849395, 6.065478
5.824453, 6.070280
3b72a00f-e58f-4831-b3ec-27b5aa58e70a
6.278680, 6.228859
6.196579, 6.261618
6.155593, 6.275836
6.117893, 6.285746
6.074729, 6.303281
6.020647, 6.323638
5.962056, 6.344173
aeaf0db5-7ee6-4163-bb43-a85e02a73a4a
6.370120, 6.318212
6.470251, 6.343291
6.524113, 6.359868
6.588239, 6.373340
6.670063, 6.404872
46f2b091-4257-47f5-af9e-07fe108b2e11
6.315554, 6.342328
6.218167, 6.379477
6.121227, 6.426564
