main root
7.023112, 4.701101
6.894793, 4.821514
6.761209, 4.930340
6.607621, 5.158163
6.544957, 5.338832
6.532033, 5.516033
6.520265, 5.651255
6.524141, 5.753096
6.523499, 5.846795
6.527070, 5.939483
6.539028, 6.031281
6.553246, 6.140431
6.571440, 6.231264
6.589335, 6.331370
6.609446, 6.418344
6.618894, 6.505232
6.632079, 6.588108
6.650054, 6.693754
6.661797, 6.800626
6.677081, 6.901005
6.691101, 6.993074
6.703077, 7.085694
6.709930, 7.171032
6.722477, 7.252471
6.722871, 7.313999
6.729384, 7.396141
6.728968, 7.466602
6.731494, 7.545808
6.718928, 7.635726
6.722056, 7.797560
6.722629, 7.896060
6.727283, 8.031964
6.739171, 8.116784
6.739608, 8.184599
6.749137, 8.269716
6.747456, 8.335415
6.757172, 8.423864
6.753505, 8.472727
6.758848, 8.561548
6.769759, 8.643225
6.779850, 8.718750
6.779849, 8.786566
6.776854, 8.859769
6.796073, 8.942614
6.807139, 9.036862
6.821033, 9.119628
6.832381, 9.212634
6.847779, 9.304104
6.865274, 9.395360
6.878217, 9.496569
6.899458, 9.595968
6.912898, 9.689061
6.928981, 9.771429
6.942789, 9.864101
6.952574, 9.966686
6.959347, 10.059840
6.975130, 10.160239
6.983470, 10.253926
6.984893, 10.340077
6.990426, 10.423818
6.996564, 10.516747
7.002704, 10.609679
7.010926, 10.702236
7.017817, 10.803704
7.022595, 10.905286
7.031587, 11.006419
7.039222, 11.116184
7.044168, 11.217765
7.051217, 11.319067
7.060375, 11.420198
7.071639, 11.521123
7.078721, 11.622725
7.096948, 11.732064
7.115727, 11.831852
7.140710, 11.930297
7.165702, 12.028773
7.190592, 12.118298
7.215156, 12.198906
7.240772, 12.297480
7.268148, 12.386098
7.295636, 12.475080
7.321184, 12.564905
7.346223, 12.645364
7.369528, 12.727227
7.395331, 12.825590
7.425163, 12.922636
7.462233, 13.007438
7.508648, 13.097776
7.557270, 13.155377
99a5dcba-38ac-49d4-a959-9b2f9ff57ef6
6.985803, 4.818643
7.037690, 4.827829
7.079372, 4.835209
7.124525, 4.840162
7.177125, 4.845933
7.228076, 4.853028
ccd4220a-942f-4939-a522-8e404461025e
6.911753, 4.919021
6.891569, 5.010761
6.871454, 5.092576
6.824065, 5.190680
6.779865, 5.271064
6.754829, 5.346017
6.766124, 5.439369
6.812907, 5.512691
7.007734, 5.677038
7.063309, 5.714867
7.150166, 5.757301
7.211926, 5.791696
7.298109, 5.831966
7.341291, 5.862211
7.416331, 5.903469
7.495286, 5.936627
7.553765, 5.970926
7.629715, 6.006798
7.695576, 6.043065
5b26ce77-7362-4f74-8e0d-7238cde2f9b2
6.691642, 5.107512
6.764727, 5.139710
6.850758, 5.172353
6.891505, 5.190152
6.983573, 5.232351
7.044911, 5.267051
7.097144, 5.289349
7.157473, 5.316731
7.221131, 5.343981
7.291259, 5.367487
7.346007, 5.393731
7.422865, 5.428272
7.486628, 5.455287
7.558806, 5.477742
7.615991, 5.501802
7.676468, 5.528870
7.740272, 5.555787
7.804645, 5.581319
7.859839, 5.609650
7.942692, 5.652181
8.010483, 5.686978
8.062549, 5.722117
8.133541, 5.767527
8.176981, 5.802419
8.222734, 5.841089
8.261178, 5.881422
77fa71c2-c010-4659-a653-30d8e8cf29d0
6.669281, 5.150222
6.659023, 5.236394
6.619011, 5.361382
6.593638, 5.478735
6.579166, 5.654527
6.590642, 5.775713
6.582684, 5.876808
6.537931, 6.020867
6.499677, 6.130821
6.481437, 6.198088
6.469513, 6.237367
6.457046, 6.277810
6.439588, 6.334446
6.421141, 6.389210
6.409627, 6.446833
6.396151, 6.491365
6.380439, 6.538117
6.363453, 6.574565
6.341994, 6.620611
6.317684, 6.676317
6.297367, 6.722875
6.281134, 6.767555
9bc822f6-3d8c-476c-b2ff-429dc1cf5107
6.612237, 5.258448
6.649058, 5.310727
6.678727, 5.330201
4f48f228-640f-4c03-ab81-4c1199718321
6.574323, 5.509683
6.621989, 5.518834
6.679532, 5.530288
6.767518, 5.539832
6.847098, 5.549809
6.927357, 5.565761
6.976352, 5.575081
7.044212, 5.594084
7.115742, 5.615669
7.190556, 5.636682
7.289858, 5.657980
7.347201, 5.677934
7.417514, 5.686579
7.489749, 5.690936
7.562115, 5.690803
7.628357, 5.692179
7.729899, 5.692172
7.791647, 5.698159
7.865863, 5.706859
7.971807, 5.725486
8.017109, 5.742257
6b1b29ae-ea52-4d49-ac2b-6e3095af5ab3
6.565724, 5.854698
6.639273, 5.853597
6.677642, 5.859122
6.753913, 5.868593
6.832024, 5.875275
6.924874, 5.885330
6.988913, 5.895275
7.059259, 5.903171
7.151813, 5.917792
7.203505, 5.932020
7.256966, 5.949840
7.309405, 5.970475
7.352912, 5.997245
7.391036, 6.031245
7.435266, 6.070693
7.483723, 6.109900
7.529797, 6.147179
7.575870, 6.184458
7.617733, 6.222181
7.670217, 6.261415
7.717685, 6.296901
7.756774, 6.333597
7.783008, 6.358226
12db05a5-0547-4854-99c3-58237fdf53d6
6.571585, 5.418358
6.597806, 5.447873
6.642311, 5.517587
6.737495, 5.575312
6.798733, 5.617633
6.877657, 5.655696
6.943662, 5.685035
6.979975, 5.702368
7.016169, 5.721304
7.051645, 5.741552
7.089639, 5.768407
7.131120, 5.797728
7.191848, 5.851106
7.249609, 5.892758
7.290583, 5.920073
7.343874, 5.951936
7.366619, 5.972450
7.423166, 6.011287
7.458534, 6.042776
7.506876, 6.081740
7.552862, 6.118739
7.594672, 6.156151
7.642916, 6.195236
7.693020, 6.231907
7.735027, 6.266296
7.772306, 6.304484
7.822037, 6.346785
7.858590, 6.385666
7.907518, 6.428895
7.947559, 6.468195
7.985486, 6.509541
8.033880, 6.553364
8.067020, 6.593471
8.104510, 6.638923
8.149227, 6.683813
8.197195, 6.725604
8.227211, 6.764156
9f0eb986-db7d-4213-8906-b76a4aa9a53b
6.532203, 5.877710
6.636944, 5.905530
6.693848, 5.923590
6.729481, 5.941290
6.769810, 5.955267
6.789681, 5.966063
6.818726, 5.988646
6.856318, 6.014070
6.895507, 6.036950
6.927937, 6.059340
6.962742, 6.083357
6.997553, 6.107366
7.044860, 6.129073
7.083299, 6.146700
7.117774, 6.165791
7.158843, 6.185101
7.179623, 6.201474
7.225457, 6.226142
7.262699, 6.246174
7.295890, 6.267416
7.335648, 6.289295
7.372702, 6.309674
7.409747, 6.330048
7.468945, 6.375375
7.502527, 6.401076
7.536116, 6.426768
7.565513, 6.453011
7.601293, 6.480926
7.643043, 6.505893
7.683447, 6.526556
7.717074, 6.547103
7.753164, 6.569144
7.785144, 6.592170
7.819469, 6.616871
7.853797, 6.641564
7.892311, 6.665568
7.928204, 6.687928
7.951042, 6.705670
7.980243, 6.732134
8.004873, 6.750404
ffef826d-9cb0-47bc-bf43-d1295ddec811
6.633783, 6.411388
6.679105, 6.413993
6.717504, 6.417923
6.755209, 6.421822
6.797542, 6.425841
6.842928, 6.427324
6.902164, 6.429259
6.953912, 6.427954
7.006955, 6.422125
7.067736, 6.410927
7.135550, 6.396913
7.184133, 6.388401
7.236600, 6.376169
7.298787, 6.355525
7.356929, 6.333071
7.404578, 6.317876
7.461040, 6.299871
7.519451, 6.278102
7.573230, 6.261254
da1d854f-2406-46e2-a13b-da0329b40ee0
6.692900, 6.684433
6.732555, 6.710684
6.764007, 6.734874
6.793272, 6.761310
6.833133, 6.789248
6.867791, 6.813538
6.894109, 6.839292
6.924351, 6.868892
6.946733, 6.886613
6.984115, 6.912395
7.023117, 6.935657
7.047865, 6.955646
7.085279, 6.987790
7.123811, 7.020894
7.168768, 7.059519
7.211614, 7.098305
7.242935, 7.132715
7.279245, 7.170383
7.308153, 7.206842
7.325249, 7.228403
7.374396, 7.265947
7.401742, 7.292488
7.440585, 7.321846
7.466379, 7.346969
7.504887, 7.382386
7.538045, 7.416950
7.584937, 7.465829
4fbd8117-af27-46fd-bdf1-e82b65b6655e
6.734066, 7.129097
6.759076, 7.132054
6.794275, 7.138382
6.825286, 7.144792
6.859469, 7.150443
6.890409, 7.157188
6.924529, 7.163208
6.955394, 7.170288
6.991374, 7.175469
7.014946, 7.180263
7.045881, 7.187967
7.080080, 7.194827
7.114559, 7.200102
7.135342, 7.213993
7.147659, 7.207933
7.169935, 7.208492
7.204520, 7.207687
7.225699, 7.211512
7.260000, 7.216009
7.287373, 7.224302
2d5f97bd-5360-4cc9-8c28-c5498eb1ff51
6.783211, 7.649633
6.840439, 7.691270
6.902787, 7.710227
6.948129, 7.731835
7.007491, 7.754404
145919f4-8c75-4056-82e2-ea9fe90807c3
6.780181, 7.668003
6.859905, 7.745192
6.927463, 7.795585
6.988522, 7.841129
7.049580, 7.886673
7.119964, 7.949670
7.174631, 8.000608
7.236727, 8.052332
7.317381, 8.114009
7.375810, 8.160574
7.443810, 8.207111
7.511935, 8.253734
7.538882, 8.277617
edea7441-3b61-47d2-9c69-eb6a433bf459
6.677098, 7.698215
6.639651, 7.708853
6.590810, 7.719616
6.535847, 7.744260
6.480262, 7.772462
6.426666, 7.806368
6.376581, 7.838052
6.349749, 7.855025
6.326424, 7.876864
6.249444, 7.948830
6.196334, 7.989964
6.143587, 8.025138
6.087236, 8.062716
6.028327, 8.107056
5.980974, 8.142695
5.955607, 8.161788
a9c0c832-b5bf-4386-978b-6d6d8e351f5f
6.688625, 7.989459
6.649171, 8.005442
6.612161, 8.019132
6.558903, 8.035031
6.536466, 8.051979
6.489399, 8.087597
6.442363, 8.123258
6.396811, 8.148402
6.346376, 8.172762
6.312604, 8.192340
6.284067, 8.212282
6.239227, 8.250859
6.193730, 8.299873
6.157415, 8.330197
6.113926, 8.362610
d5ff1186-acaf-4152-9315-2dd8ab95e678
6.704341, 8.372312
6.678789, 8.389055
6.642948, 8.414330
6.601485, 8.428739
642e0a2f-e9d6-4d37-ac1e-d70408a05dc1
6.745029, 8.878947
6.701905, 8.892524
6.651833, 8.903488
6.613958, 8.911206
6.585643, 8.921458
