main root
6.161403, 4.986199
6.334054, 5.280158
6.374587, 5.555493
6.343622, 5.684613
6.331987, 5.885076
6.298510, 6.071593
6.295193, 6.243538
6.279274, 6.419981
6.258622, 6.633898
6.250468, 6.789408
6.230858, 7.033396
6.201223, 7.171921
6.166321, 7.315328
6.113468, 7.471842
6.066828, 7.616254
6.015811, 7.740270
5.965480, 7.877125
5.919359, 8.005110
5.900626, 8.063258
5.887124, 8.112032
5.764399, 8.323608
5.722270, 8.351490
5.735558, 8.395224
5.638397, 8.602583
5.560108, 8.737263
5.451731, 8.892757
5.326299, 9.080382
5.204136, 9.322949
5.081316, 9.571528
5.018905, 9.707048
4.985311, 9.794689
4.967517, 9.852698
4.943921, 9.896807
4.895405, 10.015504
4.878641, 10.068386
4.864844, 10.097048
4.843508, 10.144821
4.825060, 10.197141
4.810353, 10.225349
4.787502, 10.272416
4.766006, 10.320115
4.745882, 10.368413
4.725537, 10.413349
4.703836, 10.457648
4.683543, 10.509276
4.663055, 10.540942
4.640336, 10.606359
4.622745, 10.652444
4.613798, 10.680085
2855f35e-be6b-4608-a63b-94c00f7899ae
6.290891, 5.106234
6.393219, 5.129960
6.495976, 5.162839
6.546803, 5.208843
6.574901, 5.244100
6.934384, 5.454651
6.977059, 5.474443
7.017182, 5.498001
7.063037, 5.523189
7.111626, 5.546464
7.163081, 5.572771
7.202273, 5.597852
7.247133, 5.624781
7.292980, 5.648812
7.342161, 5.669522
7.392900, 5.687639
7.452546, 5.705758
7.509251, 5.722983
7.565958, 5.740209
7.608806, 5.756353
7.658481, 5.779868
7.706389, 5.800890
7.745053, 5.822760
7.791310, 5.847204
7.834202, 5.871564
7.878376, 5.896651
7.913147, 5.918120
7.958434, 5.944323
8.000360, 5.970309
8.041738, 5.995958
8.084916, 6.022722
8.232481, 6.153077
8.268435, 6.180843
8.301940, 6.206719
8.339623, 6.239603
8.380052, 6.278857
8.416223, 6.320235
8.451766, 6.358623
8.484164, 6.395815
8.515420, 6.433975
8.562554, 6.486797
8.602016, 6.531019
8.641477, 6.575242
8.680937, 6.619464
8.720392, 6.663683
8.753508, 6.707538
8.788309, 6.748658
8.814056, 6.788347
8.850451, 6.838952
8.882968, 6.886724
8.909469, 6.928320
8.936764, 6.971164
8.970677, 7.021608
8.999022, 7.063770
9.030014, 7.112553
9.057258, 7.155436
9.089041, 7.205463
9.118758, 7.255029
9.144880, 7.298600
9.169193, 7.347884
9.193669, 7.394116
9.217435, 7.439008
9.230924, 7.482845
9.275171, 7.545222
9.297759, 7.591397
30bced43-2219-4060-b7ed-515efb982fdd
6.343639, 5.350882
6.242353, 5.293703
6.131115, 5.285796
6.066238, 5.278541
6.046063, 5.285745
6.018050, 5.292438
6.001510, 5.307507
5.970765, 5.331469
5.939580, 5.351871
5.916618, 5.373948
5.886281, 5.411303
5.860928, 5.442522
f1134a98-e442-4c74-a08c-29467eee0b58
6.349346, 5.546071
6.641701, 5.591156
6.790799, 5.660565
6.954944, 5.751734
7.033710, 5.785189
7.107704, 5.813347
7.165284, 5.841647
7.229600, 5.876573
7.280242, 5.917697
7.325508, 5.950622
7.358765, 5.971132
7.419743, 5.998207
7.493249, 6.027568
7.546445, 6.058487
7.642717, 6.111998
7.714809, 6.159185
7.784087, 6.209488
7.854110, 6.252934
7.904435, 6.296486
7.951870, 6.333581
7.998257, 6.356554
8.131399, 6.479533
8.183145, 6.531404
8.227239, 6.562889
8.280903, 6.608563
8.343152, 6.657612
8.394597, 6.705771
8.445995, 6.757987
8.493288, 6.801767
8.561898, 6.853042
8.614557, 6.899869
8.671500, 6.950506
8.728444, 7.001144
8.776934, 7.052276
8.837832, 7.107792
8.894142, 7.159129
8.946224, 7.210663
8.996157, 7.264282
9.060780, 7.320498
9.106116, 7.369856
9.173339, 7.446168
9.220226, 7.497132
9.258310, 7.545157
9.293264, 7.593809
8e50d394-75d8-4823-8655-2ce9d4c2276b
6.363264, 5.846339
6.434934, 5.946545
6.517191, 6.055707
6.573514, 6.118017
6.624596, 6.174529
6.684247, 6.246794
6.732753, 6.305559
6.779153, 6.364121
6.837422, 6.447884
6.869854, 6.502366
6.898747, 6.542124
6.944839, 6.597911
6.977448, 6.649126
7.001115, 6.683509
7.031925, 6.715070
7.077126, 6.763513
7.116685, 6.799328
7.169013, 6.844684
7.222309, 6.888898
7.272331, 6.932342
7.317137, 6.977203
7.362887, 7.025126
7.411775, 7.074170
7.457478, 7.122138
7.506319, 7.171228
7.589618, 7.251442
7.634777, 7.306609
7.680936, 7.365361
7.719886, 7.419783
7.749347, 7.468661
7.824150, 7.588598
7.870303, 7.648461
7.925807, 7.745149
7.937720, 7.780935
7.968579, 7.849938
7.990300, 7.909505
8.023100, 7.977609
8.042500, 8.035140
8.077419, 8.105904
8.097370, 8.163247
8.129154, 8.231830
8.159620, 8.294013
8.187419, 8.354154
8.217823, 8.416369
8.245562, 8.476538
8.271934, 8.537317
8.296926, 8.598678
8.320527, 8.660586
8.346586, 8.724743
8.361528, 8.781421
8.384281, 8.850114
8.403688, 8.913463
8.421658, 8.977234
8.427102, 9.035188
8.430817, 9.090737
8.457145, 9.189847
8.476365, 9.256373
8.485900, 9.316333
8.492892, 9.373518
0becef10-bb77-43db-839a-86236f6c27cc
6.315836, 5.765748
6.208093, 5.864031
6.133954, 6.404123
6.088359, 6.603158
6.051965, 6.753351
6.041041, 6.813058
5.984032, 6.931182
5.964352, 6.964935
5.963185, 6.985157
5.933632, 7.055878
5.909976, 7.108606
5.884510, 7.176337
5.847537, 7.276489
5.822599, 7.310834
1cd93b3b-37ed-4ce9-82dd-4263af451d4a
6.176328, 7.008489
6.028252, 7.135581
5.995060, 7.194292
5.980759, 7.229139
5.967849, 7.244826
5.951066, 7.257821
5.949888, 7.276632
5.937285, 7.306601
5.920090, 7.345240
5.905247, 7.370702
5.803791, 7.518730
5.784676, 7.538677
5.755423, 7.569204
5.714374, 7.609878
5.678288, 7.645634
5.636228, 7.678883
5.588749, 7.724047
5.545806, 7.764896
5.502864, 7.805746
5.464109, 7.855876
5.438216, 7.889369
5.411517, 7.916563
5.375946, 7.954931
5.329973, 8.006719
5.256868, 8.071425
5.223584, 8.100886
54fda0cc-7a09-451a-819b-c2bcc3cac073
6.234610, 6.989304
6.318088, 6.998365
6.360172, 7.002934
6.398504, 7.008601
6.458838, 7.020650
6.613082, 7.080058
6.733104, 7.117544
6.801626, 7.142777
6.843273, 7.156518
6.891511, 7.172434
6.929823, 7.186651
6.977450, 7.204324
7.033016, 7.224944
7.086655, 7.246444
7.135752, 7.264513
7.173494, 7.278402
7.199253, 7.286287
b52d9bbc-43f5-4cd9-9f72-3a08abc7be73
6.121681, 7.544693
6.182879, 7.589126
6.245403, 7.628930
6.317442, 7.667693
6.380653, 7.703406
6.499611, 7.792553
6.564657, 7.838738
6.634546, 7.885820
6.703535, 7.919793
6.779493, 7.957197
6.843848, 7.992225
6.970780, 8.048513
7.035360, 8.086407
7.096980, 8.126034
7.163134, 8.166798
7.248584, 8.221936
7.298093, 8.255665
7.347062, 8.293405
ca557216-4991-4a22-be1d-9db340043076
6.002284, 7.622426
5.959540, 7.668266
5.880448, 7.703500
5.738427, 7.748816
5.671665, 7.760693
5.601497, 7.767092
5.556030, 7.777248
5.508517, 7.787861
5.422575, 7.825207
5.372488, 7.842076
5.340517, 7.856003
0f82ca29-926b-4920-bbac-8dca35c40613
5.656618, 8.626472
5.774839, 8.783193
5.800314, 8.816948
5.811056, 8.841118
5.824263, 8.878230
5.832766, 8.902154
5.852227, 8.914704
5.887849, 8.971792
5.909496, 9.012139
5.929411, 9.061920
5.955317, 9.118616
5.975983, 9.171045
5.996166, 9.214087
6.019020, 9.255771
6.040384, 9.288509
6.060480, 9.311087
a21b2b17-79a4-48b5-818d-cfe7848c02f8
5.772317, 8.391023
5.845550, 8.436584
5.897469, 8.492677
5.926882, 8.538227
d761baa0-6cf6-4701-a1ba-aced289cbed6
6.034636, 7.809530
6.089244, 7.851595
6.106448, 7.875186
f4587dae-7f6e-46a3-a704-af107b16dde2
5.846233, 8.098367
5.752357, 8.079384
5.712640, 8.069826
5.676910, 8.056609
5.625419, 8.040753
5.568781, 8.023314
5.522558, 8.012212
5.486272, 8.008115
5.441343, 8.007561
5.368156, 8.014143
5.213258, 8.031599
e2a72b71-b217-4f67-bd90-ddfbf8f3154c
6.318015, 5.738734
6.201305, 5.762876
6.130922, 5.784794
6.106624, 5.789216
6.089256, 5.805267
6.070852, 5.816162
6.037319, 5.832533
5.983377, 5.860535
5.929501, 5.891875
5.879354, 5.917582
5.825062, 5.956893
5.768091, 6.023303
5.735746, 6.051810
5.681469, 6.087872
5.640926, 6.104381
5.587683, 6.122830
5.533683, 6.141539
5.467745, 6.181880
5.416776, 6.227875
5.359559, 6.291604
5.324093, 6.328866
5.285815, 6.356492
