main root
6.425857, 4.396100
6.382908, 4.674162
6.364052, 4.765323
6.282327, 4.878421
6.263553, 4.971313
6.236656, 5.051301
6.213870, 5.132076
6.191115, 5.201718
6.167449, 5.274147
6.135259, 5.379476
6.113474, 5.440517
6.092520, 5.508137
6.062871, 5.596706
6.043257, 5.664730
6.025513, 5.731670
6.005932, 5.813636
5.997950, 5.892137
5.986766, 5.928158
5.969642, 5.998464
5.956913, 6.069696
5.941369, 6.131160
5.928016, 6.202278
5.914322, 6.267098
5.893393, 6.322722
5.870415, 6.388041
5.857004, 6.439691
5.843198, 6.510720
5.829091, 6.575451
5.813526, 6.639847
5.800922, 6.711101
5.791552, 6.781265
5.776159, 6.839991
5.761033, 6.922236
5.748781, 6.988854
5.735328, 7.053730
5.714699, 7.153213
5.696905, 7.224282
5.673470, 7.287070
5.641773, 7.366061
5.615717, 7.426978
5.594996, 7.467809
5.566204, 7.514625
5.536769, 7.556838
5.613622, 7.723378
5.705182, 7.739538
5.764035, 7.783395
5.832085, 7.859586
5.855511, 7.913410
5.975451, 8.125024
6.006203, 8.205001
6.016972, 8.247461
6.035039, 8.303268
6.045368, 8.352012
6.064763, 8.410798
6.082614, 8.497841
6.094556, 8.552091
6.107277, 8.606162
6.124374, 8.662274
6.137591, 8.713181
6.148674, 8.764593
6.164716, 8.821016
6.169307, 8.856128
6.180657, 8.913678
6.188673, 8.965658
6.201342, 9.022932
6.204757, 9.062388
6.210343, 9.117657
6.213445, 9.170160
6.214353, 9.222748
6.219157, 9.281209
6.224502, 9.336498
6.222709, 9.371864
6.224697, 9.407553
6.234974, 9.494757
6.230556, 9.583357
6.221079, 9.653188
6.224367, 9.725986
6.234055, 9.807822
6.244676, 9.884807
6.250029, 9.956461
6.259700, 10.057538
6.266152, 10.124963
6.269339, 10.189694
6.271830, 10.283050
6.275171, 10.352217
6.278441, 10.419872
6.289204, 10.511877
6.295413, 10.577836
6.305022, 10.647967
6.317664, 10.740236
6.324023, 10.797673
6.327240, 10.853931
6.330622, 10.913100
6.345345, 11.012715
6.346285, 11.060017
6.350851, 11.139133
6.352079, 11.212385
6.343757, 11.322371
6.373737, 11.558410
6.364624, 11.662162
6.357336, 11.728018
6.347239, 11.792045
6.334126, 11.865595
6.319265, 11.948948
6.308863, 12.007291
6.297909, 12.085785
6.281000, 12.152813
6.273433, 12.207287
6.264112, 12.274378
6.258734, 12.356599
6.250541, 12.449621
6.242006, 12.495358
6.240938, 12.525565
6.240584, 12.577880
6.244700, 12.633198
6.254882, 12.689382
6.261969, 12.745278
6.264403, 12.800178
6.270151, 12.862236
6.268635, 12.914438
6.279459, 12.954260
d7d18d49-8eae-4d61-81b0-5a3fba330546
6.430266, 4.633390
6.469217, 4.649247
6.536135, 4.681058
6.578723, 4.705962
6.609024, 4.737721
6.785147, 4.837105
6.840127, 4.900992
6.878867, 4.941418
6.915158, 4.970634
7.026086, 5.040305
7.079738, 5.104474
7.130089, 5.174394
7.163396, 5.228333
7.196885, 5.265474
7.255763, 5.403359
7.268989, 5.445766
7.281156, 5.504889
7.301275, 5.571340
7.326501, 5.639167
7.372782, 5.731368
7.395237, 5.782844
7.426712, 5.840094
7.461284, 5.893656
7.483773, 5.936778
7.500471, 5.992476
7.525771, 6.077796
7.541017, 6.139743
7.553339, 6.202337
7.569309, 6.294350
7.580893, 6.361089
7.595937, 6.430265
7.617735, 6.520596
7.624097, 6.578863
7.631449, 6.646199
7.641558, 6.738782
7.654591, 6.803003
7.644248, 6.849381
8fdc3d19-85f9-44da-af1e-9a190050b961
6.443936, 4.852510
6.517253, 4.895715
6.581683, 4.928471
6.641986, 4.959129
6.705888, 4.994975
6.775838, 5.029389
6.819940, 5.044415
6.955367, 5.109631
7.005492, 5.123802
7.026239, 5.132778
7.061153, 5.151145
7.083633, 5.162970
7.093712, 5.185968
7.117103, 5.210415
7.148029, 5.245467
7.230573, 5.430591
7.272812, 5.539957
7.353220, 5.641860
7.365481, 5.655770
7.389240, 5.687252
7.410914, 5.715973
7.432502, 5.737128
9a125fcb-797e-4420-8435-95177f0d3eb2
6.293281, 4.791914
6.175947, 4.789330
6.133411, 4.782386
5.986306, 4.855868
5.828126, 4.882325
5.736251, 4.930836
5.656015, 4.963822
5.592066, 4.996585
5.527301, 5.036492
5.478231, 5.074186
5.425369, 5.120454
5.377042, 5.156865
5.313274, 5.221737
5.288869, 5.290122
5.250025, 5.352425
5.217876, 5.392673
5.176192, 5.437664
5.120462, 5.500868
5.075532, 5.549559
5.051215, 5.578119
5.016911, 5.644526
6e29ecea-7bcf-4d08-a62c-e841e87ea12a
6.332950, 4.952516
6.400218, 4.987176
6.455994, 5.024332
6.526453, 5.071269
6.587791, 5.113930
6.643053, 5.154186
6.685674, 5.196506
6.770495, 5.275233
6.816703, 5.306830
6.879600, 5.349840
6.936258, 5.394021
6.996135, 5.445973
7.034957, 5.471731
7.081906, 5.556315
7.105532, 5.598882
7.191675, 5.683465
7.254515, 5.736776
7.287674, 5.780610
7.348322, 5.843418
7.452466, 5.941721
31ab70e9-9098-4a79-8772-9715c252f87e
6.237260, 4.984063
6.193399, 5.009793
6.107592, 5.060132
6.063466, 5.092958
6.023562, 5.132047
5.896677, 5.208661
5.857757, 5.216426
5.849229, 5.243602
5.784610, 5.292023
5.723873, 5.348106
5.667975, 5.397685
5.610589, 5.454585
5.557982, 5.506746
5.532440, 5.529965
5.452238, 5.620149
5.412605, 5.660210
5.390276, 5.682781
5.336335, 5.759756
5.303056, 5.812460
5.271414, 5.862572
5.238838, 5.908554
5.204577, 5.956914
5.171029, 6.009448
5.143916, 6.060247
b570c092-e1d6-4020-8e75-8d9dfd88f99b
6.217442, 5.327129
6.175477, 5.336541
6.141621, 5.356420
6.053783, 5.363103
5.986477, 5.377243
5.933168, 5.382338
5.902749, 5.379219
5.879760, 5.397130
5.839726, 5.411498
5.734813, 5.491143
5.675439, 5.528700
5.595409, 5.576834
5.565085, 5.593325
5.520305, 5.638732
f72d0449-0013-4857-9bfc-691a503b0c67
6.117174, 5.558014
6.147522, 5.577674
6.174221, 5.594925
6.191468, 5.609589
6.229327, 5.663114
6.239875, 5.683145
6.292178, 5.769931
6.290156, 5.795646
6.311968, 5.797587
6.373451, 5.853379
6.410946, 5.896375
47526641-0edd-4003-adbe-ed3a00f6e1e3
6.005613, 5.743127
5.961739, 5.755606
5.926073, 5.770417
5.905848, 5.772333
5.852118, 5.779885
5.765348, 5.828392
5.736403, 5.842851
5.705477, 5.859962
5.674711, 5.880407
5.658932, 5.883065
5.618620, 5.888337
5.575562, 5.895478
5.545952, 5.903422
5.514229, 5.913483
9011f9f5-6f8a-4d8c-87e3-9dca4d22d489
5.872724, 6.320296
5.828955, 6.330450
5.754721, 6.347671
5.679367, 6.366687
5.625141, 6.384735
5.592894, 6.392313
5.499423, 6.475201
5.454004, 6.507477
5.393324, 6.543253
5.340616, 6.581654
5.253502, 6.652858
bca6ef54-5e93-41e8-aea7-982be5a9aaaf
5.879534, 6.508672
5.903987, 6.539496
5.944078, 6.578769
5.960533, 6.591300
5.994626, 6.615381
6.019188, 6.630897
6.040662, 6.644463
6.083196, 6.692826
6.107527, 6.718131
6.118872, 6.736316
6.133527, 6.762756
6.148232, 6.774653
6.171807, 6.795796
6.196899, 6.812417
6.219995, 6.826055
6.254610, 6.841408
6.279682, 6.855804
6.301502, 6.870057
6.318624, 6.884818
6.335751, 6.901559
200e53ef-a03c-48ba-879d-ce9321cdac9b
5.804260, 6.817814
5.824908, 6.835280
5.849109, 6.857294
5.896781, 6.941046
5.911385, 6.963681
5.926185, 6.969754
5.941871, 6.982664
5.967804, 6.998190
6.003257, 7.012437
6.022932, 7.023570
6.042998, 7.036645
e8305711-201b-4159-993f-fa070f39a33d
5.591289, 7.729151
5.620191, 7.887549
5.633373, 7.916409
5.652469, 7.961821
5.672136, 8.008591
5.693148, 8.062423
5.708490, 8.114919
5.731754, 8.254258
5.746638, 8.307094
5.758118, 8.347843
5.761887, 8.372259
5.776983, 8.384576
5.785781, 8.406061
5.791956, 8.432989
5.801516, 8.481379
5.811363, 8.531217
5.822851, 8.589362
5.834164, 8.631172
625ecc8e-a982-4b05-ad4e-7318ae4a1180
5.594047, 7.735391
5.556314, 7.835434
5.534184, 7.872024
5.513458, 7.912076
5.494154, 7.949381
5.467556, 8.004036
5.444636, 8.047715
5.417450, 8.096299
5.359062, 8.235308
5.345199, 8.260584
5.328040, 8.281725
5.328188, 8.296204
5.272675, 8.416514
5.257908, 8.441372
5.238486, 8.468205
5.213328, 8.500411
5.189344, 8.538407
5.162228, 8.581367
5.133122, 8.635888
5.118170, 8.663897
5.104978, 8.682252
34313373-a314-405e-b9b3-4ea267363165
6.020795, 8.245027
6.098618, 8.267708
582efff7-09e1-4e9e-a71b-38395df76442
5.748779, 6.906502
5.687441, 6.969742
5.657937, 6.998011
5.627462, 7.023064
5.581475, 7.062807
5.550893, 7.091215
c768f90a-3cf9-424b-9c81-17ffc3cb5fc9
5.949962, 6.125016
5.997240, 6.139550
6.057900, 6.151033
6.094135, 6.160286
6.150234, 6.181742
6.175624, 6.190152
691d4f64-c612-4cd1-9e6f-80dce9ad8581
6.354452, 4.652614
6.242453, 4.673766
6.201723, 4.718571
6.020927, 4.878316
5.979649, 4.932221
5.926771, 5.010505
5.889997, 5.048902
5.837334, 5.106055
5.769087, 5.161756
5.727665, 5.199429
5.721483, 5.226393
5.681067, 5.293187
5.659560, 5.337336
5.636692, 5.380786
5.626729, 5.409281
