main root
6.921500, 4.728633
6.720186, 5.216207
6.702337, 5.299063
6.698717, 5.410389
6.697567, 5.572228
6.696664, 5.699221
6.699957, 5.826786
6.707031, 5.936819
6.714092, 6.046659
6.726464, 6.173664
6.738778, 6.300071
6.745737, 6.393202
6.761722, 6.493578
6.779031, 6.602274
6.808930, 6.709302
6.838545, 6.815309
6.870213, 6.920803
6.899426, 7.018116
6.928147, 7.106479
6.950638, 7.189088
6.980495, 7.304451
7.006166, 7.395633
7.029444, 7.486072
7.048682, 7.586275
7.059588, 7.687954
7.067455, 7.781014
7.066463, 7.867768
7.067503, 7.960687
7.062245, 8.046692
7.066626, 8.148349
7.066164, 8.233966
7.059478, 8.319873
7.049481, 8.421081
7.041606, 8.522314
7.027382, 8.623356
7.009008, 8.723525
6.994316, 8.815280
6.978252, 8.915601
6.969871, 9.007853
6.968522, 9.091468
6.965076, 9.176518
6.963737, 9.260780
6.959231, 9.349345
6.923497, 9.451336
6.916140, 9.574634
6.908482, 9.667683
6.905740, 9.751564
6.902973, 9.836189
6.897821, 9.929444
6.900682, 10.031038
6.901663, 10.141070
6.902570, 10.242666
6.899198, 10.336301
6.897958, 10.429212
6.890253, 10.530946
6.882580, 10.632259
6.875546, 10.725128
6.864282, 10.818154
6.855203, 10.910635
6.838936, 11.011367
6.820639, 11.111410
6.806550, 11.211960
6.789394, 11.304070
6.774453, 11.395782
6.762315, 11.496593
6.751252, 11.606187
6.735182, 11.723362
6.726493, 11.833436
6.714268, 11.934545
6.707338, 12.044745
6.700961, 12.146143
6.691945, 12.255799
6.681504, 12.356968
6.671073, 12.458035
6.661874, 12.567787
6.653388, 12.669033
6.643493, 12.761899
6.634840, 12.863078
6.619840, 12.963998
6.248596, 13.168202
5.953299, 13.270881
5.716978, 13.290149
5.393838, 13.282866
2b7f5c1d-d785-4d8b-9f39-43150f050525
6.957833, 4.829050
7.020863, 4.868758
7.054607, 4.892438
7.087544, 4.911483
7.116590, 4.927591
7.153600, 4.948116
7.188770, 4.967621
7.254531, 5.010898
7.289884, 5.034164
7.325236, 5.057431
7.358523, 5.081130
7.401991, 5.110240
7.450427, 5.137273
7.494784, 5.162030
7.550606, 5.189758
7.590194, 5.212765
7.622705, 5.235122
7.659670, 5.258725
7.697700, 5.279457
7.715941, 5.292809
7.738528, 5.307489
7.800435, 5.361546
7.819027, 5.379788
7.834478, 5.383318
7.888758, 5.418408
7.936458, 5.451026
7.965413, 5.465385
8.014933, 5.486603
8.065477, 5.511517
8.120641, 5.537039
8.164762, 5.559101
8.206185, 5.583160
8.243008, 5.602816
8.265415, 5.614778
8.635522, 5.785263
8.658402, 5.800746
8.697523, 5.823605
8.748696, 5.853505
8.803964, 5.882331
8.854494, 5.910374
8.900941, 5.934439
8.942012, 5.959089
8.992827, 5.989588
9.027074, 6.011888
9.071717, 6.039171
9.115068, 6.065665
9.149135, 6.088239
9.191484, 6.116301
9.220025, 6.133418
9.237700, 6.147509
2f12ad95-2f54-4c70-83b1-82a669cf0b9d
6.789525, 4.924377
6.746110, 4.971252
6.709643, 5.017387
6.688726, 5.048098
6.634448, 5.069006
6.559067, 5.106062
6.521908, 5.117659
6.452115, 5.134736
6.369878, 5.154858
6.312310, 5.168944
6.271867, 5.186544
6.213919, 5.188006
6.171374, 5.174107
6.151629, 5.196641
6.067564, 5.227079
5.979992, 5.258788
5.907450, 5.286646
5.865954, 5.302581
5.500528, 5.439822
5.117126, 5.548537
a3347e9a-09ae-4042-9b59-abfad0f74f32
6.670254, 5.239502
6.643533, 5.243060
6.597244, 5.255206
6.562410, 5.270351
6.541995, 5.273173
6.499566, 5.282496
6.466372, 5.287170
6.429060, 5.289838
6.386107, 5.296345
6.348825, 5.299405
6.300465, 5.312819
6.263819, 5.320327
6.224414, 5.328844
6.185102, 5.337784
6.145888, 5.347147
6.114685, 5.355041
6.094083, 5.354527
6.001383, 5.369185
5.961994, 5.375414
5.902100, 5.402160
5.869024, 5.417404
5.847210, 5.424639
5.826623, 5.425617
5.780681, 5.434228
5.741137, 5.442080
5.701681, 5.450358
5.674414, 5.456522
5.653832, 5.455482
5.369309, 5.475460
5.083917, 5.548019
4.960205, 5.570502
4.905804, 5.579925
4.849043, 5.595751
f533c5cd-0676-4d8a-894b-30cbab59f40e
6.636333, 5.353535
6.599345, 5.375484
6.523240, 5.407078
6.451248, 5.440206
6.341032, 5.467832
6.244257, 5.498630
6.164608, 5.526155
6.101665, 5.549492
6.049845, 5.565511
5.972226, 5.588297
5.921444, 5.593847
5.866433, 5.608860
5.781197, 5.648492
5.724550, 5.681434
5.685571, 5.670417
5.659137, 5.687760
5.591853, 5.702544
5.538636, 5.706151
5.456002, 5.725305
5.377309, 5.749694
5.310465, 5.761010
5.260746, 5.766386
5.155341, 5.801669
5.078383, 5.835321
5.013989, 5.852046
4.935913, 5.878880
4.874646, 5.895187
4.832599, 5.911025
4.780461, 5.935461
4.748831, 5.956897
c863c749-0da3-4813-8661-bf425c7aad46
6.750637, 5.325440
6.811648, 5.324194
6.832645, 5.328257
6.874193, 5.336295
6.910626, 5.338769
6.972429, 5.338467
7.046122, 5.332118
7.076392, 5.331013
7.148036, 5.343802
7.199785, 5.351519
7.231188, 5.356202
7.312577, 5.380529
7.338756, 5.386808
7.368850, 5.389425
7.400864, 5.393726
7.436041, 5.396926
7.459727, 5.400569
7.491425, 5.406941
7.526322, 5.412414
7.561420, 5.416388
7.590035, 5.424131
7.628167, 5.429782
7.663299, 5.433459
7.695266, 5.438295
7.733793, 5.439567
7.757650, 5.441835
7.778058, 5.448270
7.804179, 5.454921
8.107783, 5.511844
8.389909, 5.641330
8.616343, 5.740474
8.654339, 5.758092
8.683144, 5.771448
8.702212, 5.783589
523a7589-7c7e-4fef-aaa3-da2b3a1878de
6.955534, 4.781543
7.033568, 4.819850
7.061871, 4.833908
7.088431, 4.843926
7.138826, 4.853333
7.203751, 4.884226
7.251191, 4.898511
7.291106, 4.910374
7.323434, 4.926228
7.366696, 4.942443
7.390536, 4.952976
7.432211, 4.981358
7.494448, 5.027067
7.519103, 5.041461
7.583659, 5.072028
7.621600, 5.096616
7.661559, 5.117161
7.712781, 5.138449
7.757734, 5.158752
7.804030, 5.179662
7.858040, 5.204056
7.890834, 5.218867
7.910023, 5.230819
8.090541, 5.275624
8.115917, 5.286550
8.156675, 5.308987
8.203209, 5.332894
8.246379, 5.356756
8.290840, 5.381332
8.341221, 5.405760
8.400549, 5.429536
8.445760, 5.449267
8.494290, 5.468814
8.547254, 5.485305
8.592006, 5.502376
8.649316, 5.522634
8.695305, 5.540478
8.744602, 5.558001
8.778673, 5.573288
8.813388, 5.590505
8.836143, 5.601790
8.854886, 5.614428
1ab02f8b-2243-4f04-b144-ac21f3bf6d1b
6.736195, 5.664089
6.787540, 5.658992
6.810132, 5.659758
6.832425, 5.663508
6.862738, 5.673160
6.890701, 5.678922
6.954390, 5.702133
6.996083, 5.715733
7.032555, 5.730780
7.089294, 5.752570
7.134657, 5.766784
7.196839, 5.781562
7.246265, 5.793309
7.283590, 5.803719
7.309900, 5.809502
7.463007, 5.817308
7.527613, 5.836117
7.554386, 5.847030
7.589689, 5.864651
7.627569, 5.883559
7.669465, 5.901125
7.730000, 5.921639
7.776214, 5.938879
7.829587, 5.953997
7.866811, 5.969208
7.919691, 5.985965
7.965269, 6.006778
5605722d-82b9-44b8-acb6-0285e9e6da84
6.668843, 5.893377
6.645325, 5.900507
6.583450, 5.908933
6.546893, 5.914975
6.492817, 5.940525
6.431336, 5.962967
6.376085, 5.986820
6.292491, 6.007001
6.237108, 6.020852
6.181839, 6.035157
6.132396, 6.040225
6.071844, 6.050024
5.897666, 6.069580
5.821948, 6.078081
5.740948, 6.093198
5.668440, 6.103684
5.626104, 6.112831
5.588639, 6.123986
5.535936, 6.149046
5.480501, 6.175406
5.434868, 6.187494
91419c98-065f-4f28-a0be-e0f04d780ffd
6.779704, 6.070021
6.828636, 6.073945
6.853955, 6.075975
6.909353, 6.082317
6.938331, 6.084144
6.976789, 6.082086
7.010520, 6.080281
7.048508, 6.073736
7.083030, 6.066253
7.119491, 6.053740
7.154240, 6.037052
7.175040, 6.032026
7.207017, 6.022745
7.225316, 6.024064
7.324578, 5.988870
7.355586, 5.979464
7.386994, 5.971499
7.420904, 5.961356
7.449312, 5.955983
7.483779, 5.947941
7.505161, 5.947562
7.540491, 5.945436
7.570083, 5.948155
7.583088, 5.939522
7.602573, 5.933774
7.627956, 5.927843
7.649342, 5.927453
7.673272, 5.928511
7.721142, 5.917141
7.736831, 5.935726
7.852899, 5.973111
deef8841-8d18-4ebc-8e8e-84a3ea14e30e
6.940461, 9.021842
6.847404, 9.029016
6.726799, 9.060090
6.674039, 9.067447
6.642640, 9.071770
6.608674, 9.079414
6.560823, 9.096268
6.503410, 9.119607
6.448814, 9.141742
6.392549, 9.167727
6.362262, 9.185013
f34459c0-aa2c-44ab-98f6-75bc9d02ae7b
7.037516, 8.553235
7.120054, 8.553380
7.217905, 8.594535
7.270594, 8.623190
7.329812, 8.654109
7.386037, 8.678813
7.446317, 8.695489
7.501407, 8.716800
53956e12-1ec2-4d15-8bc8-6a53917e33ba
6.989233, 7.234767
7.014648, 7.244033
7.094451, 7.256029
7.143026, 7.273294
7.250652, 7.273336
7.340078, 7.310505
7.404173, 7.326585
7.477721, 7.326922
7.547130, 7.324247
7.602535, 7.329006
5c908073-7954-40a0-9338-e2cccf74c556
6.891634, 7.067851
6.835527, 7.086473
6.755796, 7.112934
6.700606, 7.132828
6.654426, 7.143109
6.537794, 7.172304
6.464107, 7.190709
6.388206, 7.212754
6.321352, 7.222820
6.224309, 7.262553
6.183173, 7.279396
c658767d-da96-437c-8e83-d0aa9e05cf80
6.886165, 6.890036
6.924622, 6.859762
6.978776, 6.829661
6.999921, 6.826469
7.024912, 6.822846
7.038712, 6.809804
7.085702, 6.793638
7.130334, 6.792788
7.167607, 6.795071
7.201938, 6.798674
7.223910, 6.803989
7.341436, 6.780373
7.399386, 6.794720
7.436244, 6.798869
7.456896, 6.805370
7.489671, 6.813762
7.509227, 6.823055
7.536540, 6.837314
7.563297, 6.852588
7.584282, 6.870128
7.600629, 6.870352
7.624573, 6.872114
7.656459, 6.875899
7.688144, 6.881105
7.726442, 6.882783
7.750323, 6.885263
7.776117, 6.889385
7.805827, 6.895584
7.831669, 6.905498
7.864972, 6.916603
7.898737, 6.926218
7.927501, 6.935899
7.949758, 6.944903
7.971436, 6.955221
7.990381, 6.967553
7d21ecd6-1e97-429f-adb8-3dceeda8151f
6.835764, 6.894273
6.797920, 6.910836
6.728135, 6.941378
6.664939, 6.975572
6.613368, 6.996668
798b0204-f809-44bd-ab94-d33b189beda3
7.082950, 7.550068
7.134767, 7.502970
7.151263, 7.496657
7.174122, 7.489512
7.195419, 7.487559
7.230497, 7.482838
7.251819, 7.484499
7.280757, 7.491257
7.306282, 7.501829
7.323590, 7.497420
7.362246, 7.490664
7.395955, 7.481732
7.478684, 7.456268
7.506059, 7.452540
7.545908, 7.447114
7.569794, 7.445372
dfe94c31-7204-47ce-a3a0-d3e55d2948ee
7.109009, 7.810311
7.172024, 7.805185
7.188813, 7.805924
7.224007, 7.805930
7.240745, 7.813197
7.265892, 7.824192
7.285367, 7.822644
7.306566, 7.825464
7.345122, 7.833613
7.403108, 7.845867
7.441861, 7.850998
7.507336, 7.853627
7.563445, 7.858876
7.648681, 7.867865
a9251e41-ff2d-4564-98b7-574e33a45043
7.049816, 8.402801
6.977274, 8.401296
6.879376, 8.411943
6.762538, 8.413575
6.705140, 8.427500
f2f8d5a1-fc44-446c-b506-7e86329118ec
7.014368, 9.368152
7.097827, 9.377098
7.176913, 9.382257
7.249104, 9.389984
a9156fa0-d1d5-4ecd-8727-4ddd1e02bd53
6.904417, 9.700678
6.876828, 9.701783
6.835208, 9.704947
0d7f12db-58db-4e9d-9de2-d9a9f7b86ae4
6.947155, 9.874266
6.970870, 9.887652
0935af02-7b1d-4277-83ae-696fe2ab0efa
6.889401, 10.015461
6.808466, 10.057364
b624d703-5287-482f-ace1-443c89b05a34
6.833168, 10.438918
6.877690, 10.451213
6.935466, 10.472136
7.008954, 10.459814
b2f54248-e6ea-4d6f-8858-e4ffe40d6ac9
6.829007, 10.880669
6.878804, 10.877871
6.928156, 10.887970
