main root
6.234639, 4.700862
6.213121, 4.957764
6.206114, 5.051566
6.201809, 5.186667
6.174776, 5.309903
6.155535, 5.436798
6.130997, 5.612578
6.116311, 5.755097
6.103440, 5.859343
6.095208, 5.960546
6.082075, 6.069793
6.079424, 6.162331
6.072539, 6.255773
6.072042, 6.348406
6.067434, 6.433896
6.066649, 6.526644
6.059544, 6.620427
6.057347, 6.704323
6.052801, 6.797607
6.046588, 6.882492
6.041643, 6.950046
6.033932, 7.014394
6.022850, 7.106866
6.013784, 7.182521
6.007333, 7.261506
5.994281, 7.329383
5.985555, 7.430774
5.969778, 7.493153
5.949017, 7.575238
5.926181, 7.665525
5.911832, 7.746670
5.896137, 7.818232
5.882548, 7.894161
5.875081, 7.969867
5.867601, 8.045702
5.865492, 8.128081
5.863541, 8.204258
5.864506, 8.283502
5.868463, 8.362654
5.868285, 8.419004
5.865112, 8.475267
5.863186, 8.536015
5.858142, 8.600623
5.856282, 8.662925
5.854513, 8.722162
5.854195, 8.782947
5.853962, 8.827396
5.852012, 8.878228
5.840580, 9.022457
5.834448, 9.060873
5.826889, 9.088701
5.834989, 9.110259
5.842222, 9.179141
5.844061, 9.225314
5.847976, 9.285970
5.849158, 9.350775
5.848716, 9.408566
5.846712, 9.474786
5.846115, 9.544025
5.842562, 9.608746
5.836490, 9.664764
5.832756, 9.726988
5.826397, 9.782983
5.821026, 9.843532
5.810966, 9.906137
5.804145, 9.958009
5.795317, 10.025160
5.786302, 10.082237
5.778378, 10.132412
5.770377, 10.192670
5.768002, 10.256044
5.768264, 10.328950
5.769440, 10.390370
5.749916, 10.468039
5.741032, 10.491091
5.747387, 10.511482
5.746125, 10.589571
5.745317, 10.639606
5.745831, 10.700389
5.743385, 10.765155
5.736832, 10.819722
5.733389, 10.873493
5.725724, 10.946362
5.720856, 11.006944
5.715431, 11.074453
5.707941, 11.130307
5.697493, 11.185685
5.689661, 11.235272
5.685292, 11.272528
9bb0ce01-4f16-4511-9102-1fe1be466081
5.913967, 7.615767
5.861403, 7.635243
7259d217-defd-40ff-84b9-6806ca344034
5.994031, 7.237805
5.944761, 7.269861
