main root
6.557961, 4.504223
6.525789, 4.737603
6.498405, 4.890350
6.463526, 5.039453
6.428650, 5.205232
6.397132, 5.338374
6.353777, 5.489470
6.309311, 5.610696
6.253676, 5.748550
6.199709, 5.865469
6.146137, 5.998824
6.098162, 6.101229
6.046037, 6.207518
5.999304, 6.317188
5.924624, 6.471279
5.848427, 6.645229
5.777946, 6.838735
5.733957, 6.976928
5.711563, 7.097597
5.694322, 7.250965
5.676473, 7.383399
5.672292, 7.507312
5.688390, 7.690474
5.685810, 7.847714
5.689269, 8.010325
5.684507, 8.165459
5.684792, 8.293060
5.672098, 8.384558
5.651147, 8.504932
5.630197, 8.612957
5.619219, 8.714001
5.593466, 8.813952
5.572254, 8.913239
5.559700, 9.042342
5.529478, 9.156962
5.511238, 9.275786
5.497375, 9.393918
5.464532, 9.531516
5.440987, 9.657298
5.406643, 9.807901
5.374703, 9.919499
5.338935, 9.998468
5.297332, 10.100575
5.262191, 10.186820
5.230154, 10.249581
5.218329, 10.285913
5.196669, 10.362144
5.176671, 10.421561
5.170308, 10.459236
80c373b8-d01a-400d-bafa-f9001c6fec8a
6.649227, 4.673018
6.750878, 4.760708
6.818078, 4.886024
6.845372, 4.949911
6.868226, 4.996176
6.902969, 5.060090
6.955187, 5.131083
7.010301, 5.246768
7.041427, 5.308621
7.059422, 5.368200
