main root
5.139076, 10.236522
5.046685, 10.105320
4.990308, 9.946517
5.034627, 9.653245
5.096343, 9.520229
5.182028, 9.391479
5.234789, 9.315685
5.295764, 9.246770
5.350040, 9.182296
5.408277, 9.119554
5.460201, 9.065818
5.513154, 9.011015
5.581215, 8.946629
5.636448, 8.898499
5.693602, 8.852665
5.780741, 8.785496
5.850995, 8.736578
5.913147, 8.695125
5.975702, 8.657002
6.070744, 8.601559
6.143878, 8.558895
6.209703, 8.520495
6.274451, 8.486188
6.308733, 8.461246
6.365876, 8.415970
6.411645, 8.372067
6.466728, 8.315078
6.519691, 8.260283
6.604659, 8.170192
6.692636, 8.109801
6.737342, 8.086659
6.817999, 8.067391
6.868673, 8.065496
6.918585, 8.071118
6.968756, 8.082795
7.052544, 8.130882
7.097455, 8.189456
7.116859, 8.272664
7.101966, 8.362736
7.085569, 8.410327
7.047657, 8.494531
7.001361, 8.576867
6.953766, 8.657219
6.912618, 8.730758
6.867243, 8.803356
6.815973, 8.881416
6.762006, 8.967436
6.708013, 9.053495
6.664237, 9.135145
6.606723, 9.220038
6.524975, 9.339376
6.469582, 9.438951
6.415476, 9.544890
6.367459, 9.648211
6.313929, 9.763394
6.251446, 9.872931
6.218863, 9.967980
6.168643, 10.140332
6.139867, 10.246653
6.112884, 10.362502
6.089964, 10.470230
6.077163, 10.571054
6.059116, 10.679596
6.038286, 10.804877
6.024388, 10.914262
6.010516, 11.023451
5.996557, 11.149976
5.991872, 11.269407
5.997732, 11.389124
6.009874, 11.507709
6.019832, 11.625671
6.038268, 11.743751
6.055744, 11.869288
6.074200, 11.986569
6.092072, 12.086525
6.114090, 12.185642
6.135882, 12.293492
6.163561, 12.409177
6.185032, 12.517098
6.208594, 12.624690
6.225564, 12.741626
6.232963, 12.851544
6.234011, 12.961620
6.224583, 13.079396
6.213036, 13.197206
6.180066, 13.276891
6.125930, 13.365226
e8f0f954-201d-4886-9a63-589163017dae
6.169641, 9.990600
6.094532, 9.982472
6.041712, 9.981009
5.979468, 9.980329
6b657325-2bd4-4a65-b6f7-3f0e61b283c2
6.310532, 9.643761
6.264581, 9.644778
6.237576, 9.641733
6.202736, 9.640215
6.149870, 9.637911
aeb2410c-6147-4caa-8235-8b942502dd82
6.632848, 9.260143
6.695139, 9.283479
6.731204, 9.299939
6.777572, 9.314736
6.835289, 9.359884
6.864412, 9.386470
6.887395, 9.403402
6.912028, 9.417833
6.974137, 9.451098
7.020299, 9.480916
7.059707, 9.504588
7.083534, 9.517156
55dc8411-e3af-489c-b9bf-981aadf366a0
6.718300, 8.970433
6.691434, 8.966223
6.625011, 8.946108
6.596740, 8.935233
6.563360, 8.930409
6.528048, 8.934380
6.475222, 8.933317
67ab777f-a28f-40ef-9a5d-3842cbb311c3
6.954600, 8.591406
6.880812, 8.578338
6.796292, 8.571642
6.722412, 8.566151
6.683321, 8.566246
5b384647-020b-48a5-862e-53589b44b41a
7.053974, 8.215990
6.991933, 8.224821
6.927002, 8.232417
6.859275, 8.241714
6.796866, 8.245614
6.770150, 8.265677
6.657750, 8.287812
6.610801, 8.299171
058e9d73-f005-4560-98b2-dafe089a6c11
6.795975, 8.103205
6.818336, 8.162634
6.836706, 8.225833
6.859833, 8.294972
6.884006, 8.367241
6.896213, 8.408450
6.903370, 8.437882
e6b216b0-f51d-4ad3-8c67-09fe677bf815
5.013647, 9.765491
4.887526, 9.799052
4.817662, 9.842301
4.760416, 9.874925
4.701076, 9.902817
4.567767, 9.939867
4.504954, 9.954488
4.448308, 9.983927
4.422151, 9.993748
4.396394, 10.009533
4.368092, 10.025104
4.344579, 10.036313
4.335927, 10.059725
4825d7d5-8765-4bf6-8861-3c558a2fdd69
4.962428, 9.888454
4.851352, 9.939598
4.706481, 9.950825
4.593664, 9.982295
4.543912, 10.024707
4.486486, 10.089110
4.461755, 10.116991
4.404178, 10.179536
0fac246c-5e2b-44a2-96ea-73dbcd62743b
4.947268, 10.040474
4.860564, 10.082229
4.775308, 10.107174
4.718264, 10.136827
4.633281, 10.176264
4.549907, 10.217272
4.479415, 10.242516
4.384649, 10.276234
4.324933, 10.301904
4.285663, 10.315525
4.232657, 10.356407
4.185505, 10.406003
4.145641, 10.427126
801d832d-487e-4ee6-a134-311333dc8c8c
5.079771, 10.320582
5.009391, 10.351153
4.942627, 10.373624
4.890595, 10.394291
4.843677, 10.416143
4.773173, 10.452280
4.719719, 10.486399
4.654595, 10.531512
4.591220, 10.579052
4.533155, 10.615118
4.510396, 10.646281
4.475386, 10.684068
4.435028, 10.725425
4.394290, 10.761195
