main root
6.350989, 4.689162
6.401164, 5.028943
6.414774, 5.141589
6.434242, 5.267696
6.410221, 5.346023
6.382453, 5.470670
6.393439, 5.535467
6.429472, 5.660074
6.435410, 5.733516
6.442112, 5.858952
6.451109, 5.988040
6.461467, 6.106317
6.464357, 6.233370
6.471296, 6.352943
6.482877, 6.480022
6.494049, 6.624310
6.510522, 6.767907
6.520093, 6.888313
6.536500, 7.015227
6.551698, 7.132791
6.565811, 7.241956
6.577815, 7.351328
6.586807, 7.452627
6.591590, 7.554355
6.601428, 7.636166
6.603903, 7.698861
6.601263, 7.882432
6.606312, 7.947761
6.607664, 8.004095
6.612150, 8.066263
6.613215, 8.122603
6.611287, 8.178921
6.615038, 8.244337
6.621592, 8.306322
6.624533, 8.362596
6.630770, 8.424611
6.636702, 8.483577
6.639356, 8.539865
6.648410, 8.604760
6.649843, 8.658352
6.654499, 8.720508
6.654295, 8.757851
6.682276, 8.897644
6.688310, 8.943033
6.692757, 8.999207
6.700655, 9.061034
6.701469, 9.114641
6.708445, 9.179793
6.714755, 9.238719
6.721065, 9.297647
6.724080, 9.353916
6.727249, 9.413094
6.727269, 9.469443
6.724296, 9.525715
6.726832, 9.591190
6.726019, 9.647534
6.725165, 9.706791
6.727263, 9.769086
6.729256, 9.828316
6.731250, 9.887546
6.733244, 9.946775
6.738330, 10.008896
6.739938, 10.065224
6.741629, 10.124463
6.746398, 10.186609
6.747720, 10.242945
6.749111, 10.302193
6.750255, 10.350863
6.742368, 10.395281
c7000e8e-d205-4887-bf5c-069ea968a7ab
6.358234, 4.815718
6.272271, 4.992592
6.225641, 5.045509
6.153016, 5.161604
6.129671, 5.193239
6.115215, 5.217834
6.093817, 5.254199
6.073463, 5.294652
6.055818, 5.336383
6.038564, 5.369501
6.010648, 5.407545
5.921709, 5.545981
5.876852, 5.607043
5.839230, 5.648143
5.822643, 5.688597
5.818683, 5.721471
5.816842, 5.786912
5.815962, 5.818664
30035685-029d-4926-aba3-1efdde073303
6.365985, 4.871411
6.468163, 4.863561
6.521582, 4.866595
6.560155, 4.870285
6.602087, 4.880312
6.666946, 4.889665
6.725610, 4.898125
6.780479, 4.907549
6.814930, 4.918023
6.865402, 4.931802
6.906445, 4.944559
6.951208, 4.961607
