main root
6.182771, 4.551450
6.103365, 4.726497
6.040900, 4.845450
5.967951, 4.979612
5.893193, 5.144564
5.842416, 5.277539
5.750266, 5.621752
5.707824, 5.959908
5.712890, 6.258774
5.762145, 6.561543
5.880908, 7.050766
5.910111, 7.185292
5.926629, 7.314432
5.933713, 7.417652
5.932538, 7.492700
5.918615, 7.571280
5.904480, 7.663118
5.876410, 7.762064
5.873118, 7.827617
5.872673, 7.920368
5.887025, 8.016076
5.900922, 8.122977
5.902949, 8.197777
5.870373, 8.323942
5.846628, 8.373990
5.791410, 8.460765
5.734620, 8.577387
5.622089, 8.700804
5.559639, 8.778717
5.522112, 8.839027
5.491810, 8.907752
5.452788, 9.001497
5.413490, 9.079394
5.371265, 9.153881
5.341163, 9.219125
5.318995, 9.267175
5.303587, 9.329743
19dde5ee-afcf-4017-8cdd-09c05d7076bb
6.102797, 4.732639
6.229525, 5.122182
6.308812, 5.318275
6.363935, 5.462594
6.416741, 5.632198
6.420558, 5.644765
6.429368, 5.683207
6.439100, 5.712276
6.460114, 5.756185
6.472394, 5.792247
6.492569, 5.842206
6.518660, 5.898818
6.543465, 5.952643
6.572240, 6.007930
6.592569, 6.056715
6.612111, 6.103609
6.632136, 6.155556
6.650729, 6.204577
b817d185-c9aa-4715-acb8-66309f4d2596
6.066121, 4.798392
6.284011, 5.061141
6.458966, 5.195700
6.628490, 5.297103
6.679005, 5.375047
6.703432, 5.429234
6.717414, 5.485743
6.728888, 5.525876
6.759858, 5.549927
6.806062, 5.654868
6.818748, 5.709417
6.828806, 5.770969
6.819228, 5.859036
6.809292, 5.912037
6.796321, 5.948738
6.768191, 6.014855
6.744160, 6.071339
6.720650, 6.115454
