main root
6.836707, 4.903128
6.775411, 5.140537
6.769186, 5.341462
6.750044, 5.500704
6.727813, 5.685643
6.704472, 5.887360
6.697679, 6.032962
6.695263, 6.166628
6.686684, 6.292692
6.675429, 6.427350
6.671195, 6.528793
6.674088, 6.611702
6.687227, 6.684978
6.704136, 6.767535
6.719001, 6.840112
6.726018, 6.896749
6.767779, 7.022090
6.781279, 7.067332
6.788523, 7.156740
6.805281, 7.233839
6.806721, 7.275690
6.822978, 7.356372
6.827542, 7.416904
6.840662, 7.491337
6.847217, 7.554390
6.859154, 7.625753
6.865161, 7.688861
6.873212, 7.757627
6.879428, 7.823579
6.879902, 7.876431
6.879001, 7.942667
6.876606, 8.008867
6.875599, 8.078096
6.854181, 8.118360
6.835777, 8.312320
6.833429, 8.384635
6.832681, 8.453869
6.836461, 8.519790
6.783704, 8.655538
6.754532, 8.802881
6.720007, 8.934559
6.700156, 8.998471
6.697637, 9.041904
6.654962, 9.318718
6.640849, 9.390616
6.646354, 9.541185
6.640692, 9.662003
6.632209, 9.813114
6.626751, 9.910343
6.617906, 9.961091
6.621704, 10.000321
722c23b2-d977-4e5b-8679-884bedad9809
6.764663, 5.086824
6.579838, 5.141147
6.486637, 5.198288
6.415325, 5.233092
6.181592, 5.340163
6.144540, 5.356700
6.090081, 5.385891
6.041654, 5.422398
5.996750, 5.473115
5.954933, 5.470807
5.838764, 5.538287
5.774142, 5.584350
5.725546, 5.620827
5.698959, 5.648274
ffbef57b-6e3c-4630-bded-93bde258219a
6.785318, 5.029835
6.632606, 5.075549
6.467163, 5.217866
6.411334, 5.282489
6.350142, 5.325012
6.184350, 5.423088
6.145710, 5.441630
6.102802, 5.464743
6.062233, 5.485777
6.020059, 5.510204
5.996511, 5.523010
5.942868, 5.546958
5.904662, 5.554967
5.846889, 5.601838
5.793018, 5.641257
5.746221, 5.669935
5.694760, 5.704999
5.618425, 5.742812
5.565379, 5.769103
5.510985, 5.799419
5.462177, 5.818056
5.420659, 5.833895
5.393476, 5.850659
f6d9cc14-e794-4acd-ac75-78e5d89aa6ab
6.687763, 6.748485
6.613591, 6.779184
6.491367, 6.855026
6.424705, 6.877698
6.377903, 6.892114
6.330701, 6.905165
6.285227, 6.913158
6.227048, 6.934099
6.180508, 6.949340
6.143205, 6.944152
6.133404, 6.957003
6.092084, 6.998221
ed7ab9d4-17c1-4b92-a991-2cd1b5487976
6.750405, 6.756784
6.804903, 6.766702
6.874442, 6.783922
6.953640, 6.798908
7.021095, 6.809882
f2b85f38-d244-4ad6-bdf1-372f766cd4b8
6.734335, 6.256834
6.782201, 6.262019
6.868219, 6.275589
6.936637, 6.292444
6.990317, 6.307210
7.035819, 6.324383
