main root
6.723342, 4.282245
6.673025, 4.621555
6.651141, 4.754902
6.606376, 4.834392
6.562905, 5.048761
6.552457, 5.167295
6.545080, 5.298680
6.532992, 5.443719
6.521059, 5.596241
6.515735, 5.718306
6.508115, 5.844821
6.503084, 5.963445
6.505129, 6.064984
6.505061, 6.166686
6.507108, 6.268214
6.511271, 6.369679
6.517545, 6.471034
6.525929, 6.572229
6.532216, 6.673735
6.538496, 6.775135
6.544253, 6.868091
6.543756, 6.962147
6.551681, 7.063480
6.561023, 7.155931
6.569533, 7.240172
6.580965, 7.332391
6.587369, 7.417769
6.596415, 7.510255
6.612094, 7.638017
6.674367, 7.810866
6.713281, 7.931266
6.731394, 8.028267
6.737969, 8.143552
6.730265, 8.261351
6.702106, 8.416974
6.682446, 8.560970
6.670498, 8.695205
6.658774, 8.757278
6.716865, 8.882377
6.724657, 9.026881
6.742803, 9.263858
6.722699, 9.647661
6.705273, 9.775215
6.697651, 9.901098
6.678651, 10.006479
6.653624, 10.133497
6.648714, 10.243328
6.652252, 10.298210
6.659039, 10.604496
6.672967, 10.692365
6.679818, 10.754686
6.681540, 10.825117
6.692601, 10.910038
6.705800, 10.988164
6.708421, 11.039614
6.712302, 11.115698
6.722469, 11.197456
6.720127, 11.239265
6.717312, 11.295156
79e42095-4c2b-4d18-8b0e-ab8b42fa3337
6.769824, 7.912203
6.859801, 7.931407
6.923592, 7.943774
6.988010, 7.956262
7.045157, 7.975860
7.146395, 8.009473
7.184398, 8.032646
7.225035, 8.055138
7.278472, 8.079057
7.321874, 8.102902
7.359125, 8.131386
7.390449, 8.152878
7.420018, 8.167166
7.466703, 8.190877
7.516930, 8.214196
7.563975, 8.237184
7.606551, 8.262474
7.643341, 8.285539
b658982e-aa59-410d-98bd-9328a08ed2fb
6.581787, 7.579911
6.544997, 7.611940
6.500746, 7.644509
6.445874, 7.686755
6.377389, 7.721836
6.315807, 7.756744
6.251359, 7.793278
6.220619, 7.808983
6.108797, 7.862187
6.072624, 7.875957
6.047219, 7.888709
6.008681, 7.911276
5.973819, 7.928088
5.934927, 7.950041
5.898668, 7.970377
5.866180, 7.991898
5.831459, 8.014764
5.795821, 8.041678
5.763162, 8.062451
5.728941, 8.080533
5.692130, 8.099854
5.655266, 8.119073
5.595032, 8.150536
5.568791, 8.159178
5.520542, 8.175066
5.465202, 8.191714
5.399337, 8.213091
5.345159, 8.236970
5.286180, 8.265263
5.253034, 8.282824
ac8b45b8-99d7-4984-aecc-308bd8afba25
6.820451, 8.148564
6.850743, 8.163023
6.923310, 8.194343
6.973910, 8.211291
7.098454, 8.274078
7.175495, 8.305954
7.253510, 8.338233
7.340159, 8.371806
7.419108, 8.402397
7.481790, 8.433494
7.555475, 8.479308
7.609664, 8.511238
7.649765, 8.549185
cdc4748d-bad8-4ebe-9c99-d113046d6557
6.728730, 4.587206
6.797566, 4.618471
6.865300, 4.669137
6.917348, 4.702464
6.979960, 4.737224
7.022155, 4.764072
7.062667, 4.793398
7.103443, 4.824762
7.150523, 4.851549
7.186075, 4.866610
7.203579, 4.878900
7.233375, 4.897991
7.263952, 4.915804
7.291163, 4.933387
7.321672, 4.951317
7.348815, 4.969003
7.370972, 4.988798
7.402563, 5.011000
7.428182, 5.030831
7.457057, 5.051290
7.490945, 5.069795
7.509005, 5.084771
7.541394, 5.105793
7.561817, 5.124399
7.580502, 5.147497
7.595680, 5.152195
7.629268, 5.178766
b1ca4778-e01c-4d69-9d6f-13b1e15d65c6
6.675903, 4.719668
6.723280, 4.711237
6.763624, 4.703561
6.816284, 4.698442
6.969362, 4.693852
7.037255, 4.699795
7.079383, 4.703473
7.118270, 4.709863
7.163440, 4.714243
7.202242, 4.721023
7.230717, 4.722969
7.262429, 4.719145
7.331007, 4.706742
7.358631, 4.706309
7.394609, 4.705745
d160c066-92d1-412d-ada7-1232243ec25e
6.595681, 4.722432
6.500589, 4.723828
6.323713, 4.770889
6.269624, 4.780633
6.196930, 4.801334
6.144024, 4.813286
6.091670, 4.820511
6.042621, 4.825768
5.993436, 4.829535
5.950581, 4.835818
5.908262, 4.845049
0a59a9dd-d2c2-4bc1-b913-531dfb7b44f4
6.642554, 4.792213
6.678227, 4.814191
6.767891, 4.880987
6.789265, 4.908111
6.871951, 4.943759
6.938433, 4.969933
6.966035, 4.982409
040ae365-700a-416f-8407-e8995bad7fb0
6.611969, 8.702270
6.477529, 8.734852
6.400139, 8.765372
6.317913, 8.791112
6.236091, 8.814552
6.172000, 8.831356
6.125975, 8.841877
6.071583, 8.863767
b36e4a92-a1dd-409d-9016-fee28658d171
6.734628, 7.858572
6.838045, 7.869654
6.863300, 7.872360
6.915024, 7.894589
6.934403, 7.894023
6.958343, 7.894819
6.979096, 7.899998
7.010127, 7.909281
7.040696, 7.919985
7.074553, 7.930251
7.106945, 7.940073
c5158137-1db0-4705-9df3-ea87c4664374
6.651309, 7.595535
6.775405, 7.776764
6.820952, 8.026536
449cec4f-ee6a-4a76-8544-b39e5a5ffe3c
6.606504, 7.043897
6.637165, 7.059177
6.659894, 7.070508
6.679590, 7.064371
6.737332, 7.071297
6.812064, 7.101260
6.853247, 7.111322
6.930886, 7.127211
6.992482, 7.136760
7.041357, 7.147367
7.074741, 7.156143
7.099307, 7.162601
e9b1dec8-2a3b-4c33-9570-7d52fa1170aa
6.566173, 5.501199
6.604333, 5.492252
6.648080, 5.492485
6.716795, 5.509161
6.745843, 5.517749
6.779498, 5.519896
6.809613, 5.517318
6.865681, 5.506509
6.919175, 5.504862
