main root
6.738867, 4.656834
6.688711, 4.763853
6.645162, 4.871419
6.610243, 4.986882
6.536287, 5.154093
6.494476, 5.186181
6.480715, 5.268873
6.469757, 5.350468
6.456878, 5.411948
6.418585, 5.850650
6.429294, 5.969347
6.432889, 6.042525
6.441136, 6.088379
6.459704, 6.157791
6.490390, 6.237757
6.511890, 6.306313
6.544285, 6.402546
6.574957, 6.480660
6.602805, 6.551583
6.638415, 6.625892
6.659365, 6.690387
6.682901, 6.762854
6.700402, 6.807052
6.735446, 6.879294
6.776700, 6.950622
6.810757, 7.015487
6.850220, 7.084207
6.888163, 7.150281
6.930190, 7.217462
6.974723, 7.283008
7.017542, 7.346031
7.067490, 7.408896
7.114887, 7.468554
7.169380, 7.527522
7.225322, 7.583648
7.279109, 7.637614
7.337129, 7.691588
7.384454, 7.743792
7.414487, 7.799207
7.487126, 7.883374
7.528463, 7.940435
7.568984, 8.001471
7.602825, 8.063275
7.616040, 8.087411
7.747207, 8.174719
7.750456, 8.247655
7.733644, 8.354333
7.739220, 8.453562
7.743494, 8.529637
7.747771, 8.605714
7.748891, 8.678968
7.750059, 8.755157
7.748157, 8.826287
7.743720, 8.880345
7.732876, 8.939287
7.719091, 9.014227
7.700779, 9.064141
7.669197, 9.124145
7.653873, 9.210300
6f180035-9ea6-4852-b3c8-229c43df8b2c
6.653198, 4.829846
6.565337, 4.830993
6.523018, 4.831548
6.498855, 4.819889
6.483955, 4.831994
6.436794, 4.852611
