main root
7.067444, 4.755527
7.028281, 5.010470
7.003999, 5.141196
7.000573, 5.292311
6.994291, 5.386582
6.973799, 5.457207
6.925261, 5.596224
6.865126, 5.732614
6.823985, 5.864977
6.786533, 6.015816
6.780435, 6.120953
6.801659, 6.281992
6.876441, 6.506673
6.909176, 6.585563
6.936851, 6.635699
6.956347, 6.686504
8891f2c5-5fd8-4749-8e8f-7258c32dc2ef
7.092275, 4.973443
7.177279, 4.943513
7.234623, 4.923655
7.255592, 4.926061
7.293028, 4.933367
7.333014, 4.941409
7.367391, 4.945506
7.398659, 4.949467
7.430290, 4.947674
7.473843, 4.942440
7.569550, 4.933843
7.640132, 4.944148
7.691590, 4.956199
7.749558, 4.971311
7.778455, 4.980391
e1b88957-cf9c-435c-8f8d-c5a8ffcadf9f
7.100117, 5.090530
7.171836, 5.110717
7.216188, 5.120069
7.237520, 5.127605
7.273530, 5.143477
7.316132, 5.158960
7.338272, 5.173401
7.359101, 5.170223
7.405312, 5.167714
7.457202, 5.163398
7.523334, 5.159400
7.572642, 5.157918
7.619852, 5.157997
7.650103, 5.159544
617ca270-6830-4b53-aea5-6eaee2a4250f
7.074352, 5.331298
7.117155, 5.341176
7.172148, 5.342245
7.198888, 5.365530
7.256819, 5.408038
7.279479, 5.448604
7.302831, 5.540681
efd09d1f-e69f-4f7a-9b12-61bd785ae8da
7.080472, 5.166628
7.120206, 5.224354
7.144276, 5.262306
7.165537, 5.305396
7.185082, 5.361265
