main root
6.048968, 3.881711
6.018552, 4.142318
6.058427, 4.701941
6.083106, 5.414360
6.077741, 5.818957
6.058116, 6.033296
6.028859, 6.264856
5.963418, 6.498944
5.953850, 6.790552
5.916583, 6.961848
5.942960, 7.168314
5.954626, 7.336800
5.936599, 7.539134
5.971592, 7.852886
5.964261, 8.134873
5.986543, 8.535054
6.026160, 8.890417
6.033245, 9.252149
6.034220, 9.438062
3c85a578-b84f-4573-b185-921d9a45992a
6.076926, 5.830445
5.918102, 5.871777
5.773839, 5.886298
5.640198, 5.874415
5.567289, 5.830514
5.474353, 5.809825
90d8bfcd-8f42-4399-993b-a749a2690bd4
6.049278, 6.042579
5.916872, 6.084272
5.749601, 6.118827
5.628323, 6.152703
5.430091, 6.181687
5.151569, 6.214658
4.984392, 6.235710
4.522421, 6.348221
22fdfb04-fc7f-4acd-92ee-e88ec6c09aaa
5.962417, 6.467586
5.853426, 6.466921
5.742766, 6.441956
5.562647, 6.405273
5.339783, 6.367944
5.272515, 6.354154
5.210183, 6.346425
cfaf6a85-2fd8-4509-8ebd-007179a61159
6.034125, 6.245397
6.108480, 6.289707
6.292203, 6.305156
6.367342, 6.316801
6.491449, 6.353153
6.702226, 6.434953
e15f16fc-2ed3-4d5e-bf3e-364960054036
6.049363, 4.653982
6.190876, 4.995614
6.283778, 5.216739
6.450658, 5.417981
6.563994, 5.529856
6.689147, 5.648140
6.994568, 5.919345
7.200913, 6.074761
7.288852, 6.204115
7.552277, 6.487700
331957b6-0220-4b4f-9b87-4febd5c542ff
5.946107, 4.124488
5.816599, 4.281997
5.796948, 4.350466
5.825056, 4.422373
5.940359, 4.474561
6.104534, 4.546336
6.356496, 4.569678
6.451059, 4.603844
6.648041, 4.725316
6.728278, 4.806355
6.789021, 4.852387
6.830008, 4.892242
200fef49-ee06-49cd-b5f3-a059d4d53d68
6.167966, 3.941233
6.136519, 4.058147
6.103113, 4.136017
a9b28a29-25f0-4d93-bf02-925e4e3cd522
6.016095, 4.085917
5.848514, 4.100609
5.637599, 4.161123
5.494560, 4.193291
5.380678, 4.248578
5.169387, 4.240707
5.044934, 4.221765
4.929717, 4.202642
4.764761, 4.205435
4.606437, 4.257981
4.417483, 4.301066
4.280958, 4.323292
4.138789, 4.349750
3.908072, 4.361039
3.701344, 4.424539
3.472659, 4.464896
03e72335-db3f-4cdc-8c06-0299d900772c
5.946324, 4.136102
5.848169, 4.158721
5.686961, 4.213818
5.545502, 4.230331
5.433483, 4.258733
5.332589, 4.271433
5.195005, 4.272139
4.928129, 4.245504
4.773789, 4.260144
4.618567, 4.291189
4.424363, 4.338902
4.288367, 4.362450
4.010025, 4.395258
3.802944, 4.416778
3.677934, 4.438401
8b704215-56d9-4582-b293-a462021bd884
5.994889, 3.855259
5.919646, 3.835020
5.671396, 3.801421
5.417536, 3.765688
5.105098, 3.725674
4.849667, 3.716552
4.509476, 3.616079
4.285149, 3.602194
4.075375, 3.571262
3.988021, 3.554741
3.849797, 3.516080
3.682277, 3.485651
3.466509, 3.469172
