main root
7.468953, 4.749300
7.476831, 4.869384
7.480460, 5.032262
7.505136, 5.244000
7.537283, 5.497197
7.581630, 5.743446
7.571076, 5.909514
7.560853, 6.171331
7.539090, 6.404038
7.525204, 6.664555
7.526515, 6.953088
7.506541, 7.193830
7.489821, 7.443309
7.444236, 7.764475
7.409378, 7.981886
7.370711, 8.196039
7.339772, 8.308491
7.310326, 8.407632
7.289836, 8.462048
7.265966, 8.512304
7.211443, 8.588105
7.172799, 8.683281
7.124911, 8.771454
7.125731, 8.838966
7.093127, 8.950956
7.060139, 9.033934
7.016417, 9.140385
6.972827, 9.235885
6.951769, 9.297004
6.941452, 9.340736
8cddcf77-5fae-4ea6-bc28-63e98cb7e563
7.363850, 4.741781
7.271054, 4.718321
7.233302, 4.712416
7.181858, 4.701793
7.145837, 4.696810
7.114596, 4.694527
7.090356, 4.689754
7.056856, 4.685029
7.038469, 4.676390
7.017923, 4.664708
7.002985, 4.666486
6.968286, 4.664588
6.926016, 4.662276
6.882708, 4.662904
6.840378, 4.663519
6.795099, 4.667171
6.755645, 4.667350
6.704219, 4.666086
6.675545, 4.662387
6.638586, 4.653092
6.587504, 4.641788
6.536115, 4.631949
6.480961, 4.625960
6.440980, 4.621620
9e923c92-572d-4a10-a135-8f3fe17eb27e
7.647392, 5.789306
7.743163, 5.805674
7.790416, 5.817475
7.858641, 5.840383
7.937006, 5.848029
8.027068, 5.861138
8.107668, 5.902899
8.210384, 5.942400
8.277638, 5.971470
8.363327, 5.995465
8.410980, 6.015027
8.456017, 6.033514
8.554878, 6.068582
8.634272, 6.090373
8.673479, 6.104219
8.741445, 6.131380
8.812137, 6.159613
8.894508, 6.182821
8.934001, 6.200153
8.999771, 6.232266
9.060155, 6.268413
9.119455, 6.295189
9.174762, 6.321553
2386e992-7beb-4ae8-883d-49a508ebace2
7.378706, 4.918394
7.269851, 4.943907
7.220476, 4.974602
7.148389, 5.024133
7.071868, 5.064389
7.015337, 5.087365
6.932095, 5.128009
6.870541, 5.159730
6.814794, 5.181723
6.725178, 5.210293
6.685928, 5.229335
6.640943, 5.262686
6.572933, 5.313108
6.514975, 5.346761
6.446901, 5.393209
6.386309, 5.423680
6.315568, 5.465956
6.221081, 5.522422
5.951212, 5.696919
37e01ff6-a3e8-4ea4-ac28-e44368bdd6f1
7.446908, 5.344686
7.334159, 5.424119
7.300640, 5.462492
7.257527, 5.503248
7.223719, 5.535272
7.179301, 5.574505
7.149551, 5.594791
7.107972, 5.621332
7.065609, 5.646597
7.024316, 5.669481
7.005979, 5.690458
6.978701, 5.717117
6.949418, 5.741222
6.929839, 5.757037
6.909220, 5.781090
6.883172, 5.820673
6.864437, 5.840977
6.829819, 5.874080
6.787033, 5.912922
6.750782, 5.949873
6.722720, 5.989164
6.678431, 6.051177
6.637010, 6.137774
6.592848, 6.221895
6.531775, 6.302271
6.493300, 6.365768
6.460681, 6.428834
6.430994, 6.450872
6.411483, 6.480470
6.368905, 6.539626
6.323592, 6.594894
6.263888, 6.674387
6.219021, 6.741603
6.177544, 6.809131
6.123263, 6.860490
6.072598, 6.948582
6.037403, 7.000587
6.015653, 7.061216
5.980741, 7.138290
5.928275, 7.257097
5.895657, 7.321871
5.855753, 7.405790
5.808235, 7.495869
5.768721, 7.579792
5.717023, 7.659962
5.682164, 7.729546
5.634730, 7.828955
5.602376, 7.906393
5.572195, 7.974747
5.529794, 8.082086
fa38d162-fa00-400d-a3b2-d5c34636c547
7.400584, 5.209472
7.280492, 5.253407
7.167438, 5.299534
7.020507, 5.351911
6.860523, 5.398198
6.725948, 5.458108
6.537059, 5.516779
6.379425, 5.574429
6.214489, 5.639202
6.011218, 5.700838
5.827572, 5.777846
5.674267, 5.842131
5.520791, 5.897600
5.419282, 5.956075
5.261233, 6.039878
5.137740, 6.088927
4.972243, 6.139039
4.836607, 6.182593
4.727877, 6.231284
4.667409, 6.254435
4.618542, 6.274565
4.564226, 6.292082
4.480488, 6.311467
4.406665, 6.339313
4.365475, 6.346854
4.292846, 6.367761
4.224692, 6.392054
4.154550, 6.428181
4.094988, 6.457177
4.034788, 6.484822
3.972508, 6.515070
3.932179, 6.526339
3.924026, 6.528618
3.783459, 6.571618
3.717703, 6.593300
3.654339, 6.612619
3.590555, 6.630504
3.526384, 6.646943
3.461857, 6.661931
3.390293, 6.686238
3.333105, 6.704085
3.281398, 6.707927
4c635fd3-3242-4c7d-9082-0c97ca4c9d4e
7.406133, 5.206413
7.291819, 5.246490
7.207123, 5.286490
7.077214, 5.331929
6.917594, 5.376868
6.780256, 5.432282
6.629581, 5.479863
6.479546, 5.533689
6.325657, 5.599911
6.162862, 5.656421
5.944358, 5.728002
5.765727, 5.804293
5.616916, 5.861186
5.463303, 5.928796
5.320557, 6.014280
5.226761, 6.054632
5.061055, 6.112241
4.910993, 6.160109
4.767493, 6.206700
4.668111, 6.222959
4.522523, 6.278193
4.410154, 6.309440
4.236433, 6.366997
4.060972, 6.446002
3.864876, 6.518862
3.667610, 6.585383
3.520917, 6.631443
355f0ac3-8999-40ca-a7af-0f489b05c940
7.386260, 5.004208
7.259211, 5.068781
7.205449, 5.104836
7.154262, 5.140679
7.127919, 5.160789
7.102683, 5.180055
7.066515, 5.233474
7.002883, 5.292537
6.933533, 5.372585
6.806669, 5.418833
6.651655, 5.491632
6.526631, 5.625999
6.490879, 5.647905
6.410558, 5.673500
6.346918, 5.700515
6.305287, 5.711663
6.287814, 5.736666
6.248504, 5.766391
6.185023, 5.816268
6.123990, 5.854703
6.039207, 5.910595
5.965677, 5.964137
5.913497, 6.009937
5.853239, 6.068348
5.810685, 6.109596
5.781841, 6.135470
ab836684-752c-437f-91c9-6b34a3e2488f
7.571546, 4.947230
7.639598, 4.952503
7.730257, 4.969140
7.788953, 4.990758
7.841767, 5.014821
7.891046, 5.029949
7.959699, 5.044054
8.018778, 5.058554
8.084504, 5.070905
8.147314, 5.082018
8.210239, 5.092462
8.276715, 5.099775
8.336887, 5.108721
8.400075, 5.117430
8.456605, 5.130579
8.518882, 5.144369
8.581303, 5.157495
8.632694, 5.161491
8.693120, 5.168512
8.763191, 5.169944
8.820864, 5.176437
8.889439, 5.178817
8.988756, 5.197117
9.056998, 5.204294
9.122300, 5.208835
9.181335, 5.216620
9.243136, 5.225454
9.290562, 5.232918
9.321910, 5.241567
9.378224, 5.260914
9.429436, 5.285556
9.459114, 5.293786
9.492238, 5.312784
9.597500, 5.331535
9.698409, 5.343066
9.798219, 5.369374
9.892638, 5.383324
10.011807, 5.392399
10.110787, 5.402060
10.168550, 5.416032
10.236442, 5.432454
10.305071, 5.432629
10.350277, 5.438558
10.430913, 5.436654
10.525163, 5.442844
10.618097, 5.448948
10.710731, 5.448708
10.795825, 5.450560
10.858708, 5.460227
10.943356, 5.479659
11.005515, 5.495466
11.061177, 5.512892
182a1d0b-a9a0-4ee7-a2c9-b073609e4c38
7.586626, 5.076646
7.666831, 5.097444
7.732928, 5.110168
7.811730, 5.123672
7.893812, 5.130989
7.966465, 5.140469
8.045383, 5.147748
8.124518, 5.152041
8.200608, 5.156167
8.330049, 5.195441
8.411260, 5.217914
8.493147, 5.236271
8.584249, 5.254538
8.683867, 5.274514
8.772563, 5.298734
8.853392, 5.333962
8.939395, 5.369152
9.035620, 5.401667
9.132477, 5.432162
9.228828, 5.464716
9.330928, 5.510346
9.422109, 5.555732
9.506209, 5.595243
9.582341, 5.633302
9.659715, 5.665026
9.735826, 5.684802
9.835077, 5.706221
9.917404, 5.734810
10.026825, 5.779508
10.120151, 5.819916
10.216457, 5.852396
10.304703, 5.882156
10.392499, 5.913985
10.459558, 5.947296
10.538899, 5.993754
10.610597, 6.040542
10.664351, 6.082770
10.705963, 6.115460
10.759032, 6.156699
10.829067, 6.219112
10.906270, 6.285080
10.986135, 6.347760
11.071362, 6.417336
11.148787, 6.483275
11.201851, 6.542358
11.268222, 6.619425
11.332973, 6.697853
11.386881, 6.763149
11.446177, 6.834970
11.505473, 6.906791
11.545564, 6.964749
11.593079, 7.028178
11.638767, 7.089166
11.692836, 7.151355
11.734388, 7.208271
11.779323, 7.269816
11.820074, 7.330709
11.858304, 7.393215
11.906297, 7.460205
11.952763, 7.522496
11.989948, 7.582356
12.035765, 7.664083
12.066914, 7.728828
12.099333, 7.805779
12.116273, 7.849845
12.137489, 7.895757
c5c260d3-7355-4748-aa19-01623d44fff3
7.623899, 6.189146
7.660099, 6.190904
7.696672, 6.192956
7.721176, 6.194234
7.750578, 6.196646
7.779896, 6.199932
7.809102, 6.204088
7.838172, 6.209111
7.870540, 6.212558
7.899769, 6.216553
7.935610, 6.216294
7.965103, 6.216959
7.997625, 6.215575
8.027123, 6.215199
8.056621, 6.215701
8.083240, 6.217033
8.105469, 6.221142
