main root
6.287992, 3.414563
6.192491, 3.692357
6.217253, 4.179801
6.244305, 4.827389
6.277389, 5.211030
6.286574, 5.442763
6.263289, 5.661137
6.288482, 6.125151
6.208195, 6.321612
6.108315, 6.513235
6.079111, 6.691426
6.193794, 6.926589
6.231296, 7.168800
6.169121, 7.435212
6.004527, 7.617809
5.729260, 7.801359
5.486857, 7.918156
5.417096, 7.979483
5.258380, 8.133806
5.156529, 8.186313
dc780218-faa5-4060-a682-6bb176c16f3d
6.078982, 6.717462
5.877706, 6.856844
5.733593, 6.928218
e97dffc0-b9f7-455c-9c1c-0cabd69fe889
6.274036, 6.162636
6.182134, 6.182707
5.995604, 6.298107
5.656895, 6.346378
5.482216, 6.404419
5.402080, 6.418452
5.116058, 6.442871
a86a71cf-b0ad-43fd-8981-4c74c2954206
6.175616, 4.163537
5.928847, 4.519543
5.801721, 4.603430
5.621564, 4.816579
5.569236, 4.907151
5.350549, 5.124048
5.108460, 5.266599
5.011730, 5.306769
4.801637, 5.405741
4.674148, 5.442984
4.513659, 5.495170
4.397358, 5.523057
3.992268, 5.702323
3ad4ed27-c84c-4d12-b4fa-fa6752e10186
6.196763, 4.009207
6.052678, 4.213297
5.855879, 4.731432
5.794827, 4.863847
5.692329, 5.145224
5.593993, 5.488489
5.452758, 5.802275
5.370399, 5.962534
5.296104, 6.204911
5.108109, 6.637270
4.931481, 6.915102
4.647781, 7.247877
4.511147, 7.434337
4.442758, 7.531241
4.237612, 7.861306
4.171372, 7.989771
4.073452, 8.204116
26872952-05cd-4d37-a19c-32d295da9f50
6.293701, 5.259196
6.373794, 5.321375
6.718133, 5.493670
6.855586, 5.621455
7.007839, 5.766405
7.148737, 6.023651
7.270371, 6.216871
7.295773, 6.313055
7.366764, 6.523763
7.434334, 6.716349
7.526885, 6.915560
206fc6ac-6c15-4b3d-90a5-4351f09b7019
6.278790, 5.021504
6.621059, 5.107549
6.725225, 5.201134
6.888344, 5.258874
6.969568, 5.264504
7.044304, 5.285317
7.209547, 5.363555
7.300361, 5.466681
7.322201, 5.541717
7.313577, 5.773976
7.276824, 5.876202
cdaddb37-3ca3-4899-b017-df3f5330da32
6.241806, 4.354271
6.513190, 4.595294
91157bd5-fb47-455d-bd4c-6421657bd4d1
6.230726, 4.347354
6.585569, 4.423339
6.706939, 4.517876
6.902732, 4.570852
7.057154, 4.641937
7.268483, 4.695433
7.374832, 4.776393
7.553959, 4.973052
7.704918, 5.050056
7.873134, 5.163072
8.057057, 5.297144
8.221356, 5.553443
8.331082, 5.778334
8.449758, 5.927822
f2809f0e-f579-45b3-9091-4edf7d2b9cee
6.203977, 3.973780
6.537485, 4.172706
6.745738, 4.331170
6.951078, 4.527033
7.233270, 4.797701
7.627548, 5.007560
7.890039, 5.170019
8.099846, 5.344902
8.354547, 5.817792
8.469492, 6.009289
b70c0aae-85e7-460e-b678-0a06e92fd72f
6.120832, 4.060732
5.470491, 4.255726
5.297783, 4.306642
5.141153, 4.324980
4.962874, 4.382608
4.818727, 4.384372
4.734432, 4.463411
4.649195, 4.572438
4.543881, 4.715060
4.334415, 4.873162
