main root
6.749643, 4.721079
6.658448, 5.179018
6.601720, 5.368267
6.560538, 5.503969
6.619801, 5.699933
6.587117, 5.895053
6.569879, 6.051143
6.544969, 6.220035
6.535144, 6.420436
6.525713, 6.612822
6.519331, 6.716508
6.530369, 6.796086
6.540434, 6.846861
6.550531, 7.043199
6.549731, 7.115051
6.540002, 7.182172
6.526538, 7.254199
6.524712, 7.296556
6.524292, 7.375811
6.523889, 7.452017
6.523487, 7.528224
6.523252, 7.572673
6.560948, 7.760226
6.593585, 7.846662
6.560000, 7.913617
6.584183, 7.951608
6.595915, 8.118032
6.602946, 8.247567
6.603023, 8.365767
6.596771, 8.483790
6.591396, 8.585249
6.588582, 8.678128
6.583933, 8.763119
6.577561, 8.841629
6.578377, 8.908172
bc35a258-9e6f-4f5e-87d4-de425e4ec3ed
6.711735, 5.106103
6.774301, 5.140660
6.815391, 5.159926
6.834419, 5.172143
6.933210, 5.327765
6.945074, 5.396963
6.952218, 5.438628
7.132718, 5.662070
7.149586, 5.692461
7.182325, 5.732920
7.208932, 5.765783
7.235532, 5.798638
7.336029, 5.981743
7.351300, 6.015810
7.361690, 6.038989
7.430897, 6.087041
7.447609, 6.102276
7.483536, 6.157245
7.510822, 6.193501
7.532065, 6.226688
7.559004, 6.263203
7.571169, 6.284717
7.579607, 6.305700
a8328442-d07a-49a2-ab1e-931e9f1ff559
6.619006, 5.326853
6.749587, 5.399813
6.867898, 5.455984
6.925180, 5.485164
6.977599, 5.517240
7.031477, 5.552310
7.173957, 5.611115
7.241266, 5.633715
7.323180, 5.677187
7.375855, 5.709890
7.442690, 5.742224
7.496550, 5.772940
7.560077, 5.803659
7.592816, 5.840225
6bf8515e-ee8b-4a8e-9130-cc7ad431530a
6.642100, 6.074833
6.687583, 6.089203
6.728370, 6.106798
6.780335, 6.130866
0f4854c3-c2d3-4f3c-b6b7-b3bbde29d820
6.636456, 5.710767
6.699482, 5.776025
6.714473, 5.794070
6.737203, 5.826148
6.760205, 5.848289
6.790332, 5.873164
6.827067, 5.899641
6.857105, 5.925006
6.889327, 5.952243
6.925244, 5.974766
b215e4ec-a894-44e0-8d6a-e22b09e4bf5c
6.606767, 5.812408
6.535745, 5.950534
6.510931, 6.013908
6.495501, 6.053317
6.461569, 6.159686
6.445463, 6.190477
6.419259, 6.247032
6.404859, 6.281668
ab2ac538-8e12-4843-ae15-04c332ca1065
6.725491, 5.128606
6.805789, 5.236633
6.846867, 5.314865
6.912219, 5.478440
7.178635, 5.911087
7.228605, 6.013772
c1f9814a-e6eb-4197-9f17-d50d77147bc0
6.769666, 4.870527
6.821874, 4.873760
6.849338, 4.875461
6.895445, 4.831805
6.944423, 4.872076
6.955608, 4.906664
6.974358, 4.954912
6.988922, 4.992396
7.005864, 5.019483
7.043470, 5.071138
7.072924, 5.116683
7.096829, 5.164672
7.131284, 5.220411
7.156881, 5.261822
7.217947, 5.316866
7.295626, 5.361672
7.365717, 5.398645
7.431091, 5.434823
7.480732, 5.465714
7.521536, 5.494633
7.563633, 5.529972
7.617624, 5.573340
7.668327, 5.615987
7.718056, 5.659770
7.766783, 5.704666
7.812924, 5.749214
7.829415, 5.771378
7.846671, 5.792064
