main root
6.127328, 4.081353
6.045272, 4.312734
6.014390, 4.432553
5.979113, 4.587445
5.950772, 4.702387
5.963152, 4.784370
5.944876, 4.902228
5.926068, 5.023519
5.906605, 5.149029
5.902234, 5.260071
5.893680, 5.369781
5.875520, 5.494670
5.865401, 5.622621
5.853316, 5.748798
5.842015, 5.866794
5.823714, 5.991808
5.820985, 6.112415
5.813765, 6.247048
5.809979, 6.357126
5.810722, 6.458649
5.811526, 6.568717
5.812207, 6.661849
5.809749, 6.735078
5.812975, 6.817422
5.816932, 6.880196
5.821241, 6.987724
5.825414, 7.158904
5.813769, 7.284304
5.797898, 7.409795
5.780366, 7.552951
5.771359, 7.626485
5.766507, 7.690750
5.805220, 7.862851
5.839830, 7.948516
5.844546, 8.062719
5.850805, 8.141727
5.856821, 8.217693
5.856396, 8.288165
5.855936, 8.364369
5.849589, 8.423963
5.845314, 8.478229
5.866808, 8.729578
5.830508, 8.934116
5.810337, 9.059789
5.804896, 9.173568
5.799638, 9.283508
5.795189, 9.376541
5.785857, 9.446386
5.783102, 9.489613
5.783340, 9.532925
a6d49b3d-c44d-413c-8c2c-54f634929412
5.990715, 4.281178
5.937090, 4.264274
5.839885, 4.238343
5.761277, 4.263665
5.716676, 4.275203
5.673736, 4.274405
5.559615, 4.333251
5.485136, 4.345236
5.435123, 4.350558
5.404834, 4.357093
5.280804, 4.375528
5.242132, 4.374920
5.223733, 4.394782
5.165749, 4.429511
da20f60f-6945-4467-8d2b-05b7b636e956
5.959961, 4.503890
5.926657, 4.519526
5.851756, 4.513118
5.767928, 4.548424
5.720848, 4.556885
5.652640, 4.573704
5.553338, 4.581455
5.467617, 4.592366
5.426114, 4.594630
2d86c1ac-77d4-4d04-b407-0bcce3bc35e5
6.013182, 4.467992
5.844179, 4.629305
5.826294, 4.657827
5.804030, 4.693176
5.789339, 4.716343
5.777561, 4.745941
5.763711, 4.788614
5.752659, 4.832096
5.739905, 4.901283
5.731026, 5.005758
5.726521, 5.020462
5.708171, 5.107363
5.682995, 5.179137
