main root
7.008151, 3.374599
6.476550, 3.400706
6.248661, 3.550242
6.180047, 3.711595
6.164039, 4.198678
6.119953, 4.693403
5.984690, 5.499726
5.895510, 5.807348
6.133942, 6.360329
6.150924, 6.669605
5.994827, 7.315981
5.726641, 7.553945
5.521359, 7.941990
965297d0-3ca5-4836-9393-a9971fac28e9
6.185199, 3.826944
5.896817, 3.787584
5.472400, 3.870316
5.207535, 4.060508
4.685878, 4.209569
4.259175, 4.386526
3.991837, 4.527350
881890b6-c260-43e3-80e4-2ab387a05f37
6.165764, 4.067654
5.613067, 4.283380
5.336667, 4.885707
5.075688, 5.303691
4.649332, 5.757157
2a2a7369-7827-49b4-afe7-417f2406d1c6
6.185199, 3.826944
5.804097, 4.300031
5.595293, 4.480226
a3db7a40-13af-4e4b-aa9f-d81190547528
6.159500, 4.271433
6.050910, 4.406567
5.925130, 4.645613
d9be534c-442e-4d0f-8f53-45f0bb65a0c3
6.126587, 4.584659
6.962915, 4.860478
935f4de8-185a-4485-ab72-7cc0ce35f024
5.986011, 5.489827
6.341507, 5.751315
7a0c7df1-77c1-4feb-b8e4-d1d29262329b
5.931055, 5.641421
6.155413, 5.857961
6eb58ec0-b142-4d57-b768-b12cdf527cd7
6.463552, 3.409924
6.477050, 3.303292
6.550158, 3.726989
6.751164, 4.131541
6.902834, 4.651692
7.189269, 5.054258
7.507537, 5.085422
93197b5f-af8d-4ac3-b341-70c78ab96f9c
6.246500, 3.551439
6.395335, 3.574737
6.583219, 3.570121
6.946834, 3.885961
6.852951, 4.466837
6.653198, 4.730026
6.382907, 5.125357
6.135529, 5.337691
0b1d423d-746c-4fe7-a98c-223cb64593c4
6.666818, 3.388216
6.587368, 3.302458
6.861059, 3.557265
7.091720, 4.046630
7.307715, 4.492684
7.537464, 4.847804
7.886279, 5.237895
8.232679, 5.425814
