main root
6.193366, 2.225322
6.382098, 3.465356
6.446281, 4.112234
6.308426, 4.812435
5.755385, 5.611056
5.644272, 5.793290
5.673293, 6.178034
5.960640, 6.672286
5.967338, 7.155953
5.853396, 7.255922
5.837277, 7.534932
5.905966, 7.689712
5.892551, 7.898608
83eeccbd-817b-4945-8503-a0dbb7be1df3
6.322422, 3.086606
5.867369, 3.345635
5.558288, 3.383827
c54f4171-5fba-4fa1-9d67-e4403b00220e
6.269566, 2.705100
6.495432, 2.899761
6.884608, 2.999704
7.090195, 2.993709
7.327333, 3.003146
7.872330, 2.933287
118e08b4-5d02-431c-b502-660388c66b43
6.339611, 3.153976
6.828928, 3.212713
7.138014, 3.171933
7.224997, 3.124373
7.294727, 3.012066
7.522798, 2.961887
ed75b16d-8186-44f1-a281-de2d729ad0c8
6.377559, 3.450587
8.210047, 4.001696
cb75309a-f8df-4e24-a6c2-d5ee38326268
5.753941, 5.620695
5.095208, 5.381548
4.942412, 5.364629
4.689928, 5.347635
68519285-2d47-409f-9622-01699a00674f
5.617972, 5.900721
5.252483, 5.979065
4.577892, 6.091940
7a940085-ced6-4f02-8043-6109d7edbcef
5.620733, 6.025807
5.214973, 6.149636
4.806099, 6.256558
40bf3047-da2f-4255-a744-c67e3ab9dced
5.664622, 6.178275
5.253228, 6.566912
