main root
6.601788, 4.440141
6.600295, 4.819453
6.559415, 5.265928
6.554669, 5.364095
6.559907, 5.474825
6.566818, 5.576129
6.571627, 5.677718
6.584868, 5.778495
6.599055, 5.870329
6.608331, 5.971936
6.620081, 6.055030
6.635925, 6.137443
6.651485, 6.229526
6.667567, 6.312248
6.683725, 6.395360
6.711597, 6.483616
6.736215, 6.582639
6.770897, 6.678308
6.805523, 6.773822
6.845046, 6.876637
6.887339, 6.968973
6.915760, 7.050943
6.955850, 7.153649
6.985970, 7.242382
7.027412, 7.344724
7.059755, 7.441499
7.089978, 7.538607
7.122167, 7.634914
7.143508, 7.718390
7.172097, 7.796721
7.190545, 7.864731
7.212331, 7.939327
7.240813, 8.036851
7.256909, 8.114477
7.262433, 8.202396
7.269785, 8.286344
7.278650, 8.387562
7.279801, 8.497730
7.278836, 8.607761
7.269364, 8.725537
7.258436, 8.835018
7.246232, 8.935987
7.231931, 9.036678
7.215799, 9.120762
7.203817, 9.199100
7.193608, 9.277255
8d089ea5-a9d7-45f7-8079-6cb5ffad5c4f
6.657403, 4.481750
6.731277, 4.489833
6.788611, 4.495002
966eb0f8-fc7c-45c8-b545-f8e7045650f8
6.639081, 4.606564
6.713386, 4.626722
6.754224, 4.637804
6.822477, 4.652072
