main root
5.807549, 5.205463
5.440134, 5.031922
5.256942, 4.993100
5.122973, 5.004711
5.016186, 5.104410
4.978349, 5.237610
5.001368, 5.389314
5.142745, 5.573518
5.230788, 5.638804
5.407139, 5.669283
5.606360, 5.752561
5.846434, 5.970091
6.017207, 6.198342
6.109249, 6.421675
6.172636, 6.942049
6.275283, 7.312038
6.354772, 7.505121
6.474892, 8.098396
6.484565, 8.317507
6.470039, 8.441935
6.488231, 8.612919
6.590546, 9.184801
6.639640, 9.357100
6.676285, 9.729258
6.780548, 10.142930
6.892726, 10.453164
6.969372, 10.643180
25b3f01c-d67f-4885-b9ae-1d41772e8cb0
6.180434, 6.957785
5.704840, 7.101949
5.600321, 7.128963
5.324870, 7.209035
5.203717, 7.221230
5.067792, 7.241962
4.786821, 7.291312
4.675312, 7.300527
06108b81-9db9-49fa-8633-95c0049e5c20
6.258789, 7.344431
5.985398, 7.506266
5.843415, 7.549910
5.745175, 7.571278
5.521092, 7.636842
5.347923, 7.673085
d2c70f01-9d98-4a92-ad17-af6310de02ae
6.430263, 7.906022
6.348301, 7.914301
6.217057, 7.950623
6.108682, 7.964864
6.011225, 7.991475
5.875273, 8.004593
f8c82189-2069-4b79-98af-f15c522048c6
6.433156, 8.431879
6.336114, 8.433167
6.301763, 8.440684
9ab1e8da-a90f-4666-aa6e-afec6adbaf40
6.461161, 8.665054
6.315594, 8.711014
5379450a-0313-4918-b589-8673f8b8e934
6.475145, 8.398179
6.581575, 8.421939
6.637263, 8.422455
52f63f50-14a9-4367-8b1f-1c0224910092
6.522532, 8.231684
6.649693, 8.233494
6.715353, 8.204102
dceaaf14-8736-4513-899c-4a808585b248
6.439154, 7.900049
6.600106, 7.877181
6.722556, 7.859555
6.871790, 7.821724
b2f702d2-9f4c-4b66-815f-32f97e229a7d
6.359411, 7.495673
6.465496, 7.508617
6.553884, 7.518490
6.660622, 7.521353
6.751731, 7.508055
6.893223, 7.505706
7.007523, 7.551649
7.122734, 7.571807
7f4cffb6-ffc3-4438-a543-ad63579c7e4d
6.222512, 7.129510
6.647464, 7.119466
6.799831, 7.108030
6.971820, 7.068489
7.086186, 7.046689
7.187515, 7.018460
0bbfaf3d-77e1-4cc8-9479-aef4201c8eca
6.174789, 6.890761
6.384521, 6.960373
6.432994, 6.970785
6.509751, 6.966709
6.714879, 6.907222
6.785158, 6.893123
6.884922, 6.860630
70bf678b-df87-481e-a258-7bbfbc651bc0
5.583988, 5.092748
5.570937, 5.199033
5.541029, 5.285736
5.505008, 5.323361
5.454216, 5.344655
5.347091, 5.450862
5.286562, 5.475779
5.231066, 5.491094
5.147536, 5.537975
5.074289, 5.569015
4.955621, 5.611467
4.923095, 5.630768
91295ed9-f0b5-4304-9c6c-252f1ae9a79c
5.088424, 5.034030
5.107083, 5.080091
45872d8d-5a5a-4ac2-9b5c-050fdbca636e
5.306638, 5.005338
5.317171, 5.128937
5.337408, 5.230503
5.316390, 5.312992
c4aec05e-5a17-4121-9b3a-b25587cd8a91
5.739136, 5.218823
5.785451, 5.510909
5.861275, 5.461945
5.844575, 5.534449
5.798824, 5.635226
283b6e32-ebea-44d6-b66f-5266589b90bb
5.473700, 5.092700
5.466836, 5.142468
5.518959, 5.225943
5.622603, 5.295077
5.898138, 5.429398
6.083376, 5.475351
6.226586, 5.466727
6.370254, 5.418984
