main root
6.829702, 5.806233
6.793964, 6.034262
6.763517, 6.201750
6.746079, 6.341707
6.740842, 6.452192
6.730661, 6.578314
6.704829, 6.710944
6.693444, 6.852564
6.672911, 6.976980
6.647449, 7.092397
6.621913, 7.208141
6.589984, 7.313584
6.560900, 7.438604
6.532124, 7.562303
6.497398, 7.683781
6.468784, 7.799231
6.436184, 7.904375
6.399118, 8.016801
6.362003, 8.129371
6.312363, 8.250983
6.242039, 8.385227
6.180861, 8.506509
6.111334, 8.621176
6.032378, 8.719648
5.935609, 8.846887
5.869660, 8.944006
5.835177, 9.005997
5.815906, 9.066685
5.794124, 9.135276
5.778280, 9.188972
5.718142, 9.342760
5.710812, 9.425328
5.715487, 9.508814
5.738918, 9.645442
5.766110, 9.804009
5.765314, 9.907921
5.766326, 10.036345
5.749669, 10.188727
5.740435, 10.259431
5.727357, 10.343538
5.715805, 10.388608
5.709028, 10.427108
5.664365, 10.563568
5.646128, 10.603599
5.637630, 10.632145
5.624507, 10.680099
5.614554, 10.732013
5.606589, 10.781494
5.597627, 10.827759
5.584746, 10.894255
5.573810, 10.974320
5.560241, 11.058341
5.555859, 11.113636
5.547726, 11.159445
5.542482, 11.214666
5.530938, 11.257077
5.518648, 11.307929
5.510023, 11.362722
5.500879, 11.411189
5.492653, 11.462852
5.488394, 11.518157
5.485871, 11.570411
5.481998, 11.619581
5.476679, 11.687102
5.474820, 11.767887
5.471799, 11.834065
5.470138, 11.903288
5.471434, 11.974065
5.474352, 12.051721
5.475344, 12.117966
5.477878, 12.187163
5.478805, 12.253410
5.481272, 12.322615
5.483684, 12.390311
5.491044, 12.470792
5.493960, 12.535538
5.497903, 12.589828
5.502968, 12.642562
5.533357, 12.812609
5.538602, 12.858972
5.543609, 12.916545
5.547855, 12.982657
5.553787, 13.051647
5.557970, 13.117774
5.562246, 13.185380
5.565468, 13.260035
5.566098, 13.309362
5.563716, 13.357207
5.558033, 13.411147
5.554040, 13.463312
5.557116, 13.538192
5.713916, 13.559798
5.751635, 13.568146
6.026391, 13.563170
761383fb-bce8-4220-b170-bddc876e3b0d
6.807186, 6.224648
6.833813, 6.235496
6.880813, 6.248177
6.895869, 6.266132
6.963151, 6.311504
7.025467, 6.393835
7.051003, 6.427577
7.070519, 6.448411
7.092115, 6.467087
7.187061, 6.531413
7.251793, 6.605091
7.285129, 6.668154
7.306759, 6.718681
7.331813, 6.765796
7.343739, 6.788222
657c7b4f-3b9d-4c8c-bc91-6ce0456c5c91
6.755670, 6.232535
6.699974, 6.258649
6.667241, 6.286074
6.572798, 6.400487
6.545378, 6.426652
6.514903, 6.455732
6.476818, 6.483799
6.443371, 6.504729
6.415507, 6.525697
6.381680, 6.551151
6.352336, 6.576980
6.333135, 6.595873
6.257909, 6.640548
6.223330, 6.661083
6.199671, 6.675134
6.176787, 6.692205
6.142247, 6.721707
6.110058, 6.749200
6.078368, 6.770363
6.036536, 6.796498
5.993926, 6.821354
5.950587, 6.844904
5.909012, 6.864088
5.872039, 6.877852
5.834130, 6.888771
5.807674, 6.899505
5.772682, 6.916933
5.733446, 6.939819
5.695803, 6.965241
5.673804, 6.976485
5.637411, 6.991725
5.581943, 7.016575
5.545241, 7.033018
5.365730, 7.154337
5.331566, 7.173788
5.294890, 7.194643
5.255951, 7.223673
5.223025, 7.242619
5.178996, 7.267955
5.127074, 7.299560
5.068713, 7.336835
5.010718, 7.377428
4.974302, 7.402918
7b458536-3028-4f72-bce2-b52ce7e610f1
6.780266, 6.641653
6.808584, 6.654272
6.837670, 6.663958
6.863663, 6.671035
6.940577, 6.698956
6.984157, 6.711592
7.024766, 6.723367
7.085396, 6.737831
7.146650, 6.749365
7.206640, 6.759139
7.238720, 6.767398
7.288596, 6.784876
7.336536, 6.801676
7.384568, 6.820094
7.480141, 6.843518
7.503002, 6.850662
7.521621, 6.861182
7.553144, 6.877272
7.585318, 6.892014
7.618087, 6.905380
7.647490, 6.918990
7.684182, 6.931024
7.718246, 6.940619
7.746961, 6.950262
7.773376, 6.963867
7.809527, 6.977436
7.843158, 6.988459
7.877225, 6.998048
7.907975, 7.008257
7.942005, 7.017978
7.976417, 7.026249
8.001873, 7.036985
8.038957, 7.047751
8.067595, 7.057622
8.095710, 7.068895
8.117340, 7.079180
ea26615b-9b16-49f6-8887-17be68f4cfef
6.772239, 6.662359
6.811730, 6.708400
6.835061, 6.740200
6.855907, 6.773679
6.873454, 6.796198
6.907864, 6.830626
6.950884, 6.880018
6.968182, 6.906715
6.993737, 6.948907
7.031531, 7.015809
7.131339, 7.128975
7.143203, 7.149214
7.164502, 7.185552
7.194475, 7.236685
7.210530, 7.264076
e7094466-f296-4b55-be88-e62460836b69
5.813876, 8.970297
5.752156, 8.969877
5.677488, 8.967872
5.604413, 8.962915
5.517232, 8.963364
5.478505, 8.962066
c0c25dd1-7a75-4b43-9814-dd096237ee58
5.832761, 9.140434
5.868663, 9.253482
5.871326, 9.305846
6957b03c-8e33-423e-b4d3-91741ffed0b7
5.710767, 9.258300
5.676899, 9.263942
5.639690, 9.267105
5.617732, 9.262963
00cf9475-a5b3-4ae2-aa7f-f5c6073ba4af
5.694588, 9.491065
5.656245, 9.533539
5.630539, 9.552878
819ec32e-6443-4897-943e-1e5f71c23f66
5.782030, 9.765821
5.857517, 9.782281
