main root
6.291466, 4.763765
6.238823, 5.135172
6.205634, 5.280489
6.196044, 5.376183
6.178718, 5.459019
6.149113, 5.549182
6.130420, 5.639826
6.099644, 5.762631
6.074190, 5.881534
6.051149, 5.989165
6.030165, 6.097293
6.017082, 6.198015
6.008288, 6.281816
6.019702, 6.349173
5.981121, 6.438333
5.972557, 6.481952
5.962310, 6.588320
5.972386, 6.747006
5.966122, 6.814334
5.960382, 6.898411
5.950420, 6.983447
5.946805, 7.065769
5.935349, 7.121956
5.927132, 7.207210
5.909051, 7.269986
5.888843, 7.329334
5.876027, 7.394829
5.872952, 7.457298
5.874890, 7.539675
5.873619, 7.612926
5.869355, 7.686065
5.862105, 7.758967
5.853766, 7.812562
5.868324, 7.926394
5.871292, 7.996794
5.877616, 8.075787
5.883698, 8.151739
5.885712, 8.214401
5.912950, 8.322194
5.935252, 8.398235
5.949264, 8.467290
5.964415, 8.541964
5.986621, 8.621313
5.999775, 8.690538
6.017499, 8.767775
6.041714, 8.846535
6.056624, 8.915403
6.066302, 9.009809
6.063391, 9.105156
6.061604, 9.232424
6.055864, 9.369663
6.049399, 9.503178
6.032418, 9.638545
6.028025, 9.758320
6.020068, 9.859853
6.014908, 9.952625
6.018205, 10.028141
6.015461, 10.068260
6.011614, 10.102563
6.000442, 10.234795
5.987912, 10.294180
5.999124, 10.369107
6.003787, 10.507429
6.007125, 10.606429
5.997777, 10.705952
5.983281, 10.815033
5.958890, 10.886133
5.929972, 10.983467
5.900637, 11.089636
5.875637, 11.188056
5.850623, 11.286534
5.829792, 11.377090
5.810812, 11.459596
5.793728, 11.533860
5.776645, 11.608125
5.754494, 11.713855
5.737853, 11.756786
b4c4aa06-8082-4f50-b4bb-42574a984664
6.279291, 5.041367
6.410598, 5.137373
6.437227, 5.158987
6.468789, 5.163534
6.522093, 5.166649
6.540182, 5.190224
6.618152, 5.250061
6.662676, 5.314203
6.697058, 5.401000
6.711485, 5.441486
6.753336, 5.534548
6.775939, 5.766335
6.783553, 5.840257
6.784154, 5.900549
6.785298, 5.974855
6.778840, 6.041387
6.775734, 6.119853
6.768403, 6.198098
6.761556, 6.239094
6.759482, 6.269680
c68bad09-44ab-43e5-93eb-1e6a2e99418b
6.270182, 4.975512
6.139627, 4.981802
6.016612, 5.023791
5.969992, 5.027050
5.959543, 5.054025
5.904636, 5.094952
5.854546, 5.135817
5.709183, 5.245065
5.668284, 5.277678
5.629757, 5.298829
5.588194, 5.313109
5.572249, 5.334626
5.528814, 5.358767
4dca18c7-8214-407f-b77c-1c10d51c314f
6.274713, 4.889004
6.173228, 4.906639
6.130147, 4.935526
6.098408, 4.956243
6.062081, 4.963323
6.069017, 4.985293
5.716165, 5.158699
5.668737, 5.189815
5.604613, 5.221890
5.542811, 5.251130
5.487124, 5.270467
8bc5ba40-f9db-46b4-9dac-b3c6483c7282
6.298116, 4.879836
6.168488, 4.850567
6.126786, 4.867770
6.105651, 4.879737
64b8e9fb-d302-435c-981a-cc310fabc7ea
6.096502, 9.026885
6.151537, 9.032727
ee5ac054-6f87-4c17-8925-1b46826b3b1f
6.017180, 6.359473
5.958446, 6.435611
5.937857, 6.459668
5.916071, 6.482648
5.893146, 6.504492
5.868928, 6.533925
5.851777, 6.543051
60aa1839-7ffb-4fdf-88be-4519fff403de
6.040966, 6.024033
5.989152, 6.076050
5.923667, 6.108315
5.886375, 6.125022
5.849674, 6.141464
5.824562, 6.152713
5.799874, 6.167052
94f9c0cb-b4a4-4679-bbf7-ef503de2d9a7
6.204411, 5.519699
6.267975, 5.543230
6.324716, 5.554081
21f1f21c-0e15-427f-b817-7d9e85ae3289
6.142064, 5.484304
6.039062, 5.475591
5.995794, 5.474898
5.921066, 5.489020
5.860721, 5.511087
7a341b8e-e81f-44ef-9cbf-c00e63d5960a
6.252952, 5.242536
6.173652, 5.237065
