main root
6.654372, 4.692555
6.616006, 4.961804
6.590391, 5.067306
6.566909, 5.155090
6.568757, 5.332845
6.531690, 5.494238
6.501119, 5.608490
6.475809, 5.727448
6.464982, 5.818894
6.458966, 5.905684
6.460574, 5.969083
6.483189, 6.140160
6.506033, 6.248392
6.522519, 6.357235
6.533576, 6.458481
6.539555, 6.551986
6.551752, 6.643819
6.571866, 6.742403
6.563182, 6.831711
6.558927, 6.940567
6.552548, 6.988781
6.547409, 7.177673
6.558666, 7.259215
6.526805, 7.327006
6.530265, 7.427721
6.513795, 7.623488
6.500745, 7.705159
6.481652, 7.785632
6.464220, 7.868082
6.439034, 7.966756
6.422291, 8.057866
6.398524, 8.141306
6.379271, 8.231929
6.357444, 8.314711
6.335796, 8.405068
6.320015, 8.470936
6.292014, 8.560725
6.272833, 8.627260
6.260371, 8.675890
6.225857, 8.946643
6.218920, 9.025278
6.177124, 9.057966
6.191356, 9.112248
6.147303, 9.263829
6.107411, 9.394261
6.081790, 9.492497
6.052001, 9.581710
6.027285, 9.662274
5.999534, 9.759946
5.982045, 9.860189
5.960390, 9.959707
5.944799, 10.051141
5.930767, 10.124527
5.917646, 10.201119
5.911431, 10.274979
5.893457, 10.327924
5.914874, 10.356265
5.913527, 10.403332
5.923551, 10.523012
5.929210, 10.615778
5.940498, 10.698640
5.945934, 10.784627
5.945145, 10.870784
5.960925, 10.990837
5.969009, 11.116779
5.987072, 11.201162
6.010113, 11.308797
6.022749, 11.418373
6.040497, 11.499852
6.050293, 11.594248
6.059033, 11.678467
6.073830, 11.760777
6.089739, 11.861227
6.099020, 11.946343
6.109115, 12.038923
6.115725, 12.113353
6.118454, 12.191894
6.115942, 12.248908
6.102414, 12.320352
6.093388, 12.392158
6.078449, 12.451009
6.068615, 12.506600
6.057778, 12.566220
42ccfe29-cd06-4e56-b267-2aa1877dde19
6.610389, 4.960228
6.456907, 5.073297
6.432199, 5.104991
6.406822, 5.142411
6.382383, 5.173112
6.358561, 5.226636
6.308714, 5.346197
6.295709, 5.365720
6.294943, 5.386854
036bb32a-f8dc-48da-952d-c1afb1bef2d9
6.566155, 7.639065
6.595406, 7.661974
e414415c-c045-4f34-a560-3cd463c69439
6.589297, 5.140985
6.645089, 5.179228
6.732932, 5.276236
