main root
7.831692, 5.243866
7.539474, 5.568941
7.472968, 5.747506
7.390178, 5.909828
7.347308, 6.029287
7.289382, 6.190658
7.276773, 6.285305
7.265985, 6.461207
7.259304, 6.638223
7.248616, 6.814371
7.251948, 6.980343
7.236641, 7.125433
7.214078, 7.234878
7.206402, 7.378118
7.201698, 7.505154
7.200829, 7.641384
7.201885, 7.784558
7.209445, 7.903413
7.218074, 7.972556
7.219393, 8.037336
5999136b-4c12-45ad-be39-ce043f96866c
7.532017, 5.576437
7.446639, 5.556807
7.379768, 5.530641
7.301282, 5.497703
7.252077, 5.479302
7.215807, 5.472627
7.072994, 5.498930
7.017884, 5.507694
6.924527, 5.506329
6.858936, 5.504005
6.794772, 5.500367
6.749695, 5.490449
6.671637, 5.484134
6.603116, 5.480226
6.534523, 5.477947
6.465894, 5.477296
6.403314, 5.472344
6.328348, 5.474053
6.278086, 5.476829
28ec57cc-f585-4bfe-9739-a3524ea53faf
7.447920, 5.805406
7.336398, 5.783863
7.244208, 5.766056
7.171470, 5.752005
7.076919, 5.771665
6.902199, 5.850738
6.841429, 5.885203
6.797969, 5.926831
6.708362, 6.003895
6.635648, 6.074800
6.562905, 6.145733
6.496224, 6.210756
6.417424, 6.287597
6.337180, 6.362890
6.276825, 6.431124
6.218585, 6.503315
6.171192, 6.566830
6.127800, 6.632489
6.090330, 6.677552
bfd9e8da-5bf3-4740-91dd-3db8b36174c4
7.757792, 5.357406
7.848373, 5.419994
7.891191, 5.444120
7.951174, 5.469328
8.010840, 5.498902
8.054241, 5.523756
8.085055, 5.544851
8.111999, 5.568738
8.145786, 5.602693
8.189705, 5.644707
8.238293, 5.687046
8.284524, 5.721374
8.345189, 5.760830
8.401969, 5.797758
8.445736, 5.829794
8.471356, 5.848547
c3a39754-61a2-4bae-9d15-65b59450fd03
7.458145, 5.950310
7.547410, 5.997479
7.633151, 6.052353
7.712526, 6.100656
7.787004, 6.138695
7.858823, 6.182362
7.941067, 6.236813
19cce784-513e-4953-8a58-073ad1166bcf
7.264573, 6.426624
7.158637, 6.637728
7.120439, 6.779004
7.027828, 7.110551
7.014633, 7.195255
