main root
6.440551, 4.268977
6.395201, 4.408793
6.372432, 4.561363
6.336435, 4.717776
6.310106, 4.840404
6.291113, 4.949021
6.273123, 5.017157
6.261716, 5.083826
6.261253, 5.122032
6.266243, 5.204289
6.270858, 5.280353
6.275474, 5.356416
6.283260, 5.435286
6.290745, 5.511120
6.301503, 5.589639
6.311848, 5.665138
6.322193, 5.740636
6.332540, 5.816134
6.342889, 5.891633
6.359983, 5.972248
6.368690, 6.042178
6.382291, 6.151398
6.391744, 6.244314
6.402331, 6.327908
6.414974, 6.411225
6.433637, 6.492747
6.458312, 6.572645
6.481439, 6.654561
6.506322, 6.735071
6.531326, 6.815965
6.561317, 6.892720
6.564666, 6.938307
6.567924, 6.982638
6.593560, 7.074224
6.623324, 7.152794
6.637990, 7.216856
6.658773, 7.307641
6.673983, 7.380789
6.691267, 7.456549
6.709775, 7.556703
6.721878, 7.630434
6.734222, 7.705627
6.744086, 7.791841
6.744393, 7.850041
6.736409, 7.908929
6.724890, 7.982749
6.716021, 8.049291
6.556104, 8.251732
6.469179, 8.331126
6.431641, 8.382559
6.383870, 8.465957
6.350566, 8.536864
6.328515, 8.598742
6.308539, 8.698897
6.280309, 8.797185
6.251944, 8.903610
6.242292, 9.005534
6.227241, 9.075219
6.194944, 9.164974
6.169589, 9.254074
6.150638, 9.335823
6.131189, 9.406467
6.108871, 9.476257
6.101789, 9.518057
6.100304, 9.580585
6.096032, 9.757599
6.094194, 9.833767
6.083597, 9.900742
6.084133, 9.993116
6.084576, 10.069304
6.088030, 10.148468
6.049820, 10.230425
6.075759, 10.406213
6.086574, 10.479503
6.059710, 10.518928
6.072810, 10.557985
6.071333, 10.661825
6.080679, 10.733931
6.097296, 10.813736
6.123002, 10.874927
6.152668, 10.956474
6.165620, 11.022843
6.180960, 11.123527
6.186812, 11.217803
6.190497, 11.311121
6.193839, 11.395730
6.196843, 11.471862
6.206065, 11.553740
6.222866, 11.636054
6.224546, 11.689194
6.228315, 11.741780
6.222498, 11.786245
9601180b-9fb0-4fd9-a8df-0414a922b7dd
6.309625, 4.520952
6.244293, 4.545450
6.210158, 4.580530
6.114622, 4.631790
6.059921, 4.662838
6.013066, 4.690145
5.863589, 4.769726
5.768574, 4.781913
5.683662, 4.811725
5.647876, 4.827461
5.611866, 4.849836
5.545218, 4.898296
5.481605, 4.955653
5.435908, 4.998871
d4e9d442-9b09-4965-8074-aeab1d13a557
6.406441, 4.400052
6.486989, 4.442727
6.503363, 4.456484
6.527554, 4.476918
6.546840, 4.493319
6.568677, 4.495905
6.592253, 4.500192
6.607018, 4.515623
6.620282, 4.521340
6.639674, 4.532959
6.735707, 4.583538
6.765966, 4.594529
6.795134, 4.606836
6.827561, 4.619016
6.858958, 4.626133
6.889437, 4.634694
6.917635, 4.641176
6.951677, 4.647582
6.985947, 4.652622
7.016994, 4.658815
7.047687, 4.666579
7.077945, 4.675893
7.111432, 4.684754
7.143817, 4.691891
7.172338, 4.696760
7.198972, 4.699903
7.229623, 4.700506
7.250441, 4.705406
c2ad60c3-b0af-42c7-ae6e-d10808c65465
6.753245, 7.948175
6.789126, 7.970423
