main root
6.611286, 5.324619
6.690440, 5.473266
6.739621, 5.698126
6.747992, 5.793974
6.753093, 5.920081
6.745316, 6.039528
6.734987, 6.165854
6.720364, 6.266838
6.705803, 6.367391
6.686109, 6.459355
6.662750, 6.558339
6.636341, 6.668469
6.606425, 6.766011
6.580722, 6.864239
6.561338, 6.954940
6.539768, 7.045806
6.526683, 7.146717
6.515725, 7.247664
6.508985, 7.348964
6.504916, 7.441790
6.507480, 7.525383
6.516254, 7.608545
6.531192, 7.690828
6.560069, 7.768623
6.594922, 7.844644
6.606142, 7.901062
6.671406, 8.094187
6.691313, 8.218669
6.694440, 8.344599
6.733581, 8.407263
6.793592, 8.718079
6.831150, 9.026482
6.856254, 9.221333
6.883904, 9.438198
6.896534, 9.601559
6.920563, 9.769018
6.926804, 9.929701
6.913874, 10.074964
6.915111, 10.202936
6.926978, 10.378284
6.940005, 10.540323
6.935875, 10.690508
6.920543, 10.881257
6.892289, 11.077483
6.875058, 11.266563
6.856258, 11.472857
6.823696, 11.696965
6.783741, 11.893678
6.759319, 12.024425
6.741639, 12.142055
6.727797, 12.234155
6.711440, 12.302692
6.701623, 12.369612
6.693091, 12.448398
6.685196, 12.493500
4156eddb-d0a9-43c6-be58-9f4e539e04ac
6.611378, 7.911298
6.776163, 7.999507
6.811204, 8.026747
6.913106, 8.065152
21de5303-122a-45b1-8c4f-6b7198a3a4fc
6.548835, 7.385048
6.590867, 7.421016
6.627244, 7.448202
6.656956, 7.474141
6.678801, 7.501163
6.699014, 7.503491
fa69b572-e2c2-4de3-ae39-d8c1ebce2d36
6.648467, 6.649774
6.691795, 6.733780
6.713987, 6.787114
6.733220, 6.837284
6.748893, 6.882544
6.770189, 6.939471
6.786061, 6.986171
6.806062, 7.031063
6.824659, 7.065448
5463340d-6724-47dd-b242-0d6425ed8fd6
6.797141, 5.852346
6.867888, 5.912836
6.921705, 5.972732
6.958963, 6.049943
6.983110, 6.095617
7.008484, 6.140622
7.027046, 6.182684
7.049434, 6.229469
7.059447, 6.253632
082fc4fe-98b3-4210-a3a6-7f9e3f860011
6.674499, 5.441116
6.608233, 5.566834
6.561679, 5.751953
6.515416, 5.935072
6.498220, 5.984470
6.478739, 6.040424
6.463182, 6.094206
6.450803, 6.158535
6.437230, 6.213209
6.422953, 6.270711
6.410856, 6.331839
6.403759, 6.383110
6.401957, 6.417933
6.401836, 6.478147
6.404741, 6.521360
6.414413, 6.553667
89d905d1-3b46-4936-a194-7224d4356316
6.786033, 5.617633
6.987019, 5.610332
7.062062, 5.630244
7.038936, 5.621436
7.187303, 5.675209
7.267366, 5.702747
7.307497, 5.718133
7.340180, 5.746583
7.373520, 5.799108
7.395681, 5.842400
7.407671, 5.888577
7.419906, 5.935698
3e6f140d-16c1-4e5c-a3b9-9184ad0b7495
6.738654, 5.365181
6.857305, 5.335273
6.958687, 5.305441
7.011092, 5.294406
7.075810, 5.295826
7.159325, 5.291437
7.208638, 5.290342
7.246077, 5.288013
7.278432, 5.278502
7.296779, 5.320287
7.411064, 5.365286
7.508244, 5.441953
7.589254, 5.503168
7.666674, 5.569620
7.795024, 5.662731
7.913273, 5.720829
7.952754, 5.746897
8.000381, 5.783293
0089a290-67dd-4a16-8313-a25b287fa3c2
6.773979, 5.525424
6.872908, 5.555123
7.007638, 5.547203
7.080752, 5.543406
7.138487, 5.541203
7.194814, 5.542050
7.251961, 5.542905
7.331770, 5.556865
7.393599, 5.564638
7.462418, 5.564234
7.518693, 5.566893
7.581010, 5.566836
7.650125, 5.554792
7.672352, 5.591353
