main root
7.304063, 4.453791
7.239729, 4.574297
7.115175, 4.776860
7.050458, 4.890291
7.013956, 4.978054
6.979185, 5.083256
6.965415, 5.168839
6.958880, 5.298257
6.957328, 5.448828
6.973251, 5.569856
6.998871, 5.718249
7.028414, 5.855955
7.034927, 5.953747
7.027803, 6.127176
7.020290, 6.259159
7.001618, 6.406134
6.978799, 6.492024
6.918204, 6.662264
6.873843, 6.786896
6.823179, 6.879792
6.747809, 7.000676
6.665533, 7.116965
6.583624, 7.232736
6.547956, 7.294054
6.524825, 7.346442
6.505160, 7.390977
6.489222, 7.449583
f7b8d710-7925-47db-8f1f-6d9f02bc383a
7.192518, 4.685105
7.257088, 4.770596
7.302245, 4.819767
7.326715, 4.855264
7.366588, 4.905194
7.390118, 4.939457
7.406327, 4.968345
7.421745, 5.010711
f8e9570f-3d65-46c5-81c9-282a01a1dd13
7.153259, 4.824725
7.223479, 4.842116
7.260373, 4.863098
7.291052, 4.894491
2cdc6103-4b81-483a-a908-76758a4f5a84
6.968034, 5.119686
6.900643, 5.192089
6.885701, 5.221177
6.859586, 5.272009
6.832251, 5.317624
6.835308, 5.348788
6.824928, 5.372922
6.813305, 5.392273
