main root
7.007770, 5.163275
6.961035, 5.425890
6.955495, 5.745385
6.967823, 5.962295
6.968183, 6.145067
6.980280, 6.335789
6.977875, 6.503846
6.973270, 6.685491
6.978999, 6.876236
6.978461, 7.143067
6.972550, 7.385512
6.977403, 7.525665
6.984631, 7.692140
6.985638, 7.749842
6.985297, 7.816092
6.984948, 7.883829
6.981577, 7.957020
6.978851, 8.016224
6.974698, 8.073865
6.968446, 8.139824
6.962054, 8.207252
6.955113, 8.264620
6.945670, 8.330194
6.936015, 8.397241
6.926423, 8.474356
6.915971, 8.558374
6.909955, 8.618854
6.905431, 8.679466
6.901769, 8.748620
6.899602, 8.817831
6.899040, 8.902088
6.897214, 8.951378
6.893894, 9.000589
6.886548, 9.064985
6.881149, 9.125528
6.875132, 9.192997
6.873982, 9.273283
6.875841, 9.352507
6.879160, 9.430139
6.882054, 9.497816
6.880631, 9.569655
6.880757, 9.638906
6.880881, 9.706637
6.882519, 9.784327
6.885475, 9.853507
6.883688, 9.916887
6.884687, 9.987674
6.891714, 10.061304
6.897322, 10.135810
6.900800, 10.201974
6.905931, 10.271032
6.907742, 10.335814
6.904785, 10.390697
6.914275, 10.476289
6.914909, 10.527012
6.912406, 10.566270
6.906904, 10.605201
6.904989, 10.639997
6.902649, 10.682128
6.900290, 10.724257
6.897910, 10.766386
6.895509, 10.808514
6.893088, 10.850641
6.890645, 10.892765
6.888183, 10.934890
6.885701, 10.977014
6.886624, 11.011850
6.887723, 11.054033
6.888802, 11.096215
6.889860, 11.138399
6.890897, 11.180581
6.894980, 11.225685
6.895514, 11.265001
6.896065, 11.307192
6.896596, 11.349384
6.894076, 11.388621
6.891351, 11.430730
6.891399, 11.476017
6.891424, 11.518213
6.891427, 11.560409
6.891410, 11.602606
6.894363, 11.647796
6.897095, 11.689903
6.899806, 11.732012
6.902496, 11.774121
6.905166, 11.816233
6.910598, 11.854922
6.916445, 11.896712
6.922273, 11.938504
6.931458, 11.982851
6.940020, 12.024190
6.945044, 12.063205
6.954289, 12.123282
6.962886, 12.188982
6.969995, 12.254850
6.978911, 12.323519
6.987634, 12.390694
6.997445, 12.466253
7.008934, 12.543104
7.013843, 12.606311
7.019087, 12.673834
7.028204, 12.752554
7.040288, 12.830873
7.057031, 12.909941
7.076512, 12.991928
7.086451, 13.040237
7.101990, 13.093482
7.116221, 13.142242
7.129112, 13.197098
7.137273, 13.251453
7.144816, 13.301691
7.152360, 13.351929
7.157887, 13.398815
7.160511, 13.446646
7.171639, 13.512882
15fd9a49-84c6-4d43-a983-e8c9b3302249
7.064569, 5.407898
7.126229, 5.452300
7.171306, 5.500163
7.236505, 5.566323
7.300528, 5.643343
7.355661, 5.719540
7.403862, 5.789693
7.445931, 5.865571
7.493057, 5.935134
7.534236, 6.004635
7.558950, 6.053931
7.635436, 6.184071
7.698823, 6.292229
7.752620, 6.388209
7.809527, 6.472432
7.857500, 6.554771
7.887642, 6.623312
7.919643, 6.711756
7.961847, 6.828490
7.997308, 6.914201
8.011537, 6.952508
8.026277, 6.992192
8.046912, 7.047748
8.069472, 7.104186
8.098503, 7.168747
8.122810, 7.222803
8.151074, 7.278359
8.175936, 7.330529
8.195793, 7.375677
8.214272, 7.421408
8.231356, 7.467684
8.245106, 7.513571
8.265885, 7.567273
8.279989, 7.607872
8.290230, 7.632788
8.311217, 7.655448
8.332471, 7.713410
8.358636, 7.771725
8.382408, 7.832018
8.402204, 7.886310
8.415771, 7.932251
8.434415, 7.990107
8.457074, 8.055541
8.484951, 8.122319
8.507127, 8.183213
8.531243, 8.240689
8.554175, 8.295340
8.577107, 8.349992
8.601999, 8.405445
8.635673, 8.469500
8.660192, 8.522575
8.681074, 8.574918
8.695258, 8.626622
8.714616, 8.685872
8.727106, 8.724100
8.737648, 8.770802
be7a7162-8b96-44e7-99f0-8e941ce1ce98
7.008981, 5.707870
7.067792, 5.814421
7.104664, 5.848124
7.134906, 5.864150
7.175996, 5.882981
7.218492, 5.898993
7.272021, 5.920759
7.319080, 5.939894
7.375932, 5.961396
7.417660, 5.981979
7.461213, 6.005131
7.547058, 6.042054
7.599841, 6.121657
7.656924, 6.218156
7.743275, 6.277414
7.786910, 6.316419
7.816359, 6.344750
7.847210, 6.378584
7.876522, 6.417393
7.915245, 6.471148
7.937433, 6.509631
7.962807, 6.553641
7.988323, 6.603890
8.019182, 6.658050
8.048524, 6.709547
8.073783, 6.759924
8.100347, 6.812907
8.118875, 6.863215
8.145122, 6.921490
8.170959, 6.982501
8.192527, 7.021917
8.236401, 7.093458
8.256474, 7.129052
8.277268, 7.165924
8.302303, 7.216410
8.336656, 7.272209
8.367725, 7.322677
8.393409, 7.367248
8.424118, 7.433996
8.455901, 7.482643
8.463578, 7.502604
8.478769, 7.542102
8.500045, 7.597418
8.517451, 7.651015
8.530101, 7.704500
8.543593, 7.755051
8.553031, 7.802015
8.568232, 7.862470
8.586813, 7.936368
8.601265, 7.993842
8.612084, 8.049144
8.619949, 8.104941
8.633296, 8.167450
8.647437, 8.233685
8.659811, 8.291640
8.666856, 8.346142
8.673368, 8.396518
8.680966, 8.455295
8.692780, 8.511652
8.711993, 8.581420
8.717149, 8.617055
8.717198, 8.655309
8.726270, 8.725661
c80e8146-3d81-403b-8b83-d12bb13f23e3
6.879154, 5.729832
6.830246, 5.784388
6.785094, 5.834842
6.731225, 5.896051
6.697249, 5.923278
6.638484, 5.957971
6.567474, 6.016339
6.509878, 6.056068
6.447617, 6.099141
6.383898, 6.150629
6.325077, 6.198295
6.265883, 6.250251
6.210163, 6.283226
6.157373, 6.314344
6.099651, 6.355059
6.028208, 6.443811
5.982164, 6.515331
5.944404, 6.560160
5.873946, 6.633958
5.811892, 6.692947
5.773593, 6.727291
5.729488, 6.758801
5.687974, 6.804629
5.638969, 6.843696
5.580832, 6.878554
5.518187, 6.937111
5.473060, 6.987484
5.422464, 7.048440
5.373030, 7.098615
5.330013, 7.150800
5.282371, 7.218000
5.239738, 7.288495
5.207293, 7.313223
5.182177, 7.345163
5.130102, 7.411391
5.074334, 7.485719
5.027351, 7.555248
4.993385, 7.608187
4.964366, 7.647716
a9f05062-e04c-4495-bd70-44ff5790f514
6.880917, 5.479804
6.750928, 5.474551
6.678832, 5.504991
6.630825, 5.524904
6.592533, 5.539167
6.554624, 5.550094
6.511900, 5.565523
6.470286, 5.583733
6.429962, 5.604644
6.392383, 5.624132
6.356681, 5.642647
6.332854, 5.658375
6.296676, 5.685842
6.262386, 5.715634
6.238863, 5.730123
6.196588, 5.752647
6.145517, 5.776466
6.099226, 5.803011
6.046151, 5.838621
5.977346, 5.887284
5.935871, 5.916617
5.890643, 5.941272
5.853473, 5.961534
5.817500, 5.977734
5.777400, 5.999075
5.741266, 6.014914
5.700954, 6.035853
5.663386, 6.055365
5.624542, 6.078913
5.587333, 6.104970
5.553760, 6.122999
5.508391, 6.149060
5.463235, 6.178451
5.414440, 6.206639
5.370643, 6.237124
5.330277, 6.270275
5.302883, 6.288899
5.293681, 6.308901
5.252073, 6.360378
5.220394, 6.397190
5.175898, 6.444307
5.135086, 6.483163
5.092263, 6.519799
5.047225, 6.558331
5.002358, 6.594747
4.963136, 6.624653
4.922740, 6.655455
4.879812, 6.693834
4.835390, 6.737565
4.793139, 6.781257
4.765254, 6.814401
4.732875, 6.860711
4.695485, 6.899556
4.643426, 6.948322
4.607405, 6.984117
4.559363, 7.029746
4.510088, 7.082740
4.464041, 7.134459
4.418998, 7.185050
4.368452, 7.244073
4.324232, 7.293408
4.279021, 7.343848
4.239232, 7.383755
4.197388, 7.427843
4.150759, 7.476971
4.109961, 7.519957
4.069218, 7.565058
4.023815, 7.615317
3.984089, 7.659293
3.944255, 7.701155
3.904860, 7.742556
3.868382, 7.780891
5498393f-c9b6-4ebb-aa4c-d7fa59dc38b5
6.885639, 5.354457
6.805948, 5.383794
6.752062, 5.405383
6.660532, 5.446344
6.633061, 5.455359
6.602015, 5.465547
6.563702, 5.474969
6.524785, 5.481458
6.484260, 5.486697
6.442277, 5.492125
6.271022, 5.515640
6.231550, 5.517919
6.198452, 5.516824
6.166894, 5.521761
6.136817, 5.532517
6.071535, 5.558221
6.039743, 5.567522
6.004193, 5.573244
5.952799, 5.583033
5.905277, 5.589037
5.845178, 5.598139
5.793695, 5.607450
5.743376, 5.619592
5.708397, 5.628033
5.660552, 5.638732
5.601653, 5.653436
5.555258, 5.669646
5.512695, 5.692443
5.452990, 5.724423
5.414419, 5.743384
5.387974, 5.751380
5.340347, 5.764217
5.293411, 5.773768
5.242201, 5.788771
5.175173, 5.811527
5.100209, 5.841720
5.037382, 5.867024
5.000077, 5.882049
cd95b60a-5f90-41e6-8f56-312d46c89a5f
6.901187, 5.147300
6.818707, 5.181682
6.737212, 5.233672
6.685112, 5.279339
6.622289, 5.332745
6.583785, 5.365881
6.539022, 5.402429
6.492691, 5.444125
6.460653, 5.454834
6.426290, 5.460009
6.406149, 5.488857
6.322634, 5.517375
6.276083, 5.553350
6.205879, 5.602362
6.143773, 5.643896
6.087988, 5.678657
6.037049, 5.700974
5.999402, 5.718481
5.941874, 5.732028
5.886580, 5.738899
5.824195, 5.768467
5.788565, 5.783698
5.730121, 5.796838
5.697278, 5.801155
5.652875, 5.802462
5.602099, 5.803956
5.517882, 5.806275
8eb57c9d-ba93-4af8-8519-b7f037166f97
6.912285, 5.306457
6.820704, 5.184499
6.762896, 5.136443
6.692223, 5.138899
6.665223, 5.144009
6.629053, 5.157447
6.607884, 5.160531
6.573140, 5.167110
6.550873, 5.165235
6.518791, 5.161022
6.488577, 5.161577
6.453295, 5.163716
6.420942, 5.164171
6.394076, 5.166038
6.365242, 5.169536
6.338728, 5.174252
6.310092, 5.183898
6.277101, 5.196584
6.246393, 5.206779
6.211439, 5.223123
6.190591, 5.227923
6.158745, 5.233726
6.124258, 5.241539
6.092393, 5.247231
6.065151, 5.244487
6.052886, 5.255406
5.996637, 5.279442
5.951891, 5.295308
5.897849, 5.311293
5.843041, 5.324384
5.787610, 5.334546
5.726587, 5.351820
5.651206, 5.376268
5.597985, 5.398250
5.544800, 5.426948
5.498275, 5.457156
5.457429, 5.476538
5.401040, 5.509922
5.350040, 5.540117
5.299037, 5.570311
5.231361, 5.617336
5.168780, 5.660820
5.120862, 5.690471
5.070950, 5.719595
5.011370, 5.757826
4.961485, 5.789835
4.911601, 5.821844
4.860815, 5.857989
4.813581, 5.886095
4.769405, 5.914123
4.726049, 5.943402
4.682195, 5.973018
4.646405, 6.012718
4.614237, 6.032756
4.580229, 6.050192
4.557708, 6.061527
4.532447, 6.080733
4.499062, 6.109638
4.467884, 6.136383
4.436260, 6.167206
4.406659, 6.199975
4.378984, 6.230332
4.351169, 6.260561
4.323316, 6.293044
4.299408, 6.314029
4.261503, 6.343315
4.214601, 6.379553
4.168244, 6.411587
4.119109, 6.447360
4.064019, 6.489320
4.009854, 6.532456
3.956393, 6.578858
3.898996, 6.626696
3.848399, 6.670814
3.821133, 6.696574
