main root
7.080576, 5.884266
7.032142, 6.294761
6.990941, 6.453666
7.038468, 6.639569
7.095834, 6.814825
7.141000, 7.036766
7.156224, 7.190438
7.189094, 7.353944
7.246714, 7.576222
7.283550, 7.768796
7.305893, 7.860517
7.335276, 7.930800
7.383992, 8.055635
7.414102, 8.144364
7.440197, 8.234350
7.466135, 8.323798
7.490119, 8.414057
7.502900, 8.470232
7.500703, 8.518633
7.520893, 8.706043
7.523945, 8.762301
7.524007, 8.818640
7.521080, 8.874906
7.523670, 8.940366
7.526015, 8.999575
7.525255, 9.055909
7.527409, 9.118190
7.526366, 9.174520
7.528208, 9.236813
7.526880, 9.293137
7.528409, 9.355439
7.493584, 9.439533
7.457820, 9.697228
7.442689, 9.806247
7.431735, 9.915960
7.424999, 10.026013
7.420384, 10.136055
7.411893, 10.237549
7.406925, 10.347697
7.409543, 10.476024
7.415639, 10.568574
7.409259, 10.663746
7.409383, 10.724802
7.407999, 10.790519
7b21f74a-d7d8-4f39-aac7-74332e725ab8
7.086668, 5.983118
7.296709, 6.121073
7.318494, 6.142545
7.353487, 6.170730
7.401012, 6.179848
7.544519, 6.269207
7.584336, 6.290393
7.612149, 6.308502
8.084562, 6.524627
8.301328, 6.616262
8.450117, 6.683893
8.586842, 6.735348
8.868974, 6.815500
9.034580, 6.842774
9.126315, 6.855751
9.194960, 6.857084
9.252478, 6.867348
1099a94c-62ef-42bd-b648-1128359f661c
7.122741, 6.129076
7.260933, 6.184238
7.314868, 6.214338
7.389100, 6.228847
7.453818, 6.243022
7.500733, 6.260958
7.536723, 6.289138
7.851408, 6.410382
7.969692, 6.470167
8.140001, 6.544272
8.344068, 6.643200
8.522602, 6.708438
8.863627, 6.879062
8.924315, 6.898103
9.004290, 6.916581
9.085920, 6.928929
9.155910, 6.934974
9.213964, 6.945862
d81efdd9-f986-46db-8135-28a183d6c193
7.075346, 6.353507
7.150293, 6.389517
7.219040, 6.438545
7.254023, 6.469032
7.444787, 6.543602
7.549468, 6.595504
7.600708, 6.620878
7.636193, 6.648383
7.675567, 6.675078
7.759649, 6.758863
7.796505, 6.779418
69720efe-376f-4865-a2d6-e0e33353d04b
6.932965, 6.380809
6.817904, 6.388163
6.792792, 6.384350
6.778691, 6.396374
6.706993, 6.405215
6.648174, 6.412467
6.591958, 6.416382
6.519346, 6.430099
6.398828, 6.484742
6.377187, 6.491265
6.362240, 6.511402
6.307677, 6.555113
6.267800, 6.588977
6.229425, 6.617639
6.191027, 6.642581
6.154190, 6.664723
6.108435, 6.685143
6.053578, 6.718483
6.018958, 6.736020
5.984450, 6.750017
5.957676, 6.767213
5.921735, 6.793718
5.888209, 6.818300
5.853948, 6.847133
5.830199, 6.861250
5.787574, 6.883106
5.745424, 6.911445
5.719483, 6.927083
3a4d9a66-9be6-456b-a65a-58433436441a
6.958052, 6.002886
6.854717, 6.031210
6.805638, 6.054837
6.781441, 6.065067
6.726223, 6.074766
6.700168, 6.080640
6.669901, 6.094909
6.625076, 6.116041
6.578642, 6.134621
6.500651, 6.164257
6.468749, 6.173176
6.458939, 6.188769
6.381788, 6.233159
6.326873, 6.256592
6.289526, 6.269274
6.249453, 6.282881
6.194264, 6.300041
6.145751, 6.315125
6.103866, 6.343043
6.050494, 6.361104
6.003678, 6.375366
5.956449, 6.388190
5.887929, 6.411446
5.822857, 6.435113
5.760996, 6.454426
5.704420, 6.472089
5.649810, 6.486002
5.592377, 6.500634
5.536030, 6.513445
5.500942, 6.521423
5.455943, 6.524183
f88d3dc8-5166-4b91-812b-abfcdbeffd2c
6.952086, 6.550114
6.829907, 6.606973
6.750782, 6.638007
6.676453, 6.673591
6.621791, 6.698100
6.481701, 6.745729
6.377377, 6.778962
6.278076, 6.808382
6.234386, 6.827815
6.202266, 6.840463
6.154850, 6.881453
6.064172, 6.934279
6.016410, 6.956909
5.965475, 6.979388
5.887014, 6.996785
5.842896, 7.001970
5.789028, 7.009809
5.745079, 6.998774
398452e7-4527-46f7-a62f-1a1db29e492a
7.102972, 7.404907
7.070251, 7.410655
7.027464, 7.434587
6.964174, 7.469245
6.898840, 7.505244
6.815044, 7.546614
6.726962, 7.580716
6.642067, 7.618095
6.572324, 7.648804
6.520020, 7.671834
6.474657, 7.685266
b4a72d11-78fb-47e0-ae49-6f1f692a57a2
6.996594, 5.964456
6.722860, 6.051561
6.667161, 6.067264
6.592284, 6.068564
6.522621, 6.078242
6.433517, 6.094868
6.386856, 6.102051
6.283712, 6.136652
6.207714, 6.168466
6.162111, 6.181070
6.090770, 6.197686
6.024974, 6.209941
5.975344, 6.216144
5.919629, 6.217078
5.851442, 6.212233
5.812351, 6.212456
5.760807, 6.212413
2288b7d3-42b6-443f-9b83-519326175b48
7.217149, 7.266630
7.285664, 7.259924
7.377630, 7.250922
7.426082, 7.246178
7.480533, 7.222371
c2204b84-fa10-4593-a195-410839e4b311
7.255876, 7.446998
7.316536, 7.441770
5e2d5b95-9788-4767-99b5-996489e5e20e
7.305445, 7.690849
7.370233, 7.694083
7.429596, 7.692757
32c52775-64e4-4bc3-8d29-0caa63c845fe
7.023381, 7.086279
6.948805, 7.086082
6.872027, 7.102237
35cf38cc-4915-4c14-b3b0-8512249b3588
6.958638, 6.748748
6.866046, 6.761209
7486f27f-fdfa-438f-922c-34467d4fb582
7.116816, 6.771135
7.145060, 6.770524
7.189078, 6.777280
95879f00-ad98-4ce4-b18a-732d6f7fbff2
7.014172, 5.850699
6.922961, 5.829506
6.868147, 5.815223
6.823263, 5.801641
6.793764, 5.797062
6.759738, 5.797840
