main root
6.142226, 5.462140
6.205683, 5.567757
6.260782, 5.841880
6.220961, 6.015103
6.131459, 6.243099
6.060686, 6.364347
5.969812, 6.505272
5.849646, 6.648027
5.799667, 6.736332
5.748181, 6.874042
5.710811, 6.985612
5.713153, 7.260952
5.724091, 7.398367
5.732731, 7.533219
5.741393, 7.668399
5.749513, 7.795134
5.757634, 7.921882
5.753081, 8.047824
5.755443, 8.158207
5.751639, 8.276337
5.750485, 8.377877
5.745100, 8.479582
5.726620, 8.588487
5.716515, 8.698631
5.708005, 8.791379
5.712194, 8.883862
5.705283, 9.009685
5.708628, 9.102192
5.708243, 9.181608
5.714104, 9.274067
5.717417, 9.359115
5.724824, 9.442703
5.728897, 9.536315
5.730853, 9.629686
5.738820, 9.712929
5.744863, 9.797829
5.752912, 9.881710
5.758975, 9.966605
5.764108, 10.068181
5.768382, 10.152741
5.777260, 10.245070
5.782032, 10.338646
5.784096, 10.458133
5.783881, 10.568167
5.785797, 10.669697
5.783487, 10.771517
5.785592, 10.864246
5.779622, 10.974249
5.774575, 11.067246
5.765303, 11.160481
5.753970, 11.253180
5.741642, 11.354023
5.728223, 11.446451
5.707336, 11.558025
5.675670, 11.669799
5.654144, 11.769057
5.624275, 11.866862
5.603315, 11.957103
5.578248, 12.055670
5.553208, 12.154139
5.522005, 12.259667
5.503933, 12.350460
5.481534, 12.441446
5.461368, 12.532157
5.443485, 12.632095
5.415472, 12.728812
5.406532, 12.811928
5.386878, 12.897570
5.372469, 12.998181
5.331459, 13.119356
5.290215, 13.221420
5.240963, 13.295796
c6740329-741e-4deb-8859-959fa0700a61
6.064362, 5.549427
6.032250, 5.640322
5.976188, 5.736931
5.935711, 5.820259
5.904731, 5.877184
5.872953, 5.938707
5.830023, 6.012783
5.809884, 6.053500
5.793096, 6.073939
5.775218, 6.090990
5.770444, 6.112675
57c45201-c220-41f6-b2df-5f14ce3bcb5e
6.267514, 5.399958
6.333067, 5.393267
6.428101, 5.376475
6.484646, 5.368641
6.517590, 5.355416
6.602502, 5.327780
6.688021, 5.317109
6.755381, 5.324236
6.790437, 5.332461
6.836557, 5.347894
6.889085, 5.370205
6.945536, 5.399062
6.982842, 5.423174
7.027285, 5.451898
7.040033, 5.528733
7.045528, 5.592937
7.045810, 5.631327
7.043214, 5.685504
7.036411, 5.733660
7.028032, 5.782269
7.020623, 5.834060
7.002143, 5.889248
7.010274, 5.919089
7.008286, 5.961932
6.990595, 6.020291
7.018840, 6.052422
7.061326, 6.177239
7.095036, 6.256689
7.129112, 6.326384
7.157934, 6.385332
7.179888, 6.416605
7.227843, 6.479703
7.288633, 6.542374
7.337456, 6.597006
7.415641, 6.674969
7.479087, 6.729448
7.544357, 6.782759
7.603372, 6.844349
7.670715, 6.920747
7.736566, 6.985909
7.799062, 7.041916
7.851586, 7.093006
7.913158, 7.144545
7.980028, 7.192709
8.026259, 7.235232
8.087485, 7.294363
8.134094, 7.341458
8.167165, 7.377821
3396e6a8-2e96-44cd-831f-7b8292f02187
6.330276, 5.615351
6.472321, 5.576703
6.561603, 5.555485
6.630215, 5.541641
6.689624, 5.533588
6.735437, 5.520357
6.799697, 5.498682
6.864944, 5.478254
6.931774, 5.466742
7.011194, 5.460654
7.089761, 5.458875
7.162609, 5.467764
7.247486, 5.482306
7.311865, 5.500928
7.373762, 5.526623
7.466122, 5.569543
7.545300, 5.617935
7.616102, 5.666068
7.684910, 5.720476
7.751303, 5.783760
7.816155, 5.851389
7.884684, 5.913734
7.945143, 5.974346
7.994727, 6.028294
8.054753, 6.084756
8.083509, 6.130295
8.124930, 6.190289
8.165084, 6.232640
8.219631, 6.287996
8.254249, 6.331657
8.309110, 6.407621
8.347453, 6.468382
8.396376, 6.534690
8.456514, 6.626891
8.501263, 6.699291
8.534813, 6.756422
8.562968, 6.813231
8.584714, 6.853734
8.645920, 6.934782
8.697222, 6.990296
8.756365, 7.072074
8.821421, 7.157460
8.870465, 7.221829
8.926910, 7.295913
8.978767, 7.374388
9.031343, 7.461623
9.082771, 7.538804
9.132795, 7.617672
9.182720, 7.684766
9.234676, 7.751119
9.285503, 7.819392
9.337475, 7.885729
9.391054, 7.950758
9.443559, 8.017743
9.497165, 8.082772
9.552353, 8.146461
9.605214, 8.213799
9.654371, 8.273994
9.717052, 8.354096
9.758800, 8.407447
9.796345, 8.460284
9.850293, 8.536206
9.922627, 8.638004
087721c9-ac8e-46df-ad50-8ff78428d8b5
6.323821, 5.599229
6.434375, 5.592454
6.506002, 5.701832
6.533122, 5.743262
6.558721, 5.796602
6.600939, 5.861983
6.635219, 5.907314
6.678701, 5.988704
6.719845, 6.070182
6.743903, 6.111183
8c9f6e48-965c-4c86-8b14-2b61fa2a3fb7
6.284787, 5.766943
6.408264, 5.831432
6.574348, 5.874641
6.660057, 5.871187
6.773946, 5.869990
6.873168, 5.875099
6.969055, 5.905993
7.087480, 5.949943
7.128653, 5.969017
7.201767, 5.999589
7.264234, 6.032198
7.348327, 6.071352
7.407466, 6.107141
7.470604, 6.147100
7.556458, 6.201435
7.618786, 6.242652
7.686498, 6.283840
7.778243, 6.344601
7.858784, 6.390373
7.924249, 6.437118
7.996951, 6.496785
8.061412, 6.552371
8.122434, 6.613206
8.183557, 6.671215
8.226338, 6.718007
8.278385, 6.768279
8.329219, 6.815298
8.381056, 6.861208
8.433347, 6.901521
8.499583, 6.941247
8.549456, 6.978139
8.623267, 7.035356
8.672604, 7.077387
8.709661, 7.108959
47b55b43-b06d-4b5a-8f52-4e0c5bb890da
6.150734, 6.036722
6.036480, 6.083988
5.974874, 6.107854
5.905730, 6.145876
5.845560, 6.162888
5.797796, 6.165503
5.773078, 6.189092
5.675899, 6.226375
5.624010, 6.239869
5.573668, 6.273735
5.530551, 6.314073
5.501112, 6.343663
ebe97ae7-eb7b-45c7-941c-07efca25bfe3
6.283906, 6.080629
6.320721, 6.148994
6.347767, 6.209241
6.367893, 6.261383
6.385092, 6.314481
6.408648, 6.368612
6.430493, 6.396511
6.466631, 6.442796
6.492862, 6.471661
6.529715, 6.507886
6.559494, 6.533076
6.614937, 6.570172
6.650611, 6.601245
6.697416, 6.640028
6.740073, 6.667598
6.793986, 6.698878
6.843202, 6.729165
6.882345, 6.756766
6.934949, 6.790197
6.991416, 6.844315
7.011986, 6.872322
7.040805, 6.879180
7.083835, 6.902081
52105aeb-ae78-4049-9004-88844f3c7691
5.938600, 6.644073
6.024255, 6.653270
6.104677, 6.672025
6.153201, 6.687996
6.233267, 6.684448
6.326312, 6.680326
6.400981, 6.681228
6.438165, 6.684670
6.483569, 6.697591
e9d16d25-dd27-4f31-bd84-100b644f1ff5
5.785835, 6.999918
5.841155, 7.011016
5.891999, 7.021846
5.955349, 7.030346
6.021368, 7.055654
6.066868, 7.074699
6.111768, 7.095115
6.159994, 7.115400
6.195140, 7.125312
6.231238, 7.130828
6.299898, 7.139804
6.343972, 7.145566
6.386661, 7.160150
3658a430-511b-4ff2-967b-3655785f91de
5.685279, 7.484532
5.631508, 7.504468
5.588080, 7.525624
5.498758, 7.574034
5.431157, 7.612373
5.363743, 7.654048
5.311531, 7.686326
5.282581, 7.711259
9deb2955-ee8f-45f1-aa4c-a7a49c5e3374
5.659206, 7.300011
5.627780, 7.385519
5.607439, 7.423890
5.607227, 7.443260
5.599237, 7.486270
5.547178, 7.548818
5.533467, 7.611053
