main root
6.802283, 4.868818
6.656424, 5.295395
6.610656, 5.594125
6.583463, 5.745033
6.565491, 5.902545
6.562732, 6.054764
6.570069, 6.222131
6.573470, 6.384416
6.574887, 6.512446
6.579627, 6.658389
6.585415, 6.771487
6.592339, 6.906773
6.598830, 7.033614
6.617983, 7.161414
6.638923, 7.286963
6.642576, 7.414150
6.652431, 7.537324
6.652693, 7.671415
6.655406, 7.795499
6.652133, 7.931733
6.626145, 8.090682
6.619029, 8.251471
6.600825, 8.425348
6.578716, 8.559985
6.554422, 8.682008
6.527800, 8.772637
6.507278, 8.831878
6.486853, 8.890682
6.383905, 9.127202
6.348839, 9.222932
6.317415, 9.470274
6.309824, 9.580394
6.300148, 9.689966
6.291810, 9.808393
6.269957, 9.940521
6.249234, 10.065810
6.235431, 10.175201
6.223772, 10.267597
6.205765, 10.359908
6.191671, 10.442986
6.175395, 10.526533
6.159205, 10.609633
6.149459, 10.667484
6.100902, 10.795904
6.090009, 10.860386
6.073751, 10.969313
6.060378, 11.087508
6.051205, 11.206103
6.041411, 11.332729
6.046125, 11.462355
6.039349, 11.603644
6.025128, 11.753412
6.019846, 11.875898
6.008312, 11.996689
6.010597, 12.140763
6.004129, 12.263582
5.996230, 12.373325
5.990151, 12.457773
5.986066, 12.535378
5.980644, 12.609902
5.977502, 12.711389
5.975144, 12.787548
5.964087, 12.854454
5.854927, 13.010860
5.518217, 13.086296
5.083066, 13.097683
4.751239, 13.081841
b2ea39ac-887a-4213-9ded-8b59e2071477
6.704727, 5.017307
6.647375, 5.006917
6.609198, 4.996960
6.518489, 4.998586
6.427872, 4.948728
6.372280, 4.920087
6.334695, 4.900724
6.298957, 4.882301
6.272361, 4.871949
6.240953, 4.866138
6.199391, 4.858439
6.168858, 4.855818
6.126745, 4.852191
6.081393, 4.851281
6.039133, 4.850423
5.990755, 4.855430
5.960302, 4.852562
5.936166, 4.847284
5.918061, 4.852699
5.825488, 4.847000
5.786659, 4.841573
5.754787, 4.843124
5.711810, 4.848177
5.670010, 4.853053
5.625579, 4.861212
5.581748, 4.872304
5.519225, 4.869059
5.491785, 4.867596
5.463311, 4.869039
5.418442, 4.874271
5.374013, 4.882428
5.331382, 4.891775
5.299658, 4.894134
5.259552, 4.897116
5.041436, 4.919864
5.005647, 4.923597
4.977717, 4.929520
4.933998, 4.941852
4.891186, 4.957037
4.851288, 4.971188
4.811390, 4.985339
4.773313, 4.995668
4.732456, 5.006752
4.691600, 5.017835
4.652849, 5.025247
4.611269, 5.033199
4.569690, 5.041151
4.528111, 5.049104
4.486531, 5.057056
4.442574, 5.068512
4.401609, 5.079186
4.358502, 5.093512
4.318330, 5.106863
4.278158, 5.120212
4.237985, 5.133561
4.197812, 5.146910
4.161768, 5.162040
4.137998, 5.168773
8886cc58-e0c4-4356-bf4c-e94eacb430df
6.865511, 5.011158
7.001380, 5.097442
7.041239, 5.119207
7.063536, 5.131379
7.107236, 5.176257
7.136763, 5.206576
7.161871, 5.232355
7.181398, 5.283635
7.200515, 5.296867
7.225190, 5.329024
7.257603, 5.368314
7.276123, 5.392644
7.292045, 5.420480
7.314792, 5.462662
7.344588, 5.507828
7.369971, 5.548478
7.394330, 5.589750
7.413551, 5.630562
7.440850, 5.677280
7.455407, 5.710499
7.473540, 5.754862
7.494463, 5.801301
7.513052, 5.845474
7.530532, 5.890097
7.547528, 5.928560
7.587856, 6.177979
7.612392, 6.212781
7.644922, 6.264114
7.674883, 6.316987
7.701346, 6.367952
8d105d56-0740-4d43-9720-5081a1a06a57
6.755527, 5.195107
6.826199, 5.224882
6.880748, 5.247864
6.911930, 5.265873
6.957329, 5.295551
6.998950, 5.328122
7.050189, 5.370122
7.098362, 5.413479
7.146642, 5.452904
7.207772, 5.500891
7.249751, 5.539553
7.295343, 5.585611
7.356022, 5.651552
7.513825, 5.879451
7.609140, 5.967698
7.649658, 5.994529
7.693157, 6.026927
7.742273, 6.056049
7.805554, 6.083130
7.845150, 6.112549
36d84c7b-cca6-44be-b858-93d1cc6c0cb5
6.732606, 5.287522
6.791983, 5.326991
6.856802, 5.372563
6.899383, 5.406160
6.940045, 5.442056
6.980255, 5.481545
7.020422, 5.523090
7.051680, 5.564034
7.089743, 5.611426
7.127946, 5.663773
7.162886, 5.711649
7.182007, 5.740388
7.256106, 5.906468
7.272350, 5.957566
7.292332, 5.978675
7.340892, 6.067212
7.369367, 6.125351
7.403722, 6.184147
927d42ed-70e8-46b6-8997-1de84d51f9eb
6.651397, 5.312797
6.553297, 5.434143
6.516047, 5.489992
6.479552, 5.546983
6.445102, 5.609106
6.419743, 5.645577
6.381534, 5.695283
6.349011, 5.735138
6.331399, 5.754352
6.211457, 5.822336
6.168346, 5.844939
6.132138, 5.865501
6.101448, 5.881097
6.087669, 5.906949
6.047755, 5.938157
6.001321, 5.972561
5.946903, 6.012883
5.899592, 6.046074
5.858369, 6.073166
5.815486, 6.103139
5.772739, 6.138495
5.720747, 6.179555
5.680632, 6.213144
5.641119, 6.252083
5.597803, 6.282671
5.559216, 6.330362
5.533036, 6.367481
5.496252, 6.388310
5.493387, 6.406298
5.477004, 6.423219
5.448112, 6.450912
5.418114, 6.481736
5.382713, 6.520258
5.348517, 6.561893
5.326092, 6.593913
5.187614, 6.729096
5.157280, 6.762891
5.128554, 6.785928
5.120309, 6.808975
5.083375, 6.858373
5.054269, 6.899799
5.022026, 6.932671
85105ecf-f5a8-4ec5-9b19-daaff39464fb
6.687793, 5.525307
6.735278, 5.555980
6.805412, 5.595939
6.875659, 5.629091
7.008360, 5.630935
7.151729, 5.676435
7.253869, 5.717730
7.316724, 5.749600
7.396882, 5.778495
7.452317, 5.801240
7.633932, 5.882809
7.695904, 5.904078
7.751955, 5.923314
7.808007, 5.942547
7.867863, 5.959919
7.921064, 5.978475
7.973207, 5.999830
8.031951, 6.020651
8.074430, 6.046823
8.115874, 6.072361
8.145737, 6.083730
8.296300, 6.125658
8.347281, 6.139852
8.374577, 6.153663
8.431469, 6.179089
8.481609, 6.204773
8.530315, 6.233083
8.581543, 6.262854
8.636865, 6.291537
8.689466, 6.318806
8.742069, 6.346073
8.798707, 6.372057
8.848593, 6.398232
8.901058, 6.425759
8.945444, 6.455803
8.998670, 6.488211
9.049277, 6.519022
9.099887, 6.549830
9.128069, 6.572243
9.156368, 6.587093
0e5e2d10-71cf-4503-bead-f27b3304e49e
6.646403, 7.260774
6.708194, 7.265814
6.752845, 7.280006
6.815513, 7.298572
6.909302, 7.339520
6.995655, 7.372632
7.084210, 7.399830
7.182428, 7.425571
7.285359, 7.465670
7.373772, 7.493341
7.475167, 7.519627
7.633311, 7.515997
7.727449, 7.522251
7.837464, 7.527439
7.938910, 7.536458
8.048307, 7.548309
8.164566, 7.569391
8.256489, 7.581784
8.330318, 7.593249
8.395258, 7.605433
8.430624, 7.612068
7c52baab-bc92-45eb-8736-509d3a9d5e84
6.567430, 6.607711
6.497265, 6.668789
6.478722, 6.706344
6.464168, 6.742669
6.449544, 6.755201
6.430583, 6.767508
6.375093, 6.918542
6.350415, 6.977830
6.331237, 7.020009
6.311450, 7.063529
6.296289, 7.104104
eac1d190-4de8-421d-8f69-3080e38cfe97
6.627394, 5.859586
6.678780, 5.911357
6.743167, 6.009584
6.772923, 6.063168
6.792448, 6.098328
6.833054, 6.187066
6.845606, 6.210901
6.866589, 6.225591
6.881142, 6.241262
6.907352, 6.271684
6.944733, 6.310487
6.973931, 6.336480
5e40f6ae-7197-495b-9284-79aca63a6d95
6.536355, 5.791896
6.469756, 5.822057
6.433130, 5.830132
6.421617, 5.850615
6.366538, 5.891734
6.313475, 5.923877
6.254235, 5.958011
6.204168, 5.988587
6.118757, 6.039796
6.057275, 6.069678
5.954786, 6.110081
5.881370, 6.143851
5.809209, 6.183632
5.748038, 6.217354
5.463986, 6.359665
5.398547, 6.385750
5.328059, 6.417065
5.264227, 6.445419
5.229823, 6.463974
5.161560, 6.504188
5.092741, 6.555150
5.051464, 6.578268
4.995363, 6.606256
4.941107, 6.631653
5ba8193d-6b8f-45cc-9bdc-66de611f66db
6.629138, 5.416288
6.430713, 5.401087
6.408514, 5.397191
6.353653, 5.386963
6.321771, 5.377974
6.284909, 5.366026
6.252309, 5.350739
6.206312, 5.329169
6.134180, 5.310605
6.053141, 5.298611
5.978427, 5.298560
5.956022, 5.295552
5.925407, 5.286910
5.878364, 5.272075
5.839727, 5.256752
5.802317, 5.240305
5.761728, 5.217557
5.713339, 5.193869
5.660109, 5.167809
5.625585, 5.155908
5.583758, 5.144655
5.537166, 5.135220
5.506048, 5.128919
5.378388, 5.076045
5.349054, 5.060657
5.326441, 5.062050
5.305294, 5.058855
5.267932, 5.050183
5.208404, 5.037902
5.138532, 5.026545
5.081754, 5.015799
5.018700, 5.000820
4.969532, 4.990677
4.907148, 4.991782
4.820312, 5.012778
fb4dc8a4-7de7-4761-a89d-891c842c7e16
6.533699, 6.798914
6.499840, 6.806372
6.420866, 6.829896
6.373721, 6.829904
6.313821, 6.836088
6.247780, 6.841401
6.213493, 6.851668
6.168902, 6.868145
6.053958, 6.866556
5.977798, 6.865498
5.907711, 6.858530
5.875014, 6.879751
5.770575, 6.882644
5.677177, 6.883128
5.611561, 6.883468
5.578556, 6.880646
e572b0e2-4721-4479-9cf5-4b00e3486029
6.662868, 6.914885
6.686542, 6.923288
6.754498, 6.950593
6.807418, 6.962182
6.881821, 6.978481
6.959795, 6.992498
7.009091, 7.007443
7.053814, 7.022565
7.183103, 7.031567
7.253812, 7.039491
7.326231, 7.050619
7.398134, 7.064696
7.469403, 7.081700
7.536311, 7.103818
7.651937, 7.111477
7.709448, 7.122787
7.836321, 7.144508
278916f9-369d-4f84-8fbf-59c06681740c
6.630982, 7.198072
6.701377, 7.162538
6.713447, 7.142758
6.739801, 7.105315
6.774276, 7.058933
6.803345, 7.009788
6.820135, 6.960823
6.874924, 6.866731
6.896225, 6.830150
6.918607, 6.797663
6.930717, 6.764255
6.940094, 6.738384
6.950543, 6.718338
6.988026, 6.689649
6.996821, 6.673093
7.041183, 6.628929
7.059212, 6.598308
7.081199, 6.563914
7.101490, 6.537731
7.126391, 6.508043
7.164375, 6.477309
3e57aa1e-35cf-4545-941d-fcdff87ceda3
6.582435, 7.453853
6.543087, 7.473140
6.488555, 7.492818
6.405392, 7.511803
6.322851, 7.530647
6.248560, 7.547607
6.172018, 7.568151
6.109475, 7.586728
5.940632, 7.609360
5.870678, 7.612629
5.763078, 7.639907
5.693962, 7.651185
5.594574, 7.684048
5.516878, 7.719196
5.409051, 7.737003
5.346878, 7.751822
5.299522, 7.763108
5.258598, 7.758039
3425b8c1-ce5c-46f4-8e3e-3e9455f4ec78
6.692023, 7.949562
6.784363, 7.967225
6.833715, 7.976664
6.890174, 7.988987
6.941586, 7.998676
6.975863, 8.009706
7.012001, 8.019760
7.036471, 8.026568
7.214839, 8.047111
7.235098, 8.053966
7.275185, 8.067526
7.331325, 8.086516
7.389255, 8.102953
7.443860, 8.115334
7.490791, 8.122906
7.552731, 8.129868
7.614933, 8.133847
7.674073, 8.137630
7.730042, 8.144210
7.787245, 8.152443
7.834138, 8.162215
7.880026, 8.173307
7.906522, 8.178172
02ff7899-c8d0-46d4-be3f-220615674875
6.585235, 8.005193
6.541701, 8.001279
6.509966, 8.000296
6.484579, 7.999510
6.456107, 8.001623
6.433768, 7.989188
6.412282, 7.987596
6.388562, 7.984331
6.244711, 7.955273
6.221588, 7.949066
6.205902, 7.956530
6.131779, 7.964325
6.090237, 7.965685
6.035339, 7.962988
5.983032, 7.961916
5.930715, 7.962341
5.881399, 7.961244
5.829669, 7.963088
5.788034, 7.966070
e3cc84f4-3c19-4fb0-9e5e-625ead70079a
6.640175, 8.289349
6.677257, 8.295851
6.744464, 8.297858
6.905524, 8.292389
6.941382, 8.295664
6.983524, 8.299514
7.042550, 8.304905
7.101574, 8.310296
7.160114, 8.314140
7.202387, 8.310916
7.271949, 8.301108
7.341560, 8.288270
7.399846, 8.277520
7.432831, 8.274481
7.489140, 8.272298
7.532118, 8.272130
43c887c5-a8ed-4719-bbcb-3bc3085776e3
6.597295, 8.134266
6.540587, 8.134881
6.384052, 8.190180
6.313795, 8.214717
6.243450, 8.238999
6.174870, 8.259223
6.072775, 8.313313
6.014162, 8.335897
5.936302, 8.368120
5.891793, 8.381683
5.855449, 8.402146
a0e3bbb1-c39f-4edd-b3b0-97da3351edaf
6.634400, 6.022060
6.659735, 6.062372
6.681201, 6.082528
6.730517, 6.128835
6.773325, 6.164923
6.850565, 6.212423
6.914099, 6.270654
6.953109, 6.306408
678968c5-d6ed-4448-863c-77b306f8f9ff
6.624349, 6.398736
6.672243, 6.407865
6.707545, 6.414633
6.735951, 6.417070
6.784393, 6.415216
6.820265, 6.418338
6.870875, 6.422742
6.909965, 6.423138
6.951993, 6.417577
7.003165, 6.412315
7.038960, 6.408635
ff83faf4-03d2-4739-bfed-28ebfb17eef1
6.624114, 8.582803
6.661205, 8.612040
6.682851, 8.635098
6.705209, 8.637635
6.772644, 8.670095
6.822141, 8.695581
6.861123, 8.722388
6.923911, 8.765565
6.968580, 8.799914
7.023953, 8.834945
7.069908, 8.867558
7.114065, 8.902567
7.164710, 8.938899
7.208691, 8.974134
7.259149, 9.010724
7.307126, 9.045515
7.357194, 9.079975
7.406353, 9.111992
7.447793, 9.142508
59efd748-2529-4cb6-904d-ca3d6a512bb9
6.572376, 8.753311
6.608902, 8.771342
6.633500, 8.783548
6.664200, 8.792165
6.692275, 8.796995
6.740590, 8.799233
6.779425, 8.804027
6.833612, 8.809208
6.873380, 8.805494
6.948933, 8.789420
7.004105, 8.791587
7.055596, 8.793949
a7301796-0209-43db-b7a0-3fb58879432d
6.354233, 9.072033
6.215233, 9.049825
6.173423, 9.043146
6.101903, 9.036137
6.044080, 9.017955
6.009753, 9.007162
5b0ee24f-9659-4fc0-92fb-b364d368d142
6.249828, 9.349146
6.199445, 9.382152
6.164897, 9.401204
6.154336, 9.419238
6.115259, 9.471720
6.083729, 9.504039
6.061558, 9.526765
6.044004, 9.559763
54c18aa4-f26a-4c2c-9917-d05d99362ecb
6.261865, 9.446730
6.198119, 9.446102
6.161390, 9.443302
6.041344, 9.431055
0fc8cc90-5781-4503-bffa-455a42dcb295
6.280911, 9.773791
6.372299, 9.792418
24c43dbf-a846-4379-b0df-c88b53d23400
6.227388, 10.111821
6.270971, 10.213865
9e468095-b55c-4b14-9c13-1468f84ca633
6.187915, 10.296662
6.133912, 10.291886
