main root
6.656498, 4.814590
6.686600, 4.911057
6.688667, 4.991100
6.714667, 5.166757
6.724027, 5.298595
6.732021, 5.398049
6.749026, 5.525627
6.761200, 5.645636
6.777171, 5.789775
6.786265, 5.910111
6.777607, 6.015570
6.771941, 6.167488
6.763483, 6.280837
6.753187, 6.390385
6.737925, 6.507672
6.725812, 6.617147
6.710700, 6.734560
6.704053, 6.835910
6.691056, 6.937110
6.682330, 7.038270
6.670767, 7.147687
6.660090, 7.248719
6.650622, 7.358455
6.639775, 7.459570
6.633161, 7.560884
6.620750, 7.654114
6.605237, 7.754622
6.594436, 7.838198
6.573031, 7.954430
6.539970, 8.052210
6.529730, 8.134734
6.512137, 8.225395
6.502357, 8.308451
6.496674, 8.392184
6.488252, 8.485200
6.476977, 8.586272
6.464053, 8.678716
6.453486, 8.743489
6.445153, 8.813160
6.436104, 8.888823
6.433042, 8.964834
6.434282, 9.045645
6.428762, 9.091455
6.422686, 9.141890
6.414289, 9.199065
6.408546, 9.269079
6.406692, 9.342409
6.402704, 9.381657
6.400137, 9.406926
6.402919, 9.438758
6.409846, 9.483648
6.416301, 9.525483
6.422755, 9.567319
6.429208, 9.609154
6.442491, 9.655993
6.446646, 9.692592
6.458299, 9.755431
6.470649, 9.822025
6.479711, 9.879105
6.487678, 9.929280
6.496970, 9.987809
6.502837, 10.043851
6.512296, 10.105455
6.526410, 10.167787
6.537787, 10.231589
6.553401, 10.293567
6.571766, 10.360339
6.583647, 10.420467
6.593494, 10.470305
6.597538, 10.521658
6.603799, 10.582120
6.615704, 10.653493
6.626498, 10.718216
6.631722, 10.749533
6.652543, 10.837965
6.670006, 10.912136
6.681788, 10.968707
6.688604, 11.016116
6.700427, 11.077318
6.706410, 11.131955
6.711938, 11.182450
6.721690, 11.244019
6.727538, 11.300071
6.735333, 11.360357
6.736003, 11.400563
6.736850, 11.451357
6.734795, 11.507673
6.735517, 11.570004
6.728633, 11.621870
6.727203, 11.666780
6.727943, 11.737562
6.728563, 11.796822
6.727671, 11.854608
6.729833, 11.908444
6.736538, 11.963512
6.748058, 12.033360
6.750819, 12.077695
6.752390, 12.126993
6.757095, 12.180665
6.764775, 12.233993
6.774616, 12.291826
6.779570, 12.345814
fc6d10c3-ad01-42fc-8749-b3f96b289a6e
6.493743, 8.670188
6.501766, 8.712834
6.503358, 8.737489
6.505452, 8.793122
93e76141-b1de-4c43-9573-e8086bc3d06e
6.559201, 7.991928
6.505809, 8.082068
6.474402, 8.150526
6.448554, 8.234669
6.438211, 8.268622
6.426353, 8.297286
6.410980, 8.338355
6.394386, 8.374145
6.380383, 8.418579
6.370841, 8.448861
6.361251, 8.469332
315051fe-2fad-4e11-ad71-a45bc6df897c
6.633334, 7.873989
6.686122, 7.931755
6.711060, 7.975803
6.739291, 8.019814
6.769993, 8.059795
6.788447, 8.086309
6.805019, 8.107526
6.832095, 8.134918
6.853703, 8.158931
6.878390, 8.184151
6.898461, 8.206818
6.923751, 8.226347
77435433-a14f-4c58-bc04-4d70bf100366
6.633785, 7.883113
6.668958, 7.907749
6.711412, 7.920547
6.743705, 7.931839
6.798822, 7.949743
6.839732, 7.967210
6.877926, 7.986725
6.922912, 8.012181
1efae378-b36c-4ae9-a873-b8494aa22346
6.726286, 5.674838
6.673639, 5.703992
6.621075, 5.727154
a3079501-f923-4ef4-85e5-fe2c8c157f89
6.802967, 5.482167
6.831570, 5.462544
6.859605, 5.441419
6.879019, 5.432333
6.911563, 5.412074
6.941470, 5.388093
6.961064, 5.374218
6.980740, 5.365711
7.005250, 5.356675
7.028233, 5.349729
7.049593, 5.347901
7.070868, 5.350524
b5c843bc-23c6-4d9d-a860-160e21af94a0
6.668632, 5.251348
6.638372, 5.254396
6.593586, 5.261913
6.553079, 5.267195
6.514490, 5.270717
6.482719, 5.269108
6.447327, 5.268814
6.414972, 5.267049
6.392225, 5.261310
6.378804, 5.268858
3ea06ee2-a432-403d-819a-d740c9c44695
6.641136, 5.105898
6.577016, 5.150071
6.556132, 5.159067
6.527492, 5.166289
6.513974, 5.178901
6.497312, 5.189740
6.474443, 5.203682
6.453255, 5.214848
2a438b03-829f-4455-9ce8-da42d53accab
6.640122, 4.937331
6.542540, 5.011703
6.462016, 5.052981
6.405844, 5.083575
6.339544, 5.117980
6.273210, 5.149026
6.232460, 5.178009
6.187039, 5.210700
0376a4df-7c0f-4ed0-910d-a353ab135940
6.615212, 4.828727
6.568331, 4.854351
6.524161, 4.867673
6.436489, 4.893891
6.384695, 4.933503
6.360035, 4.948592
6.351442, 4.969163
6.307736, 5.012352
6.277624, 5.042108
6.235467, 5.083766
6.193310, 5.125424
6.151203, 5.158616
6.105653, 5.186900
6.064294, 5.212581
6.035394, 5.237574
5.990259, 5.280564
5.947240, 5.325673
5.906237, 5.364331
5.863237, 5.400756
5.817668, 5.443281
5.774341, 5.483714
5.731159, 5.519916
5.658889, 5.565106
5.613546, 5.595223
5.578371, 5.625774
5.520545, 5.679963
5.477298, 5.720490
5.441775, 5.753779
572574d2-afe5-4948-8b93-fb3f5907d63b
6.658607, 4.892977
6.562005, 4.968162
6.500942, 4.982526
6.466224, 4.992897
6.438468, 5.007493
6.393801, 5.027918
6.364849, 5.039065
6.327073, 5.050399
6.300739, 5.061422
6.257728, 5.095606
6.205355, 5.129119
6.147079, 5.171086
6.081915, 5.237104
6.039135, 5.255715
5.992716, 5.298881
5.924706, 5.362124
5.856503, 5.425546
5.786699, 5.487585
5.678104, 5.568264
5.649508, 5.605201
5.602139, 5.644261
