main root
6.862378, 5.329593
6.748302, 5.555551
6.709883, 5.659821
6.678941, 5.802299
6.697704, 5.991251
6.708092, 6.074874
6.718113, 6.143394
6.722821, 6.206624
6.724519, 6.249570
6.752761, 6.348588
6.773191, 6.414756
6.795045, 6.480465
6.803174, 6.538104
6.826191, 6.568976
6.852662, 6.688655
6.862757, 6.772704
6.867681, 6.866625
6.878261, 6.949585
6.886937, 7.051055
6.886568, 7.145506
6.881996, 7.239092
6.869002, 7.332645
6.849842, 7.424729
6.821228, 7.520711
6.784759, 7.613416
6.746579, 7.698982
6.702579, 7.782103
6.681885, 7.830062
6.668673, 7.876611
6.651885, 7.958539
6.637123, 8.023129
6.627658, 8.098125
6.623069, 8.170342
6.616322, 8.205712
6.609579, 8.280999
6.572651, 8.359373
6.558815, 8.429236
6.551386, 8.568915
6.540376, 8.635024
6.526788, 8.698394
6.514039, 8.761183
6.502396, 8.854964
6.487691, 8.907357
6.470425, 8.974419
6.447201, 9.056300
6.424097, 9.137757
6.396597, 9.227008
6.371667, 9.307916
6.350219, 9.382605
6.331239, 9.459544
6.313132, 9.550511
6.301563, 9.608642
6.287642, 9.663251
6.270842, 9.717044
6.258289, 9.810202
6.252943, 9.872309
6.245134, 9.928122
6.234372, 9.983439
6.223054, 10.041617
6.211736, 10.099798
6.203247, 10.143431
6.181080, 10.268270
6.131518, 10.625814
6.123348, 10.715283
6.111236, 10.824648
6.104424, 10.943668
6.101844, 11.062585
6.099457, 11.172632
6.099184, 11.282781
6.098890, 11.401320
6.100734, 11.511449
6.102435, 11.613039
6.102188, 11.687757
6.104920, 11.766957
6.101849, 11.860960
6.095504, 11.917676
6.098228, 11.976242
6.069933, 12.196979
6.060243, 12.272513
6.047959, 12.344699
6.048854, 12.410666
6.055946, 12.492717
6.070605, 12.575405
6.071230, 12.626458
6.071957, 12.685723
6.074198, 12.746468
6.077320, 12.831081
6.076403, 12.887423
6.078383, 12.949720
6.080804, 13.025882
6.081681, 13.100599
6.088560, 13.176361
6.110084, 13.264453
6.121840, 13.318872
6.137560, 13.337093
6.188847, 13.337441
6.273933, 13.340091
6.375496, 13.343253
6.468586, 13.346152
6.561513, 13.346941
6.663239, 13.352035
6.755986, 13.352467
6.849115, 13.352900
6.942464, 13.355438
7.044036, 13.360316
7.145570, 13.360957
7.238708, 13.361545
7.300313, 13.364038
7.401824, 13.368145
7.494580, 13.367687
7.588215, 13.371432
7.681119, 13.373044
7.782732, 13.376922
7.884255, 13.376563
7.972563, 13.370527
8.027224, 13.365841
8.062702, 13.367856
8.117520, 13.370019
8.174493, 13.369271
8.216826, 13.368718
8.259158, 13.368165
8.301490, 13.367613
8.340869, 13.370093
8.383122, 13.372755
8.428551, 13.372616
8.467903, 13.375489
8.510126, 13.378573
8.555553, 13.378890
8.597889, 13.379186
8.640224, 13.379481
8.682560, 13.379776
8.724896, 13.380072
8.767231, 13.380367
8.806552, 13.383636
8.848743, 13.387143
8.887833, 13.387391
8.931675, 13.386173
9.464522, 13.415804
f322e73e-048f-4fc2-9c40-befb4ec123b1
6.843775, 5.436617
6.902975, 5.527985
6.936649, 5.579359
6.970251, 5.624572
6.990397, 5.671211
7.159289, 5.809506
7.183985, 5.851026
7.219919, 5.927674
7.249621, 5.989945
7.353623, 6.072545
7.391244, 6.085193
7.455322, 6.117819
7.545857, 6.163918
7.596785, 6.189849
7.636275, 6.218232
7.829968, 6.284596
7.876109, 6.301984
7.921702, 6.320763
7.966706, 6.340913
8.011080, 6.362418
8.054782, 6.385256
8.101811, 6.408140
8.141475, 6.432429
8.181445, 6.455146
8.258419, 6.460117
8.322280, 6.478436
8.363049, 6.497699
5a0d7519-1f27-4b36-971e-6d62c53beb80
6.690939, 5.731198
6.606935, 5.710916
6.549320, 5.697006
6.514341, 5.688560
6.397819, 5.760407
6.373681, 5.782302
6.353404, 5.798677
6.348762, 5.821169
6.321910, 5.857483
6.323572, 5.886723
6.227680, 5.941609
6.122958, 6.017021
6.088777, 6.041635
6.055285, 6.062017
6.032598, 6.079284
6.010140, 6.100091
5.978919, 6.137178
5.960836, 6.154011
5.921290, 6.177184
5.812048, 6.223658
5.783624, 6.234124
5.718511, 6.235823
5.671021, 6.244549
9e203b13-718e-4c99-8405-6bffc6072333
6.735364, 6.278564
6.666438, 6.304993
6.628756, 6.316214
6.586267, 6.332012
6.546685, 6.346751
6.514712, 6.355484
6.471874, 6.370309
6.435719, 6.379653
6.410053, 6.387834
6.274773, 6.423896
6.222574, 6.442447
6.174766, 6.459437
6.131620, 6.470005
6.083377, 6.480280
6.032542, 6.492638
5.983182, 6.504636
5.927795, 6.515020
5.869233, 6.529044
5.803206, 6.547933
5.751208, 6.556992
5.661314, 6.590323
5.621634, 6.605035
5.583721, 6.615899
5.543008, 6.630675
5.503229, 6.645111
5.441476, 6.665099
5.366448, 6.675690
5.316147, 6.682790
5.257466, 6.691073
5.213826, 6.701767
5.154071, 6.719493
5.115515, 6.730930
4dc3c12e-220d-428d-90e4-f222f07bb43c
6.846814, 6.518932
6.887436, 6.500600
6.922596, 6.488018
6.960461, 6.474467
7.023150, 6.469153
7.056275, 6.469351
7.135311, 6.481333
7.173369, 6.488615
7.304193, 6.476640
7.364969, 6.494166
7.410079, 6.510289
7.465807, 6.528618
7.495725, 6.535307
7.537990, 6.538622
7.600294, 6.540507
7.662617, 6.539397
7.708353, 6.541576
7.764424, 6.547244
7.825030, 6.551867
7.856090, 6.558739
7.907472, 6.568574
7.953536, 6.578915
7.978596, 6.586074
8.149825, 6.592314
8.212778, 6.611100
8.259096, 6.621798
8.309587, 6.627315
8.368505, 6.633754
8.429072, 6.638867
8.479692, 6.643141
8.537130, 6.649492
8.587622, 6.655075
8.628046, 6.661051
8.676601, 6.669742
8.714451, 6.678037
8.741330, 6.683928
8.764358, 6.690506
f52df920-84dc-4ca6-b1f1-bc41ef70dfc9
6.782603, 6.578244
6.747939, 6.600108
6.685376, 6.632490
6.617724, 6.667508
6.519976, 6.718103
6.455513, 6.743043
6.383593, 6.772474
6.336366, 6.796372
6.309175, 6.816840
6.192321, 6.839047
6.156405, 6.830635
6.138487, 6.860912
6.046334, 6.905496
5.977033, 6.927506
5.894272, 6.949439
5.801950, 6.967377
5.718833, 6.983527
5.604678, 7.006468
5.426768, 7.070551
5.353117, 7.094260
5.239154, 7.113188
5.146123, 7.124376
5.053169, 7.133435
4.983025, 7.138187
4.917954, 7.140866
1e486af7-c7e5-47d2-ba6d-b2542d65b1bf
6.779664, 6.535616
6.707417, 6.568917
6.664434, 6.585433
6.618749, 6.602987
6.567981, 6.617684
6.520207, 6.629956
6.469928, 6.644417
6.420083, 6.660311
6.371684, 6.675744
6.331425, 6.691722
6.268759, 6.719816
6.236678, 6.732558
6.101169, 6.753745
6.073579, 6.761089
6.061067, 6.778541
6.016809, 6.808402
5.969195, 6.829726
5.933246, 6.844186
5.902352, 6.851773
5.853018, 6.863890
5.797656, 6.874403
5.753684, 6.885802
5.715926, 6.890951
5.680272, 6.895812
5.652544, 6.902614
5.615403, 6.914807
5.579304, 6.929807
5.538597, 6.949965
5.498629, 6.974767
5.478495, 6.981978
5.443898, 6.999136
5.423171, 7.004404
5.399635, 7.008840
5.165070, 7.156749
5.107853, 7.182702
5.079397, 7.192322
5.047200, 7.204971
5.017342, 7.215281
4.985227, 7.228136
4.955437, 7.238637
4.925232, 7.247881
4.892681, 7.259591
4.860734, 7.272858
4.833599, 7.277645
4.809940, 7.280121
4.796732, 7.290864
4.738639, 7.314321
4.699757, 7.330021
4.654614, 7.348248
f29120e4-c913-48e4-a487-5e223e39ecbc
6.864014, 6.993188
6.805087, 7.009750
6.764346, 7.021201
6.733781, 7.029792
6.710364, 7.034819
6.588322, 7.041749
6.543234, 7.047308
6.502517, 7.050820
6.451289, 7.058243
6.407688, 7.069098
6.341833, 7.088578
6.283991, 7.107248
6.250712, 7.116417
6.226224, 7.123164
6.116850, 7.153346
6.076041, 7.164607
6.035185, 7.178987
5.993422, 7.196860
5.955289, 7.211551
5.907889, 7.229812
5.853441, 7.249185
5.806487, 7.264303
5.758133, 7.279871
5.727911, 7.289602
f9819a6c-e61b-458d-b84a-1a007f68fd40
6.844982, 7.558391
6.878838, 7.568998
6.949742, 7.594265
7.079806, 7.601530
7.105751, 7.604431
7.135701, 7.609240
7.155687, 7.616949
7.189036, 7.628159
7.222845, 7.637898
7.253343, 7.648192
7.287141, 7.657971
7.317626, 7.668303
7.355206, 7.676249
7.374790, 7.684933
7.407547, 7.697772
7.440836, 7.709162
7.474592, 7.719082
7.499191, 7.727823
7.521273, 7.737208
7.590091, 7.735258
7.614071, 7.736030
7.629106, 7.746358
7.654106, 7.759986
7.686560, 7.769154
7.723219, 7.782620
7.778850, 7.803054
7.820511, 7.816763
7.868768, 7.832642
7.907092, 7.846828
7.952811, 7.865348
8.001843, 7.883595
8.047529, 7.902195
8.074986, 7.914988
8.101986, 7.924268
d272a87a-7b87-468a-aa86-cb72d47bec62
6.684268, 7.889751
6.617693, 7.902829
6.477000, 7.878233
6.378406, 7.894005
6.357049, 7.892874
6.317937, 7.887804
6.289396, 7.887121
6.244025, 7.889026
6.198876, 7.893919
6.160781, 7.893530
6.111798, 7.897521
6.059793, 7.903259
6.007977, 7.910482
5.939965, 7.917560
5.826562, 7.940745
5.790790, 7.954170
5.744103, 7.970092
5.706973, 7.981173
5.678561, 7.986529
5.646781, 7.987952
5.596036, 7.990222
5.535399, 7.994434
5.484719, 7.997954
5.436208, 8.005824
5.366876, 8.020104
5.306755, 8.032488
5.276821, 8.037126
acc6433a-20c8-4694-9001-bb42e2588858
6.819893, 6.337652
6.887636, 6.338153
6.926705, 6.341472
6.955211, 6.340927
6.972925, 6.330728
6.986483, 6.328002
7.019667, 6.319545
7.049533, 6.313221
7.079633, 6.308121
7.108157, 6.307588
7.145254, 6.302154
7.176310, 6.298864
7.205226, 6.294046
7.223534, 6.298031
7.319064, 6.289984
7.362616, 6.284813
7.410685, 6.274584
7.461522, 6.262237
7.509782, 6.252055
7.560643, 6.239795
7.586289, 6.235152
11ea186b-5e7f-4935-9a7b-3f51aadde9a8
6.826365, 7.350859
6.794038, 7.345089
6.757588, 7.334021
6.731262, 7.326024
6.703228, 7.320634
6.684397, 7.326866
6.612645, 7.326837
6.507514, 7.346669
6.465967, 7.354507
6.428833, 7.358466
6.399921, 7.358538
6.357588, 7.358645
6.316749, 7.357251
6.290796, 7.354866
6.257366, 7.359310
6.222034, 7.368535
2cd54702-41e9-4b1e-98d3-76dc99f52c97
6.702387, 7.742828
6.650340, 7.757157
6.628989, 7.758378
6.593771, 7.761892
6.561415, 7.763617
6.526184, 7.766995
6.497862, 7.763697
6.477613, 7.756817
6.464548, 7.765881
6.445054, 7.766101
6.422615, 7.763361
6.333338, 7.767348
6.312449, 7.763576
6.300443, 7.774637
6.279438, 7.779761
6.245969, 7.789580
6.225655, 7.789301
6.194055, 7.787258
6.160899, 7.786502
6.123197, 7.790023
6.091559, 7.791362
6.059894, 7.791092
6.030079, 7.795216
5.995977, 7.801331
5.962146, 7.808805
5.938568, 7.812366
5352663f-884e-4d6a-99b4-0b9080d91d47
6.616322, 8.121684
6.572464, 8.111488
6.541272, 8.102700
6.518670, 8.094778
6.502621, 8.099092
6.448544, 8.094870
6.340281, 8.089738
6.314910, 8.088534
6.298021, 8.098646
6.256912, 8.104098
6.228012, 8.104912
6.192705, 8.107403
6.160310, 8.108189
6.124994, 8.110541
6.089808, 8.114387
6.057467, 8.116415
6.019466, 8.123298
5.999297, 8.120867
f6658a32-04c5-49a4-8f35-db4018089343
6.480163, 8.773660
6.454764, 8.773872
6.439190, 8.774003
6.403842, 8.775796
6.377055, 8.778654
6.313944, 8.787800
6.276629, 8.797745
6.261324, 8.794625
6.213248, 8.790932
6.174727, 8.784970
6.136309, 8.775996
6.096887, 8.765251
6.064826, 8.761167
6.011085, 8.757338
5.960926, 8.755263
5.924972, 8.753776
c5821430-074d-4d35-9e02-b679ed028041
6.446756, 8.951118
6.406854, 8.935799
6.341843, 8.929070
6.295269, 8.930268
6.252947, 8.931357
6.198071, 8.928279
6.145770, 8.926843
6.096531, 8.923995
6.044236, 8.922468
5.990954, 8.925406
5.950799, 8.927622
e5645d3f-a38a-416a-bb5f-afa984b5cd23
6.330168, 9.525216
6.346295, 9.536249
6.367258, 9.550591
6.449122, 9.563991
6.477017, 9.571589
6.508470, 9.586362
6.566091, 9.610117
6.618931, 9.633520
6.657756, 9.645805
6.695820, 9.654709
6.740374, 9.660521
6.794101, 9.664510
6.853199, 9.668898
6.898541, 9.675266
6.936677, 9.682134
6.983862, 9.698273
db00d32a-2645-45ca-b201-019d0d2e8fdc
6.237608, 9.747127
6.218287, 9.757163
6.195786, 9.776168
6.158948, 9.803362
6.130313, 9.822640
6.088804, 9.843493
6.027035, 9.878374
5.974691, 9.911369
5.926346, 9.936537
5.865623, 9.969834
5.792763, 10.012154
5.749379, 10.035621
5.705302, 10.057761
5.645450, 10.086151
5.585677, 10.111191
5.514595, 10.142591
5.434702, 10.173347
5.379651, 10.197746
5.340659, 10.228123
8c0eabb8-6408-4289-b1f4-6a30c7fca1fe
6.259456, 9.845626
6.295948, 9.851600
6.371657, 9.871595
6.412727, 9.874285
6.470552, 9.866521
6.517091, 9.876168
6.571282, 9.888930
6.632681, 9.908387
b7e6ebb0-6e55-4689-acc0-aca0d85d223f
6.646619, 5.876607
6.487020, 5.787625
6.253029, 5.767942
6.185724, 5.754118
6.151892, 5.742359
6.124964, 5.748672
6.071636, 5.741722
6.041719, 5.742077
6.009194, 5.749677
c485f04d-634a-4f2a-8a2c-8701ff2c7ea2
6.624664, 8.354504
6.612211, 8.570983
6.587471, 8.869801
6.579566, 8.921940
fec59618-32ba-4c31-a339-084282770b2c
6.198371, 10.278656
6.245799, 10.298716
6.370759, 10.323692
6.397617, 10.332524
2e962b3b-6744-47f0-ab42-ac9e57f6bc8a
6.141319, 11.264616
6.181663, 11.264698
78ca572c-8a8f-4a4e-9e50-3ee9f529d220
6.142574, 11.704815
6.170789, 11.713634
b7cbe407-7aa6-4433-883d-f04e1005bb52
6.140569, 11.833748
6.170789, 11.832167
