main root
7.016196, 4.115125
7.033421, 4.383238
7.028733, 4.556273
7.022851, 4.716496
7.025406, 4.859046
7.017255, 5.019186
7.001962, 5.155900
6.987704, 5.309896
6.970378, 5.445096
6.950793, 5.582759
6.952530, 5.709606
6.952567, 5.857389
6.955852, 6.001484
6.960544, 6.114473
6.962915, 6.171574
6.917837, 6.324401
6.860715, 6.533287
6.846947, 6.663583
6.786532, 6.809680
6.756441, 6.951251
6.723852, 7.069011
6.680371, 7.258880
6.643498, 7.363016
6.630341, 7.450892
6.620296, 7.560856
6.593464, 7.668490
6.570632, 7.794800
6.538070, 7.917096
6.499770, 8.019494
6.461619, 8.127523
6.423744, 8.222068
6.396241, 8.294747
6.371013, 8.369873
6.350055, 8.447001
6.298473, 8.631249
6.279871, 8.713083
6.243768, 8.834010
6.207437, 8.955707
6.171107, 9.077395
6.125103, 9.194794
6.093272, 9.310723
6.047923, 9.428306
6.018086, 9.535070
5.990741, 9.632920
5.967764, 9.722952
5.946826, 9.804995
5.927984, 9.878824
5.910222, 9.954474
5.890528, 10.047610
5.876992, 10.089917
5.872428, 10.443199
5.865537, 10.513235
5.847323, 10.575868
5.835757, 10.626305
5.823327, 10.693830
5.799927, 10.754713
5.818403, 10.915118
5.790733, 11.223125
5.782403, 11.315853
5.774073, 11.408580
5.761480, 11.527422
5.755764, 11.621338
5.748049, 11.748105
5.734096, 11.873675
5.722878, 11.974647
5.708626, 12.083755
5.697576, 12.184689
5.682597, 12.302122
5.667663, 12.386422
5.613374, 12.669896
5518d485-b544-4ac5-8482-72ddf07b1c7f
6.939451, 4.393891
6.878693, 4.438604
6.853184, 4.463434
6.817149, 4.500734
6.778754, 4.525119
6.615826, 4.622603
6.589062, 4.636986
6.562885, 4.646070
6.515417, 4.662540
6.388547, 4.696548
6.372817, 4.717508
6.298429, 4.764737
6.250428, 4.783541
6.098819, 4.917689
6.060127, 4.961918
6.020148, 4.960947
5.923101, 5.004037
5.821072, 5.105804
5.764971, 5.217632
5.746271, 5.251570
5.664636, 5.392650
5.638648, 5.434575
5.611400, 5.475690
5.590446, 5.515436
5.563004, 5.523017
5.497179, 5.602632
5.449858, 5.695139
5.413584, 5.751851
5.367407, 5.871487
5.296953, 5.982869
5.237891, 6.064378
5.180037, 6.147824
5.137638, 6.219898
5.101697, 6.272137
5.064072, 6.332106
5.028726, 6.385624
5.008471, 6.413577
da48df50-ad67-4eb2-97dd-3b4b3de3ad44
6.955737, 4.665129
6.926524, 4.674335
6.894232, 4.694183
6.845274, 4.719006
6.799394, 4.738911
6.753182, 4.754066
6.638511, 4.810870
6.603814, 4.824750
6.552403, 4.842123
6.502983, 4.847764
6.447799, 4.857046
6.389541, 4.866816
6.343271, 4.877580
6.303771, 4.892887
6.246971, 4.918077
6.192959, 4.941998
6.112621, 4.987449
5.946443, 5.030700
5.731919, 5.144227
5.553238, 5.212150
5.507107, 5.238737
5.425160, 5.283536
5.365132, 5.318059
5.306415, 5.351827
5.259992, 5.380252
5.218056, 5.406867
5.043840, 5.629497
5.006647, 5.669739
4.959552, 5.711529
4.887762, 5.761372
4.834006, 5.789582
4.755960, 5.841201
4.727364, 5.869086
4.678899, 5.914254
4.637463, 5.942641
4.581194, 5.983003
4.548516, 6.006444
cfac69a6-75cb-4eb4-bf9f-63c820524f07
7.127373, 4.482372
7.154336, 4.491566
7.247625, 4.534579
7.282416, 4.545676
7.358125, 4.559259
7.410209, 4.568606
7.523086, 4.559082
7.608488, 4.593544
7.675124, 4.607187
7.758584, 4.616637
7.816106, 4.629527
3f50acac-8810-4a18-8153-6ec8c4fd0fb0
7.082067, 5.029189
7.141743, 5.050787
7.216987, 5.086750
7.283829, 5.118696
7.332089, 5.131809
7.403168, 5.148020
7.469097, 5.150774
7.534213, 5.157989
7.627556, 5.177717
7.674110, 5.187276
7.755823, 5.197944
7.818956, 5.212963
7.918498, 5.257746
7.987991, 5.289011
8.040014, 5.315698
8.153081, 5.341083
8.196328, 5.357169
8.242077, 5.377378
8.311110, 5.422847
8.358550, 5.440136
8.428228, 5.467123
8.491544, 5.498066
8.593369, 5.540765
8.671862, 5.571428
8.729135, 5.598625
8.782916, 5.619194
8.855844, 5.639074
8.915683, 5.660039
8.981515, 5.681518
9.072746, 5.721162
17962771-6b75-4e67-a8b9-b7ba2b8fe65d
7.063864, 4.742569
7.137914, 4.770734
7.162205, 4.781157
7.189848, 4.794226
7.224973, 4.805433
7.253748, 4.815776
7.285959, 4.825351
7.318657, 4.833102
7.348135, 4.841228
7.384662, 4.846235
7.414787, 4.851482
7.444701, 4.857817
7.477915, 4.862922
7.511362, 4.866156
7.541671, 4.870199
7.571814, 4.875337
7.601751, 4.881562
7.627382, 4.888024
7.649085, 4.897725
7.680486, 4.909694
7.702791, 4.919381
7.772400, 4.957233
7.797660, 4.973116
7.830121, 4.988683
7.856157, 5.003259
7.881219, 5.019453
7.909347, 5.036308
7.938029, 5.052203
7.967230, 5.067120
7.996920, 5.081043
8.027061, 5.093955
8.057622, 5.105841
8.084701, 5.115185
8.119847, 5.122974
8.148512, 5.131259
8.176598, 5.141339
8.203988, 5.153173
8.230577, 5.166716
8.256256, 5.181912
8.280923, 5.198701
8.306080, 5.212203
8.319839, 5.222088
8.439768, 5.323042
8.476189, 5.344600
8.502197, 5.361936
8.531392, 5.379806
8.557139, 5.397525
8.586066, 5.415826
8.611549, 5.433926
8.636027, 5.453361
8.667843, 5.473111
8.693480, 5.490991
8.722293, 5.509472
8.747663, 5.527730
8.776196, 5.546637
8.801292, 5.565270
9.170350, 5.795428
77f6f2ba-6797-4e16-99a8-cad11a1064e7
6.982675, 4.582460
6.945043, 4.588505
6.858457, 4.594013
6.673325, 4.611848
6.497501, 4.658835
6.374080, 4.716791
6.258021, 4.789733
6.119460, 4.878643
6.009415, 4.994185
5.785771, 5.044519
5.728381, 5.079207
5.683872, 5.101254
5.639354, 5.112165
3ba8e952-17f8-4b83-bd18-4587ec569ca5
6.963833, 4.220633
6.750261, 4.408981
6.693529, 4.457017
6.635317, 4.510228
6.555462, 4.586089
6.391779, 4.703909
6.131753, 4.868740
6.084714, 4.913976
5.953118, 5.024929
5.743311, 5.138563
5.656569, 5.173598
5.587824, 5.199237
5.043662, 5.559189
4.957811, 5.602963
4.868307, 5.648599
4.808693, 5.672274
4.724527, 5.732901
4.661340, 5.785796
4.562170, 5.846246
4.433587, 5.892077
4.372510, 5.909081
4.349498, 5.927756
4.305572, 5.946307
4.241695, 5.972322
4.209490, 5.990948
4.145674, 6.034771
4.089639, 6.065988
4.043412, 6.091742
5c53bdf4-3d27-4318-8b5e-578cacd7b459
7.132098, 4.303472
7.207431, 4.302485
7.275346, 4.297081
7.326799, 4.295014
7.353613, 4.292440
7.422027, 4.286549
7.461464, 4.286158
7.503781, 4.285738
7.563892, 4.282147
7.625866, 4.275447
7.683462, 4.270726
7.731350, 4.269804
7.775792, 4.268947
7.798252, 4.271508
7.820175, 4.277021
7.901315, 4.284825
8.004514, 4.301400
8.051792, 4.307673
8.096909, 4.310640
8.132774, 4.313036
8.167678, 4.306367
8.211459, 4.294916
8.265466, 4.299534
8.338372, 4.297561
8.404625, 4.305593
eb27357d-01ad-4dd7-b92d-37c5c2625996
6.943663, 5.475540
6.906663, 5.466229
6.831648, 5.465625
6.772470, 5.465136
6.740735, 5.464860
6.709310, 5.470561
6.689768, 5.490672
6.602040, 5.513041
6.538458, 5.529254
6.480934, 5.542248
6.362702, 5.614073
6.329836, 5.628784
6.282715, 5.651517
6.240961, 5.666676
6.192315, 5.685929
6.142558, 5.710452
6.117196, 5.724620
db66f745-f5bd-441f-956f-feab585c2a8a
6.968842, 5.745294
6.911862, 5.766837
6.881845, 5.784430
6.862695, 5.797972
6.775660, 5.837944
6.740460, 5.847457
6.718089, 5.850342
6.707622, 5.874166
6.624913, 5.905375
6.554493, 5.930347
6.485762, 5.956920
6.450819, 5.965615
6.313180, 6.049767
6.262630, 6.080678
6.213074, 6.107475
6.160956, 6.135663
6.110049, 6.159796
6.057933, 6.181194
6.001491, 6.207609
5.946385, 6.236707
5.895847, 6.263392
da39873c-179e-4fdd-b392-848d8ce2faca
6.981391, 6.069868
7.047442, 6.075347
7.078426, 6.080246
7.185368, 6.124136
7.259753, 6.151426
7.323593, 6.181222
7.388647, 6.214887
7.474751, 6.248013
7.509220, 6.277881
7.539305, 6.287973
7.619674, 6.310561
7.709335, 6.335760
7.801225, 6.363140
70836097-9ead-4d0b-8fc4-ad7fb2647d04
6.767643, 6.737416
6.733558, 6.732958
6.692449, 6.744824
6.611748, 6.759895
6.547849, 6.754051
6.495629, 6.750778
6.446516, 6.746199
6.397562, 6.740132
6.345480, 6.735186
6.303813, 6.732732
6.244347, 6.742624
6cdd259f-217c-48e7-8aa9-05db15e318af
6.898618, 6.627498
6.934138, 6.683689
6.960521, 6.731061
7.012386, 6.778822
7.061654, 6.826225
7.085467, 6.851215
