main root
6.826553, 4.846075
6.802872, 5.007607
6.791617, 5.189562
6.801078, 5.326226
6.780629, 5.519776
6.748785, 5.765188
6.740413, 5.963364
6.739911, 6.170624
6.743957, 6.325418
6.746693, 6.488387
6.736739, 6.633745
6.734976, 6.774772
6.729044, 6.917774
6.716841, 7.100564
6.715126, 7.267414
6.741379, 7.389949
6.787274, 7.557691
6.788953, 7.740761
6.762237, 7.907013
6.750181, 8.033698
6.754353, 8.184510
6.750775, 8.278404
6.738683, 8.373576
6.727781, 8.447495
6.713783, 8.520371
6.712830, 8.628653
6.704627, 8.768677
6.693512, 8.886278
6.681561, 9.012715
6.671203, 9.122302
6.653980, 9.215267
6.622522, 9.304394
6.588868, 9.418757
6.547502, 9.529433
6.523107, 9.618735
6.498563, 9.708581
6.480581, 9.785766
6.461056, 9.856384
6.453386, 9.906595
6.451050, 9.961542
a8637eb1-ab0e-4d6c-bda0-3b3e2ab4e1da
6.692900, 5.135033
6.652904, 5.152614
6.609399, 5.174034
6.587771, 5.207389
6.533069, 5.246938
6.490983, 5.274596
6.448850, 5.302285
6.399322, 5.334834
6.364426, 5.363139
6.336261, 5.387912
28d87151-6f85-487e-ad3f-5cae5dc8a9b2
6.896232, 4.857751
6.964647, 4.855139
7.048175, 4.841414
7.115292, 4.860991
7.199357, 4.927065
7.267075, 4.982647
7.391193, 5.036740
7.475942, 5.075970
7.537383, 5.113553
7.595156, 5.160984
7.658789, 5.215903
7.721855, 5.273071
7.783175, 5.335000
7.847419, 5.414914
7.901478, 5.502414
7.961910, 5.584131
8.024489, 5.693468
8.049644, 5.740406
8.167833, 5.907764
8.230939, 6.058515
8.255942, 6.154828
8.283492, 6.236081
8.299399, 6.385553
8.297067, 6.443589
8.286155, 6.504362
8.267763, 6.558897
8.235099, 6.622843
8.183125, 6.710645
8.125792, 6.795038
8.074307, 6.863444
8.029073, 6.928523
7.985954, 6.993181
7.944306, 7.059447
7.921493, 7.087306
7.864464, 7.185527
7.762055, 7.336227
7.690586, 7.432633
7.651191, 7.500836
7.611181, 7.574242
7.568242, 7.666282
7.533090, 7.761643
7.494712, 7.847509
7.459142, 7.942647
7.427576, 8.039154
7.404128, 8.138059
7.374238, 8.227662
7.337420, 8.331348
7.311182, 8.411436
7.294876, 8.485243
7.276403, 8.520289
7.246699, 8.586275
7.223990, 8.640367
18470c93-fd48-45f1-9382-536d43c9572f
6.889446, 5.084295
7.022051, 5.149395
7.064080, 5.171296
7.185716, 5.202314
7.256193, 5.222354
7.327642, 5.244225
7.423156, 5.280100
7.519614, 5.311810
7.627741, 5.336220
7.710159, 5.363329
7.788381, 5.408708
7.873022, 5.466837
8.006891, 5.659147
8.077200, 5.842000
8.104897, 5.919910
8.127584, 5.998672
8.151403, 6.088971
8.167309, 6.173656
8.181559, 6.241418
8.188407, 6.303072
8.191409, 6.357228
8.189842, 6.410056
8.200522, 6.510788
8.190588, 6.692162
8.087348, 6.848409
7.948525, 7.057828
7.836617, 7.221871
7.783690, 7.311675
7.734042, 7.458743
7.710081, 7.627975
7d58027d-5258-4aa2-90a7-110b75160a95
6.684601, 6.720410
6.614628, 6.739979
6.581890, 6.754891
6.536847, 6.792632
6.506951, 6.807919
6.449444, 6.833962
6.397992, 6.850335
6.335369, 6.861558
6.262785, 6.871525
6.192416, 6.875144
6.080771, 6.911689
6.029328, 6.923805
5.979927, 6.936257
73acd608-8ec9-4f7e-b337-4c5aaf2324eb
6.807490, 6.620840
6.893526, 6.625394
6.914693, 6.628448
6.956543, 6.634486
6.997242, 6.635821
6e675a7c-e5a7-4461-b62a-c252b59c1962
6.804200, 6.636783
6.870761, 6.676618
6.898659, 6.695693
6.933602, 6.719587
6.959145, 6.740678
6.982678, 6.763992
7.004898, 6.792325
7.032328, 6.827302
7.043800, 6.846781
7.053665, 6.869430
7.063808, 6.892718
5d3af65c-8583-4c25-abbc-cac2c3ea3b91
6.794500, 6.819900
6.858965, 6.838444
6.901613, 6.860613
6.945449, 6.902777
7.006473, 6.961474
7.074085, 7.014048
7.109558, 7.047319
7.164219, 7.112805
7.213948, 7.165375
7.247404, 7.200742
7.271305, 7.239001
2176bff3-9d2b-4023-b226-5ba6fb8937d1
6.683748, 7.044672
6.591545, 7.081155
6.556080, 7.090680
6.527489, 7.104914
6.483666, 7.136749
6.456984, 7.161681
bf4e1eeb-c841-46a6-9e09-7dceff668b3c
6.879921, 5.427065
6.957680, 5.457505
7.025779, 5.486355
7.068448, 5.509692
7.113628, 5.539128
7.165050, 5.583351
7.218933, 5.619820
a8c2ee61-5d30-4354-87ef-a03cf30d139e
6.713356, 5.015732
6.678734, 5.044687
6.655010, 5.064145
6.612753, 5.093991
6.578865, 5.114578
6.543626, 5.132292
6.504484, 5.155317
6.466942, 5.180873
6.405085, 5.203042
6.351100, 5.219209
6.299403, 5.236253
6.262370, 5.253190
6.217359, 5.275423
6.170420, 5.299982
