main root
7.276282, 3.951870
7.012506, 4.399493
6.954656, 4.485196
6.934301, 4.639135
6.912554, 4.755316
6.882050, 4.877932
6.856723, 5.005784
6.839799, 5.123795
6.822972, 5.241131
6.813983, 5.333446
6.809190, 5.426076
6.798038, 5.519465
6.788001, 5.603532
6.781583, 5.682522
6.778984, 5.792913
6.774906, 5.877933
6.777126, 5.961536
6.769261, 6.063777
6.762689, 6.129697
6.757519, 6.196627
6.757247, 6.258430
6.761419, 6.330667
6.768485, 6.401098
6.768692, 6.463129
6.764441, 6.534852
6.755240, 6.619968
6.747544, 6.677241
6.732042, 6.761447
6.723715, 6.823220
6.714080, 6.872297
6.696761, 6.921666
6.682646, 6.989039
6.667451, 7.017770
6.639744, 7.070158
6.612036, 7.122547
6.594479, 7.162143
6.584848, 7.191248
6.578106, 7.221154
6.578109, 7.268781
6.500143, 7.448163
6.473451, 7.494590
6.445055, 7.550013
6.419369, 7.606742
6.368930, 7.644774
6.273664, 7.826532
6.244918, 7.874902
6.235068, 7.909027
6.216599, 7.962177
6.197161, 8.018075
6.175866, 8.070157
6.162241, 8.103447
6.169568, 8.137586
6.154408, 8.216451
6.134920, 8.296091
6.116441, 8.346421
6.095327, 8.392941
6.109882, 8.419522
6.093116, 8.498649
6.087364, 8.547457
6.084113, 8.613402
6.085773, 8.670962
6.095238, 8.739585
6.109555, 8.810517
6.114177, 8.864865
6.118481, 8.915484
6.122786, 8.966104
6.132479, 9.044756
6.134348, 9.108873
6.135766, 9.157536
6.179886, 9.415498
6.189438, 9.472581
6.202229, 9.532158
6.214174, 9.588789
6.233254, 9.650247
6.238942, 9.688756
6.250074, 9.764137
6.256108, 9.835736
6.263414, 9.904598
6.268914, 9.970629
6.274538, 10.038131
6.277841, 10.095823
6.280133, 10.162034
6.282477, 10.229725
6.288209, 10.308765
6.291660, 10.377048
6.290763, 10.418602
6.285229, 10.466921
6.279449, 10.517388
6.270313, 10.570852
6.256660, 10.624087
6.245118, 10.675118
6.231651, 10.721090
6.214988, 10.777967
6.198324, 10.834846
6.183693, 10.895438
6.167573, 10.949438
6.154645, 11.013674
6.137266, 11.084856
6.123208, 11.142436
6.109150, 11.200016
6.093993, 11.255786
6.083270, 11.312362
6.067219, 11.368644
fbff9127-cbb9-4299-b634-0fe5e427a598
7.240106, 4.204564
7.289594, 4.315981
7.306441, 4.329575
7.342365, 4.369519
7.465473, 4.526236
7.484262, 4.571042
83f01e3e-9748-4124-83f4-13a85e62d72d
7.152905, 4.197519
7.062500, 4.239447
6.967977, 4.255602
6.904125, 4.262805
6.839538, 4.284101
6.800181, 4.292350
6.751376, 4.304109
6.704604, 4.305274
c9b11b84-c75a-4841-a7e4-b85fbe3a801d
6.916132, 4.700109
6.817537, 4.701213
6.724754, 4.719640
ffa87ff1-e784-4463-be13-1217503d98f7
6.874650, 5.014332
6.926026, 5.105522
6.952517, 5.171485
6.968438, 5.244346
c51c2b12-8a73-4ac1-bebf-270395b7e29e
6.766957, 5.626681
6.704698, 5.645725
6.686363, 5.647757
6.662496, 5.648834
b9c52ef2-4f3b-4a8c-9345-592587868ac6
6.726168, 6.024012
6.703005, 6.031989
6.636699, 6.046909
6.578550, 6.064245
6.540010, 6.075736
35f5327a-6f97-43aa-8a25-17833c6f12b9
6.678837, 6.036811
6.728106, 5.922379
7e606e6e-db83-4c6c-be06-40ce39596863
6.665875, 6.894870
6.621504, 6.888757
0fdd742b-27d0-4cc3-b984-6e758170b9f8
6.676831, 6.987301
6.728250, 7.018274
