main root
6.858873, 4.186291
7.024860, 4.321817
7.078823, 4.363217
7.087803, 4.412886
7.084198, 4.501809
7.203995, 4.707146
7.255790, 4.915706
7.273527, 5.056567
7.290649, 5.208672
7.286539, 5.317122
7.279089, 5.461661
7.262605, 5.576531
7.233271, 5.713815
7.202420, 5.827903
7.167497, 5.940893
7.153146, 6.023149
7.147882, 6.102421
7.154072, 6.168870
7.173532, 6.286780
7.195650, 6.394803
7.206278, 6.488660
7.208288, 6.562821
7.199963, 6.646019
7.183510, 6.746715
7.159750, 6.839664
7.128297, 6.928729
7.097283, 7.016552
7.060084, 7.102937
7.026598, 7.180701
6.995840, 7.268084
6.963533, 7.347373
6.934504, 7.435347
6.912174, 7.516245
6.887723, 7.582330
6.871129, 7.635804
6.858134, 7.697876
6.849471, 7.783086
6.836414, 7.852330
6.818464, 7.924814
6.769212, 8.148742
6.735304, 8.266304
6.715237, 8.341278
6.695561, 8.414792
6.669133, 8.521715
6.648818, 8.603909
6.626158, 8.670630
6.616458, 8.708497
6.611841, 8.750639
6.603544, 8.826382
6.600543, 8.908730
6.597768, 8.984877
6.597878, 9.064126
6.609972, 9.152282
6.616957, 9.225214
6.617692, 9.295676
6.612434, 9.365945
6.610302, 9.434587
6.616633, 9.520001
6.628679, 9.601521
6.629311, 9.667235
6.628253, 9.777274
6.623283, 9.862744
6.616046, 9.935660
6.605835, 10.008217
6.590496, 10.117219
6.579876, 10.192678
6.569257, 10.268137
6.558979, 10.371541
6.551443, 10.447371
6.551155, 10.510790
6.559751, 10.596012
6.555286, 10.656138
6.551114, 10.740299
6.547237, 10.818520
6.544579, 10.878141
6.532262, 11.028715
6.520569, 11.098199
6.512134, 11.166354
6.507982, 11.248649
6.509819, 11.331029
6.508459, 11.404280
6.500070, 11.514039
6.495718, 11.598197
6.493439, 11.682437
6.490691, 11.784000
6.482806, 11.854029
6.474281, 11.929755
6.473641, 11.988960
6.481701, 12.074234
6.479086, 12.142005
6.483940, 12.234451
6.481641, 12.304883
6.482052, 12.384131
6.470510, 12.458137
6.436628, 12.513977
6.408675, 12.557163
6.354200, 12.610423
6.322558, 12.628797
6.266701, 12.652580
6.205175, 12.677153
6.148120, 12.688657
6.105915, 12.739041
5.875354, 12.763456
5.100602, 12.744165
6ddc62d1-75f2-434d-a5a7-4ae8c5516707
6.922419, 7.743442
6.856830, 7.770460
6.794318, 7.804219
6.739026, 7.823872
6.676915, 7.844218
6.635914, 7.862231
6.537452, 7.913193
6.484574, 7.928720
6.417560, 7.951518
6.352504, 7.975232
6.297049, 7.999859
6.261122, 8.022364
6.101634, 8.098838
6.065128, 8.107895
6.049075, 8.136073
5.979169, 8.187323
5.915729, 8.238974
5.858711, 8.281537
5.786262, 8.374009
5.738788, 8.417618
5.681583, 8.478613
5.609630, 8.552548
5.556531, 8.609255
5.504466, 8.664858
5.444200, 8.735373
5.405857, 8.782539
5.368687, 8.830636
5.318819, 8.898556
5.287180, 8.939117
918dce0f-fd23-45df-851c-6121d45701ff
6.879789, 7.958805
6.918797, 7.969451
6.995987, 8.045921
7.014541, 8.063794
7.027751, 8.063942
7.046239, 8.077514
7.077594, 8.102387
7.107995, 8.128415
7.142366, 8.161780
7.191837, 8.201463
7.238068, 8.238545
7.284302, 8.275632
7.330536, 8.312717
7.380979, 8.349340
7.424760, 8.384828
7.472905, 8.421924
7.493856, 8.441848
7.510147, 8.459405
7.521076, 8.477788
7.582955, 8.530228
7.683499, 8.580960
7.710199, 8.591078
7.721731, 8.623066
7.810392, 8.690422
7.862672, 8.737658
7.925547, 8.788417
8.008398, 8.847147
8.061566, 8.886671
8.118017, 8.926768
8.186192, 8.977738
8.240434, 9.018291
8.294675, 9.058844
8.338126, 9.088703
8.369341, 9.122269
30830f5b-bb09-4749-98f8-da39277b0af7
7.179516, 6.326131
7.136411, 6.350875
7.111087, 6.358505
7.100818, 6.376326
7.054932, 6.418978
7.031832, 6.436352
7.023388, 6.455264
6.963352, 6.498928
6.937674, 6.517603
6.916474, 6.536724
6.910483, 6.558666
6.895756, 6.584189
6.881935, 6.601985
6.886493, 6.623870
6.876348, 6.668088
6.881559, 6.691608
6.894282, 6.735038
6.898696, 6.771400
6.900400, 6.810572
6.901465, 6.835912
6.902581, 6.863368
6.913753, 7.012264
3823c081-6b1f-4ab1-9441-f2d9b0b76dc1
7.175999, 6.252402
7.133159, 6.270714
7.057396, 6.316033
6.976152, 6.368025
6.926232, 6.399971
6.876314, 6.431917
6.828211, 6.455593
6.815783, 6.477184
6.771255, 6.512597
6.730798, 6.537123
6.666143, 6.574569
6.624560, 6.596922
6.582657, 6.609587
6.463329, 6.668449
6.406523, 6.691463
6.347456, 6.710548
6.290087, 6.731264
6.250979, 6.740610
6.197277, 6.768772
6.182671, 6.804246
6.109523, 6.857597
6.039556, 6.906061
5.985764, 6.934217
5.927649, 6.959570
5.869655, 6.996378
5.809233, 7.047134
5.758102, 7.082268
5.706739, 7.121194
5.665431, 7.146864
85133b06-84f5-44db-be9d-074432fb55ee
7.202245, 6.098159
7.147733, 6.107717
7.096134, 6.121323
7.065442, 6.129403
6.955630, 6.170252
6.896560, 6.198612
6.844537, 6.220269
6.786598, 6.250875
6.735444, 6.274511
6.681644, 6.299370
6.630036, 6.318269
6.587819, 6.341700
6.398181, 6.419339
6.333662, 6.450748
6.277576, 6.468062
6.238156, 6.475393
6.214849, 6.501506
6.106289, 6.564923
6.047805, 6.599088
5.988783, 6.635300
5.941505, 6.654575
5.871762, 6.681393
5.799777, 6.710676
5.745527, 6.739596
5.684519, 6.775511
5.626145, 6.809875
5.572187, 6.845114
5.529186, 6.867835
553d73f4-b9de-4e3e-b466-efee5d86b083
7.243100, 5.702087
7.184210, 5.704170
7.121325, 5.712384
7.060786, 5.724821
6.970528, 5.759521
6.914377, 5.792325
6.820161, 5.847159
6.760576, 5.890919
6.712626, 5.917305
6.653187, 5.955557
6.600666, 5.978679
6.541565, 6.002663
6.479112, 6.038732
6.421841, 6.073114
6.362469, 6.119231
6.310351, 6.161609
6.279137, 6.192335
6.166617, 6.263074
6.120118, 6.285234
6.073129, 6.317531
6.030694, 6.357590
5.987547, 6.400379
5.945494, 6.437872
5.901509, 6.473082
5.854787, 6.514321
5.810627, 6.549308
5.763698, 6.590313
5.727607, 6.613902
5.677141, 6.650466
5.628491, 6.689413
5.582702, 6.722238
5.535235, 6.752588
5.484405, 6.788645
5.436788, 6.818758
5.386708, 6.850429
5.336630, 6.882103
5.287483, 6.909649
5.238094, 6.930466
5.188090, 6.958028
5.161639, 6.979441
5.115143, 7.020927
5.071174, 7.056143
5.024462, 7.097388
4.997095, 7.127542
2b69e2b6-23a8-47a5-a276-f7da4b262e3a
7.251670, 5.261803
7.179029, 5.279132
7.109342, 5.289601
7.036504, 5.297516
6.976404, 5.308279
6.897433, 5.330024
6.833125, 5.349284
6.776683, 5.368246
6.657464, 5.409838
6.606176, 5.419805
6.555183, 5.420551
6.531808, 5.437153
6.467082, 5.453459
6.416008, 5.460152
6.344324, 5.465017
6.242952, 5.471897
6.171919, 5.482718
6.091573, 5.501013
6.040357, 5.506536
5.980655, 5.511468
5.845902, 5.530873
5.782405, 5.536993
5.718691, 5.540126
5.626008, 5.546790
5.566168, 5.549592
5.509224, 5.556182
5.475316, 5.567639
5.406454, 5.598809
5.352771, 5.618178
5.306595, 5.628475
5.213624, 5.642741
5.129934, 5.655582
5.054612, 5.667140
4.981794, 5.675285
4.930771, 5.684005
4.862926, 5.704711
4.788051, 5.730691
4.714212, 5.759481
4.647157, 5.790140
4.600510, 5.808175
4.573395, 5.825076
33e5356b-651d-431f-b9cb-9aec31b89849
7.232459, 4.859694
7.300002, 4.863483
7.319971, 4.873300
7.344623, 4.885454
7.375379, 4.893978
7.410909, 4.894507
7.443850, 4.897991
7.501142, 4.905556
7.533457, 4.912842
7.572965, 4.923285
7.618203, 4.936790
7.655207, 4.952523
7.703920, 4.971609
7.747308, 4.990215
7.774523, 5.003515
7.947394, 5.097473
7.975761, 5.107813
8.009311, 5.118480
8.039516, 5.129685
8.071170, 5.139860
8.105106, 5.149227
8.139403, 5.157169
8.170410, 5.165915
8.204662, 5.174051
8.239223, 5.180751
8.270525, 5.188372
8.305049, 5.195267
8.336308, 5.203064
8.367163, 5.212332
8.397543, 5.223051
8.427382, 5.235196
8.456614, 5.248741
8.489145, 5.262196
8.512616, 5.271905
8.623964, 5.351672
8.662558, 5.375637
8.700585, 5.397489
8.750755, 5.421140
8.794710, 5.443517
8.837972, 5.467219
8.874923, 5.489171
8.896067, 5.506954
8.937048, 5.539467
8.976849, 5.571044
9.027481, 5.607392
9.074645, 5.637566
9.130773, 5.668143
9.173358, 5.693048
9.219260, 5.718158
9.259763, 5.743726
9.311944, 5.774898
9.353498, 5.801465
9.398368, 5.828374
9.443984, 5.853986
9.482359, 5.878965
9.515762, 5.902494
9.555203, 5.932105
9.594134, 5.961335
9.617431, 5.980696
9.636965, 5.996931
1e9da679-bf3b-465a-bf4a-65f65ea311b3
7.153710, 4.719532
7.088978, 4.790380
7.086468, 4.810063
7.080043, 4.860452
7.074239, 4.882300
7.063964, 4.909324
7.052451, 4.931183
7.038373, 4.951485
7.020281, 4.977576
7.004677, 4.992200
6.984668, 5.008902
6.965548, 5.020961
6.944999, 5.030383
6.907991, 5.044058
6.869166, 5.056809
6.847001, 5.069210
6.825409, 5.079575
6.771693, 5.109971
6.735412, 5.128781
6.689676, 5.154178
6.643521, 5.184942
6.600008, 5.219343
6.559913, 5.252949
6.521536, 5.279255
6.478861, 5.312137
6.432462, 5.344110
6.397606, 5.368128
6.348800, 5.401759
6.300761, 5.431226
6.264673, 5.453364
6.229572, 5.471385
6.190614, 5.494751
6.164414, 5.506973
6.139477, 5.518606
6.115012, 5.533323
6.002071, 5.585419
5.963683, 5.603115
5.923825, 5.624775
5.885475, 5.649024
5.864078, 5.655469
5.825571, 5.667069
5.799247, 5.678126
5.768374, 5.694341
5.736517, 5.711072
5.712771, 5.726925
5.688232, 5.750507
5.657624, 5.784073
5.635938, 5.801190
5.596065, 5.832663
5.550039, 5.865179
5.516540, 5.883349
5.470081, 5.913654
5.420414, 5.938907
5.383991, 5.954066
5.345249, 5.973433
5.307385, 5.992361
5.268182, 6.015305
5.231648, 6.036688
5.195649, 6.056023
5.150899, 6.080059
5.097467, 6.112155
5.046150, 6.144728
5.003724, 6.169883
4.975890, 6.188126
4.951582, 6.209426
4.927564, 6.232463
6c894725-045d-44e3-a583-b8389cee199a
7.170323, 4.535811
7.261411, 4.518327
7.357431, 4.544457
7.427077, 4.564962
7.469180, 4.583843
7.521233, 4.610467
7.573346, 4.640039
7.687407, 4.686195
7.750133, 4.705119
7.777125, 4.719513
7.841564, 4.743696
7.897043, 4.764516
7.956378, 4.783582
8.016561, 4.799775
8.064611, 4.820453
8.119040, 4.843876
8.183302, 4.863384
8.229439, 4.886054
8.459640, 4.996024
8.532144, 5.027385
8.601884, 5.057550
8.654238, 5.086718
8.733961, 5.135950
8.789792, 5.170426
8.825048, 5.185159
8.909068, 5.208917
8.980554, 5.230685
9.078826, 5.256188
9.147109, 5.278547
9.225191, 5.299391
9.287179, 5.322506
9.344869, 5.348812
9.398623, 5.378258
9.458009, 5.417883
9.491462, 5.440205
acbb1654-b10f-4489-a5cc-4a667697f8ce
6.935876, 4.349801
7.218341, 4.351235
7.354955, 4.431687
7.387313, 4.452690
7.443366, 4.473766
7.538620, 4.477799
7.581026, 4.485587
7.649726, 4.498204
7.704255, 4.514972
7.808804, 4.535091
7.866450, 4.546269
7.931099, 4.552789
7.991243, 4.557350
8.089288, 4.588025
8.149261, 4.603566
8.206283, 4.618258
8.263326, 4.632871
8.314825, 4.650698
8.362671, 4.673684
8.399169, 4.684667
8.461070, 4.698606
8.505538, 4.714756
8.571413, 4.743458
8.644090, 4.770600
8.677914, 4.786427
c4e66a4e-03df-4243-8090-5635b95c0494
6.949238, 4.328411
6.841271, 4.480575
6.803218, 4.539738
6.779420, 4.571204
6.764099, 4.591462
6.670584, 4.769275
6.604698, 4.919693
6.546268, 5.094993
6.464631, 5.392373
6c5f2f5f-b7d6-4ce1-8475-1421982880d7
6.931342, 4.330352
6.825928, 4.334237
6.768330, 4.339597
6.728897, 4.340258
6.600138, 4.389627
6.556222, 4.406398
6.506786, 4.425276
6.459250, 4.435534
6.336307, 4.498970
6.290526, 4.524278
6.246660, 4.546819
6.203425, 4.563988
6.153703, 4.588567
6.107493, 4.613083
6.063245, 4.634864
6.015630, 4.663310
5.972544, 4.687309
5.933132, 4.710978
5.910844, 4.726110
5.815391, 4.788357
5.775038, 4.805735
5.750549, 4.814648
5.705435, 4.858084
5.642580, 4.905790
5.581903, 4.951836
5.549292, 4.980336
5.491367, 5.038903
5.437825, 5.097295
5.404556, 5.124719
5.346165, 5.168971
5.270484, 5.223688
5.215592, 5.263375
5.160365, 5.305151
5.082015, 5.369722
5.036073, 5.409524
4.990975, 5.452555
4.922820, 5.500863
49555e7d-5248-42c3-a4b4-63c0333090a3
7.214029, 5.414183
7.128954, 5.410840
7.084548, 5.420528
7.024833, 5.439015
6.994721, 5.449078
6.942195, 5.458344
6.900457, 5.467272
6.822454, 5.486635
6.723073, 5.519057
6.690088, 5.531364
6.657644, 5.545035
6.627396, 5.556127
6.594877, 5.569617
6.564567, 5.580539
6.539787, 5.591029
6.515617, 5.602856
6.490755, 5.619988
6.462625, 5.641158
6.436284, 5.657233
6.408507, 5.670678
6.370403, 5.689121
6.333690, 5.703566
6.293450, 5.721006
6.248396, 5.737270
6.207682, 5.753559
6.160518, 5.772428
6.106624, 5.795602
6.075105, 5.814043
6.031259, 5.839697
6.003855, 5.855730
5.983003, 5.864462
43b5850a-5d20-4270-b35c-be82fd1df34e
6.636155, 8.782595
6.555963, 8.802032
6.529073, 8.811629
6.514088, 8.827566
6.492078, 8.842234
6.471365, 8.854203
6.463542, 8.868584
6.430883, 8.896289
6.371156, 8.982717
6.353867, 9.013004
6.333996, 9.053856
6.314095, 9.087928
6.299157, 9.119439
6.288793, 9.148291
6.278091, 9.195793
6.266523, 9.233516
6.255105, 9.275859
6.239309, 9.311436
6.222129, 9.350137
6.205813, 9.386898
6.196173, 9.416001
6.189990, 9.453706
6.184373, 9.497209
6.176575, 9.545918
6.167304, 9.594359
6.158560, 9.624121
6.146629, 9.664733
6.140901, 9.694849
6.137350, 9.729539
6.132596, 9.786545
748b7c93-e04b-4866-8a77-ba03aa423524
6.585195, 9.213461
6.564304, 9.220344
6.536056, 9.226499
6.520474, 9.240165
6.493969, 9.278114
6.470468, 9.316990
6.447047, 9.347054
6.422592, 9.380878
6.406807, 9.405269
6.396110, 9.441079
6.375524, 9.494308
ab3508a4-0719-44c7-b4cc-c1e076ebb2bc
6.574248, 9.715778
6.503665, 9.720447
6.435259, 9.739675
6.390473, 9.749139
6.333381, 9.777030
6.307813, 9.796169
6.285185, 9.816832
6.255102, 9.852388
6.217751, 9.908126
6.183979, 9.953145
6.138326, 10.004024
6.111811, 10.040298
7f186aa6-d528-4e59-b3c3-90804240efe7
6.533299, 10.535604
6.502330, 10.543880
6.474878, 10.553211
6.313553, 10.578340
6.245527, 10.611639
6.215131, 10.634666
6.133615, 10.693902
6.055753, 10.727648
5.988172, 10.752045
5.937727, 10.776870
5.875587, 10.810786
5.833587, 10.842237
5.771388, 10.896290
74753061-308d-4043-8959-0443f85b6627
7.167642, 6.666146
7.234236, 6.679410
7.276701, 6.692446
7.313276, 6.705241
b9c0eb0e-2d5c-423f-89c3-9ff5e456645e
7.151491, 6.932237
7.194327, 6.949687
7.219418, 6.958608
7.233015, 6.954477
7.254328, 6.952690
7.278276, 6.952182
7.294893, 6.963234
7.315715, 6.967156
7.367728, 6.986281
7.413082, 7.006110
7.446022, 7.018859
7.467793, 7.028874
7.482928, 7.042427
7.510305, 7.058904
6c0982c6-f5ad-437f-960d-37fbbc557e2f
6.595522, 9.250360
6.542615, 9.313644
6.553200, 9.338734
6.568182, 9.345079
6.533037, 9.298367
e36067c5-1e47-4afc-9e09-3fcf252902ea
6.510157, 10.265064
6.464183, 10.275444
6.425163, 10.281185
6.382018, 10.289046
6.357356, 10.290495
6.336816, 10.302478
6.307077, 10.325313
6.281567, 10.343329
6.254638, 10.364486
6.228825, 10.386989
6.205471, 10.399406
6.183766, 10.408970
6.172840, 10.423464
6.134407, 10.449388
6.113754, 10.461514
f9fd5c15-4108-4393-b0b5-7f0e7c38b4bd
6.483497, 10.667795
6.441544, 10.689028
6.386041, 10.723832
6.354806, 10.732820
6.303954, 10.747449
6.275463, 10.758759
6.218718, 10.784497
6.163274, 10.812932
6.111853, 10.835934
6.057772, 10.860122
5.999911, 10.894196
5.960082, 10.910706
5.915919, 10.927391
e20523f5-fd3c-4010-ab2f-1d4735a82730
6.449820, 11.317658
6.423289, 11.331130
6.372480, 11.351895
6.316865, 11.376240
6.240516, 11.411924
6.175540, 11.450554
6.116795, 11.487220
6.051814, 11.530222
6.015169, 11.552675
5.993017, 11.568002
572d7271-667e-44cb-8d36-2354091f5d31
6.431600, 11.819303
6.413388, 11.824324
6.348565, 11.855430
6.282303, 11.868183
6.236752, 11.888567
6.199179, 11.905174
6.176043, 11.915194
6.169090, 11.931741
6.119060, 11.978871
6.071487, 12.017518
6.040273, 12.042876
1f78a184-2f3a-4935-82f5-cc7a68c95106
6.422942, 12.020312
6.391825, 12.025439
6.344348, 12.031521
6.318051, 12.036175
6.289581, 12.045548
6.262736, 12.058884
6.226142, 12.078486
6.202005, 12.096259
6.180598, 12.117599
105d366e-4ee4-4901-a14b-08393ef7dad9
6.432347, 12.247938
6.393686, 12.249638
6.333117, 12.253799
6.275451, 12.256261
6.202970, 12.265581
6.110928, 12.279438
c3646fc8-94f4-4b2f-9b8b-10f96dfa7621
6.294967, 12.653433
6.356572, 12.704237
6.531775, 12.809396
20d866eb-5aca-4f66-bb2f-edd8ec15a45f
6.224736, 12.729249
6.250860, 12.809117
6.349752, 12.819180
74ff632c-c054-4450-8f5b-201ea3d712c8
6.419017, 12.529469
6.437314, 12.567189
6.445171, 12.593676
6.455960, 12.610047
6.461644, 12.629552
6.472974, 12.663081
6.483816, 12.695164
