main root
6.778378, 4.875746
6.698976, 5.063471
6.693439, 5.178502
6.685422, 5.368031
6.698266, 5.564323
6.723560, 5.756901
6.752142, 5.976074
6.755876, 6.123922
6.741599, 6.301526
6.736697, 6.511196
6.753287, 6.704823
6.758119, 6.871184
6.764050, 7.042391
6.759703, 7.217644
6.761807, 7.383691
6.777436, 7.503849
6.790488, 7.618018
6.791854, 7.667155
6.789486, 7.718187
6.803399, 7.888895
6.801761, 7.942481
6.802849, 8.004799
6.802658, 8.079517
6.803978, 8.148756
6.803743, 8.215007
6.807985, 8.285129
6.815244, 8.355544
6.818131, 8.427336
6.820853, 8.495013
6.827027, 8.574023
6.831355, 8.648618
6.840020, 8.720461
6.846465, 8.786401
6.857961, 8.857852
6.868721, 8.924732
6.874703, 8.980761
6.877700, 9.037026
6.881413, 9.078600
6.888416, 9.362458
6.887753, 9.409610
6.891172, 9.462508
6.895572, 9.512444
6.897892, 9.559544
6.901523, 9.609540
6.906320, 9.659438
6.912277, 9.709212
6.923086, 9.761735
6.931185, 9.808513
6.941009, 9.874034
6.944244, 9.935982
6.950149, 9.991661
6.963514, 10.046725
6.985400, 10.128103
6.993091, 10.173989
6.999764, 10.222861
7.010260, 10.266550
7.023931, 10.317050
7.031698, 10.362924
7.048181, 10.433378
7.061810, 10.498210
7.073600, 10.547009
7.160348, 10.852709
7.168653, 10.898424
7.175981, 10.947139
7.186058, 11.014120
7.191469, 11.070214
7.201045, 11.122711
7.221750, 11.201554
7.240137, 11.253887
7.245330, 11.291244
7.254012, 11.342831
7.264165, 11.394150
7.275781, 11.445158
7.285267, 11.493558
7.297457, 11.532412
7.298691, 11.663962
7.300455, 11.697150
7.303329, 11.723887
7.310940, 11.753085
7.322771, 11.780844
7.348422, 11.829692
7.365047, 11.867787
7.373250, 11.901554
7.387240, 11.959146
7.397616, 12.014535
7.419210, 12.089170
7.442742, 12.170506
7.464775, 12.230503
7.483285, 12.285248
7.495083, 12.329490
7.503027, 12.382515
7.515212, 12.443646
7.530838, 12.499066
7.546981, 12.554883
cb970130-efe7-41b5-89d0-fd5d8913e70f
6.707769, 5.140524
6.823424, 5.178555
6.889329, 5.235580
6.938360, 5.274041
7.001794, 5.308576
7.053833, 5.336904
7.110140, 5.379226
7.137797, 5.414123
7.270971, 5.472505
7.300054, 5.485250
7.349094, 5.527562
7.374150, 5.545228
7.416079, 5.563794
7.483746, 5.606351
7.539020, 5.642881
7.583472, 5.670464
7.628696, 5.696765
7.657755, 5.715397
7.759558, 5.794789
7.792614, 5.826913
7.814186, 5.852052
7.835424, 5.883694
7.865811, 5.926282
7.897406, 5.967987
7.928081, 6.008477
7.956560, 6.041112
7.989338, 6.071843
8.042978, 6.118032
8.089998, 6.156544
8.127192, 6.188943
8.167607, 6.222164
8.204744, 6.254626
8.242989, 6.288056
8.272750, 6.316060
8.301859, 6.349615
8.329661, 6.377095
8.440697, 6.529857
8.469769, 6.564761
8.498969, 6.597481
8.535611, 6.634043
8.570430, 6.662442
8.612369, 6.692784
8.651221, 6.715351
8.697410, 6.738719
8.747131, 6.755484
8.805514, 6.778330
8.856834, 6.801627
8.893404, 6.819872
8.927383, 6.838497
8.967866, 6.864101
9.026948, 6.883692
9.077961, 6.920059
9.116874, 6.951477
9.153837, 6.985167
9.191298, 7.025386
9.228038, 7.062639
9.287479, 7.109115
9.377642, 7.154286
9.406673, 7.175340
9.436764, 7.200859
9.469049, 7.228241
9.506308, 7.265726
9.542117, 7.301754
9.579421, 7.339285
9.616726, 7.376816
007a5b1b-d59c-4756-b2fd-2b4428ee4552
6.753346, 5.542174
6.802597, 5.577703
6.824378, 5.604490
6.840399, 5.624197
6.985417, 5.667015
7.037163, 5.672927
7.094544, 5.698050
7.113873, 5.709777
7.133288, 5.725057
7.174955, 5.750225
7.201648, 5.769843
7.222112, 5.784887
7.308646, 5.809432
7.390245, 5.831086
7.431147, 5.841943
7.475708, 5.850676
7.527393, 5.878180
7.589406, 5.916936
7.611105, 5.935951
7.637922, 5.957641
7.661365, 5.978700
7.683688, 6.000944
7.709060, 6.024307
7.737641, 6.046556
7.757444, 6.063695
7.766481, 6.085552
7.782031, 6.095999
7.794805, 6.111796
7.812754, 6.136769
7.831692, 6.163120
7.943511, 6.281006
7.963374, 6.304486
8.054061, 6.382058
8.257853, 6.592727
8.273271, 6.609533
8.297648, 6.640537
8.328009, 6.674308
8.352076, 6.705556
8.381506, 6.755211
8.401254, 6.797336
8.424808, 6.844056
8.445670, 6.888758
8.483773, 6.975676
851be5ce-8eb1-4bbb-936d-4c8ace54d26f
6.697919, 5.630513
6.582513, 5.681618
6.537112, 5.696817
6.446797, 5.761763
6.430674, 5.763168
6.401435, 5.761148
6.385254, 5.770034
6.323892, 5.782668
6.279846, 5.797850
6.231038, 5.819421
6.192725, 5.839626
6.146545, 5.862289
6.023277, 5.915071
5.999149, 5.927013
5.990402, 5.940884
5.943015, 5.979564
5.918843, 5.995429
5.893160, 6.008706
5.857483, 6.022095
5.817851, 6.036968
5.792320, 6.049747
5.767714, 6.062063
5.742325, 6.081465
5.708130, 6.111366
5.676264, 6.139231
5.644397, 6.167096
5.594274, 6.212895
5.517643, 6.279609
5.486019, 6.303166
5.465038, 6.322525
5.433766, 6.355447
5.404732, 6.390356
5.377284, 6.418671
5.347764, 6.444818
5.315831, 6.477098
5.286069, 6.507177
5.256285, 6.533022
5.228808, 6.560824
5.199087, 6.595151
5.171387, 6.627140
5.143990, 6.663349
5.104652, 6.720436
5.084405, 6.767559
5.066146, 6.802472
5.045283, 6.835882
5.032780, 6.861538
5.015633, 6.903532
5.001286, 6.946564
4.986016, 6.982874
4.972019, 7.023853
4.958347, 7.063850
4.934610, 7.126481
4.919250, 7.154338
4.894131, 7.196793
4.867736, 7.238466
4.840552, 7.281384
4.807450, 7.325255
4.777146, 7.367902
4.739845, 7.425564
4.718001, 7.459331
4.689522, 7.497846
1b35eea8-288e-43fa-a9a7-30652658e84e
6.730518, 5.230911
6.815333, 5.241209
6.843477, 5.247679
6.863119, 5.258337
6.885493, 5.270437
6.898968, 5.292284
6.913353, 5.321844
6.928097, 5.345936
6.947358, 5.353909
6.994889, 5.393214
7.038728, 5.423639
7.098535, 5.461503
7.150679, 5.492743
7.181071, 5.514442
7.215160, 5.540618
7.320579, 5.634153
7.345400, 5.675030
7.362683, 5.697743
7.381802, 5.705696
7.399383, 5.717872
7.431774, 5.742126
7.478725, 5.771672
7.519652, 5.799198
7.563885, 5.827143
7.600913, 5.854077
7.633058, 5.879310
7.670917, 5.910931
7.707797, 5.943685
7.742084, 5.976137
7.778400, 6.012570
7.848296, 6.134172
7.878354, 6.162442
7.898614, 6.191771
7.931883, 6.226764
7.966888, 6.263582
8.009843, 6.306590
8.066176, 6.354523
8.101145, 6.386241
8.118319, 6.407882
8.152003, 6.447918
8.178381, 6.486247
8.339170, 6.638258
8.406695, 6.726403
8.430333, 6.759721
8.454822, 6.794238
8.493288, 6.843284
8.527761, 6.889663
8.558067, 6.930436
8.591330, 6.977696
8.614313, 7.018154
8.643488, 7.063449
8.697127, 7.141667
bf9d99e6-6322-4796-b8dc-cafc77349be6
6.741232, 5.713961
6.850085, 6.300303
6.858754, 6.371604
6.872947, 6.451138
6.886658, 6.552053
6.897176, 6.618353
6.893289, 6.667980
6.923591, 6.979417
6.930765, 7.053152
6.940787, 7.094344
6.969649, 7.174985
6.985758, 7.242202
7.007957, 7.334829
7.024125, 7.387162
7.037623, 7.440272
7.135989, 7.691967
7.144811, 7.726876
7.155440, 7.775046
7.168171, 7.825794
7.191916, 7.895843
7.216239, 7.962932
7.232812, 7.995471
7.267580, 8.057137
7.298889, 8.121813
7.323024, 8.168235
7.347632, 8.205829
7.388871, 8.263368
7.408123, 8.295366
7.424490, 8.322573
0ebee5d8-a72c-4906-8432-c7c7d56cd351
6.775468, 7.641735
6.848858, 7.689608
6.863918, 7.704792
6.886068, 7.722845
7.044716, 7.820304
7.062272, 7.834576
7.077804, 7.851029
7.105442, 7.880276
7.115911, 7.900038
7.151883, 7.942319
7.168269, 7.966164
7.182687, 7.987104
