main root
6.332637, 4.956856
6.225972, 5.123189
6.123428, 5.285291
6.077380, 5.389558
6.025547, 5.509469
5.988196, 5.617185
5.956099, 5.722673
5.920041, 5.826638
5.885956, 5.931372
5.850443, 6.026827
5.817956, 6.132350
5.792153, 6.230541
5.768484, 6.320610
5.746908, 6.410991
5.723316, 6.509816
5.705893, 6.600920
5.690508, 6.692564
5.673686, 6.792766
5.662494, 6.884849
5.651256, 6.977303
5.642134, 7.069780
5.631717, 7.154259
5.623466, 7.238118
5.617281, 7.322165
5.606869, 7.407143
5.597601, 7.482780
5.583120, 7.551748
5.572527, 7.631341
5.565047, 7.710240
5.563251, 7.792628
5.555738, 7.862698
5.547614, 7.938468
5.539492, 8.014237
5.531371, 8.090007
5.523249, 8.165776
5.517786, 8.244842
5.512533, 8.320864
5.507281, 8.396886
5.502028, 8.472909
5.496776, 8.548930
5.494304, 8.628145
5.491928, 8.704312
5.489554, 8.780478
5.490078, 8.859731
5.495103, 8.940392
5.488732, 9.006643
5.476604, 9.088566
5.451569, 9.157143
5.410683, 9.250626
5.375878, 9.346042
5.335945, 9.476141
5.313643, 9.570379
5.296258, 9.652841
5.280911, 9.735698
5.259141, 9.819067
5.237749, 9.900991
5.228569, 9.952798
5.221688, 10.004675
5.193920, 10.187715
5.192550, 10.266602
5.151652, 10.318926
5.164068, 10.357771
5.145967, 10.486828
5.138172, 10.588094
5.132488, 10.689483
5.126802, 10.790918
5.118531, 10.900641
5.119356, 11.002273
5.118133, 11.112295
5.125467, 11.213670
5.141867, 11.323061
5.147681, 11.433203
5.160338, 11.515625
5.165247, 11.602246
5.172604, 11.694878
5.177274, 11.779867
5.179873, 11.864943
5.192303, 11.932325
5.203738, 12.017169
5.210547, 12.090114
5.217039, 12.159662
5.230553, 12.207809
5.251141, 12.281169
5.275420, 12.356603
5.298765, 12.429133
5.334521, 12.533317
5.371124, 12.608028
5.417689, 12.698263
5.469814, 12.785439
5.527281, 12.869183
5.581499, 12.974292
5.620991, 13.046330
5.646845, 13.121435
5.642550, 13.243334
5.650193, 13.346222
5.910208, 13.455763
6.195378, 13.448650
6.692344, 13.460268
5f12239c-6fc6-4258-b152-7ac3bb2c963a
6.142304, 5.184012
5.944993, 5.204740
5.811330, 5.194339
5.681223, 5.098317
5.642986, 5.073817
5.609419, 5.050533
5.565598, 5.021957
5.527191, 4.993338
5.479668, 4.957926
5.446120, 4.931060
5.424344, 4.907870
5.389571, 4.870839
5.346886, 4.827567
5.301258, 4.789837
5.257690, 4.751869
5.226339, 4.728518
5.176712, 4.693420
5.139050, 4.664951
5.107800, 4.649775
5.071318, 4.653649
5.046060, 4.656331
b2b8e841-15a0-459c-a07d-8b8d46747d8a
6.148896, 5.126367
5.944228, 5.083314
5.900734, 5.042356
5.835473, 4.991125
5.802177, 4.964987
5.773873, 4.942768
5.749691, 4.927588
5.724051, 4.915029
27af705a-dcde-4e23-a172-b61fa157efa7
6.063309, 5.271648
5.866886, 5.409129
5.789524, 5.414436
5.641241, 5.384657
5.603277, 5.373976
5.564948, 5.366301
5.523454, 5.357989
5.481960, 5.349675
5.440468, 5.341358
5.395452, 5.335386
5.350137, 5.332394
5.311093, 5.326817
5.272572, 5.318290
5.212921, 5.306620
5.156362, 5.303180
5.090335, 5.297665
5.018482, 5.297671
4.928173, 5.303981
4.860602, 5.308703
4.804257, 5.309640
4.742055, 5.313668
4.685704, 5.314317
4.627920, 5.313487
4.580439, 5.315797
4.536003, 5.322455
4.488269, 5.334148
4.451124, 5.346328
4.387033, 5.387616
4.353224, 5.409396
a10b32df-03ab-43a6-8a96-660e071289c5
5.982671, 5.469852
5.735222, 5.551061
5.589582, 5.554582
5.550234, 5.552539
5.511165, 5.547503
5.483885, 5.543977
5.455353, 5.543298
5.426905, 5.545606
5.382030, 5.552241
5.340212, 5.558414
5.297123, 5.566288
5.265336, 5.567532
5.214571, 5.569519
5.152471, 5.574944
5.093426, 5.580104
5.031663, 5.588505
4.972938, 5.596494
4.929245, 5.606969
4.854876, 5.629064
4.816310, 5.637401
4.791484, 5.642767
4.762071, 5.655252
4.724686, 5.667869
4.682694, 5.685200
4.643560, 5.701352
4.604426, 5.717505
4.578991, 5.728004
4.552264, 5.745514
4.529246, 5.760593
4.506705, 5.780730
810482a8-01ea-490a-82e5-0c82e2e060ae
5.795689, 5.784865
5.753534, 5.759038
5.696993, 5.712086
5.646772, 5.678470
5.611332, 5.640624
693bd151-63e9-49c6-83a8-3684fa9845d9
5.753775, 5.997438
5.650512, 6.010304
5.625307, 6.013445
5.608641, 6.032820
5.556448, 6.065685
5.509262, 6.094710
5.480447, 6.118781
5.436804, 6.162281
5.411318, 6.187683
f4b96d48-cdcb-4cc9-8aef-49cb9c2e1777
5.752480, 6.098216
5.428015, 6.322034
5.407517, 6.334219
5.404374, 6.346942
5.390922, 6.360658
5.371676, 6.382461
ec534fdc-50a4-4a22-8c2e-d1339dbc7495
5.660117, 6.225122
5.597726, 6.223228
5.478391, 6.234364
8d58d00d-c9e5-4c0c-8881-3ea0acafdc54
5.617370, 7.010397
5.548448, 7.007377
5.475544, 7.007177
5.423860, 7.010029
5.373831, 7.018784
5.310239, 7.039029
5.258698, 7.050724
26736f19-2167-4f29-a5a5-5ac8f9ec136a
5.627609, 6.819765
5.586790, 6.812279
5.546946, 6.803450
5.520362, 6.799093
6d0a5c8c-09d3-4f52-8e67-3c9217523aef
5.593405, 7.215670
5.527745, 7.233659
5.482713, 7.241204
5.446104, 7.248721
5.418088, 7.255866
5.390331, 7.267443
5.341797, 7.292407
5.296703, 7.317134
5.250989, 7.347474
5.172185, 7.377259
5.126163, 7.393195
5.074167, 7.419260
5.028700, 7.443875
5.001329, 7.457143
91ad1119-76d7-4598-922a-8ff9dfc5d7bd
5.516033, 7.776633
5.417000, 7.805918
5.327678, 7.829210
6fc08538-a9ed-4d00-aa53-a99ab42e84a0
5.483609, 8.189218
5.436366, 8.197397
5.375600, 8.210957
5.327358, 8.217121
ed1bf418-d75c-4999-aa0f-869a1c4ed6cd
5.473700, 8.386233
5.428545, 8.386233
5.387706, 8.384737
5.340037, 8.379994
5.302593, 8.377774
6575d909-ec0d-43f8-baf2-260a3b9eedec
5.443228, 8.777510
5.411404, 8.788020
5.353242, 8.810389
5.297944, 8.831661
5.250785, 8.853014
05a3ee76-bc93-4322-8ecf-6d9298f923fb
5.446861, 9.181976
5.487994, 9.195465
5.550930, 9.223983
5.607311, 9.247252
5.651045, 9.274270
833398a5-b629-412a-b941-00fe758cde2d
5.322198, 9.402346
5.246128, 9.397880
5.152218, 9.435098
5.082649, 9.453744
5.027448, 9.468540
4.973333, 9.474659
048674df-6c53-4f77-b1fc-4cf6a000cafa
5.269781, 9.804338
5.294420, 9.817069
