main root
6.752336, 5.632177
6.676868, 5.790440
6.645252, 5.983835
6.633264, 6.195420
6.647882, 6.309422
6.662889, 6.469711
6.673795, 6.577891
6.731008, 6.743642
6.773831, 6.860131
6.830335, 6.997765
6.891913, 7.137118
6.927108, 7.238736
6.943617, 7.330868
6.962418, 7.447745
6.981244, 7.564781
7.007759, 7.689959
7.032322, 7.805922
7.044724, 7.915526
7.064398, 8.033104
7.071307, 8.151098
7.078731, 8.277878
7.079820, 8.404231
7.085064, 8.523072
7.087800, 8.633073
7.086520, 8.751339
7.093532, 8.879491
7.091082, 8.989635
7.092863, 9.099885
7.090406, 9.209889
7.090063, 9.320037
7.087631, 9.421705
7.089435, 9.523215
7.093834, 9.602339
7.061337, 9.708278
7.048545, 9.770394
7.033176, 9.845024
7.017806, 9.919653
7.000107, 9.990747
6.983881, 10.068314
6.972914, 10.149981
6.957634, 10.218768
6.941113, 10.293152
6.924592, 10.367535
6.905798, 10.438348
6.886253, 10.511995
6.866707, 10.585642
6.847704, 10.657247
6.839467, 10.711623
6.830566, 10.790367
6.822008, 10.866083
6.819916, 10.937906
6.823509, 11.020227
6.823709, 11.093492
6.820918, 11.166702
6.820890, 11.245947
6.820863, 11.322143
6.823828, 11.401332
6.829782, 11.480353
6.835505, 11.556334
6.834807, 11.626792
6.837120, 11.695427
6.842779, 11.774471
6.848220, 11.850472
6.850461, 11.923702
6.846626, 11.994062
6.845304, 12.073296
6.844033, 12.149482
6.842761, 12.225667
6.841490, 12.301852
6.843551, 12.357804
6.852557, 12.439710
6.860886, 12.515451
6.879121, 12.599134
6.876359, 12.700679
6.871376, 12.773774
6.863412, 12.846606
6.844529, 12.909146
6.820504, 12.978358
6.795515, 13.050339
6.772372, 13.126130
6.752107, 13.202741
6.730492, 13.272740
6.708009, 13.345542
6.691614, 13.413852
6.633904, 13.477444
6.594319, 13.508538
6.552009, 13.529509
15a964a9-3fca-44cb-8639-6cb609dc085e
6.736906, 5.685548
6.589512, 5.686741
6.526937, 5.686377
6.417907, 5.678320
6.380233, 5.667928
6.334221, 5.683254
6.226274, 5.703081
6.174006, 5.705072
6.117678, 5.704219
6.077469, 5.703608
6.020602, 5.708722
5.989880, 5.717492
5.947096, 5.735928
5.892683, 5.759372
5.835920, 5.788718
5.780717, 5.824001
5.718176, 5.835314
5.663365, 5.851305
5.602416, 5.875320
5.548133, 5.895101
5.488886, 5.923065
5.433873, 5.952344
5.381567, 5.980186
5.328026, 6.012078
5.278161, 6.038300
5.225717, 6.065881
5.174530, 6.089422
5.119229, 6.118152
5.066649, 6.145472
5.011519, 6.180868
4.963913, 6.202539
4.907760, 6.233036
4.853818, 6.262331
4.825317, 6.279513
fd70b55f-d53c-4504-acb4-3b115b345df6
6.628295, 5.735448
6.554180, 5.764246
6.494965, 5.775119
6.358265, 5.851526
6.322160, 5.837224
6.295629, 5.861385
6.207211, 5.909862
feb093f6-7cef-4107-abde-bffa15e02853
6.593722, 5.810186
6.454968, 5.851258
6.281947, 5.867598
6.208485, 5.890651
6.136570, 5.884658
6.041722, 5.896503
5.950085, 5.917308
5.914691, 5.927500
5.835239, 5.953087
5.753685, 5.980905
5.686687, 5.998466
5.582844, 6.046293
5.560898, 6.061999
5.534494, 6.083153
5.515316, 6.093201
5.486244, 6.110506
5.466500, 6.115291
5.445371, 6.115443
5.439190, 6.128425
5.415825, 6.138285
5.376826, 6.154743
5.338623, 6.169240
5.291128, 6.187264
5.236583, 6.206362
5.187881, 6.228172
5.141515, 6.248935
5.099439, 6.271058
5.071964, 6.283812
5.048198, 6.296494
832dc7d0-1a62-441a-90c2-b7b377436162
6.574367, 5.820833
6.502480, 5.841994
6.441857, 5.854457
6.317184, 5.919699
6.262436, 5.936775
6.192858, 5.966317
6.131303, 5.990826
6.072558, 6.006159
6.050696, 6.032953
5.963823, 6.075632
5.906056, 6.092459
5.825750, 6.118011
5.763153, 6.134787
5.689478, 6.157632
5.623847, 6.182684
5.539922, 6.236167
5.449811, 6.315445
5.378318, 6.375543
5.327199, 6.410692
5.272157, 6.444907
5.194374, 6.495735
5.138143, 6.537842
5.083628, 6.580533
5.029537, 6.628595
4.979405, 6.665131
4.902708, 6.718425
4.847085, 6.757075
4.791461, 6.795725
4.716376, 6.850459
4.661974, 6.888264
4.628574, 6.913297
4.598281, 6.945353
4.551943, 7.000926
4.507085, 7.039749
9cb5fc70-19aa-459c-9c0a-b14139342f28
6.647307, 5.948378
6.518476, 6.140257
6.506520, 6.236336
6.488813, 6.310876
6.484446, 6.348962
6.476287, 6.367567
6.465284, 6.388774
6.470822, 6.405040
ca53015a-d9c4-4e15-a778-7ce46e394884
6.620810, 6.077543
6.520477, 6.138541
6.451272, 6.176683
6.413325, 6.207973
6.389640, 6.219741
6.381174, 6.242069
6.342236, 6.290008
6.311274, 6.328129
6.273256, 6.367815
6.238253, 6.410846
6.208181, 6.454929
6.193854, 6.483902
6.177226, 6.514152
6.167943, 6.546572
6.156014, 6.599109
6.120459, 6.671198
a5d1d763-53e0-4132-bb9b-a611ba7bc189
6.701933, 6.335261
6.751094, 6.340796
6.782384, 6.345726
6.824203, 6.352314
6.863929, 6.358572
6.883886, 6.366261
6.919518, 6.383197
6.957835, 6.399752
6.988997, 6.408325
7.019209, 6.413530
7.055686, 6.415259
7.106429, 6.417664
7.145035, 6.420991
7.205887, 6.435283
7.227016, 6.443320
ab4b54b9-5bed-4275-b992-a146b459eb94
6.639215, 6.587398
6.559659, 6.600767
6.499484, 6.627349
6.448622, 6.651770
6.395098, 6.677895
6.340387, 6.707707
6.291401, 6.730987
6.242390, 6.771457
6.170090, 6.829154
6.074525, 6.876290
5.999898, 6.915412
5.943008, 6.951994
5.895837, 6.978768
f9ff0227-5bd8-4aa4-8ef2-1a4555a249aa
6.742819, 6.919576
6.681244, 6.948688
6.599567, 7.006479
6.551897, 7.036542
6.504102, 7.057836
6.465961, 7.079370
6.424702, 7.099226
6.337987, 7.190535
6.285242, 7.235207
6.246624, 7.276068
6.200279, 7.331640
6.158254, 7.382033
ae5ed0c5-e971-454a-9c2b-4323f9e63032
6.766748, 6.983334
6.708776, 6.977420
6.658779, 6.961676
6.603322, 6.942384
6.575901, 6.929676
6.539750, 6.918025
6.517280, 6.909359
6.495333, 6.899443
8169f839-d068-4bc4-bf12-8125e049717a
6.953924, 7.169316
7.002925, 7.210515
7.037571, 7.234634
7.069478, 7.260713
7.097605, 7.275863
7.137390, 7.290496
7.223496, 7.327685
7.299054, 7.371613
7.355568, 7.406199
7.396045, 7.425706
7.467057, 7.451622
7.563079, 7.490655
7.600378, 7.512281
7.642494, 7.536699
817ce2ae-b471-4a71-9423-d68a97875c57
7.082094, 7.935401
7.124700, 7.943850
7.177240, 7.957320
7.210732, 7.970543
7.257495, 7.995018
