main root
6.441017, 5.008033
6.457271, 5.206434
6.378306, 5.431437
6.329050, 5.617819
6.258455, 5.802575
6.150127, 6.009484
6.103148, 6.138211
6.140116, 6.407740
6.196273, 6.570516
6.216070, 6.701278
6.263356, 6.832774
6.300028, 6.914973
6.343624, 7.000076
6.357500, 7.077528
6.370233, 7.293400
6.366922, 7.475435
6.305115, 7.757385
6.279720, 7.931839
6.252405, 8.096785
6.208722, 8.220379
6.161182, 8.353679
6.096479, 8.498922
6.034405, 8.603413
5.916752, 8.773367
5.833542, 8.920040
5.735251, 9.121884
5.664036, 9.272930
5.625567, 9.330056
5.561018, 9.429690
5.529612, 9.481978
5.500171, 9.536102
55af9c1c-3a05-413f-a304-32ca17499129
6.526547, 5.078936
6.619856, 5.011257
6.711307, 4.995238
6.775333, 5.049068
6.817622, 5.111110
6.838498, 5.147051
6.878704, 5.191905
6.908338, 5.211511
6.946027, 5.232856
6.992013, 5.243419
7.042601, 5.261182
7.112588, 5.287344
7.146407, 5.303181
7.176857, 5.322399
7.224638, 5.356094
7.258166, 5.385233
7.309287, 5.429662
7.358244, 5.468244
7.400590, 5.505426
7.445125, 5.544531
7.489659, 5.583635
7.538472, 5.634464
7.570095, 5.688997
7.611668, 5.696539
7.713235, 5.753980
7.780143, 5.779720
7.909824, 5.822905
7.983177, 5.860673
8.093688, 5.922297
8.200837, 5.989258
8.283294, 6.028317
8.377616, 6.065975
8.455870, 6.099451
8.534988, 6.126530
8.630500, 6.161455
8.710046, 6.197300
8.773602, 6.237539
8.856243, 6.297371
8.939711, 6.355191
9.019803, 6.418393
9.098318, 6.483044
9.172901, 6.552678
9.245780, 6.623612
9.304164, 6.686227
9.347668, 6.741662
9.396813, 6.801858
9.429671, 6.854160
58303391-a1ce-46ed-933b-718955277192
6.492051, 5.310265
6.538719, 5.360022
6.641499, 5.472682
6.677426, 5.507544
6.718915, 5.550967
6.757926, 5.598296
6.813108, 5.661985
6.855347, 5.713022
6.880395, 5.740941
6.924873, 5.774826
6.976650, 5.816154
7.019519, 5.858033
7.074667, 5.920727
7.113067, 5.971179
7.151992, 6.024794
7.181280, 6.075724
7.205816, 6.130400
7.231077, 6.197661
7.255467, 6.280300
7.282306, 6.381808
7.290344, 6.429774
7.271493, 6.490691
7.251901, 6.533753
7eff19f3-ba41-4128-b222-98e703b33dae
6.040966, 6.184900
5.986809, 6.285543
5.952122, 6.351588
5.926153, 6.402558
5.891592, 6.470964
5.857141, 6.538908
5.802840, 6.622605
5.758727, 6.694409
5.710427, 6.765103
5.665876, 6.819696
5.618554, 6.887154
5.574795, 6.949533
5.529572, 7.003571
5.481045, 7.066221
5.434384, 7.126460
5.387724, 7.186698
5.339995, 7.238536
5.334727, 7.273204
5.271458, 7.355035
5.212681, 7.427618
5.161281, 7.494386
5.103927, 7.558688
5.043910, 7.619744
4.990603, 7.686786
4.955269, 7.707175
4.898587, 7.734079
4.890430, 7.773916
4.820805, 7.848215
4.764712, 7.911106
4.710184, 7.975358
4.653545, 8.038891
4.600861, 8.104221
4.547757, 8.180125
4.497280, 8.248654
4.445145, 8.315939
4.397082, 8.384739
4.340026, 8.459068
4.286942, 8.535132
4.231780, 8.610498
4.187546, 8.681466
4.144746, 8.754054
4.099740, 8.826301
4.047858, 8.913585
3.997806, 9.001929
3.947721, 9.090332
3.907651, 9.173859
3.863706, 9.265463
3.817425, 9.347349
3.785835, 9.424315
3.743282, 9.516850
3.708389, 9.602796
3.681509, 9.691372
3.650301, 9.779721
3.621345, 9.868011
3.589683, 9.964554
3.564804, 10.053910
3.539824, 10.143633
3.519025, 10.234022
3.496037, 10.324544
3.479427, 10.406803
3.464344, 10.481497
3.446921, 10.552664
3.443762, 10.590742
3.444302, 10.674760
3.440273, 10.746497
3.433073, 10.799250
3.431139, 10.830301
8a6246c1-98b6-4497-a1ea-f21d16d317c6
6.140936, 6.860883
6.088672, 6.875426
6.039683, 6.884545
5.982695, 6.894114
5.917122, 6.903608
5.850090, 6.913313
5.788898, 6.925197
5.728347, 6.940006
5.643343, 6.976203
5.573231, 7.006059
0399547d-6751-47e5-bbe7-9df443875305
6.436976, 7.006388
6.488963, 7.008974
6.546522, 7.007342
6.601136, 7.007098
f1f20420-df41-43f9-9fdb-eae4003014ef
6.249518, 6.501541
6.377714, 6.543331
6.464228, 6.555253
6.550544, 6.565988
6.606592, 6.564350
6.699385, 6.559532
6.782352, 6.548996
6.867701, 6.542337
6.935410, 6.546065
7.002119, 6.534222
7.077486, 6.517800
7.126189, 6.519797
71760bf6-4f1b-40c2-bcb2-673e13f06dc2
6.371167, 5.778500
6.424077, 5.785137
6.452291, 5.778222
e766bec9-2791-41ae-b230-84f7dd4d9aea
6.184900, 6.345766
6.253831, 6.307760
6.343337, 6.274879
6.438307, 6.255613
6.489267, 6.248455
6.536202, 6.243989
6.595201, 6.238375
6.654200, 6.232761
6.710924, 6.222854
6.777645, 6.211201
6.814828, 6.207745
6.849305, 6.206044
6875bd3f-7134-4cc5-bda6-008f8655a3c4
6.174169, 6.091457
6.223201, 6.103817
6.298620, 6.112182
6.355202, 6.100751
6.402809, 6.103705
6.467773, 6.120709
3c77b963-3ffd-4f50-98db-e6091f64dda2
6.176897, 6.242102
6.212162, 6.263415
6.325004, 6.306619
6.369839, 6.325631
6.396177, 6.342424
6.421639, 6.339729
a1c0052c-b2dd-4787-9e68-2d2a0857f81a
6.248412, 5.909648
6.348464, 5.927813
