main root
6.805074, 5.101607
6.780810, 5.324707
6.762076, 5.579301
6.747258, 5.752986
6.728104, 5.910649
6.720909, 6.072369
6.721460, 6.242722
6.715668, 6.380942
6.711326, 6.532649
6.716680, 6.678029
6.717404, 6.826438
6.720134, 6.956210
6.723327, 7.081169
6.728728, 7.210463
6.741047, 7.360532
6.752861, 7.478667
6.752485, 7.581206
6.758576, 7.650843
6.806002, 7.737575
6.807459, 7.819125
6.822077, 7.898804
6.840511, 8.000092
6.840561, 8.068306
6.845916, 8.129727
6.857580, 8.193968
6.857676, 8.244759
6.857734, 8.303679
6.860710, 8.338366
6.868933, 8.399801
6.881802, 8.462107
6.879689, 8.547799
6.876350, 8.622445
6.871896, 8.688551
6.871520, 8.760915
6.871168, 8.828641
6.875249, 8.907237
6.883738, 8.990720
6.886451, 9.047005
6.886172, 9.103354
6.884388, 9.161111
6.882297, 9.228819
6.877046, 9.301893
6.868641, 9.356203
6.862033, 9.428262
6.854493, 9.494082
6.848101, 9.563036
6.845906, 9.635365
6.840949, 9.699976
6.836416, 9.759071
6.833261, 9.819769
6.833019, 9.882097
6.831232, 9.956799
6.828152, 10.022985
6.826428, 10.092212
6.826200, 10.161459
6.825978, 10.229200
6.824236, 10.303905
6.825580, 10.374686
6.825501, 10.449403
6.823934, 10.515637
6.820871, 10.581811
6.817740, 10.649472
6.815001, 10.708675
6.815113, 10.771007
6.813750, 10.845713
6.812516, 10.913432
6.808497, 10.969646
6.802884, 11.027167
6.801985, 11.082629
6.795273, 11.127334
6.793704, 11.168025
6.790878, 11.202428
906ff699-e25d-4c0e-9ff6-fa4683a14b72
6.877371, 5.185768
6.949975, 5.250005
6.966184, 5.277425
6.996634, 5.277426
7.059489, 5.292764
7.116803, 5.337710
7.144844, 5.372407
7.185947, 5.452958
7.226860, 5.505218
7.284272, 5.578550
7.339280, 5.645400
7.362726, 5.676251
7.380334, 5.716297
85dda25d-ac13-4b32-813a-9022de9693ad
6.832915, 5.384451
6.901784, 5.402291
6.965829, 5.418789
7.023330, 5.462928
7.074117, 5.492480
7.106397, 5.516458
7.145084, 5.547059
7.180721, 5.579064
7.226931, 5.618554
7.261328, 5.651887
7.299658, 5.693199
7.335739, 5.736487
7.371124, 5.774267
7.418654, 5.816255
7.460961, 5.855626
7.492370, 5.888943
7.526679, 5.931883
7.558387, 5.971569
7.593277, 6.017633
7.629977, 6.071045
7.666504, 6.118920
7.701858, 6.155387
7.750103, 6.196551
7.812291, 6.245675
7.850830, 6.281841
7.895989, 6.328324
7.933055, 6.370773
7.983236, 6.431734
ef9a3b99-1a03-4baa-b4fc-f71488912bd5
6.725783, 5.854336
6.641145, 5.877974
6.606487, 5.887653
6.575907, 5.896195
6.549365, 5.906717
6.510010, 5.922318
6.468975, 5.941805
6.430732, 5.959967
6.391070, 5.982116
6.355262, 5.998684
6.299283, 6.029534
6.241135, 6.058161
6.189328, 6.080329
6.134057, 6.105608
6.076601, 6.126949
6.028981, 6.144637
5.943897, 6.172756
