main root
6.203364, 4.983852
6.164496, 5.191884
6.111907, 5.297478
6.004209, 5.427846
5.970587, 5.578352
5.950551, 5.776490
5.931737, 5.921431
5.888922, 6.058602
5.886178, 6.244266
5.859032, 6.350928
5.801688, 6.490139
5.773748, 6.615000
5.745385, 6.894070
5.775678, 7.587544
5.713472, 8.064627
fa93617a-f791-480e-bf3c-776beb7d8ea0
6.217840, 5.206897
6.283309, 5.255524
6.320587, 5.276800
6.355178, 5.296875
6.381277, 5.308442
6.426023, 5.318450
6.461959, 5.331088
6.507973, 5.348858
6.557296, 5.366301
6.605188, 5.383237
6.633213, 5.394735
d6adeaf8-c411-443d-b557-b183ff826e91
6.167966, 5.338234
6.205308, 5.391180
6.231939, 5.425763
6.254236, 5.454284
6.269795, 5.474357
6.291130, 5.481503
6.330609, 5.515353
6.360126, 5.542633
6.395318, 5.577196
6.427031, 5.608342
6.445152, 5.626140
a82db118-a543-4767-9fe8-70bd1298d311
6.062698, 5.239666
5.919690, 5.233130
5.858131, 5.245455
5.812878, 5.262265
5.774385, 5.274968
5.744234, 5.284917
