main root
6.297411, 5.170446
6.242068, 5.358670
6.185433, 5.522190
6.149468, 5.707344
6.113194, 5.924585
6.093537, 6.078264
6.076879, 6.315865
6.063139, 6.525619
6.027371, 6.726661
6.019167, 6.914987
5.977341, 7.067006
5.951665, 7.275298
5.926763, 7.415251
5.885467, 7.539926
5.791724, 7.728713
5.716129, 7.932846
5.637731, 8.167875
5.575037, 8.329898
5.529969, 8.446366
5.506962, 8.501677
5.481142, 8.555904
5.460941, 8.635924
5.422837, 8.711905
5.383979, 8.790401
5.333615, 8.942466
5.250075, 9.122252
5.181384, 9.274707
5.149487, 9.350618
5.129868, 9.385719
853a8212-8046-4614-8cc9-0f1d118f0ade
6.118882, 5.481389
6.061361, 5.461302
6.030450, 5.447826
5.995596, 5.429366
5.954149, 5.410801
5.933083, 5.394807
5.905251, 5.369913
5.882096, 5.353215
5.861075, 5.354479
5.834553, 5.340857
5.793281, 5.321105
5.762750, 5.311240
5.709880, 5.298875
5.661564, 5.287576
5.602054, 5.275195
5.532196, 5.263720
5.472363, 5.256924
5.380366, 5.262778
5.289041, 5.286357
5.217417, 5.301758
5.160618, 5.312441
5.116356, 5.316196
5.067100, 5.318873
5.019200, 5.318477
4.961440, 5.316504
4.909690, 5.317732
4.865102, 5.323281
4.788062, 5.334959
4.737418, 5.345662
4.639783, 5.368259
4.570941, 5.387647
4.528135, 5.402815
4.491888, 5.409307
4.452651, 5.413290
4.424707, 5.419134
4.397530, 5.427873
4.363440, 5.445123
4.325680, 5.464227
4.287918, 5.483328
4.250155, 5.502428
4.209751, 5.529572
4.181105, 5.543407
4.137448, 5.559506
4.088901, 5.579002
4.044257, 5.592092
3.995510, 5.606386
3.939657, 5.621204
3.892684, 5.630569
3.832214, 5.645677
3.755023, 5.669591
3.675165, 5.696502
3.626088, 5.714620
3.578435, 5.732211
3.522838, 5.752736
3.478053, 5.767673
3.424418, 5.782662
93ee0148-cbaf-40cf-99d6-5d8bb5308f32
5.999893, 6.240551
5.919370, 6.248100
5.853739, 6.258128
5.782646, 6.264306
5.708123, 6.269382
5.621959, 6.269016
5.566469, 6.277075
5.491889, 6.289419
5.400939, 6.321349
5.296645, 6.345754
5.224684, 6.359519
5.156976, 6.363326
5.117433, 6.384333
5.065109, 6.400173
5.009430, 6.406194
4.924606, 6.413281
4.842024, 6.426424
4.761988, 6.443361
4.687435, 6.459139
4.641638, 6.471892
4.561985, 6.503394
4.508879, 6.514337
8a4c8e04-6e11-48da-aae7-0a3909d97733
6.083414, 6.638535
6.227493, 6.705470
6.258027, 6.724775
6.328061, 6.774670
6.405283, 6.805067
6.487835, 6.827912
6.535151, 6.844112
6.589220, 6.862625
6.633196, 6.885910
6.700542, 6.921568
6.771934, 6.955982
6.840577, 6.989072
6.901229, 7.024957
6.975016, 7.061656
7.045138, 7.096533
7.079140, 7.115116
931feb4d-ff35-470f-9fe5-f0ef9a79ef0c
6.173224, 6.058001
6.237301, 6.127871
6.279171, 6.175742
6.309684, 6.212901
6.334504, 6.250549
6.349601, 6.276568
6.383535, 6.298417
6.440685, 6.338377
6.475366, 6.371939
6.543884, 6.433054
6.611957, 6.493024
6.683749, 6.554648
6.770821, 6.621110
6.832929, 6.673262
6.876383, 6.705510
6.943483, 6.768477
7.014135, 6.843397
7.059225, 6.882416
7.129103, 6.942886
7.195938, 7.009067
7.265267, 7.083673
7.343369, 7.161502
7.416600, 7.264118
7.472458, 7.311881
7.559166, 7.406302
7.657808, 7.495138
7.733145, 7.577112
7.799232, 7.666550
7.861262, 7.746938
7.926578, 7.824660
7.987804, 7.910188
8.059915, 8.000028
8.130606, 8.094841
8.194667, 8.184302
8.242524, 8.254696
8.274367, 8.309521
8.312477, 8.369175
8.342720, 8.431237
f8ccb584-c1e2-467f-975e-c10c033bd2bb
6.238653, 5.650387
6.273581, 5.702684
6.298157, 5.744707
6.322913, 5.792967
6.360722, 5.839859
6.382204, 5.861731
6.409952, 5.881438
6.468710, 5.913990
6.516485, 5.943881
6.564398, 5.977387
6.596656, 6.003599
6.631408, 6.037623
6.673457, 6.085074
6.720491, 6.135894
6.768611, 6.185683
6.807967, 6.217790
6.869118, 6.265745
6.937003, 6.309667
6.989173, 6.359006
7.069872, 6.430328
7.140695, 6.479197
7.283705, 6.562855
7.400979, 6.650649
7.476864, 6.694239
7.567924, 6.739228
7.629995, 6.779307
7.676785, 6.819594
7.753076, 6.899243
7.823356, 6.972617
7.894558, 7.031747
7.958693, 7.087705
8.025621, 7.137843
8.105730, 7.200499
8.177813, 7.248820
8.252147, 7.286169
8.325588, 7.332354
8.402588, 7.385745
8.475374, 7.441333
8.526530, 7.490990
8.581208, 7.544064
8.633770, 7.597170
8.678752, 7.645567
8.719497, 7.691633
a2b38275-3460-4fac-931c-3e29d95db8ee
6.285190, 5.423955
6.457975, 5.470991
6.576701, 5.642303
6.649426, 5.677712
6.724495, 5.718874
6.762765, 5.746688
6.831142, 5.763801
6.912319, 5.777945
6.982647, 5.807242
7.032394, 5.835164
7.154890, 5.854639
7.213205, 5.871489
7.265289, 5.897446
7.318217, 5.925500
7.385160, 5.951410
7.448210, 5.971002
7.522246, 5.986173
7.585055, 6.002099
7.634996, 6.019394
7.696444, 6.045063
7.725740, 6.057302
5729f4b2-edd7-40c5-895d-3c66cea36deb
6.335304, 5.326421
6.376885, 5.399808
6.469139, 5.505802
6.543170, 5.555543
6.577663, 5.580804
6.612470, 5.593597
6.709800, 5.630341
6.759409, 5.652268
6.816776, 5.682269
6.887280, 5.703379
6.921240, 5.711533
6.983716, 5.725558
7.104299, 5.788674
7.188129, 5.827734
7.273675, 5.862881
7.358448, 5.902189
7.510940, 5.967814
99dba2e8-0dfd-48ac-b4d2-252974bad9ed
6.329434, 5.441067
6.407762, 5.442940
6.592114, 5.503783
6.665784, 5.539738
6.720540, 5.557050
6.810976, 5.576817
6.901308, 5.603022
6.985683, 5.623094
7.046171, 5.630996
7.149666, 5.614654
7.340838, 5.636758
7.440108, 5.630340
7.475913, 5.630298
7.550951, 5.638626
7.643524, 5.653133
7.717095, 5.666178
7.786920, 5.683118
7.888189, 5.694627
7.974403, 5.715010
8.073688, 5.736311
8.156434, 5.758304
8.231498, 5.782610
8.284599, 5.806436
8.360926, 5.845231
8.409734, 5.873396
8.454367, 5.893968
7e19effe-8080-4334-bdd3-1525891c1429
6.400082, 5.208755
6.477381, 5.245897
6.562493, 5.266220
6.614134, 5.279337
6.660965, 5.294924
6.727809, 5.331301
6.772430, 5.362668
6.823673, 5.402348
6.888118, 5.448465
6.949098, 5.488422
7.025264, 5.527594
7.091013, 5.563091
7.181225, 5.620460
7.297825, 5.672678
7.343886, 5.711089
7.463367, 5.782733
7.617087, 5.833480
7.668810, 5.860317
7.762384, 5.918404
7.809198, 5.932610
7.898324, 5.959654
7.988207, 5.982532
8.078465, 6.005505
8.148810, 6.034262
8.226398, 6.070462
8.311474, 6.107834
8.387073, 6.129491
8.484743, 6.157472
8.545279, 6.183619
8.642768, 6.234946
8.722643, 6.267491
8.810613, 6.296521
8.891507, 6.318847
8.966429, 6.348131
9.048735, 6.387116
9.121825, 6.428620
9.192298, 6.473408
9.248345, 6.516121
9.294627, 6.547630
6a795d6b-58bd-46da-8c18-70ecd72fe64e
5.915475, 7.022964
5.860224, 6.996148
5.819372, 6.991294
5.752973, 6.966984
5.707190, 6.948629
5.667915, 6.934495
5.634210, 6.925548
5.584725, 6.913787
9b895a44-9539-40ba-8c80-116a66993941
6.026519, 7.288337
6.128279, 7.334111
6.169373, 7.354883
6.243603, 7.390081
6.283767, 7.409125
