main root
7.351206, 5.965717
7.274039, 6.263170
7.229796, 6.368832
7.166018, 6.468795
7.099971, 6.587678
7.054835, 6.686346
7.024261, 6.793873
6.984060, 6.896575
6.932988, 7.012408
6.893360, 7.128399
6.842633, 7.237775
6.803536, 7.361999
6.750426, 7.487781
6.710173, 7.604765
6.674360, 7.708844
6.642511, 7.814409
6.612728, 7.920454
6.584648, 8.036038
6.564796, 8.144645
6.543484, 8.261241
6.527837, 8.370380
6.512504, 8.462502
6.493724, 8.562451
6.481244, 8.663240
6.472949, 8.747103
6.462947, 8.848211
6.458013, 8.940831
6.453059, 9.033828
6.450218, 9.126706
6.449714, 9.210973
6.453360, 9.294822
6.461588, 9.387215
6.477584, 9.471968
6.502950, 9.561004
6.532383, 9.648966
6.575409, 9.750875
6.607717, 9.821988
6.624389, 9.863702
6.665318, 10.101687
6.653599, 10.261389
6.648278, 10.362794
6.652215, 10.446092
6.662881, 10.538113
6.682949, 10.637758
6.699321, 10.729704
6.721269, 10.828836
6.741400, 10.919764
6.759531, 11.011382
6.767633, 11.060040
6.777701, 11.111382
6.783556, 11.156794
6.787938, 11.212312
6.861508, 11.529552
6.871070, 11.570692
6.877058, 11.609591
6.886920, 11.653837
6.892557, 11.692788
6.905411, 11.739655
6.912923, 11.778289
6.921005, 11.819746
6.929107, 11.861199
6.933718, 11.900285
6.942010, 11.944850
6.946266, 11.983975
6.950854, 12.025964
6.958765, 12.070601
6.962686, 12.109763
6.970190, 12.154469
6.977203, 12.196120
6.984236, 12.237767
6.998189, 12.284319
7.004820, 12.316793
7.013289, 12.358171
7.014689, 12.394866
7.010066, 12.431278
7.020230, 12.453144
7.031019, 12.531996
7.043782, 12.592151
7.052093, 12.645750
7.041129, 12.756350
7.044939, 12.782548
7.053944, 12.834082
7.057490, 12.880468
7.070917, 12.903166
7.081531, 12.953795
7.090148, 13.009487
7.102626, 13.070554
7.110959, 13.126285
7.173720, 13.210953
7.235515, 13.229815
7.538408, 13.238534
7.610122, 13.248922
fff01aa6-70d1-4609-a949-216158257c37
7.306795, 6.338953
7.352100, 6.369009
7.384224, 6.397632
7.419944, 6.413566
7.555250, 6.464213
7.574943, 6.494211
7.602321, 6.530463
7.629932, 6.564539
7.643606, 6.588545
7.656177, 6.610616
7.687819, 6.676878
7.708275, 6.709040
7.724201, 6.736658
7.743000, 6.766040
7.758999, 6.793615
7.773784, 6.821860
7.803451, 6.876931
7.830820, 6.931334
7.914212, 7.115706
7.934028, 7.155893
7.945801, 7.189921
7.956010, 7.214849
476389f8-f3f1-4cc1-aa5e-08a7c8c58b7b
7.147191, 6.515391
7.230969, 6.552135
7.279074, 6.611821
7.339054, 6.684146
7.366066, 6.716723
7.389031, 6.744421
7.409457, 6.764369
7.459634, 6.837601
7.479972, 6.867284
7.498489, 6.889016
7.527622, 6.909360
7.553993, 6.935079
7.604890, 6.976353
7.653026, 7.013460
7.676073, 7.033116
7.695398, 7.049598
7.749651, 7.089846
7.775667, 7.114739
7.804129, 7.144042
7.843756, 7.180543
7.885350, 7.214787
7.931103, 7.252455
7.976860, 7.290126
8.022616, 7.327796
8.072586, 7.365059
8.113815, 7.401404
8.151920, 7.434996
8.189503, 7.470123
8.207491, 7.488984
48832bff-2ea9-499b-be28-200e757c92bb
6.654782, 10.469912
6.594935, 10.513754
6.591300, 10.514189
41ac8750-49c6-4aae-94c6-7f611d22acad
6.541302, 9.738138
6.505969, 9.794991
6.483623, 9.830946
6.460315, 9.862779
6.425622, 9.912693
6.387798, 9.964492
6.349838, 10.009464
