main root
7.167404, 4.436529
7.341565, 4.562125
7.351557, 4.811217
7.341825, 4.956639
7.334626, 5.173644
7.328545, 5.297714
7.318544, 5.415560
7.314013, 5.543433
7.309816, 5.661899
7.308032, 5.772025
7.306112, 5.890535
7.306443, 6.000680
7.304631, 6.102369
7.292239, 6.204161
7.291437, 6.296108
7.296728, 6.415194
7.301237, 6.516686
7.301888, 6.626725
7.304656, 6.736836
7.301295, 6.854977
7.289507, 6.972535
7.278524, 7.082058
7.275942, 7.192645
7.275487, 7.302789
7.268720, 7.404599
7.259866, 7.505918
7.251021, 7.607127
7.245029, 7.699858
7.242710, 7.801369
7.233853, 7.911098
7.228495, 8.029923
7.225649, 8.140028
7.220481, 8.258293
7.218163, 8.359813
7.211245, 8.477880
7.207978, 8.605441
7.204727, 8.732402
7.203567, 8.859677
7.204595, 8.978390
7.204564, 9.093221
7.204536, 9.194817
7.204507, 9.304877
7.200246, 9.414829
7.195983, 9.524810
7.189609, 9.634662
7.183722, 9.736095
7.175236, 9.845797
7.167401, 9.947093
7.163123, 10.057262
7.157398, 10.150477
7.151170, 10.251884
7.146531, 10.361935
7.139438, 10.480110
7.133350, 10.581536
7.124647, 10.691225
7.119451, 10.810064
7.115988, 10.937305
7.108555, 11.055338
7.105853, 11.165570
7.098929, 11.275384
7.094111, 11.385413
7.087550, 11.486896
7.087342, 11.588461
7.089250, 11.689988
7.084819, 11.791925
7.088074, 11.911388
7.091532, 12.038337
7.090265, 12.172441
7.088961, 12.310431
7.091773, 12.429560
7.075808, 12.538218
fdf7d655-3e50-4be1-8584-46025962ed59
7.309199, 5.783339
7.308410, 5.801455
c666df75-13d6-49b4-b569-921b1734598c
7.266849, 8.197741
7.312422, 8.214661
7.341510, 8.227176
7.370595, 8.234921
7.404404, 8.242494
7.432910, 8.247458
7.469253, 8.249345
7.500753, 8.252590
7.535332, 8.254760
7.569971, 8.255547
7.604841, 8.254729
7.630998, 8.255501
7.662793, 8.257825
7.686643, 8.260956
2b706ba1-1bef-4e1c-8d23-063a4d50dfe0
7.300592, 7.558740
7.410587, 7.580980
7.455607, 7.587029
7.499246, 7.591382
7.567574, 7.608624
7.607916, 7.614173
7.662892, 7.615692
7.722135, 7.617328
7.778300, 7.621874
7.838982, 7.625284
7.872260, 7.625655
47e1a32f-565d-4d8f-946c-811b8b1ddc77
7.202661, 7.577282
7.149304, 7.557361
7.116218, 7.556079
7.074321, 7.554285
7.049016, 7.553131
7.031968, 7.560447
7.010982, 7.564567
6.969485, 7.572712
6.929125, 7.579109
6.877709, 7.588774
6.827784, 7.598159
6.794192, 7.607519
6.745215, 7.624274
6.711169, 7.635921
d6ca1a96-8be4-4414-a3eb-f205b6a2f450
7.243110, 6.874935
7.200172, 6.864368
7.148702, 6.850710
7.098680, 6.840004
7.041083, 6.835330
6.987534, 6.835663
6.939381, 6.834292
6.906475, 6.840668
6.862837, 6.849124
6.817021, 6.847312
6.767812, 6.843870
6.720332, 6.837547
6.662001, 6.831289
6.630431, 6.827903
6.606823, 6.823865
38fbd7d1-59e4-4c8e-bfc3-8f289df969c7
7.387210, 6.639984
7.460477, 6.670722
7.595261, 6.723531
7.728916, 6.762351
7.853471, 6.811564
7.974647, 6.852670
8.093055, 6.897271
8.251216, 6.956899
8.341291, 6.988609
8.457405, 7.018300
8.507311, 7.035697
8.543382, 7.049855
0b77442e-0aad-43d7-b010-36ee82de407e
7.243233, 6.100233
7.200641, 6.080532
7.181864, 6.068288
7.160834, 6.072081
7.114708, 6.075838
7.061335, 6.083189
7.014386, 6.088143
6.985474, 6.088184
6.956713, 6.085230
6.916239, 6.079569
6.885671, 6.070760
6.833155, 6.058742
6.792159, 6.050895
6.712761, 6.053840
6.654120, 6.062005
6.597880, 6.074369
6.517769, 6.098351
6.469102, 6.112920
6.416043, 6.119921
6.377939, 6.120419
6.335610, 6.120973
6.279745, 6.124697
6.236830, 6.130558
6.184753, 6.142202
6.133977, 6.155680
6.087003, 6.165052
e90f1101-4cc5-4dd0-b925-ef8d002ffb38
7.362312, 5.503298
7.397966, 5.515664
7.478745, 5.537135
7.569242, 5.585079
7.626125, 5.623684
7.683173, 5.666099
7.740470, 5.694068
7.820616, 5.723198
7.882285, 5.753575
7.974291, 5.796538
8.050513, 5.834418
8.127418, 5.868007
8.212760, 5.905280
8.316315, 5.943581
8.411608, 5.978827
8.519549, 6.005215
8.594514, 6.027897
8.662092, 6.059398
8.740306, 6.088992
8.835087, 6.127325
920be781-1996-4812-a2ef-eb6f815a7a43
7.313066, 5.372893
7.234539, 5.302730
7.214668, 5.286711
7.187236, 5.274563
7.168032, 5.262726
7.149814, 5.272577
7.086649, 5.272275
7.046303, 5.258812
6.974447, 5.221358
6.943847, 5.212160
6.883361, 5.197103
6.831289, 5.179514
6.785059, 5.162318
6.712906, 5.151879
6.673103, 5.146121
6.624420, 5.145129
6.579040, 5.147198
6.541029, 5.144436
6.500337, 5.145982
6.454480, 5.149221
6.398860, 5.151651
1c47cb9f-68d3-4246-ba1e-d78bac257a1f
7.403827, 5.090601
7.459873, 5.087365
7.504940, 5.081764
7.548238, 5.074875
7.597166, 5.068605
7.647554, 5.062149
7.705045, 5.056291
7.756919, 5.049501
7.804712, 5.046265
7.862448, 5.043855
7.925281, 5.035241
7.983996, 5.027191
8.024196, 5.026211
8.074982, 5.024974
8.113874, 5.021032
8.155026, 5.010844
8.209408, 4.998922
8.256748, 4.991607
8.296088, 4.988557
8.329672, 4.976947
d284a440-21a9-4d66-91d4-63a80be2dc33
7.441467, 4.622309
7.512056, 4.651155
7.573389, 4.679385
7.624851, 4.698294
7.706234, 4.729902
7.769732, 4.760453
7.842390, 4.792089
7.920128, 4.819409
7.988196, 4.846505
8.051213, 4.878034
8.098306, 4.904943
8.166163, 4.921908
8.243714, 4.938211
8.305864, 4.961237
8719d318-7650-4dbf-a862-dde3b3fc5539
7.374485, 4.719285
7.501598, 4.689754
7.640206, 4.659424
7.803523, 4.651236
7.836721, 4.649096
7.878943, 4.646877
7.916272, 4.647913
7.951860, 4.653393
8.002069, 4.661124
8.051122, 4.664134
8.114506, 4.662024
8.173736, 4.660053
8.235858, 4.654993
8.292185, 4.653409
8.326700, 4.653935
8.376574, 4.657687
8.429252, 4.667652
8.490980, 4.676283
8.556431, 4.679388
8.645016, 4.701068
8.685889, 4.709530
8.720518, 4.713643
8.762901, 4.712648
8.822155, 4.711256
8.877828, 4.711446
8.945147, 4.717274
8.978735, 4.726191
9.039671, 4.739272
9.091410, 4.750378
9.116536, 4.757303
4cb0ca6d-0c8b-4b0d-944d-5b63e11e3497
7.384998, 4.429961
7.564486, 4.421054
7.949859, 4.531114
8.051860, 4.573447
8.154380, 4.613706
8.228677, 4.638337
8.358381, 4.659218
8.463137, 4.697514
8.539776, 4.736710
8.615723, 4.773222
8.679907, 4.815584
8.750569, 4.862222
8.801720, 4.906745
8.856017, 4.945380
8.962260, 4.987515
9.040863, 5.012248
9.080079, 5.034001
9.146715, 5.070960
9.201138, 5.111418
9.273782, 5.145731
9.348659, 5.176132
9.387939, 5.200158
9.461605, 5.240351
9.509571, 5.269932
9.563878, 5.301665
9.602984, 5.333183
eb3febcf-7b54-4c8b-807b-c7785fe11baf
7.103940, 4.481291
6.991913, 4.465383
6.950868, 4.458211
6.845353, 4.450105
6.771487, 4.444430
6.651739, 4.473535
6.549904, 4.515990
6.448228, 4.541756
6.407193, 4.552155
6.313692, 4.591412
6.289922, 4.598146
6.249193, 4.609684
6.222773, 4.610946
6.171946, 4.622364
6.127812, 4.614575
6.099331, 4.612589
6.057046, 4.615641
6.014824, 4.618688
5.975373, 4.618534
5.904083, 4.630229
5.844358, 4.641543
5.793256, 4.652748
5.744775, 4.661846
5.704673, 4.664802
5.655390, 4.666934
5.603206, 4.670691
5.551148, 4.675940
5.501941, 4.679396
5.448486, 4.686152
5.389691, 4.693582
5.350287, 4.695545
5.308699, 4.699115
088e5945-742f-4e27-b9b9-161e865c95ee
7.299821, 4.294455
7.195682, 4.295675
7.120914, 4.306654
6.988641, 4.358819
6.884206, 4.398830
6.781175, 4.428415
6.713826, 4.456407
6.668474, 4.452360
6.624817, 4.464680
6.582064, 4.479845
6.543127, 4.492068
6.507696, 4.498485
6.457706, 4.507538
6.421640, 4.520154
6.363860, 4.543537
6.308095, 4.567718
6.276637, 4.578096
6.251458, 4.584827
6.223963, 4.587530
6.174749, 4.590863
6.125455, 4.592702
6.076129, 4.593045
6.025326, 4.593397
5.966060, 4.593809
5.922872, 4.597102
5.859640, 4.606428
5.793899, 4.614611
5.744789, 4.619215
5.696909, 4.620698
5.657495, 4.618924
5.628995, 4.620639
5.600833, 4.625333
5.554151, 4.639183
5.513565, 4.651224
5.485145, 4.656534
5.449201, 4.658681
5.404134, 4.664373
5.359725, 4.665456
5.308940, 4.666694
5.268078, 4.666193
5.214251, 4.668527
5.157905, 4.667974
5.108923, 4.671982
5.049224, 4.679873
4.986603, 4.692678
4.944221, 4.699817
