main root
6.637498, 4.611646
6.507495, 4.811996
6.389449, 5.497468
6.256047, 6.429845
6.040311, 7.310497
5.665383, 8.108404
5.622675, 8.164603
5.587815, 8.262986
5.567968, 8.332340
5.548336, 8.395383
5.527247, 8.457955
5.512323, 8.525563
5.498877, 8.593262
5.482164, 8.654193
5.334551, 9.363577
5.330244, 9.708554
5.250806, 10.391577
5.369037, 11.166369
5.608466, 12.011626
5.840346, 13.348718
c2ede226-50e2-4454-a894-b69ed9fc402f
5.717660, 7.979653
5.637165, 7.972427
5.615116, 7.967685
5.574668, 7.956906
5.517397, 7.941644
5.466265, 7.928018
5.418561, 7.915050
65740fd6-fd0a-49cb-aff2-bfcad5dc43f3
5.746755, 7.928769
5.795178, 7.986423
5.809853, 8.008384
5.824389, 8.014482
5.845844, 8.026731
5.873171, 8.044061
5.903793, 8.061718
5.931045, 8.079166
5.963668, 8.096500
5.982050, 8.109657
6.004793, 8.124094
99a4d433-73c9-4070-8e9f-5451f1d8e402
5.925025, 7.540093
5.821450, 7.531082
5.790414, 7.525647
5.738336, 7.525828
5.705335, 7.522951
5.681164, 7.517838
5.643297, 7.506769
5.609460, 7.503116
5.530941, 7.508175
3aa97156-0256-4353-871a-1123f816e7e3
6.022246, 7.355919
6.072011, 7.397045
6.098182, 7.407583
6.119079, 7.429511
6.134633, 7.452343
6.161158, 7.493933
6.188475, 7.536767
6.205757, 7.566649
b50e56c8-4392-4b61-83f7-f926be847786
6.066367, 7.318022
6.094793, 7.310344
6.107196, 7.318204
6.122282, 7.333332
6.138864, 7.333989
6.169035, 7.336680
6.180485, 7.329845
6.201786, 7.318837
6.217331, 7.318946
6.252704, 7.317699
6.273758, 7.321449
6.308835, 7.326176
6.344081, 7.329415
6.371002, 7.330386
5f1f0a7d-ecf6-44ad-bcbb-5042c31326eb
6.146796, 6.972476
6.209873, 7.019652
6.263061, 7.053870
6.316404, 7.085539
6.344371, 7.110845
6.392482, 7.156396
6.448514, 7.203736
6.493786, 7.241984
6.538427, 7.275779
6.600357, 7.309522
6.634985, 7.335208
6.684287, 7.371776
6.726000, 7.406445
d09f3751-a803-4f42-a93a-56f7aff48b0e
6.218168, 6.532012
6.159611, 6.547088
6.085961, 6.568775
6.008644, 6.597202
5.918391, 6.623661
5.853394, 6.642716
5.786366, 6.665485
5.738398, 6.684942
dfe7b160-40a9-4345-b843-feb182867d16
6.309977, 6.227455
6.366232, 6.243119
6.435129, 6.265701
6.515104, 6.294827
6.584506, 6.315323
6.647608, 6.335521
6.706473, 6.359076
6.767414, 6.385075
6.823825, 6.414022
6.886106, 6.444297
6.939699, 6.465357
7.010504, 6.486747
7.045593, 6.503602
7.102743, 6.532712
7.151399, 6.562536
2c1a994c-b265-4045-849d-ae050f9b891c
6.346486, 5.960595
6.412105, 5.985702
6.471859, 6.004908
6.518797, 6.028030
6.562468, 6.049543
6.634691, 6.069747
6.691768, 6.085714
6.745156, 6.103757
6.805100, 6.120856
6.862096, 6.137113
6.926490, 6.149254
6.968883, 6.174298
7.026063, 6.202860
7.067380, 6.228518
ea767a6f-57a6-409f-b721-8f709b598b17
6.436306, 5.454096
6.536011, 5.499151
6.601467, 5.532014
6.648751, 5.555759
6.685156, 5.567347
6.743093, 5.579511
6.781848, 5.584592
6.875842, 5.580314
6.982379, 5.607931
7.059791, 5.624906
7.153338, 5.643253
7.208138, 5.647901
7.248456, 5.661440
ab6a6c5d-a08f-49d0-b462-fce82ec04f06
6.381432, 5.683404
6.500841, 5.694579
6.594941, 5.684672
6.690078, 5.681133
6.764866, 5.674078
6.811108, 5.652573
6.874933, 5.644444
6.973259, 5.603548
e7e118af-7f41-4d03-8d4b-2dedd5cb1ebb
6.481743, 5.113898
6.578916, 5.118263
6.639441, 5.119105
6.704711, 5.130349
6.745058, 5.140337
6.798962, 5.156763
6.851918, 5.176028
6.919121, 5.190921
6.973412, 5.206017
7.037883, 5.217729
7.090633, 5.230353
7.144662, 5.246362
7.197765, 5.265217
7.261260, 5.281407
7.322327, 5.293888
7.380391, 5.305755
7.434922, 5.319955
7.493878, 5.332215
7.533906, 5.354299
4dd78fda-610a-4a84-9b7b-6189b9ce7af0
6.433112, 5.188212
6.349815, 5.177995
6.314679, 5.167622
6.293457, 5.174197
6.237411, 5.169783
6.197013, 5.156484
6.144982, 5.142506
6.084080, 5.129245
5.997383, 5.093243
5.952426, 5.072953
5.929327, 5.060885
5.896717, 5.052290
5.840281, 5.043607
5.810608, 5.037527
a452cf26-478f-4c92-bd54-ddb332178b7b
6.445837, 4.825907
6.412864, 4.817405
6.382267, 4.806028
6.361151, 4.810640
6.322130, 4.816098
6.296982, 4.819606
6.269282, 4.826484
6.226070, 4.840287
6.183855, 4.856915
6.161910, 4.862341
6.134370, 4.864526
6.082353, 4.870154
6.030519, 4.877268
5.980189, 4.884176
5.921477, 4.892234
5.864044, 4.898605
5.813557, 4.904207
5.774126, 4.905570
5.741051, 4.903719
5.725052, 4.913123
5.660744, 4.932954
5.617189, 4.941686
5.568557, 4.949910
5.519695, 4.956654
5.483690, 4.957092
5.434374, 4.956194
5.382056, 4.956739
5.331261, 4.957268
5.273904, 4.962357
5.221194, 4.967032
5.169757, 4.968627
51efa891-990a-47d0-8c00-f97850a37865
6.750441, 4.638843
6.890133, 4.737435
6.955050, 4.794100
7.052753, 4.878320
7.140655, 4.943361
7.233042, 5.003825
7.306221, 5.044283
7.380948, 5.083227
7.445480, 5.121534
7.474371, 5.140425
22415667-5825-48d9-a440-b10b78e61e7f
6.598493, 4.679622
6.768739, 4.658183
7.042592, 4.776244
7.124758, 4.787346
7.166710, 4.793015
7.201513, 4.802249
7.252446, 4.814212
7.303699, 4.824714
7.353468, 4.834912
7.394937, 4.843409
7.436406, 4.851906
7.477875, 4.860404
7.519343, 4.868901
7.552828, 4.877290
7.582285, 4.889299
7.627376, 4.909299
7.675790, 4.929136
7.722797, 4.948396
7.759999, 4.960403
7.799895, 4.968563
7.871553, 4.978634
7.918481, 4.988253
7.974772, 5.001319
8.024259, 5.012804
8.065496, 5.022376
8.094627, 5.030674
8.143670, 5.046200
