main root
6.552337, 2.626338
6.584426, 3.863437
6.564500, 4.750161
6.386086, 5.353219
6.184400, 5.686188
6.404044, 5.994622
6.695722, 6.707011
911071ac-46bf-401d-8248-92c843fbc56e
6.527948, 2.936659
6.449445, 2.986293
6.236461, 2.939479
5.962342, 2.735520
5.711433, 2.349829
b8780e46-f72e-4c6c-93e7-04d97a9bac72
6.557433, 2.891367
5.517931, 2.732737
2ffceac4-329c-48f1-9e67-3aa6dc73aa45
6.523518, 3.128499
5.238452, 3.002629
755a9a21-dc28-44f9-b8ee-564d98a48eb5
6.563677, 3.455886
5.859639, 3.407573
5.621120, 3.349933
acf16734-5d87-4ea3-8a66-04f0d58800de
6.560441, 3.429710
5.262847, 3.888894
b90ff799-2d9d-48b9-97bb-6d49b2ad962e
6.570563, 3.600266
6.099340, 3.675571
5.862457, 3.602269
5.622292, 3.529454
294f22f0-ff2e-480a-8385-613874b62e5f
6.576483, 3.729567
6.385278, 3.819878
5.451378, 3.850047
8d362fe4-1a4c-4be9-bf37-ba5667e70fe5
6.562307, 3.989509
6.273662, 4.218336
5.663014, 4.268915
71216f4e-bac2-472a-ab21-d4392b834552
6.577860, 4.184376
5.681838, 4.317064
ecd37763-e7c8-4c3b-b96f-d76e77dd3f44
6.571769, 4.324657
6.279922, 4.348852
5.573663, 4.377538
925b66d3-9018-48c9-b05c-0e4ac1c20293
6.551088, 4.643702
6.420443, 4.822597
5.574274, 5.095856
e4bab60e-5dce-43f6-9b58-11af3c0c90d3
6.516028, 4.975039
6.346477, 5.060036
5.687763, 5.063580
89ea0022-e481-4580-8567-11255858b256
6.176518, 5.692638
6.045253, 5.815054
5.788189, 5.953342
882d4879-e83c-4769-8f21-bbfb5e0a17a4
6.385992, 5.354973
6.207719, 5.619432
6.051522, 6.986334
613724e0-359c-4d74-92d5-35575afa55f0
6.472643, 5.063992
6.737908, 5.625113
7.182485, 6.620988
06489301-ca69-4b68-92b2-f50f097cbdd0
6.498630, 4.963635
6.726944, 5.021576
6.787307, 5.029309
7.059974, 5.051061
112e6322-a0b2-4339-9b35-8b2874565554
6.559180, 4.532705
6.672822, 4.570547
6.742025, 4.533084
7.146091, 4.431001
a04f2089-900e-4392-920f-da76ab489663
6.563128, 4.406615
6.684840, 4.276219
6.895873, 4.260506
50469b86-d494-49a1-86f8-d79596794176
6.543129, 3.088341
6.882850, 3.056098
7.181145, 2.953456
7.467297, 2.803155
7.861965, 2.729836
63226eae-defd-4831-bd64-a97264804d2e
6.553949, 2.949012
6.885603, 2.933778
7.331681, 2.845691
7.631231, 2.836412
