main root
6.628863, 5.358818
6.529904, 5.607614
6.537410, 5.723833
6.532184, 5.896394
6.520703, 6.076914
6.500769, 6.231603
6.485460, 6.399079
6.486046, 6.547614
6.484155, 6.694459
6.494200, 6.809927
6.513668, 6.936799
6.537159, 7.062220
6.568992, 7.186555
6.605970, 7.335807
6.630872, 7.462461
6.663164, 7.582363
6.690594, 7.708385
6.715176, 7.840941
6.740443, 7.965687
6.761872, 8.082109
6.777013, 8.199333
6.800654, 8.316487
6.826598, 8.423657
6.850500, 8.513453
6.877963, 8.592439
6.878004, 8.643074
6.886355, 8.711223
6.903860, 8.802194
6.915945, 8.886950
6.918848, 8.981813
6.915619, 9.083791
6.908172, 9.185359
6.895910, 9.294712
6.868969, 9.402061
6.850142, 9.520419
6.834181, 9.620762
6.806486, 9.727520
6.780973, 9.825865
6.749267, 9.931232
6.709510, 10.033980
6.629323, 10.187831
6.615923, 10.301551
6.617206, 10.362558
6.626978, 10.427038
6.648300, 10.497541
6.685720, 10.592044
6.724252, 10.695106
6.740898, 10.763790
6.753378, 10.842079
6.757781, 10.922398
6.751862, 11.006578
6.738390, 11.107722
6.722870, 11.208224
6.713671, 11.309375
6.712313, 11.392996
6.708858, 11.478044
6.713201, 11.579596
6.704631, 11.674602
6.704919, 11.765064
6.709420, 11.857711
6.720209, 11.949722
6.728058, 12.034477
6.737894, 12.118177
6.749784, 12.201601
6.763726, 12.284712
6.771808, 12.370500
6.781773, 12.454169
6.798099, 12.527972
6.794380, 12.573532
6.785966, 12.621435
6.801993, 12.653449
57926a75-38de-4e99-86cc-25246fd43ce2
6.583887, 5.683530
6.673790, 5.695460
6.713567, 5.706778
6.762382, 5.717554
6.804002, 5.728276
6.833380, 5.740480
6.880292, 5.759970
6.938939, 5.781092
6.992786, 5.802077
7.042058, 5.819673
7.078181, 5.837340
7.123812, 5.859657
7.175055, 5.886386
7.214181, 5.910171
7.248546, 5.931061
