main root
6.341687, 4.483077
6.293186, 4.760225
6.272510, 4.850990
6.188540, 4.962431
6.167911, 5.054930
6.139420, 5.134364
6.115024, 5.214667
6.090880, 5.283840
6.065770, 5.355781
6.031481, 5.460445
6.008480, 5.521038
5.986177, 5.588225
5.954763, 5.676185
5.933792, 5.743802
5.914713, 5.810374
5.893497, 5.891932
5.883947, 5.970258
5.872045, 6.006048
5.853517, 6.075997
5.839367, 6.146961
5.822597, 6.208102
5.807824, 6.278938
5.792837, 6.343471
5.770799, 6.398666
5.746520, 6.463512
5.732078, 6.514883
5.716855, 6.585622
5.701456, 6.650058
5.684606, 6.714129
5.670580, 6.785118
5.659809, 6.855080
5.643244, 6.913487
5.626477, 6.995412
5.612895, 7.061772
5.598147, 7.126366
5.575532, 7.225417
5.556321, 7.296116
5.531634, 7.358423
5.498364, 7.436764
5.471096, 7.497148
5.449562, 7.537556
5.419839, 7.583786
5.389566, 7.625403
5.463073, 7.793446
5.554291, 7.811434
5.612256, 7.856459
5.678769, 7.933996
5.701113, 7.988278
5.816797, 8.202248
5.845943, 8.282825
5.855861, 8.325491
5.872809, 8.381649
5.882161, 8.430589
5.900377, 8.489752
5.916483, 8.577134
5.927338, 8.631612
5.938975, 8.685926
5.954947, 8.742370
5.967143, 8.793530
5.977195, 8.845154
5.992106, 8.901887
5.995994, 8.937083
6.006190, 8.994848
6.013165, 9.046978
6.024686, 9.104494
6.027311, 9.144011
6.031791, 9.199380
6.033843, 9.251935
6.033698, 9.304529
6.037332, 9.363076
6.041570, 9.418462
6.039070, 9.453784
6.040344, 9.489506
6.048876, 9.576898
6.042687, 9.665391
6.031815, 9.735018
6.033646, 9.807868
6.041696, 9.889881
6.050776, 9.967063
6.054694, 10.038811
6.062343, 10.140060
6.067445, 10.207602
6.069336, 10.272383
6.069959, 10.365769
6.071917, 10.434990
6.073832, 10.502697
6.082753, 10.594898
6.087642, 10.660969
6.095847, 10.731277
6.106641, 10.823782
6.111851, 10.881334
6.113941, 10.937645
6.116140, 10.996870
6.128868, 11.096760
6.128861, 11.144070
6.131844, 11.223263
6.131607, 11.296524
6.121087, 11.406321
6.146340, 11.642912
6.135154, 11.746461
6.126551, 11.812159
6.115176, 11.875971
6.100594, 11.949244
6.084069, 12.032284
6.072503, 12.090406
6.059981, 12.168666
6.041735, 12.235342
6.033079, 12.289654
6.022419, 12.356545
6.015398, 12.438643
6.005347, 12.531482
5.995899, 12.577039
5.994226, 12.607219
5.992826, 12.659516
5.995834, 12.714906
6.004892, 12.771281
6.010859, 12.827309
6.012195, 12.882245
6.016700, 12.944406
6.014142, 12.996568
6.017816, 13.256937
d7d18d49-8eae-4d61-81b0-5a3fba330546
6.341349, 4.720408
6.379975, 4.737041
6.446244, 4.770184
6.488325, 4.795935
6.517985, 4.828294
6.692085, 4.931179
6.745776, 4.996153
6.783701, 5.037346
6.819400, 5.067282
6.928912, 5.139157
6.981270, 5.204387
7.030213, 5.275299
7.062435, 5.329894
7.095175, 5.367697
7.151284, 5.506732
7.163659, 5.549395
7.174641, 5.608749
7.193426, 5.675590
7.217292, 5.743908
7.261719, 5.837016
7.283140, 5.888930
7.313464, 5.946798
7.346958, 6.001041
7.368579, 6.044604
7.384161, 6.100625
7.407749, 6.186434
7.421753, 6.248673
7.432821, 6.311502
7.446948, 6.403815
7.457194, 6.470772
7.470852, 6.540235
7.490840, 6.630985
7.496035, 6.689367
7.502039, 6.756836
7.510294, 6.849604
7.522040, 6.914072
7.539566, 7.019907
7.537872, 7.164628
7.531261, 7.217814
7.523173, 7.258581
7.538213, 7.288996
7.540904, 7.397028
7.539734, 7.470286
7.539990, 7.547998
7.540325, 7.649590
7.542077, 7.727278
7.549916, 7.809305
7.564610, 7.918588
7.569142, 7.974754
7.572296, 8.032455
7.576572, 8.110654
7.575384, 8.143758
8fdc3d19-85f9-44da-af1e-9a190050b961
6.350635, 4.939758
6.423072, 4.984420
6.486835, 5.018458
6.546513, 5.050316
6.609685, 5.087432
6.678933, 5.123240
6.722726, 5.139144
6.856821, 5.207055
6.906652, 5.222226
6.927217, 5.231615
6.961756, 5.250676
6.983994, 5.262949
6.993612, 5.286144
7.016509, 5.311054
7.046729, 5.346717
7.125553, 5.533454
7.165597, 5.643643
7.243951, 5.747134
7.255931, 5.761287
7.279057, 5.793238
7.300151, 5.822387
7.321312, 5.843969
7.455890, 6.016069
7.485878, 6.054419
7.516058, 6.133518
7.535104, 6.166641
7.568734, 6.219122
7.599568, 6.267241
7.622685, 6.292221
7.650001, 6.321737
7.692186, 6.358668
7.721337, 6.376232
7.774156, 6.406308
7.816913, 6.450527
7.855349, 6.494584
7.880347, 6.527791
7.899442, 6.553157
9a125fcb-797e-4420-8435-95177f0d3eb2
6.201221, 4.876161
6.083963, 4.871230
6.041574, 4.863438
5.893029, 4.933963
5.734351, 4.957251
5.641525, 5.003915
5.560645, 5.035290
5.496054, 5.066768
5.430503, 5.105372
5.380690, 5.142077
5.326913, 5.187279
5.277867, 5.222715
5.212815, 5.286299
5.187047, 5.354182
5.146965, 5.415696
5.114017, 5.455293
5.071442, 5.499442
5.014459, 5.561519
4.968565, 5.609301
4.943681, 5.637370
4.908056, 5.703078
4.813469, 5.901892
4.777907, 5.962702
4.750127, 6.016124
4.716255, 6.087742
4.685111, 6.160595
4.650439, 6.218855
4.622430, 6.282370
4.606381, 6.311348
6e29ecea-7bcf-4d08-a62c-e841e87ea12a
6.237670, 5.037525
6.304232, 5.073522
6.359254, 5.111787
6.428761, 5.160124
6.489234, 5.204002
6.543679, 5.245356
6.585445, 5.288520
6.668674, 5.368927
6.714241, 5.401442
6.776267, 5.445701
6.832028, 5.491006
6.890854, 5.544145
6.929154, 5.570674
6.974401, 5.656181
6.997172, 5.699211
7.081606, 5.785500
7.143367, 5.840057
7.175643, 5.884546
7.235023, 5.948554
7.337181, 6.048920
7.417847, 6.227305
7.449600, 6.405129
7.488158, 6.620777
7.530751, 6.930631
31ab70e9-9098-4a79-8772-9715c252f87e
6.141370, 5.067151
6.097003, 5.091999
6.010206, 5.140612
5.965433, 5.172549
5.924754, 5.210832
5.796363, 5.284893
5.757295, 5.291878
5.748225, 5.318878
5.682651, 5.365997
5.620805, 5.420855
5.563927, 5.469305
5.505414, 5.525046
5.451774, 5.576145
5.425772, 5.598849
5.343783, 5.687410
5.303357, 5.726671
5.280581, 5.748791
5.225111, 5.824672
5.190785, 5.876700
5.158146, 5.926169
5.124658, 5.971490
5.089437, 6.019156
5.054845, 6.071008
5.026721, 6.121255
4.941589, 6.291057
4.906115, 6.355134
4.866880, 6.413634
4.847655, 6.447667
4.815859, 6.534385
4.787931, 6.584467
4.746475, 6.667447
4.713090, 6.737620
4.683188, 6.814406
4.653233, 6.891330
4.637788, 6.926867
b570c092-e1d6-4020-8e75-8d9dfd88f99b
6.114695, 5.409753
6.072550, 5.418323
6.038302, 5.437521
5.950349, 5.442446
5.882773, 5.455237
5.829373, 5.459265
5.799023, 5.455538
5.775680, 5.472986
5.735367, 5.486550
5.628881, 5.564082
5.568769, 5.600443
5.487792, 5.646967
5.457143, 5.662849
5.084482, 6.100873
f72d0449-0013-4857-9bfc-691a503b0c67
6.009829, 5.638586
6.039778, 5.658849
6.066126, 5.676630
6.083076, 5.691637
6.119858, 5.745908
6.130002, 5.766145
6.180559, 5.853961
6.178024, 5.879629
6.199793, 5.882007
6.260148, 5.939017
6.296775, 5.982754
6.364140, 6.074830
6.393232, 6.127268
6.423513, 6.185206
6.455863, 6.237699
6.503362, 6.297655
6.536547, 6.349184
6.564974, 6.390562
47526641-0edd-4003-adbe-ed3a00f6e1e3
5.894588, 5.821431
5.850473, 5.833029
5.814518, 5.847124
5.794259, 5.848636
5.740389, 5.855112
5.652666, 5.901874
5.623438, 5.915750
5.592175, 5.932241
5.561007, 5.952066
5.545178, 5.954408
5.504769, 5.958872
5.461576, 5.965150
5.431813, 5.972501
5.399895, 5.981926
5.280447, 6.070974
5.249120, 6.088728
5.213430, 6.105510
5.173697, 6.127502
4.945945, 6.215945
9011f9f5-6f8a-4d8c-87e3-9dca4d22d489
5.750183, 6.395827
5.706220, 6.405103
5.631656, 6.420836
5.555936, 6.438342
5.501361, 6.455301
5.468968, 6.462233
5.373859, 6.543235
5.327804, 6.574596
5.266420, 6.609152
5.212955, 6.646491
5.124434, 6.715938
5.014587, 6.842174
4.959482, 6.899188
4.920618, 6.930317
4.874535, 6.956671
4.801037, 6.998701
4.747922, 7.034247
4.700427, 7.066033
4.657684, 7.089235
bca6ef54-5e93-41e8-aea7-982be5a9aaaf
5.753224, 6.584301
5.777057, 6.615609
5.816354, 6.655675
5.832555, 6.668532
5.866160, 6.693291
5.890406, 6.709295
5.911605, 6.723287
5.953163, 6.772492
5.976983, 6.798278
5.987962, 6.816687
6.002086, 6.843414
6.016550, 6.855603
6.039697, 6.877212
6.064452, 6.894332
6.087270, 6.908429
6.121571, 6.924472
6.146350, 6.939366
6.167881, 6.954053
6.184703, 6.969153
6.201493, 6.986233
6.237737, 7.027757
6.262039, 7.053346
6.289532, 7.077948
6.312590, 7.100590
6.327991, 7.119907
6.352278, 7.152773
6.378273, 7.185430
6.402505, 7.206259
6.447452, 7.244894
6.477447, 7.272651
6.514733, 7.307156
6.535922, 7.328802
6.553052, 7.348444
6.567636, 7.367442
200e53ef-a03c-48ba-879d-ce9321cdac9b
5.671782, 6.891876
5.692078, 6.909751
5.715834, 6.932245
5.761821, 7.016934
5.775970, 7.039856
5.790645, 7.046224
5.806070, 7.059444
5.831688, 7.075486
5.866848, 7.090440
5.886296, 7.101964
5.906097, 7.115437
5.992241, 7.196364
6.011973, 7.219009
6.037673, 7.250781
6.059962, 7.271196
6.085036, 7.288074
6.129255, 7.316034
6.174942, 7.350235
e8305711-201b-4159-993f-fa070f39a33d
5.440629, 7.798771
5.466358, 7.957717
5.478960, 7.986834
5.497143, 8.032618
5.515872, 8.079773
5.535802, 8.134013
5.550092, 8.186806
5.570564, 8.326583
5.584389, 8.379705
5.595052, 8.420676
5.598331, 8.445163
5.613178, 8.457779
5.621545, 8.479436
5.627180, 8.506482
5.635771, 8.555055
5.644618, 8.605079
5.654942, 8.663441
5.665416, 8.705469
5.603147, 8.958169
5.593411, 8.991244
5.589250, 9.021131
5.592089, 9.054685
5.597923, 9.106383
5.600281, 9.153979
5.598507, 9.208910
5.600732, 9.279124
5.600329, 9.313642
625ecc8e-a982-4b05-ad4e-7318ae4a1180
5.443262, 7.805066
5.403536, 7.904334
5.380678, 7.940474
5.359156, 7.980104
5.339109, 8.017015
5.311424, 8.071127
5.287635, 8.114339
5.259483, 8.162371
5.198326, 8.300183
5.183960, 8.325177
5.166382, 8.345970
5.166241, 8.360449
5.108332, 8.479626
5.093072, 8.504183
5.073117, 8.530622
5.047319, 8.562319
5.022581, 8.599828
4.994610, 8.642236
4.964420, 8.696165
4.948911, 8.723868
4.935355, 8.741958
4.876466, 8.932104
4.834033, 9.076056
4.816699, 9.113668
4.804368, 9.144930
4.791677, 9.160792
4.775513, 9.177974
4.749748, 9.234664
4.690474, 9.329715
4.659476, 9.377160
4.625376, 9.426842
4.601806, 9.463827
4.584743, 9.490603
34313373-a314-405e-b9b3-4ea267363165
5.859733, 8.323133
5.937087, 8.347367
6.026660, 8.407495
6.059318, 8.431550
6.101150, 8.466079
6.206542, 8.510044
6.252186, 8.537645
582efff7-09e1-4e9e-a71b-38395df76442
5.614540, 6.979436
5.551949, 7.041437
5.521885, 7.069110
5.490916, 7.093549
5.444143, 7.132365
5.412999, 7.160155
5.331303, 7.308829
5.317297, 7.324992
5.289912, 7.361182
5.262946, 7.384413
5.243704, 7.400980
5.207758, 7.464693
c768f90a-3cf9-424b-9c81-17ffc3cb5fc9
5.831311, 6.202131
5.878289, 6.217607
5.938707, 6.230301
5.974750, 6.240277
6.030408, 6.262850
6.055625, 6.271767
6.156662, 6.332340
6.210630, 6.382550
6.231698, 6.404255
6.246375, 6.410305
6.265950, 6.421612
6.293232, 6.439099
6.325593, 6.458066
6.349556, 6.470374
6.374165, 6.481332
691d4f64-c612-4cd1-9e6f-80dce9ad8581
6.266745, 4.725811
6.152767, 4.757020
6.111149, 4.801001
5.927194, 4.957099
5.884847, 5.010168
5.830413, 5.087378
5.792879, 5.125033
5.739083, 5.181121
5.669736, 5.235445
5.627569, 5.272283
5.620849, 5.299117
5.579105, 5.365090
5.556720, 5.408801
5.532987, 5.451784
5.161290, 5.919354
302d94ce-5c70-4e81-8d63-8869737ca98c
6.057900, 9.935634
5.955949, 9.972541
5.863167, 10.011833
0a16f127-26ae-4090-805a-b5916548a6f5
5.990159, 8.801452
6.049229, 8.844850
6.115714, 8.864859
6.162322, 8.866011
9161acde-e6a6-478b-ada3-a4fd2381e2c4
6.010511, 8.872676
6.061111, 8.884944
bbc72e00-d0fa-4411-8010-f6b6d57680f3
6.082482, 9.167336
6.126190, 9.171134
6.194157, 9.178542
6.251529, 9.194483
40228e8d-5b03-46fb-9ab5-3382a00a9809
6.081554, 9.437295
6.147134, 9.471288
6.212773, 9.506996
6.283774, 9.542213
6.338964, 9.578042
61c8f58b-c5b5-46c7-9574-76c6b3404ea7
5.466609, 7.829139
5.384013, 7.899013
5.351072, 7.950022
a0a1e96b-8a75-473e-b412-2caa9851935a
6.272690, 4.643298
6.149626, 4.708490
6.036150, 4.785870
5.919022, 4.835355
5.751925, 4.908351
