main root
7.213743, 4.196696
7.190007, 4.640756
7.207678, 4.789491
7.221804, 4.941237
7.235721, 5.113176
7.231288, 5.262447
7.230493, 5.395806
7.231748, 5.534187
7.231123, 5.687253
7.242351, 5.864930
7.239584, 5.987962
7.243888, 6.078862
7.254220, 6.138841
7.255891, 6.210648
7.250388, 6.367398
7.240189, 6.476975
7.235459, 6.596097
7.237060, 6.715292
7.234399, 6.831414
7.226360, 6.905167
7.205942, 6.994892
7.187999, 7.053497
7.176938, 7.109945
7.171694, 7.194259
7.168020, 7.253392
7.167152, 7.315700
7.166330, 7.374941
7.156658, 7.425079
7.159669, 7.504292
7.121003, 7.548334
7.133723, 7.575263
7.113753, 7.689589
7.104659, 7.790822
7.094210, 7.883624
7.093395, 7.985380
7.086486, 8.071267
7.081055, 8.138782
7.082284, 8.179483
7.032877, 8.404531
7.012962, 8.495245
6.993470, 8.603772
6.972781, 8.695166
6.950532, 8.803035
6.934181, 8.903247
6.914956, 8.994955
6.902168, 9.086710
6.888369, 9.170697
6.878621, 9.239256
6.866544, 9.302933
6.852739, 9.375718
6.844842, 9.409321
076d6819-3b31-49ce-9df6-77839b4c3d99
7.180546, 4.299187
7.046190, 4.306053
7.007196, 4.314605
6.982044, 4.320378
6.966009, 4.324070
6.925489, 4.339031
6.889336, 4.348555
6.846868, 4.374929
6.774744, 4.387145
6.734233, 4.392488
6.692266, 4.398025
6.654015, 4.406091
6.607971, 4.421917
6.583806, 4.427058
6.550916, 4.430995
6.508882, 4.436026
6.470538, 4.443631
6.434687, 4.456845
6.378864, 4.474229
6.340466, 4.486187
6.318183, 4.489992
6.247122, 4.519404
6.209628, 4.531683
6.181663, 4.547141
6.142270, 4.575757
6.086852, 4.591521
6.051260, 4.596978
6.001887, 4.606062
5.957529, 4.620310
5.883046, 4.647379
5.825548, 4.671460
5.788453, 4.686996
586e957a-6293-4b42-ae43-1d6db37427e6
7.170605, 4.369781
7.066092, 4.461043
7.050326, 4.481950
7.028953, 4.512774
7.013652, 4.537470
6.989316, 4.590954
6.969019, 4.639173
6.929253, 4.698693
6.895865, 4.718576
6.826307, 4.795486
6.796394, 4.826527
6.752782, 4.833318
6.735214, 4.863182
6.662837, 4.906359
6.630916, 4.928825
6.602790, 4.959535
6.551717, 5.019732
6.502271, 5.073384
6.469824, 5.114800
6.434376, 5.143858
6.356000, 5.245458
6.309204, 5.303672
6.261022, 5.358832
6.198014, 5.427769
6.142707, 5.491354
6.088981, 5.556283
6.045001, 5.600040
5.996962, 5.656283
5.948954, 5.707412
7cb65818-c586-4305-a1f2-6897ef29b787
7.210793, 4.193800
7.347655, 4.288367
7.434311, 4.350808
7.456176, 4.374844
7.504473, 4.414587
7.615081, 4.509008
7.668597, 4.546817
7.693815, 4.568298
7.730489, 4.607401
7.758335, 4.650219
7.788183, 4.660271
7.846776, 4.704019
b8c39c67-b3c9-4f64-83f8-bba079c2a57e
7.210438, 4.847309
7.121910, 4.846470
7.090468, 4.852158
7.031403, 4.848566
6.963023, 4.856026
6.869901, 4.853663
6.832282, 4.849558
6.670737, 4.859991
