main root
7.230745, 4.395446
7.228475, 4.576184
7.264606, 4.866892
7.268341, 5.051001
7.259047, 5.276902
7.246225, 5.473041
7.271536, 5.660978
7.257176, 5.814418
7.250327, 6.066922
7.252160, 6.299074
7.263504, 6.438150
7.278670, 6.593881
7.287875, 6.667295
7.295246, 6.726082
7.308069, 6.804286
7.318678, 6.878247
7.328297, 6.945296
7.344198, 7.024524
7.358908, 7.108353
7.369421, 7.159602
7.377861, 7.208199
7.391184, 7.276154
7.405971, 7.343801
7.415090, 7.406546
7.426528, 7.474841
7.439440, 7.542872
7.446822, 7.605843
7.459690, 7.677053
7.468258, 7.741297
7.476092, 7.800040
7.483928, 7.858789
7.494001, 7.934323
7.507438, 8.012429
7.518630, 8.086308
7.527070, 8.152025
7.539050, 8.221797
7.546758, 8.293225
7.555673, 8.361893
7.566071, 8.430359
7.574538, 8.496074
7.579842, 8.560666
7.584693, 8.619733
7.592542, 8.697042
7.594464, 8.760418
7.596517, 8.828121
7.599855, 8.888811
7.608305, 8.960679
7.619536, 9.030574
7.633340, 9.107042
7.645372, 9.173696
7.652516, 9.213272
f64bcde7-4bec-4ada-b7f6-9be68db74061
7.349501, 4.440111
7.453205, 4.381602
7.547707, 4.391463
7.620786, 4.430642
7.652500, 4.447643
7.680803, 4.459421
7.741390, 4.479768
7.773828, 4.495398
7.821588, 4.516748
7.867966, 4.537482
7.928001, 4.559401
7.961940, 4.574981
7.998431, 4.593378
8.047811, 4.614921
8.108045, 4.636300
8.169882, 4.658248
8.194069, 4.671598
8.240581, 4.695559
8.283727, 4.719470
8.324274, 4.743651
8.346089, 4.756661
8.369957, 4.769153
9ac0f364-8174-49da-8e43-fea30560b6de
7.336534, 4.569877
7.373012, 4.591770
7.531175, 4.701097
7.611629, 4.720529
7.686067, 4.737658
7.742371, 4.745749
7.810006, 4.770161
7.852595, 4.795032
7.868387, 4.809454
7.903873, 4.837810
7.934989, 4.856924
8.000933, 4.890409
8.032767, 4.909930
8.061384, 4.929234
8.109304, 4.981228
8.145774, 5.014172
8.187696, 5.048008
8.231706, 5.085454
8.270397, 5.118374
8.313430, 5.156952
8.349143, 5.190979
8.383806, 5.226073
8.409951, 5.254672
8.436698, 5.292652
221dc99c-81e9-493f-8699-de0c730a5ac5
7.346583, 4.650071
7.421739, 4.666610
7.647460, 4.712134
7.686256, 4.711398
7.742354, 4.722379
7.784500, 4.726901
7.826876, 4.727767
7.860477, 4.730783
7.892823, 4.733017
7.912487, 4.739710
7.940854, 4.754107
7.975247, 4.771564
7.999535, 4.787248
8.022068, 4.805362
8.043969, 4.821048
de57ac49-6ea8-4395-86cd-418b0402a2f3
7.354432, 4.843088
7.421228, 4.867954
7.477076, 4.886890
7.515923, 4.900062
7.560464, 4.910423
7.594245, 4.922892
7.633895, 4.935932
7.659913, 4.942913
7.693613, 4.944206
7.754647, 4.958592
7.793271, 4.964621
7.829770, 4.965773
7.891123, 4.967710
7.968070, 4.982893
8.024138, 4.993956
8.053530, 5.001281
bee538f1-efb5-4e14-a736-fbef19607ccd
7.336111, 4.984735
7.442662, 5.036255
7.493673, 5.055738
7.528799, 5.071110
7.547141, 5.069712
7.611926, 5.084584
7.671483, 5.096720
7.719497, 5.108031
7.767144, 5.120794
7.814385, 5.134997
7.857442, 5.152631
7.904448, 5.171883
7.965151, 5.191891
8.008509, 5.222494
8.043754, 5.252867
8.086966, 5.284178
8.123712, 5.307107
8.156835, 5.322482
8.218611, 5.342908
8.257031, 5.358764
8.292253, 5.374919
8.350489, 5.418568
8.391140, 5.449036
8.421226, 5.473456
8.440485, 5.491015
8.461369, 5.508031
3034383b-1e7d-4571-bbdc-ea6deeb8082e
7.345501, 5.133025
7.408511, 5.164603
7.427189, 5.177321
7.445694, 5.175360
7.466145, 5.182334
7.509963, 5.194113
7.547127, 5.207203
7.606845, 5.225064
7.635731, 5.238390
7.683846, 5.258940
7.726633, 5.280468
7.775554, 5.308435
7.819452, 5.335254
7.842431, 5.352800
7.863470, 5.372631
7.882342, 5.394533
7.898194, 5.415222
7.924377, 5.474012
7.945006, 5.543556
7.963174, 5.594275
7.982477, 5.634849
8.008291, 5.682141
8.038716, 5.734756
8.063087, 5.776901
8.071712, 5.797796
8.083954, 5.835300
8.095204, 5.874588
8.102095, 5.904085
f15035ec-e663-4c55-8734-afc682475cfb
7.132174, 4.628834
7.061640, 4.654882
6.993063, 4.660251
6.923520, 4.666757
6.852199, 4.708549
6.741066, 4.765996
6.649884, 4.829805
6.561534, 4.881307
6.514687, 4.913484
6.439298, 4.967818
6.398428, 4.995429
6.356334, 5.023866
6.307222, 5.057046
6.258914, 5.086068
6.206060, 5.124807
6.158255, 5.159846
6.111100, 5.190697
6.061074, 5.225215
6.005322, 5.263684
5.956538, 5.297345
5.907754, 5.331006
5.857825, 5.370914
5.806100, 5.416088
5.748139, 5.474656
5.694531, 5.526698
5.646812, 5.569570
86d9c75c-86d0-4fab-b3ae-f4cb3fdb2a7b
7.190066, 4.683952
7.120035, 4.716385
7.059196, 4.774664
7.003073, 4.803009
6.966586, 4.817988
6.893328, 4.862119
6.828593, 4.918842
6.784158, 4.955787
6.753429, 4.979391
6.722360, 4.997593
6.683472, 5.022111
6.660663, 5.034721
6.647834, 5.055560
6.629719, 5.076419
6.596111, 5.110554
6.566393, 5.138604
6.529510, 5.171358
6.491899, 5.198753
6.450506, 5.230754
6.409778, 5.266027
6.364823, 5.306939
6.314629, 5.354644
6.276218, 5.393214
6.256796, 5.410595
87faebdc-d620-46b3-9ae9-2254ec2f2bf2
7.179605, 4.816851
7.134485, 4.878952
7.095809, 4.914791
7.051055, 4.964023
7.002963, 4.998270
6.954688, 5.032647
6.920526, 5.064325
6.881883, 5.096076
6.857558, 5.114125
6.792588, 5.142028
6.748263, 5.156179
6.697928, 5.175390
6.639962, 5.202320
6.584030, 5.233256
6.523587, 5.270108
6.457526, 5.313891
6.412576, 5.347275
6.349542, 5.405273
6.317095, 5.429027
6.276428, 5.456944
6.235319, 5.481532
6.183940, 5.514008
6.131123, 5.550934
6.081447, 5.591143
6.028796, 5.633761
5.977794, 5.675043
48281615-875a-4076-ab4e-4e6a3944d1b7
7.200900, 4.974166
7.126943, 5.022059
7.075418, 5.046190
7.045714, 5.058400
7.021431, 5.069953
6.988967, 5.090323
6.960489, 5.108191
6.937638, 5.120812
6.917148, 5.127050
6.881970, 5.142500
6.851934, 5.154105
6.819692, 5.168214
6.788098, 5.183721
6.758583, 5.196589
6.725421, 5.215994
6.696925, 5.230985
6.667781, 5.244675
6.639527, 5.252938
6.627286, 5.265466
6.565013, 5.314042
6.525395, 5.344946
6.478665, 5.381398
6.434123, 5.412348
6.385827, 5.444082
6.344232, 5.467833
6.307469, 5.488823
6.271822, 5.505730
6.247450, 5.520601
6.211313, 5.542652
6.174180, 5.568817
6.138852, 5.597372
6.085850, 5.632114
6.064176, 5.648111
