main root
6.167966, 2.205567
6.003565, 2.942926
5.879743, 3.891017
5.703757, 4.495659
5.439809, 5.094287
5.407186, 5.943233
5.445562, 6.314995
5.356542, 6.608271
5.096318, 6.979504
5.090110, 7.074920
085a072a-6cf3-45cb-96c8-c21e095e4658
6.023477, 2.786832
5.722160, 2.725834
5.419836, 2.570681
5.237199, 2.496133
8efc6990-3460-4480-b3f8-8c4262d3f0ae
5.988604, 2.963009
5.845889, 3.017416
5.428794, 3.051175
5.040862, 3.173920
dd82af12-e9ff-482c-b698-ff7a8859fe99
5.929138, 3.488651
5.484947, 3.511184
38e7f2f2-bfb1-4e68-9f09-0d4ab30f5904
5.405974, 5.600347
4.826074, 6.179808
553ca881-c5ad-4a26-add7-eff033c8fa2a
5.394698, 5.769504
5.291412, 5.785820
4.952564, 6.151102
4.627325, 6.684775
ad521626-c6c7-4eb7-bef0-6e05eb9346ad
5.403916, 5.829824
5.592928, 6.173949
5.649107, 6.405827
5.623567, 6.675799
5.565811, 6.847140
