main root
6.101769, 3.097765
5.972499, 3.471650
5.852051, 3.675997
5.863952, 3.813687
5.929247, 4.173072
6.016615, 4.389668
6.285826, 4.747730
6.664201, 5.151533
6.898065, 5.366466
7.166020, 5.636733
7.269406, 5.803193
7.360854, 6.006965
7.408801, 6.256269
7.453509, 6.586644
7.492715, 6.811839
7.603905, 7.078973
7.761943, 7.345858
7.830435, 7.573246
7.951604, 7.938132
8.052838, 8.353373
8.201006, 8.949282
8.306080, 9.424245
8.383897, 9.623117
8.431822, 9.973347
8.485567, 10.493871
8.486410, 10.683372
ffaa7790-47bc-4f41-96e7-0447a3d9b342
7.532193, 6.929092
7.679250, 6.971107
7.762887, 6.952584
7.834209, 6.936186
1c373080-7a47-4f58-87d4-0142dfb2fac8
7.416906, 6.254747
7.644270, 6.309539
7.934447, 6.323026
8.201025, 6.304225
8.373119, 6.297718
d4df0283-8212-4ed1-b693-afeec30fd890
7.424049, 6.477848
7.237954, 6.497657
6.979502, 6.568428
6.867649, 6.599826
07e714b3-7b94-41a6-b775-4efdc7bf779a
7.353969, 5.968063
7.457576, 5.978496
7.518424, 5.999232
7.621016, 5.996964
7.724446, 5.964858
7.973483, 5.926667
8.131021, 5.879669
8.210562, 5.868103
8.331472, 5.849141
8.612118, 5.796198
38971259-a7a3-4436-a004-06dcff151e77
7.199213, 5.703402
7.230457, 5.836854
7.221035, 5.902222
7.142500, 5.980688
c91db36b-697c-42dc-971a-6c81df4c0188
7.010143, 5.438382
7.047370, 5.399287
7.154486, 5.355598
7.220594, 5.341876
7.403556, 5.224809
7.502155, 5.198927
7.603324, 5.155778
f0d5bff2-3638-4a3f-ba9c-737e180d9998
6.594500, 5.076480
6.767260, 5.117046
7.173340, 5.121786
7.408618, 5.118886
7.508801, 5.122179
7fee8500-4f0a-4b94-9558-97e7f1247bcf
6.730097, 5.216019
6.603093, 5.345956
6.486168, 5.421966
6.239927, 5.663461
6.105674, 5.759230
6.021221, 5.818450
5.912046, 5.907233
5.832590, 5.964426
a19c738d-4b6e-4942-8a3a-07698d795cb0
6.232806, 4.708656
6.170542, 4.794627
6.058583, 4.883609
5.939070, 4.958050
5.864493, 5.008045
5.767917, 5.054600
e4a454a9-1026-44ea-97d3-0f4de9e886a4
6.123222, 4.581759
6.034341, 4.673969
5.938147, 4.757666
5.754573, 4.953165
5.606708, 5.047202
5.508170, 5.106842
5.435677, 5.122653
5.344155, 5.149466
5.292135, 5.169028
0d095a84-a12f-407a-8008-8d094e0b0bb0
5.980819, 4.235642
6.243368, 4.225807
6.418625, 4.198778
6.583883, 4.095343
6.806959, 4.005757
7.044434, 3.939623
7.276968, 3.998478
1df91253-cf6d-452e-85be-39b9f0c35c26
5.945783, 3.653890
6.332881, 3.728561
6.723662, 3.828200
6.877309, 3.869011
7.379890, 4.017926
7.884386, 4.144600
8.022062, 4.197779
8.623565, 4.347480
8.980420, 4.461815
9.194700, 4.513602
9.592856, 4.661645
9.840950, 4.737295
10.305362, 4.867001
0c257e99-265e-4501-bcc6-10c4fe659519
5.868580, 4.031047
5.338248, 4.148940
5.014748, 4.255063
4.754627, 4.297343
4.432300, 4.343400
4.106967, 4.367198
3.575405, 4.424664
3.339511, 4.454747
3.028391, 4.453525
f00cdc84-55a7-4538-9dc6-c425bfd0ef83
5.805375, 3.785204
5.673480, 3.950943
5.382566, 4.145094
5.237690, 4.269657
5.155500, 4.321847
5.003199, 4.507391
4.884088, 4.666228
11edb2e3-da17-4083-8a2a-059787ad08e6
5.653614, 3.712721
5.582261, 3.841779
5.508293, 3.925744
5.459031, 3.992911
5.421298, 4.044444
5.361187, 4.139636
1d3b78e4-fd7e-4ce4-91ca-8d3d4086c958
5.900404, 4.069656
6.162805, 4.092802
c135901c-0a69-4ba5-a406-7acc5d6ae14f
5.921792, 3.478798
5.707807, 3.450820
5.607101, 3.438947
5.496393, 3.453150
5.207706, 3.481532
5ce39cda-c3ae-4f03-9ae7-a76425ea545c
6.075106, 3.452266
6.293016, 3.560461
6.455306, 3.611100
6.636064, 3.690072
6.799979, 3.752942
7.001445, 3.820068
1b49b668-c3d9-4731-a864-7781695d01f8
6.143569, 3.429237
6.383273, 3.471752
6.506959, 3.453141
6.653339, 3.440314
6.829683, 3.433980
7.010013, 3.384345
5a5f0443-9b53-4a38-b3bf-ed4ca63120ea
5.959703, 3.755367
6.077405, 3.879590
6.160082, 3.977267
6.227789, 4.094999
6.690663, 4.226991
6.849267, 4.303192
