main root
6.019746, 1.962567
5.551849, 3.181196
5.339261, 3.781507
5.347124, 4.163762
5.704241, 5.286970
5.830472, 5.500362
6.007242, 5.650471
6.432723, 6.531042
e007febc-066b-4d32-8acf-69a9f483cd44
5.786967, 2.552700
5.509831, 2.526700
5.153754, 2.370391
4.855386, 2.342044
2463fd10-5b99-483a-a386-671d9d65e164
5.790457, 2.616369
5.434780, 2.624722
5.266551, 2.648369
4.884222, 2.590012
a048c4b8-ed15-4375-9819-9ddfab21c836
5.742826, 2.612533
5.485538, 2.774440
5.079890, 2.878925
4.871831, 2.900743
4.595169, 2.967926
f5b9bfdf-cb2c-4b8d-b41f-f55ae2351cb2
5.581093, 3.086491
4.960097, 2.898366
c264c49e-b960-4661-bf76-6bf55120c570
5.704374, 5.278547
5.574088, 5.501157
5.186564, 5.671462
0b0b7b8c-3b8e-43f6-8097-adccfa6c8fc5
5.768898, 5.441764
5.388899, 5.858303
e7073094-c63e-4473-b715-8cd02d589936
5.706639, 5.323413
5.561754, 5.520894
5.175324, 5.777944
ea579b9b-e048-475a-8c4b-6825b3c2089d
5.731881, 5.305528
5.887074, 5.509980
6.244480, 5.663259
6.512304, 5.880258
