main root
6.813930, 3.992418
6.740135, 4.201418
6.715074, 4.302193
6.617451, 4.410889
6.525144, 4.491621
6.412726, 4.669616
6.349822, 4.765256
6.311700, 4.838613
6.272706, 4.922772
6.237571, 5.008609
6.207068, 5.075226
6.186227, 5.135125
6.163030, 5.210905
6.143704, 5.289375
6.123292, 5.359742
6.109882, 5.428754
6.106836, 5.509666
6.097001, 5.603209
6.094468, 5.686791
6.087732, 5.772144
6.082520, 5.864916
6.075676, 5.949762
6.064667, 6.034670
6.054808, 6.127066
6.047931, 6.211056
6.045224, 6.294937
6.035891, 6.388523
6.031700, 6.472340
6.022214, 6.542162
6.017084, 6.624403
6.009808, 6.692476
f7c8e8c9-9169-4f6f-bcb4-16e726012d65
6.809518, 4.136423
6.882123, 4.195464
6.921405, 4.217163
6.977672, 4.231862
