main root
5.829300, 2.216855
5.705122, 2.705100
5.696297, 3.300179
5.510813, 3.919711
5.438901, 4.342808
5.326343, 4.878193
5.067482, 5.262022
4.887334, 5.418285
4.823112, 5.629146
4.944878, 5.961921
5.328471, 6.460792
5.526489, 6.872176
5.627815, 7.177069
376d396d-5a28-480d-97f4-0cfa5a6f3e78
5.721633, 2.554577
5.175671, 2.538115
4.934140, 2.467372
4.026571, 2.331192
3.831167, 2.352322
3.632945, 2.312565
dace89bc-b6c5-47ce-881b-c877e1f4cbe4
5.705530, 2.810221
4.789707, 2.988668
4.574192, 3.066635
4.416283, 3.077692
4.038405, 3.203952
