main root
6.481240, 5.126214
6.450082, 5.325734
6.441876, 5.494340
6.434648, 5.587526
6.408946, 5.736924
6.395747, 5.882134
6.386757, 6.018385
6.382907, 6.140728
6.381001, 6.268005
6.379228, 6.386528
6.375231, 6.513218
6.367795, 6.614789
6.368184, 6.725403
6.377031, 6.853455
6.387277, 6.985958
6.400456, 7.130676
6.416223, 7.281611
6.435836, 7.449400
6.451475, 7.618905
6.464261, 7.779800
6.479018, 7.965488
6.503766, 8.121705
6.515177, 8.247398
6.533019, 8.398047
6.540940, 8.535687
6.536917, 8.646131
6.520244, 8.759884
6.501825, 8.885551
6.487948, 8.994820
6.483880, 9.076235
6.474140, 9.121240
6.480368, 9.187880
2bfd5d43-1f1f-40f9-8fe6-a1ff74ec3188
6.443372, 5.243167
6.317748, 5.172333
6.286761, 5.155140
6.268622, 5.141651
6.249204, 5.144629
6.220325, 5.146030
6.189186, 5.153620
