main root
6.939254, 4.647360
6.942199, 4.891263
6.943630, 5.009781
6.961955, 5.129455
6.990511, 5.288953
6.992669, 5.393713
6.990873, 5.504844
6.915087, 5.730334
6.901811, 5.834155
6.887995, 6.016897
6.881025, 6.161538
6.884511, 6.300807
6.899655, 6.485558
6.893008, 6.559411
6.892496, 6.612021
6.894055, 6.669244
6.874525, 6.792801
6.866055, 6.894520
6.848154, 6.983013
6.823173, 7.048910
6.767926, 7.165091
6.730686, 7.253230
6.716434, 7.314146
6.708584, 7.384745
6.709477, 7.472441
6.710511, 7.574030
6.705240, 7.644303
6.699699, 7.718179
6.700724, 7.778434
7bad23cf-6f2a-481f-94d6-92cea1846498
6.955285, 4.733788
6.806088, 4.889036
6.736085, 4.920734
6.668163, 4.948204
6.602482, 4.965080
6.559431, 4.976140
6.529015, 5.007084
6.481308, 5.031690
6.404416, 5.078427
6.350796, 5.108542
6.271372, 5.124492
6.168056, 5.198413
6.096026, 5.242338
6.005771, 5.289944
5.916956, 5.339181
5.852590, 5.381978
5.796607, 5.417404
5.746998, 5.459316
a6c8a0d1-1d2e-4b58-8a4c-ba03863df163
7.014088, 4.961502
7.140403, 4.951895
7.222457, 4.940274
7.280834, 4.938480
7.323253, 4.948612
7.378974, 4.985738
7.435709, 4.999183
7.491394, 5.004030
7.537466, 5.008902
7.580150, 5.017285
7.628952, 5.024694
7.655182, 5.029542
e489974c-6e45-428b-8e26-470482e09bda
7.023459, 4.726548
7.097619, 4.743801
7.157785, 4.756761
7.185224, 4.765770
7.215023, 4.770829
7.311985, 4.814687
7.361710, 4.811897
7.430284, 4.810822
7.487696, 4.812025
7.524025, 4.808293
5b0a0802-bc71-4eae-a037-9e24266223fa
7.029390, 5.234604
7.082406, 5.301551
7.203342, 5.330309
7.240118, 5.358109
7.264360, 5.389908
7.292544, 5.392305
7.377204, 5.419780
7.415346, 5.429517
e626341c-1def-4b4b-8501-753cb3ebf8f9
6.992360, 5.403294
6.887663, 5.463116
6.794180, 5.498559
