main root
6.802967, 4.697640
6.726398, 5.138916
6.646017, 5.354620
6.546526, 5.623570
6.516876, 5.769479
6.489452, 5.882026
6.470888, 5.954925
6.447591, 6.055279
6.345085, 6.214139
6.312074, 6.299397
54505ae6-b28a-4a0e-b2b5-3296680a81a7
6.854013, 4.838697
6.964305, 4.887484
7.026407, 4.908408
7.060944, 4.926364
7.113532, 4.953704
7.417815, 5.108202
7.474687, 5.133722
7.507420, 5.151693
7.549386, 5.181564
7.601847, 5.215232
7.623284, 5.239660
7.646715, 5.256155
6e4b6f3c-769b-4d3f-9e96-8aed13af7924
6.820654, 5.012199
6.896412, 5.025824
6.986861, 5.035118
7.091586, 4.994229
7.237069, 5.026389
7.311861, 5.050359
16bac954-636f-4d6d-93a5-e08524e111c7
6.796937, 4.870178
6.955541, 4.941603
7.036899, 4.968395
7.109281, 4.992232
7.378002, 5.070897
7.476003, 5.095799
d7299dce-e7ee-4ddd-b55a-d27c176817d4
6.802967, 5.185834
6.881512, 5.265774
6.913183, 5.300478
7.063654, 5.342081
f814ea04-22fd-4a55-9ba6-7950f6442942
6.746522, 5.307188
6.799358, 5.357613
6.813445, 5.378142
6.838860, 5.418308
6.868426, 5.451038
6.899336, 5.487489
6.934702, 5.538451
6.966408, 5.586762
6.986402, 5.619955
8056ec24-5145-4a71-8d16-3da384ea0707
6.737948, 5.099900
6.497065, 5.268964
6.441611, 5.310382
6.383762, 5.347985
6.286466, 5.400282
6.242295, 5.417227
b2a32feb-377c-4460-92d5-a3944eb3ca62
6.710905, 5.211376
6.516167, 5.312462
6.476986, 5.351854
6.453355, 5.375612
6.435431, 5.389388
6.410258, 5.408735
6.390668, 5.420016
