main root
6.697444, 5.121176
6.747190, 5.289550
6.741096, 5.522535
6.703761, 5.766273
6.704336, 5.902542
6.728212, 6.102295
6.780876, 6.390810
6.791530, 6.629679
6.812599, 6.865221
6.804987, 6.984210
6.797386, 7.131535
6.799907, 7.205896
6.798724, 7.278278
6.803253, 7.522860
6.798453, 7.562345
6.824239, 7.680626
6.841722, 7.834627
6.860262, 7.960714
6.880831, 8.086163
6.879279, 8.270348
ee9d22ce-a1dc-468a-8b63-7b7d537355ca
6.758965, 5.227829
6.886473, 5.226521
6.933323, 5.223612
6.997156, 5.259577
7.036366, 5.267277
7.096436, 5.268398
7.187769, 5.282431
7.298026, 5.290808
7.425090, 5.298356
7.519583, 5.308198
7.583475, 5.325488
7.681072, 5.354091
7.762141, 5.380011
7.810663, 5.397096
94008451-c376-4b8a-8c28-bea61057c762
6.750088, 5.463383
6.835510, 5.426883
6.901027, 5.368371
7.030296, 5.375912
7.157433, 5.381225
7.258987, 5.374885
7.337362, 5.372112
7.420013, 5.383404
7.458257, 5.402020
db0e34ee-eda7-4f7f-8e75-e6ed35a5a834
6.684190, 5.553005
6.639642, 5.571291
6.592425, 5.592194
6.403277, 5.664743
6.324270, 5.690635
6.222102, 5.733024
6.137101, 5.770567
6.066220, 5.813436
5.991962, 5.858348
5.933167, 5.894444
5.922300, 5.932309
5.861508, 6.016340
5.818084, 6.076362
5.797327, 6.107606
d73a2bbf-2dcf-40f5-9c8c-dd12414ca67a
6.708574, 5.695434
6.620457, 5.672246
6.500717, 5.735620
6.468795, 5.752839
6.448750, 5.757174
6.408961, 5.765780
6.273881, 5.806694
6.208572, 5.856164
6.116985, 5.919595
6.041809, 5.974219
5.986022, 6.020304
5.935211, 6.048691
5.903221, 6.068277
59cb8934-8f00-4c18-8bb5-bf9fd9101369
6.731297, 5.627658
6.775374, 5.643470
6.807200, 5.664200
6.874222, 5.669867
6.923166, 5.680668
6.982768, 5.717948
7.012201, 5.743421
7.069686, 5.781292
7.127473, 5.812191
7.162620, 5.834380
7.208608, 5.866952
7.256972, 5.901211
7.288353, 5.930777
7.331490, 5.971420
7.359609, 6.002029
7.379723, 6.028348
7.389457, 6.058339
7.406951, 6.102541
7.428753, 6.149490
33e4d67a-6db5-4b54-b1ad-6c063aca0897
6.650275, 6.004164
6.604966, 6.018293
6.560492, 6.053267
6.515619, 6.073604
5b153eaa-c9db-40f1-8969-b37d810897c0
6.785883, 6.000745
6.831001, 6.007886
6.887448, 6.016820
6.935952, 6.028914
