main root
7.202216, 4.571807
7.176851, 4.790548
7.155732, 4.967888
7.139257, 5.224481
7.116653, 5.422774
7.099373, 5.606023
7.086119, 5.791402
7.051637, 6.029717
7.033345, 6.222478
7.009499, 6.364071
7.006998, 6.477035
7.004475, 6.615328
6.995215, 6.696105
6.990339, 6.757027
6.984276, 6.818162
6.978896, 6.890111
6.971709, 6.945923
6.964138, 7.004622
6.956939, 7.036945
6.977596, 7.069594
6.970801, 7.131273
6.974025, 7.251937
6.974297, 7.318194
6.971528, 7.372363
6.962827, 7.425267
6.954444, 7.485467
6.947653, 7.555933
6.945728, 7.638312
6.942487, 7.712962
6.939549, 7.780632
6.938409, 7.841401
6.934203, 7.906071
6.927563, 7.962031
6.924633, 7.999427
ccfc523b-8082-4729-a762-517dccbc441b
7.226485, 4.819648
7.279422, 4.856338
7.329404, 4.883303
7.389039, 4.901054
7.468532, 4.922522
7.534585, 4.950826
7.584469, 4.953487
7.635583, 4.986334
7.705019, 5.046048
7.789894, 5.116247
7.865606, 5.184359
7.924515, 5.243011
7.962747, 5.292951
8.014781, 5.371300
8.047893, 5.417407
18a17490-abea-4752-9c46-b2c921a33646
7.164846, 4.611848
7.085462, 4.632680
7.014294, 4.658181
6.948930, 4.659000
6.906603, 4.659531
6.864270, 4.660061
6.828289, 4.660512
6.799935, 4.663860
6.772088, 4.670165
20d90c3d-96b1-4307-b0e3-a1f9dc6d9a5f
7.086629, 5.290641
7.017878, 5.320332
6.997205, 5.329002
6.965708, 5.339263
6.928429, 5.349832
6.882649, 5.358145
6.841874, 5.367070
6.791449, 5.377762
d38bbf91-0e21-44f8-8461-9a34db39ac7f
7.226967, 5.234624
7.262919, 5.260623
7.283819, 5.275412
7.304892, 5.275519
7.328816, 5.277107
7.349414, 5.282945
7.380026, 5.293145
7.410142, 5.304725
7.443569, 5.315944
7.465792, 5.324949
7.489408, 5.339331
7.520287, 5.356350
7.542532, 5.368610
3453a87d-86bd-4fd0-a11c-fe9506740b59
7.217534, 5.046123
7.316611, 5.109633
466e971c-a5de-4444-ad7a-04e56bdf00de
7.081347, 4.940238
6.978983, 4.941597
6.956548, 4.938892
6.940959, 4.950520
6.882838, 4.969602
6.835524, 4.983560
6.788825, 4.994216
6.751869, 4.999578
6.724199, 5.006618
6.678845, 5.024336
6.638562, 5.041680
6.593471, 5.057835
6.558692, 5.071886
b86998ca-ba8c-477a-b4b4-088b0e58c203
7.127585, 4.605535
7.043426, 4.520791
6.915957, 4.522882
6.894539, 4.520106
6.857382, 4.511639
6.825177, 4.508905
6.788687, 4.510314
6.749855, 4.514809
6.687825, 4.528015
6.653782, 4.533732
