main root
5.695744, 2.763773
5.692298, 2.964053
5.744126, 3.334154
5.887549, 3.666622
5.983594, 4.390380
6.032690, 5.037737
6.003401, 5.494070
5.898356, 5.953667
5.636046, 6.591583
5.547080, 6.861761
5.511167, 7.013441
5.487413, 7.123798
5.491492, 7.328631
5.441088, 7.532617
5.270310, 7.856306
5.277594, 8.289278
5.264543, 8.531846
5.282274, 8.648599
5.286680, 8.694520
5.306683, 8.815597
5.273909, 9.019725
5.309934, 9.154473
5.323678, 9.293566
5.362194, 9.372141
7b62a0fa-f8f3-4695-a1b6-a18c45da1a1c
5.515040, 7.363567
5.596684, 7.381493
5.636794, 7.341493
a04d1dab-e9f2-4dba-8790-c1033c4bd2eb
5.507561, 6.973304
5.385979, 6.989525
5.262729, 6.991280
5.189698, 6.998727
1dbd5b38-3b52-447d-b51d-1cfe6c5a89d5
5.492706, 7.311934
5.227896, 7.389996
4.956083, 7.432842
0ac85722-71e4-4149-8668-0563b10afecb
5.280068, 7.815023
5.061407, 7.798399
98152e86-7df9-443f-b8cb-89183c7b1f55
5.766540, 3.204914
5.952485, 3.310687
1a456210-7956-4ecb-b64e-ed90238bf29e
5.894810, 3.845352
5.658215, 3.860501
5.433348, 3.852096
5.270283, 3.860433
5.138969, 3.837431
10fd1340-36dd-4779-b69b-72bef89073bf
5.818704, 3.611649
5.636686, 4.079110
5.547988, 4.205726
5.494866, 4.277783
5.420616, 4.335883
6adf4e15-107e-4f29-8d7a-e8ac7a440a19
5.895207, 3.897997
5.670685, 4.022431
5.601759, 4.050023
5.496885, 4.101679
5.404276, 4.117664
5.139901, 4.176660
5.026345, 4.200626
5.007410, 4.157549
4e55e8e1-a5de-4a18-89f9-39554f24a977
5.720798, 3.315523
5.498886, 3.410102
