main root
6.576520, 5.903871
6.373248, 6.041281
6.282994, 6.221792
6.243354, 6.324465
6.213235, 6.437276
6.187429, 6.558418
6.126978, 6.699793
6.112802, 6.759822
6.093604, 6.859526
6.089346, 6.937259
6.082623, 7.022110
6.086437, 7.105213
6.088269, 7.190309
6.094218, 7.274020
6.096422, 7.347252
6.101350, 7.411509
6.113118, 7.486665
6.136878, 7.570675
6.148377, 7.638833
6.160488, 7.723085
6.171821, 7.791393
6.181185, 7.856977
6.181996, 7.915586
6.187485, 7.987737
6.184595, 8.048376
6.188489, 8.123859
6.187157, 8.185138
6.181293, 8.248262
6.184493, 8.327102
6.181800, 8.371442
6.176294, 8.437461
6.174766, 8.509805
6.161620, 8.565294
6.153585, 8.611429
6.156084, 8.636347
6.144216, 8.737916
6.132281, 8.822192
6.124634, 8.905767
6.107682, 8.998684
6.097302, 9.090739
6.085707, 9.175066
6.074173, 9.258946
6.055137, 9.351055
6.038003, 9.433969
6.021262, 9.525368
6.006007, 9.608650
5.987117, 9.700111
5.965759, 9.783013
5.944620, 9.873496
5.916894, 9.955708
5.885066, 10.043503
5.852021, 10.122483
5.814043, 10.207807
5.771348, 10.283326
5.719668, 10.361915
5.673795, 10.435520
5.632610, 10.559856
5.613680, 10.650453
5.596363, 10.733335
5.583636, 10.825098
5.578102, 10.926589
5.598093, 11.033781
5.576410, 11.112469
5.575408, 11.222538
5.576521, 11.332676
5.577548, 11.434272
5.578490, 11.527403
5.577332, 11.620791
5.578360, 11.705052
5.581462, 11.789265
5.588692, 11.872877
5.600866, 11.964831
5.611035, 12.057673
5.618239, 12.142484
5.631040, 12.243196
5.636493, 12.353232
5.643192, 12.445914
5.645220, 12.531509
5.640897, 12.601844
5.633419, 12.674726
5.731266, 12.910784
5.806429, 13.046631
5.922639, 13.051158
6.131572, 13.098706
2c54abf6-f3e5-4960-b7c4-8fc8f6bb328a
6.135335, 7.584332
6.042512, 7.566884
6.009072, 7.559331
5.982879, 7.560399
5.956099, 7.562956
5.929496, 7.566966
5.898095, 7.579266
5.783069, 7.602736
5.694020, 7.593588
5.592428, 7.557107
5.556648, 7.545849
6a36a97d-c2db-466d-b55f-666f57fda50e
6.156314, 7.746533
6.125343, 7.753627
6.095087, 7.753723
5.978878, 7.751233
5.877278, 7.756878
5.817588, 7.751391
5.606075, 7.753822
5.488617, 7.756687
5.395509, 7.758958
5.302118, 7.759131
5.231066, 7.748745
5.147530, 7.740727
5.091799, 7.732369
5.060400, 7.727661
5.028472, 7.728926
efba0439-01e7-452b-a269-bf0f239af38d
6.173112, 7.959453
6.135691, 7.970864
6.044902, 8.038625
5.910577, 8.081928
5.872268, 8.091133
5.833377, 8.097389
5.791642, 8.104094
5.754868, 8.103927
5.745384, 8.125123
5.649452, 8.155227
5.607041, 8.168535
5.499630, 8.197970
5.434085, 8.228350
5.333734, 8.254796
5.278554, 8.266243
5.218198, 8.281817
5.162961, 8.292980
5.100184, 8.311772
5.046706, 8.289201
5.026330, 8.314037
4.918232, 8.337373
4.857535, 8.345882
4.822269, 8.355361
635ad290-5050-410a-b64a-7c6feb92529e
6.141870, 8.200678
6.169965, 8.196270
6.133625, 8.204485
6.074749, 8.238544
6.010389, 8.242651
5.938537, 8.242738
5.860841, 8.244331
5.759631, 8.252754
5.692135, 8.258371
5.623271, 8.265605
5.558013, 8.272460
5.361326, 8.316679
5.272908, 8.340863
5.164745, 8.352901
5.056071, 8.373511
4.946567, 8.385665
4.835743, 8.380933
4.670419, 8.400018
4.615216, 8.398040
4.559652, 8.394551
4.504660, 8.388486
0f3e13fa-c03c-4145-8ec7-6f5d5bf5611c
6.152154, 8.593257
6.070973, 8.651421
6.029281, 8.663716
5.959320, 8.679667
5.886245, 8.694795
5.787265, 8.717444
5.686839, 8.741025
5.585248, 8.771361
5.497675, 8.801902
5.410660, 8.834476
5.323445, 8.867126
5.233340, 8.894119
5.120675, 8.932277
5.031889, 8.951207
4.915675, 8.973829
4.832562, 8.990008
4.766394, 9.010511
4.696617, 9.030566
e26df722-27e8-4dae-b953-41d0a62249ed
6.309149, 6.196068
6.221766, 6.234939
6.201706, 6.251341
6.163565, 6.278662
6.116423, 6.306908
6.086070, 6.323349
6.039570, 6.371487
6.020745, 6.408210
5.991854, 6.445542
9c7b8bf3-6f4b-43ee-acbb-4807ef0fbd5b
6.412148, 5.940988
6.388292, 5.909060
6.358783, 5.874581
6.335372, 5.847243
6.314122, 5.829876
6.281570, 5.830832
6.250374, 5.837736
277ca6e9-526c-46a9-98bd-b53478cedb2f
6.533812, 6.024510
6.565350, 6.084241
88ab8e65-58aa-4417-a4e8-5650661a13cb
6.144642, 7.715983
5.993899, 7.754192
5.884343, 7.754871
5.786007, 7.760171
5.745207, 7.801768
5.704987, 7.810842
5.570754, 7.850476
5.510872, 7.857370
5.427018, 7.864942
5.325025, 7.867780
5.223324, 7.868494
5.128975, 7.865301
8727052a-f60e-4fde-a755-8728a490af9a
6.206338, 8.053376
6.242625, 8.150099
6.255563, 8.188846
6.274647, 8.231824
6.283582, 8.259320
6.294702, 8.293543
6.300666, 8.316739
bb82f332-b038-4849-bf8a-2822685c5a4b
6.179212, 8.263613
6.200689, 8.331297
6.206927, 8.394913
6.215225, 8.447452
6.215600, 8.469693
797ac8f2-40b4-4dde-a824-46d9bb4614f1
6.092898, 8.849682
6.040079, 8.864318
5.969797, 8.879133
5.892948, 8.898392
5.834788, 8.919514
5.787236, 8.939965
5.671281, 8.988000
5.614370, 9.000238
5.579191, 9.007804
5.465142, 9.063672
5.409111, 9.079455
5.351155, 9.084898
4.985883, 9.189117
417ecb20-bcc4-4a3d-8f52-4bcd9973aca4
6.091407, 8.904785
6.028588, 8.931881
5.991495, 8.944578
5.961760, 8.961045
5.923745, 8.985520
5.863418, 9.002406
5.807379, 9.016538
5.759203, 9.027143
5.727480, 9.029531
5.698011, 9.036250
5.517510, 9.095439
5.348455, 9.124431
5.263654, 9.151138
5.217081, 9.159547
5.139759, 9.176568
5.067395, 9.192513
5.014257, 9.195068
5b442823-1d98-4408-ae5a-7989cf8eda78
6.040667, 9.287923
5.995444, 9.290719
5.916619, 9.298590
5.854389, 9.310821
5.772356, 9.338949
5.663988, 9.386164
5.620762, 9.416467
5.572793, 9.465292
5.505855, 9.530422
5.426897, 9.592490
5.327860, 9.656926
5.231533, 9.727150
5.156854, 9.771327
5.089691, 9.816276
5.046125, 9.843630
5.003669, 9.861450
961159eb-9ca7-4bb9-a5cc-232b749e7e98
6.070582, 9.250711
6.021062, 9.205379
5.823655, 9.148233
5.641017, 9.069656
5.498567, 9.054543
5.470363, 9.074766
d48b13ae-0dd5-4f33-9078-90a1fccd01de
5.998370, 9.499597
5.961636, 9.535984
5.931732, 9.561341
5.912016, 9.581935
5.894543, 9.604462
5.869522, 9.644045
5.855950, 9.665515
5.572999, 9.867865
5.539951, 9.884136
5.506059, 9.890813
5.500258, 9.914715
5.411778, 9.972287
5.337843, 10.015449
5.287202, 10.043280
5.248838, 10.062656
d891d0f2-e17b-4d6b-a21a-af4f3ddb7d47
5.938918, 9.747234
5.904805, 9.745496
5.847736, 9.739602
5.705592, 9.759913
5.647000, 9.768273
5.585865, 9.780006
5.525363, 9.794654
5.472246, 9.801343
5.416119, 9.805383
5.357086, 9.809619
5.292509, 9.820244
5.236573, 9.826402
5.190842, 9.828411
5.161178, 9.834209
04e207e0-ef32-491e-bbce-c8cebf05063d
5.842399, 10.106365
5.821696, 10.102579
5.754413, 10.108356
5.667640, 10.111870
5.633894, 10.122793
5.565352, 10.140622
5.510348, 10.144063
5.408527, 10.146193
5.339253, 10.151851
5.275443, 10.164569
5.226523, 10.175846
f7d65785-a8f8-456c-9134-3caec3539a69
5.800424, 10.294386
5.836932, 10.315964
5.895130, 10.350221
5.974201, 10.414300
6.027035, 10.443042
6.067977, 10.466496
6.120647, 10.487521
6.167963, 10.504303
6.233463, 10.538777
6.274723, 10.561668
6.311399, 10.586628
6.353972, 10.613237
6.393422, 10.639121
6.440584, 10.664145
6.463178, 10.680698
6.491521, 10.699042
66124946-f662-4221-bd3e-39e43c89e80c
5.903966, 10.024246
5.957645, 10.074420
5.980430, 10.091621
6.004892, 10.106341
6.030763, 10.118417
6.067489, 10.128957
6.111873, 10.138580
6.149677, 10.149839
6.204449, 10.166152
6.266206, 10.201842
6.319776, 10.229344
6.384460, 10.254139
4eef3ddf-afb2-4f01-bc56-85858b7ca2e0
5.732520, 10.435489
5.781868, 10.479614
5.832095, 10.518427
5.902055, 10.549277
5.952311, 10.567523
5.990135, 10.582848
6.025459, 10.598774
6.111852, 10.654568
569c1264-54a0-4238-8f52-500fbe78c688
5.642858, 10.477498
5.576964, 10.463723
5.542478, 10.463113
5.490776, 10.465174
5.406134, 10.477518
5.329564, 10.490198
5.256934, 10.499208
5.191819, 10.495220
5.119580, 10.493950
5.003385, 10.532867
4.940929, 10.544388
5fc78762-2d3a-47be-b018-84794b526631
5.626602, 10.568496
5.580985, 10.591251
5.527349, 10.619680
5.466874, 10.653429
5.426325, 10.681200
5.391977, 10.710167
5.309195, 10.796808
2ec6d675-8433-42d8-983f-1152562448fa
5.592779, 10.752631
5.477292, 10.755988
5.434977, 10.757218
5.389758, 10.761527
5.263171, 10.792565
5b0e8747-7126-4b13-9a96-e71f4bf44b5b
5.560985, 10.911772
5.494605, 10.961906
5.420985, 10.995678
5.373414, 11.022631
5.330573, 11.045383
5.285961, 11.070772
5.243294, 11.093129
5.215876, 11.105608
5.189135, 11.125812
5.167408, 11.151607
34b26de8-094a-4c79-b10c-6d91b50a82c0
5.540275, 11.034529
5.514274, 11.033421
5.449194, 11.018364
5.365391, 11.023155
5.295752, 11.032554
408431ad-fcd6-4691-bd77-b07bfaca2926
5.618724, 11.578096
5.672058, 11.592870
5.715686, 11.611166
5.780087, 11.641420
5.816487, 11.658521
db09315c-6fea-4a9a-bbfe-026e25600686
5.558367, 11.781366
5.487811, 11.755966
5.431390, 11.739432
