main root
7.391411, 5.066771
7.440335, 5.404351
7.486343, 5.662618
7.518542, 5.889133
7.528403, 6.053253
7.534932, 6.231638
7.558202, 6.352817
7.611521, 6.530092
7.621137, 6.598287
7.629235, 6.716157
7.634407, 6.834505
7.625307, 6.910604
7.597796, 7.061665
7.581448, 7.175020
7.559477, 7.282892
7.545223, 7.395170
7.535543, 7.505006
7.525252, 7.597831
7.515921, 7.681986
7.505737, 7.800998
7.485732, 7.982047
7.480034, 8.091417
7.469672, 8.209238
7.457925, 8.318637
7.449430, 8.437283
7.449122, 8.529929
7.453016, 8.631380
7.463587, 8.741283
7.487633, 8.859069
7.497110, 8.958386
7.502566, 9.060090
7.499204, 9.154489
7.491668, 9.247881
7.488409, 9.340578
7.483026, 9.433816
7.478145, 9.518343
7.479506, 9.598624
7.462872, 9.647254
7.484106, 9.857954
7.493417, 9.950356
7.490871, 10.009002
7.477099, 10.083739
7.448703, 10.168193
7.400611, 10.284879
7.356735, 10.385780
7.305733, 10.492486
7.262037, 10.593722
7.227151, 10.679853
7.194982, 10.776183
7.166860, 10.873749
7.142427, 10.981432
7.119948, 11.080506
7.107056, 11.165844
7.100750, 11.249228
7.100665, 11.332854
7.098505, 11.417944
7.096410, 11.500467
7.088912, 11.559925
efd5e9e5-aa2d-4530-853e-693883bed887
7.360631, 5.065159
7.285088, 5.168288
7.264626, 5.228872
7.246607, 5.286903
7.233871, 5.343060
7.219402, 5.415457
7.209955, 5.455091
7.199058, 5.494351
7.183846, 5.562364
7.149760, 5.664370
7.050566, 5.883484
7.031555, 5.922929
7.017558, 5.955424
7.003386, 5.984551
6.987885, 6.012991
6.973290, 6.042904
6.960086, 6.059727
ee072d87-a0c6-497d-a1aa-b8ae750ee158
7.438537, 5.303490
7.569516, 5.441122
7.597533, 5.491739
7.619747, 5.549574
7.628366, 5.584536
7.638790, 5.620568
7.705543, 5.789178
7.719204, 5.810164
7.754898, 5.853595
7.797894, 5.902644
7.826439, 5.942020
7.909688, 6.028034
7.942900, 6.064501
7.974990, 6.101959
8.000512, 6.129448
8.018284, 6.168092
afc7c8fd-da28-4130-af32-6887f5c1c0fd
7.401126, 5.531231
7.340610, 5.581971
7.297778, 5.639872
7.260333, 5.658741
7.158394, 5.735307
7.082254, 5.769537
7.034050, 5.794242
6.972930, 5.835227
6.851437, 5.884842
6.815096, 5.908613
6.753061, 5.942039
6.705260, 5.971195
6.658090, 6.006979
6.600714, 6.061778
6.551831, 6.103322
6d5c68f1-e007-4ee4-a2c5-2dc11a9d0f6b
7.456338, 5.109756
7.497885, 5.139156
7.534748, 5.200336
