main root
6.688656, 4.593695
6.705318, 4.917121
6.723325, 5.103021
6.733381, 5.258488
6.742432, 5.496468
6.726741, 5.661406
6.708064, 5.835694
6.678511, 5.984579
6.633231, 6.126100
6.574995, 6.283654
6.513032, 6.415463
6.425499, 6.567433
6.336961, 6.712839
6.252322, 6.867929
6.183467, 7.011205
6.104428, 7.170845
6.012921, 7.318275
5.933421, 7.450293
5.897157, 7.521604
5.875099, 7.583648
5.857372, 7.633507
5.844332, 7.690917
1e80e1d9-8d12-4296-98c2-b09c6ca35aec
6.658971, 4.997451
6.559382, 5.013341
6.481830, 5.028787
6.395523, 5.061274
6.326289, 5.116160
6.278189, 5.144215
591d1009-1eec-40cd-a98b-4b1eb6c3244c
6.771281, 5.007893
6.811668, 5.031365
6.829537, 5.045212
6.869363, 5.086288
