main root
7.564476, 4.836402
7.526019, 5.218915
7.549842, 5.521289
7.554609, 5.680551
7.567334, 5.834073
7.571087, 6.003843
7.586588, 6.136799
7.603411, 6.262970
7.616964, 6.380579
7.638803, 6.523471
7.650761, 6.643554
7.662507, 6.761500
7.675526, 6.870874
7.689536, 6.988583
7.706760, 7.097486
7.728150, 7.205644
7.742934, 7.280394
7.745408, 7.346898
7.758401, 7.411684
7.762689, 7.455898
7.764230, 7.578680
7.771036, 7.643852
7.768751, 7.694027
7.763200, 7.750106
7.765416, 7.818903
7.767322, 7.878139
7.754146, 7.967493
7.745499, 8.026130
7.734382, 8.101518
7.725790, 8.180303
7.716202, 8.254406
7.707510, 8.321581
7.699905, 8.380359
7.691008, 8.437461
7.681943, 8.492487
7.666837, 8.653636
7.660184, 8.692507
7.658343, 8.720997
7.659089, 8.755859
7.659991, 8.798166
7.660891, 8.840473
7.661787, 8.882781
7.665741, 8.928020
7.669427, 8.970180
7.673117, 9.012341
7.683295, 9.059944
7.673940, 9.087914
7.675440, 9.119671
7.671135, 9.156054
7.670744, 9.184568
7.673316, 9.212967
7.682649, 9.249980
7.692921, 9.290835
7.699528, 9.329522
7.706590, 9.371053
7.713621, 9.412587
7.720622, 9.454126
7.731040, 9.498126
7.740717, 9.539126
7.750363, 9.580132
7.759980, 9.621146
7.765968, 9.659934
7.773222, 9.687512
7.787563, 9.730394
7.800895, 9.770354
7.812242, 9.804469
7.820220, 9.828551
7e6c8031-1ddc-4703-b747-679cd6d2d98b
7.526958, 5.004172
7.437761, 5.019942
7.394165, 5.023263
7.259259, 5.038989
7.189353, 5.050153
7.149184, 5.052020
7.099867, 5.052815
7.062416, 5.054914
6.964282, 5.043170
6.938906, 5.025058
6.918235, 5.010301
6.904146, 5.028851
6.842853, 5.037525
6.771153, 5.031405
6.723771, 5.024357
6.678889, 5.022221
6.625562, 5.024177
6.557105, 5.031770
b9c5a65c-c9b0-40d7-a6ef-bb0d965f03cf
7.518517, 5.144122
7.425660, 5.206347
7.386810, 5.225385
7.361180, 5.244807
7.311710, 5.291685
7.244679, 5.337389
7.201525, 5.372247
7.162006, 5.404168
7.137307, 5.424119
7.026230, 5.502423
6.984461, 5.533699
6.944210, 5.561968
6.903729, 5.584912
6.860660, 5.605882
6.798213, 5.644610
6.745356, 5.682272
6.676962, 5.734831
d9db3766-33ef-453a-8c6e-2abb790edb6c
7.728727, 7.246277
7.802737, 7.282373
