main root
6.416961, 4.568434
6.375795, 4.793388
6.334581, 4.994540
6.318713, 5.142613
6.314301, 5.273035
6.306088, 5.391019
6.301419, 5.518548
6.307214, 5.647197
6.310432, 5.765536
6.321643, 5.866558
6.319020, 5.977199
6.324631, 6.096582
6.332704, 6.223619
6.326115, 6.317346
6.306978, 6.439844
6.280449, 6.554988
6.264262, 6.653519
6.270728, 6.770336
6.256121, 6.888157
6.248859, 6.998327
6.239948, 7.133507
6.218863, 7.229929
6.187466, 7.343881
6.153992, 7.457429
6.133469, 7.556966
6.113304, 7.665243
6.101819, 7.784537
6.084207, 7.901409
6.069985, 8.044421
6.050407, 8.155832
6.043179, 8.231561
6.037943, 8.298222
d7d3b0f7-4ea1-4d84-9172-55e4fc6b2ef5
6.439295, 4.747850
6.555764, 4.787919
6.626432, 4.812684
6.692626, 4.840639
6.759329, 4.871492
6.862075, 4.911251
6.904589, 4.921031
6.972921, 4.926113
7.057083, 4.930294
7.115507, 4.914509
7.202941, 4.903773
7.279862, 4.885802
7.356772, 4.874301
7.421277, 4.862516
7.486175, 4.869909
0ef98e57-cc36-4b71-ae0b-faa5f752270e
6.422831, 4.853702
6.491406, 4.863607
6.560520, 4.879275
6.631167, 4.898593
6.693235, 4.906258
6.772169, 4.912994
6.844828, 4.922203
6.923740, 4.929191
6.999616, 4.935914
7.059783, 4.938244
7.114640, 4.934381
7.167423, 4.930667
7.207418, 4.918855
7.278448, 4.901003
7.347976, 4.889707
5034020e-f5ad-4771-8458-fa2570ddd097
6.371374, 4.834634
6.435149, 4.936623
6.444599, 4.983075
6.451589, 5.019645
6.506153, 5.155475
6.529591, 5.183600
6.544614, 5.203001
6.542573, 5.222233
6.545187, 5.254042
6.558525, 5.270751
6.577564, 5.327367
6.585501, 5.351363
6.600882, 5.379203
6.628465, 5.416750
3d52d7a5-e945-4299-8887-78b00c7d565a
6.375421, 5.023844
6.401165, 5.049995
6.426145, 5.066730
6.476668, 5.106867
6.534464, 5.133310
6.615636, 5.160572
6.680268, 5.188594
6.766331, 5.223616
6.832972, 5.247502
6.896735, 5.270357
6.966474, 5.295354
7.010073, 5.306212
1b7c047a-300e-49c0-9b1b-1cd9ecfa1bb3
6.337423, 5.587998
6.386990, 5.623784
6.448434, 5.647143
86d4af3e-7e9b-42d0-ab76-00c8ab93e6e1
6.312783, 5.998245
6.211410, 6.081324
6.160748, 6.117876
6.134662, 6.138542
4b5311be-48d0-4242-8500-3261075cc386
6.357113, 5.956665
6.495345, 5.956300
6.487279, 5.950741
6.510996, 5.950260
6.544257, 5.947647
6.559675, 5.954235
