main root
6.838380, 4.698854
6.874638, 4.916852
6.882625, 4.964876
6.872342, 5.019012
6.846520, 5.109866
6.823120, 5.203149
6.796265, 5.292918
6.773739, 5.382896
6.759858, 5.438335
6.722783, 5.489008
6.671464, 5.566274
6.623704, 5.645789
6.575749, 5.725626
6.531643, 5.807225
6.487359, 5.889156
6.467936, 5.951633
6.436127, 6.039769
6.404512, 6.127372
6.391910, 6.187078
6.389531, 6.279828
6.377848, 6.325176
6.364834, 6.383104
6.324071, 6.531658
6.303005, 6.591462
6.309114, 6.736223
6.303931, 6.866594
6.286746, 7.006460
6.279401, 7.190569
6.264227, 7.306052
6.240513, 7.438489
6.218124, 7.586038
6.201743, 7.728367
6.190369, 7.827198
6.186951, 7.883084
6.185573, 8.008792
6.197055, 8.119323
6.184120, 8.220073
6.181449, 8.340273
6.180923, 8.459001
6.188034, 8.576014
6.192014, 8.641510
6.190655, 8.710067
0bba1fcf-2192-4a24-b262-d5330bc3921d
6.809139, 4.838703
6.749616, 4.857013
6.706192, 4.871319
6.605792, 4.896667
6.468522, 4.942753
6.389148, 4.969403
6.315969, 4.995552
6.257803, 5.009979
6.150511, 5.034409
6.098169, 5.041722
6.036201, 5.067648
5.882071, 5.129319
5.815019, 5.164210
5.749391, 5.180984
5.713664, 5.185482
5.650358, 5.188927
5.584141, 5.191032
5.509203, 5.200904
5.446725, 5.206114
5.390183, 5.212940
5.319607, 5.222128
5.270538, 5.227004
5.221343, 5.230387
5.169288, 5.235464
5.117399, 5.242026
5.065719, 5.250067
5.006793, 5.269840
4.928767, 5.271739
4.876533, 5.274511
4.824400, 5.278778
4.777890, 5.278082
4.731923, 5.278894
39bfdbad-e1f7-48fa-9eed-e9f5baa3362a
6.928183, 4.853892
6.983124, 4.893364
7.043119, 4.926310
7.101781, 4.965353
7.191359, 4.996170
7.275167, 5.022489
7.360374, 5.069092
7.469415, 5.075227
7.546343, 5.085848
7.615943, 5.077230
7.857947, 5.135785
7.915377, 5.141818
8.007873, 5.149418
8.093267, 5.164759
8.151256, 5.173655
8.293640, 5.136406
8.414873, 5.142212
8.483028, 5.137242
8.574753, 5.124226
8.655136, 5.121197
8.779432, 5.122513
7f18dcc0-6273-4176-9dc1-bc51d1b4b79b
6.934454, 4.991572
6.958790, 5.012002
6.995749, 5.034940
7.036451, 5.050439
7.077991, 5.066256
7.162094, 5.052973
7.263450, 5.071262
7.346725, 5.084179
7.429891, 5.086585
7.513497, 5.095230
7.573866, 5.074261
7.619097, 5.080331
7.847013, 5.082971
7.906879, 5.085161
7.942130, 5.078962
8.054258, 5.060444
8.104594, 5.060659
8.177791, 5.063966
8.222196, 5.065971
8.383076, 4.994853
8.496247, 4.992490
8.579965, 4.986594
8.672099, 4.975887
8.765560, 4.969262
8.851470, 4.966988
aeb31e4d-d9e1-43bd-b499-cee5115a5ddf
6.798215, 5.420657
6.852319, 5.503120
6.882183, 5.545909
6.904925, 5.586339
6.938131, 5.645370
6.971412, 5.710638
6.999476, 5.759087
7.023111, 5.801416
7.099133, 5.865152
7.135955, 5.897976
7.180219, 5.931417
7.227039, 5.961165
7.271984, 5.987948
7.297207, 6.004720
7.324469, 6.028242
7.360821, 6.061585
7.391916, 6.096199
7.432205, 6.134330
7.471219, 6.169193
7.506986, 6.203162
7.541330, 6.233718
7.615327, 6.282076
7.655775, 6.310296
7.695349, 6.339729
7.729825, 6.370963
7.773809, 6.404752
7.807794, 6.436520
7.855477, 6.470848
7.894610, 6.500864
7.932817, 6.532053
7.970058, 6.564386
8.010527, 6.597536
8.047714, 6.629931
8.088127, 6.663148
8.125261, 6.695606
8.165618, 6.728890
8.202697, 6.761410
8.242996, 6.794763
8.275805, 6.827742
8.313746, 6.863757
8.337730, 6.888584
5739369e-111d-4f06-9878-357670c4620a
6.874229, 5.201029
6.952634, 5.269020
7.067069, 5.322424
7.123368, 5.346377
7.189302, 5.360999
7.285044, 5.384580
7.355416, 5.404996
7.401459, 5.412119
7.465537, 5.419003
7.531335, 5.414029
7.592627, 5.413899
7.650634, 5.417923
7.684935, 5.421804
7.745994, 5.407297
7.832128, 5.421414
7.898725, 5.439912
7.968454, 5.462389
8.009975, 5.466338
8.089090, 5.470857
8.171481, 5.469566
8.289679, 5.489464
8.331787, 5.498072
d8981cbc-b73d-4985-90a7-30a123014ab4
6.831892, 5.007426
6.741136, 5.016209
6.719131, 5.012322
6.700696, 5.025675
6.672188, 5.021431
6.622861, 5.006995
6.607480, 4.989172
6.582856, 4.951474
6.573293, 4.920412
6.554594, 4.890196
6.541227, 4.868597
6.527296, 4.787469
6.527451, 4.736574
6.542124, 4.714050
6.559579, 4.673544
6.573929, 4.632678
6.583103, 4.593001
6.593426, 4.541711
6.601107, 4.488383
6.609375, 4.451966
6.619408, 4.414539
6.652696, 4.349821
6.668510, 4.325618
6.700031, 4.290503
6.855180, 4.151713
6.876759, 4.151763
6.920540, 4.150366
6.958456, 4.153650
7.010687, 4.156671
7.064565, 4.156789
7.126829, 4.153931
7.184604, 4.152778
7.231811, 4.153333
7.263249, 4.158192
7.311744, 4.167203
7.345377, 4.174974
7.374517, 4.183244
b8aaa754-5781-42e3-a21c-c4e7ffbc3eb2
6.784813, 5.240818
6.701379, 5.260572
6.641255, 5.260333
6.557816, 5.249613
6.524650, 5.246861
6.499338, 5.244760
6.375030, 5.240967
6.337342, 5.235324
6.293774, 5.230315
6.261341, 5.223574
6.225206, 5.211476
6.181277, 5.199926
6.125790, 5.183788
6.077013, 5.169603
6.026911, 5.161266
5.963288, 5.155232
5.912714, 5.150435
5.628353, 5.156778
5.582452, 5.159297
5.549339, 5.162612
5.494783, 5.172584
5.448432, 5.176488
5.412576, 5.179509
5.316657, 5.166734
5.274694, 5.161145
5.236094, 5.152985
5.211244, 5.147731
5.191928, 5.156860
5.121788, 5.160082
5.061845, 5.165832
5.024679, 5.170901
35242b60-25e3-45cc-afc6-275370fd7b4c
6.588547, 5.681770
6.414970, 5.708755
6.389208, 5.712699
6.356145, 5.714731
6.302874, 5.712081
6.234711, 5.701197
6.162988, 5.686713
6.056227, 5.669471
5.977564, 5.659800
5.930110, 5.656981
eb7acb40-4569-42db-8fc4-27410890a508
6.450481, 6.075066
6.387353, 6.075711
6.288032, 6.054819
6.246551, 6.053438
6.175053, 6.046565
6.104124, 6.035236
6.004308, 6.015009
5.945912, 6.001648
5.895620, 5.992610
