main root
6.707719, 4.821679
6.707425, 5.072343
6.707272, 5.202928
6.716497, 5.402384
6.739046, 5.607270
6.766252, 5.782591
6.790691, 5.953654
6.794747, 6.051220
6.773530, 6.178023
6.745961, 6.333484
6.702811, 6.499124
6.663933, 6.629264
6.617064, 6.772193
6.577100, 6.907217
6.556075, 6.978255
6.535023, 7.040420
6.540698, 7.233300
6.541957, 7.305070
6.538427, 7.359839
6.538262, 7.432199
6.536615, 7.498428
6.533472, 7.564605
6.533107, 7.635397
6.534203, 7.713100
6.532123, 7.777875
6.527325, 7.834023
6.520914, 7.891459
6.517365, 7.963735
6.514043, 8.031382
6.509020, 8.072641
6.505182, 8.104158
6e9b0360-d419-42e7-8ab2-c3ed57e0ceb8
6.654841, 5.404808
6.608674, 5.434313
6.573469, 5.455037
6.544050, 5.467143
6.497890, 5.484522
6.452097, 5.498564
6.395474, 5.519058
6.321432, 5.553530
9e6120e1-4f84-4fdf-8272-31acfb1c7118
6.644603, 4.981423
6.586883, 4.980635
6.545344, 4.991666
6.497387, 4.999757
6.448524, 5.006482
6.400653, 5.017603
6.356237, 5.029457
6.306348, 5.042422
