main root
6.910499, 4.856923
6.940600, 4.953390
6.942666, 5.033433
6.968667, 5.209090
6.978027, 5.340929
6.986021, 5.440383
7.003025, 5.567960
7.015200, 5.687969
7.031171, 5.832108
7.040265, 5.952445
7.031606, 6.057903
7.025941, 6.209821
7.017483, 6.323171
7.007187, 6.432718
6.991925, 6.550005
6.979813, 6.659480
6.964700, 6.776893
6.958053, 6.878243
6.945056, 6.979443
6.936329, 7.080604
6.924767, 7.190021
6.914091, 7.291052
6.904623, 7.400788
6.893775, 7.501904
6.887161, 7.603217
6.874750, 7.696447
6.859237, 7.796956
6.848436, 7.880531
6.827031, 7.996764
6.793970, 8.094543
6.783730, 8.177068
6.766137, 8.267729
6.756357, 8.350784
6.750674, 8.434518
6.742252, 8.527534
6.730977, 8.628606
6.718053, 8.721049
6.707486, 8.785822
6.699153, 8.855494
6.690104, 8.931156
6.687042, 9.007168
6.688282, 9.087978
6.682763, 9.133789
6.676686, 9.184223
6.668290, 9.241399
6.662546, 9.311413
6.660692, 9.384743
6.656704, 9.423990
6.654136, 9.449260
6.656918, 9.481091
6.663847, 9.525982
6.670301, 9.567817
6.676755, 9.609652
6.683208, 9.651487
6.696490, 9.698327
6.700646, 9.734925
6.712299, 9.797765
6.724649, 9.864359
6.733711, 9.921437
6.741678, 9.971614
6.750970, 10.030142
6.756837, 10.086184
6.766296, 10.147789
6.780410, 10.210120
6.791788, 10.273923
6.807401, 10.335900
6.825766, 10.402673
6.837646, 10.462801
6.847494, 10.512639
6.851538, 10.563992
6.857799, 10.624454
6.869704, 10.695827
6.880498, 10.760550
6.885722, 10.791866
6.906543, 10.880298
6.924006, 10.954469
6.935788, 11.011041
6.942604, 11.058450
6.954428, 11.119652
6.960410, 11.174289
6.965938, 11.224784
6.975690, 11.286352
6.981538, 11.342404
6.989333, 11.402691
6.990003, 11.442896
6.990850, 11.493690
6.988795, 11.550007
6.989516, 11.612337
6.982633, 11.664204
6.981203, 11.709112
6.981943, 11.779896
6.982564, 11.839155
6.981671, 11.896941
6.983833, 11.950777
6.990538, 12.005846
7.002058, 12.075693
7.004819, 12.120029
7.006390, 12.169326
7.011095, 12.222999
7.018775, 12.276325
7.028616, 12.334160
7.033570, 12.388147
7.039711, 12.458282
7.040159, 12.497730
7.046503, 12.529045
7.054909, 12.570534
7.066051, 12.636632
7.066541, 12.675555
7.067287, 12.734822
7.068033, 12.794087
7.068779, 12.853352
7.072557, 12.915572
7.074564, 12.973329
7.074780, 13.022650
7.076505, 13.074933
7.079655, 13.125034
7.081249, 13.150385
fc6d10c3-ad01-42fc-8749-b3f96b289a6e
6.747743, 8.712522
6.755766, 8.755168
6.757359, 8.779821
6.759452, 8.835456
6.751925, 8.874202
6.756697, 8.914018
6.760024, 8.934702
6.771771, 8.974472
6.791746, 9.058628
6.803206, 9.114067
93e76141-b1de-4c43-9573-e8086bc3d06e
6.813201, 8.034261
6.759809, 8.124401
6.728402, 8.192860
6.702554, 8.277001
6.692212, 8.310956
6.680352, 8.339619
6.664980, 8.380689
6.648386, 8.416478
6.634384, 8.460913
6.624841, 8.491195
6.593673, 8.550838
315051fe-2fad-4e11-ad71-a45bc6df897c
6.887334, 7.916322
6.940122, 7.974088
6.965060, 8.018137
6.993291, 8.062146
7.023993, 8.102129
7.042447, 8.128643
7.059019, 8.149859
7.086094, 8.177252
7.107703, 8.201264
7.132390, 8.226484
7.152462, 8.249150
7.177752, 8.268681
7.215643, 8.299488
7.238087, 8.324523
7.262310, 8.348984
7.271716, 8.366990
7.282153, 8.390657
7.296030, 8.398712
7.308629, 8.416302
7.326227, 8.443454
7.346683, 8.472278
7.367135, 8.498522
7.388742, 8.523825
7.407335, 8.543307
7.437025, 8.567924
7.463064, 8.589512
7.484888, 8.611495
7.518946, 8.641551
7.557022, 8.669165
7.588825, 8.695926
7.625096, 8.730359
7.651567, 8.759615
7.677853, 8.790899
7.698759, 8.822759
7.730772, 8.866089
7.768084, 8.914074
7.797968, 8.952506
7.809359, 8.972031
7.822158, 8.993971
77435433-a14f-4c58-bc04-4d70bf100366
6.887785, 7.925447
6.922958, 7.950082
6.965412, 7.962880
6.997705, 7.974173
7.052822, 7.992076
7.093732, 8.009543
7.131926, 8.029058
7.176912, 8.054515
7.223030, 8.081495
7.259570, 8.102873
7.296112, 8.124250
7.325123, 8.142957
7.351227, 8.163350
7.378281, 8.190185
7.414685, 8.219967
7.456110, 8.251924
7.498429, 8.282679
7.541616, 8.312215
7.585625, 8.340501
7.616813, 8.365883
7.656215, 8.397951
7.684836, 8.425103
7.713430, 8.454293
7.740936, 8.484511
7.761573, 8.504959
1efae378-b36c-4ae9-a873-b8494aa22346
6.980286, 5.717172
6.927639, 5.746325
6.875075, 5.769487
6.826886, 5.816584
6.796721, 5.839786
6.763758, 5.861353
6.739869, 5.880548
6.705994, 5.915448
6.652906, 5.944531
a3079501-f923-4ef4-85e5-fe2c8c157f89
7.056967, 5.524500
7.085569, 5.504878
7.113605, 5.483752
7.133019, 5.474666
7.165563, 5.454407
7.195470, 5.430426
7.215065, 5.416552
7.234740, 5.408044
7.259250, 5.399008
7.282233, 5.392063
7.303592, 5.390234
7.324868, 5.392858
7.411648, 5.385277
7.460496, 5.387967
7.516837, 5.396379
7.561898, 5.400080
7.602264, 5.404897
7.634666, 5.411778
7.690861, 5.425242
7.734596, 5.438799
7.767093, 5.450439
7.813779, 5.471184
b5c843bc-23c6-4d9d-a860-160e21af94a0
6.922632, 5.293682
6.892372, 5.296729
6.847587, 5.304247
6.807079, 5.309528
6.768490, 5.313050
6.736719, 5.311441
6.701327, 5.311147
6.668971, 5.309382
6.646224, 5.303644
6.632804, 5.311191
6.543885, 5.313890
6.493756, 5.322068
6.413602, 5.341211
6.341698, 5.355306
6.266916, 5.369965
6.194032, 5.405840
6.092379, 5.497240
5.995767, 5.576258
5.977318, 5.627480
3ea06ee2-a432-403d-819a-d740c9c44695
6.895135, 5.148231
6.831016, 5.192404
6.810132, 5.201400
6.781492, 5.208622
6.767974, 5.221235
6.751312, 5.232073
6.728443, 5.246016
6.707254, 5.257181
6.566767, 5.297210
6.528627, 5.304878
6.490001, 5.309503
6.448513, 5.314387
6.407014, 5.319186
6.362877, 5.327220
6.321695, 5.334716
0376a4df-7c0f-4ed0-910d-a353ab135940
6.869213, 4.871061
6.822331, 4.896685
6.778161, 4.910006
6.690489, 4.936225
6.638695, 4.975836
6.614035, 4.990925
6.605442, 5.011496
6.561737, 5.054685
6.531624, 5.084441
6.489467, 5.126100
6.447310, 5.167758
6.405203, 5.200950
6.359653, 5.229233
6.318295, 5.254914
6.289394, 5.279907
6.244259, 5.322898
6.201240, 5.368006
6.160237, 5.406664
6.117238, 5.443090
6.071669, 5.485614
6.028341, 5.526047
5.985159, 5.562250
5.912889, 5.607439
5.867546, 5.637557
5.832371, 5.668107
5.774545, 5.722296
5.731298, 5.762823
5.695775, 5.796112
5.556864, 5.963866
5.490634, 6.019800
5.459908, 6.045749
5.435296, 6.070454
5.405425, 6.104677
5.377588, 6.136571
5.350713, 6.160535
5.312920, 6.192230
5.274178, 6.222766
5.234528, 6.252113
5.193385, 6.284427
5.153687, 6.313703
5.109833, 6.353481
5.067400, 6.393992
5.030065, 6.435688
572574d2-afe5-4948-8b93-fb3f5907d63b
6.912606, 4.935310
6.816005, 5.010495
6.754942, 5.024859
6.720224, 5.035230
6.672920, 5.054990
6.647801, 5.070252
6.618849, 5.081398
6.581073, 5.092732
6.554739, 5.103756
6.511727, 5.137939
6.459355, 5.171452
6.401079, 5.213419
6.335916, 5.279438
6.293135, 5.298049
6.246716, 5.341214
6.178706, 5.404457
6.110503, 5.467879
6.040699, 5.529919
5.932105, 5.610598
5.903508, 5.647534
5.856139, 5.686594
47fe1a15-5ad9-4c4a-ae95-dd3c707e7d96
6.876996, 5.003324
6.764031, 5.080914
6.636493, 5.143979
6.507381, 5.209882
6.455354, 5.233621
6.399911, 5.261671
6.357748, 5.256130
6.343209, 5.290709
6.207232, 5.395996
5.799141, 5.714953
5.748867, 5.791200
5.668416, 5.854274
5.631643, 5.923019
5.575184, 5.982799
5.504720, 6.056349
5.465418, 6.101917
5.438065, 6.135923
5.411894, 6.170847
5.384638, 6.202228
5.356731, 6.232075
5.327748, 6.260881
5.296208, 6.296449
d5f8c949-3192-4534-94bb-310ba5f2b08e
6.777690, 8.475132
6.820541, 8.492379
6.845959, 8.504890
6.873931, 8.514343
6.889772, 8.511882
6.924186, 8.504956
6.947965, 8.501633
6.969349, 8.503115
7.004442, 8.503984
7.025299, 8.508928
7.058072, 8.515095
7.079538, 8.522181
9e625509-3ce0-4e6c-bee9-d0f24e1ded4d
6.710000, 9.091077
6.749572, 9.097350
6.775013, 9.108453
6.853565, 9.124501
6.916285, 9.139818
6.955597, 9.150960
6.996322, 9.162502
7.037056, 9.174046
7.095931, 9.189177
7.140804, 9.199164
7.183948, 9.216597
77a401de-1a7d-4929-b54e-f093883f227c
6.675945, 9.022287
6.644400, 9.092623
6.631421, 9.131053
6.615164, 9.187437
6.610311, 9.231276
6.599199, 9.277262
6.595051, 9.313543
6.589531, 9.335465
cb68b2db-7120-4e9d-9aeb-7e38e4e54b74
6.673450, 9.746923
6.650531, 9.756879
6.626846, 9.763906
6.610385, 9.779531
6.561160, 9.820913
