main root
7.144376, 5.884307
6.990703, 6.159476
6.944676, 6.237613
6.871070, 6.350237
6.798512, 6.465068
6.705704, 6.584258
6.660584, 6.669558
6.632529, 6.771683
6.608840, 6.918132
6.571381, 7.036750
6.527620, 7.217243
6.496274, 7.390917
6.463187, 7.574231
6.424968, 7.770104
6.413194, 7.852407
6.405698, 7.904789
ffa8748b-afb2-4362-99eb-b6a38b46324b
7.122240, 6.014026
7.198952, 6.123826
7.223372, 6.202079
7.240354, 6.236332
7.256617, 6.262347
5446abfe-938c-406d-a5d8-c449b6aa5383
7.040632, 6.193389
7.106027, 6.276122
7.125182, 6.310010
7.159378, 6.358343
