main root
7.230558, 4.871333
7.192914, 5.196962
7.180335, 5.410323
7.158309, 5.580729
7.130322, 5.681227
7.082123, 5.869935
7.048940, 6.016528
7.035788, 6.128134
7.018873, 6.253748
7.013740, 6.355259
7.006493, 6.456703
6.998362, 6.541425
6.986062, 6.626157
6.987327, 6.705814
6.986706, 6.799201
6.979914, 6.885092
6.983743, 6.968204
6.983536, 7.053824
6.986338, 7.133021
6.992129, 7.212056
7.000173, 7.321828
7.007344, 7.399209
7.014375, 7.475084
7.010007, 7.541495
7.013378, 7.627082
7.013477, 7.737116
7.007553, 7.807331
7.001146, 7.883257
7.000201, 7.965652
6.999327, 8.041842
6.995671, 8.162635
6.983888, 8.272173
6.981051, 8.354530
6.975538, 8.427592
6.967045, 8.500367
6.963464, 8.582695
6.954433, 8.652582
6.944665, 8.728155
6.934898, 8.803729
6.925132, 8.879303
6.915365, 8.954877
6.903013, 9.027098
6.890166, 9.102206
6.877318, 9.177315
6.862022, 9.248969
6.846114, 9.323491
6.834810, 9.405117
6.819248, 9.473845
6.809193, 9.558903
6.792381, 9.624605
6.777809, 9.705712
6.766750, 9.784188
6.753571, 9.856262
6.742270, 9.934703
6.736475, 10.016906
6.728342, 10.089722
6.722526, 10.168760
6.716934, 10.244756
6.714107, 10.323956
6.711388, 10.400109
6.700017, 10.466966
6.689687, 10.545541
6.681135, 10.610598
6.669970, 10.666000
e54d2973-9bbc-4a0b-af1e-0e6ffb623490
7.243233, 5.355166
7.342201, 5.472019
7.359128, 5.498954
7.378390, 5.526375
1f3e2596-6a98-4894-b929-02909551f5e2
7.184692, 5.360712
7.315593, 5.377024
7.370837, 5.398659
7.413888, 5.412344
7.434334, 5.421984
