main root
6.429096, 4.501906
6.386810, 4.756512
6.379517, 4.852079
6.361893, 4.916208
6.236545, 5.101265
6.152109, 5.376023
6.094062, 5.579322
6.054127, 5.734115
6.031356, 5.855866
6.012834, 5.976947
6.010098, 6.050262
6.007001, 6.093129
6.034815, 6.349833
6.037130, 6.490380
6.048078, 6.662550
6.062255, 6.819935
6.058532, 6.895840
6.058239, 6.944142
6.056285, 7.102157
6.043100, 7.243214
6.029708, 7.386478
6.026930, 7.506085
6.037153, 7.603077
6.056022, 7.744330
6.059104, 7.801317
6.104505, 7.925764
6.111290, 8.069689
6.127853, 8.287833
6.123447, 8.410604
6.120265, 8.556064
6.112397, 8.631265
6.102012, 8.687382
dbaac0b8-5995-4bfe-961f-81f830815332
6.403940, 5.017374
6.569085, 5.142674
6.621726, 5.173221
6.629573, 5.211585
6.654608, 5.232493
6.679253, 5.303378
6.728708, 5.356207
6.809633, 5.501983
6.923211, 5.587794
6.984007, 5.633728
7.042707, 5.679953
7.125492, 5.750909
7.202051, 5.810341
7.257966, 5.857537
7.328802, 5.905553
7.360808, 5.934462
7.421536, 5.985255
7.475720, 6.034455
7.536313, 6.085409
7.594583, 6.134388
7.631184, 6.180793
7.678622, 6.236131
7.735455, 6.284033
7.782538, 6.329589
7.825518, 6.377835
169f549b-ee28-4a2d-a3bb-fb44b1eddd79
6.435008, 4.865442
6.503561, 4.939746
6.529473, 4.972245
6.550338, 5.003216
6.584763, 5.085027
6.615590, 5.142850
6.636436, 5.188313
6.657168, 5.240711
6.822180, 5.326934
6.903785, 5.368494
6.983763, 5.399147
7.045248, 5.430727
7.135625, 5.477146
7.180152, 5.508429
7.246853, 5.557824
7.280481, 5.584589
7.355176, 5.628813
7.412541, 5.669734
7.470396, 5.714683
7.534769, 5.760904
7.609195, 5.803289
7.671326, 5.842117
7.723569, 5.885355
7.773840, 5.934731
7.869644, 6.000454
7.936639, 6.042784
7.992797, 6.085348
8.065935, 6.143422
8.122419, 6.180627
a39a6f79-7f66-4496-b682-1fa3256b1e2b
6.439814, 4.873272
6.488497, 4.979107
6.567777, 5.057671
6.755013, 5.278907
6.849283, 5.585778
6.884339, 5.682157
6.894966, 5.720138
6.905497, 5.746674
6.914862, 5.770281
6.928113, 5.795568
6.947980, 5.820590
6.974294, 5.853733
7.000608, 5.886879
7.031131, 5.920508
7.057688, 5.977233
7.069353, 6.002153
7.090769, 6.033794
7.118646, 6.069641
7.153031, 6.104101
7.181367, 6.151406
7.267370, 6.242222
7.296474, 6.272952
7.321347, 6.303564
7.352251, 6.336844
7.381051, 6.367858
7.426773, 6.399496
7.443499, 6.414706
7.470584, 6.443380
7.499648, 6.474146
7.524483, 6.504789
7.551133, 6.537668
7.577786, 6.570546
7.598904, 6.601347
7.617487, 6.633740
7.630129, 6.655774
0f9bea74-18c3-473d-becf-2cf072fa6ec5
6.266745, 5.183011
6.264870, 5.375907
6.301581, 5.528486
6.349567, 5.712427
6.414763, 5.861116
6.522276, 6.007936
6.571652, 6.118110
6.598265, 6.172271
6.629683, 6.264911
6.642506, 6.322448
a56ee50d-6086-4931-96ab-caeb495e5627
6.108788, 5.630334
6.170846, 5.640870
6.200399, 5.643756
6.217013, 5.658715
6.256881, 5.692596
6.301176, 5.745364
6.340165, 5.784826
6.384336, 5.821015
6.407728, 5.838244
6.435011, 5.870869
6.455987, 5.898284
6.480563, 5.937792
6.508337, 5.979611
1eac6813-b9c7-4fb4-a57b-768fd8c589e2
6.532033, 4.855633
6.558239, 4.944885
6.581637, 5.018264
