main root
6.646834, 3.888435
6.650877, 4.080992
6.636497, 4.264598
6.628421, 4.425707
6.609752, 4.669779
6.593946, 4.874956
6.565986, 5.034047
6.513967, 5.266910
6.484451, 5.447215
6.466635, 5.653481
6.456366, 5.774282
6.453305, 5.909003
6.453287, 6.039951
6.469464, 6.215313
6.495889, 6.358687
6.534100, 6.494465
6.588592, 6.657352
6.628038, 6.788326
6.645419, 6.889725
6.664763, 7.014997
6.675077, 7.109439
6.672113, 7.179749
6.656617, 7.296884
6.662497, 7.365052
6.670567, 7.483166
6.700190, 7.617050
6.703290, 7.714467
6.711022, 7.824419
6.727203, 7.933844
6.737315, 8.059641
6.748248, 8.169233
6.764624, 8.269467
6.771683, 8.365144
6.771324, 8.475309
6.762503, 8.585129
6.762110, 8.695736
6.749026, 8.805428
6.740179, 8.915326
6.737661, 9.025708
6.735345, 9.127286
6.742113, 9.201765
6.760910, 9.291726
6.785799, 9.390159
6.802685, 9.482681
6.812659, 9.584453
6.825883, 9.676263
6.843797, 9.756368
6.864458, 9.809986
6.904584, 9.878811
6.963735, 9.971865
7.009495, 10.060704
7.034476, 10.127558
7.053364, 10.208330
7.066289, 10.310052
7.083344, 10.427541
7.100021, 10.527700
7.118782, 10.627497
7.139616, 10.726875
7.152128, 10.817487
7.154271, 10.879394
7.145546, 10.933036
7.125034, 11.032795
7.117740, 11.089159
7.144216, 11.232862
7.164691, 11.332321
7.183709, 11.414417
7.204741, 11.496020
7.231579, 11.575219
7.256926, 11.656478
7.273350, 11.716099
7.277975, 11.767894
62e0238e-22c9-475f-a08d-e8b54ccfd3b9
6.722576, 3.946004
6.781184, 4.010964
6.994935, 4.099913
7.067282, 4.129490
7.110369, 4.143871
7.166588, 4.162635
7.200949, 4.177259
7.230132, 4.192933
7.254373, 4.205953
7.270670, 4.219803
7.301879, 4.244584
7.321958, 4.257024
7.355874, 4.279797
7.383031, 4.303441
7.421344, 4.336797
7.470264, 4.375419
7.520982, 4.411647
7.554334, 4.440988
7.592478, 4.474545
7.630096, 4.509633
7.652334, 4.528328
7a54a0e4-47af-4850-8ba7-28580f56b010
6.730475, 4.043245
6.821778, 4.046112
6.912356, 4.099050
6.968714, 4.143636
7.010042, 4.193241
7.064719, 4.249342
7.114931, 4.297832
7.227617, 4.361803
7.300592, 4.405616
7.350403, 4.445198
7.415457, 4.515697
7.480292, 4.567613
7.508678, 4.596095
7.544786, 4.703637
7.558221, 4.815146
7.555263, 4.878520
7.547133, 4.963750
7.539897, 5.039606
7.538052, 5.121991
7.530494, 5.192053
7.524977, 5.271110
7.511781, 5.331207
7.495438, 5.405635
7.473887, 5.513642
7.465785, 5.596639
7.450388, 5.689425
7.444255, 5.790996
7.435343, 5.869766
7.416908, 5.939165
7.390944, 6.020748
7.354397, 6.107843
7.330682, 6.156623
7.318174, 6.237306
7.311499, 6.319442
7.300017, 6.368339
7.285898, 6.423261
7.276710, 6.495522
7.264458, 6.539519
7.241960, 6.609150
7.215669, 6.675918
7.177412, 6.754471
7.126568, 6.844369
7.092631, 6.938747
7.046150, 7.030505
7.010012, 7.115807
6.966613, 7.191668
6.925622, 7.263321
6.892894, 7.412333
6.879231, 7.503956
6.870971, 7.587464
6.864812, 7.664929
6.860148, 7.742498
6.850176, 7.804666
6.839916, 7.861960
a85f0123-6166-4c3b-ae55-1c97c4aea173
6.729647, 4.274241
6.792860, 4.325794
6.833238, 4.361638
6.879639, 4.412837
6.928248, 4.457021
7.014345, 4.512415
7.059588, 4.549027
7.113036, 4.625049
7.143307, 4.731825
7.155148, 4.836780
7.155703, 4.898323
7.147233, 4.949604
7.135792, 5.044754
7.126791, 5.137236
7.120694, 5.221286
7.109082, 5.266710
7.079725, 5.356068
7.059604, 5.437244
7.037120, 5.519333
7.018977, 5.601272
6.996647, 5.672931
6.950079, 5.765495
6.939316, 5.824552
6.907151, 5.930233
6.877954, 6.018944
6.842123, 6.114274
6.801147, 6.199381
6.758748, 6.282595
6.726428, 6.359731
6.693708, 6.437822
6.665065, 6.510057
6.627615, 6.604500
6.566900, 6.768513
6.541938, 6.808134
6.517497, 6.835697
6.498987, 6.852061
6.479438, 6.877336
6.464971, 6.905827
6.447116, 6.947599
6.432273, 6.970900
6.404065, 7.009612
6.369161, 7.057512
6.334257, 7.105411
6.299682, 7.155403
6.261531, 7.213194
6.224641, 7.271792
6.188554, 7.329116
6.148428, 7.395665
6.124817, 7.443520
6.096207, 7.508274
6.071034, 7.580062
6.050237, 7.643890
6.033844, 7.694204
e3155ddd-d0a4-4590-befa-8a0bc64f5d78
6.691973, 4.563430
6.753561, 4.585172
6.814391, 4.601822
6.876441, 4.623706
6.936376, 4.661137
6.957652, 4.676189
6.996154, 4.731105
7.008127, 4.756003
7.032138, 4.802483
7.053438, 4.846975
7.073377, 4.892091
7.093912, 4.938554
7.137501, 5.031659
7.189926, 5.140483
7.212272, 5.179972
7.231055, 5.216204
7.250400, 5.260023
7.265524, 5.297989
7.274952, 5.329744
7.283279, 5.368309
7.288655, 5.407394
7.295045, 5.464833
7.302315, 5.516643
7.304305, 5.563131
7.304916, 5.612452
7.310092, 5.667682
7.316462, 5.719611
7.317386, 5.764022
7.316915, 5.813346
7.317913, 5.865657
7.318882, 5.916448
7.318124, 5.955190
7.317627, 5.980585
7.328119, 6.024179
7.336005, 6.236814
7.329856, 6.309876
7.341101, 6.395742
7.340597, 6.434738
7.346021, 6.482859
7.340071, 6.521648
7.338847, 6.571783
7.338473, 6.605958
7.338330, 6.648287
7.335202, 6.687612
7.335766, 6.718262
7.339593, 6.763521
7.346393, 6.808430
7.346669, 6.840241
7.347110, 6.891041
7.349134, 6.951791
7.357361, 7.018923
7.364569, 7.077746
7.370110, 7.135268
7.375001, 7.197539
b0b148f6-122e-4b43-a5f7-dbf2846e3fed
6.563023, 4.127254
6.462334, 4.138392
6.409964, 4.155525
6.290125, 4.220465
6.213182, 4.271936
6.156699, 4.299598
6.070785, 4.336988
5.983274, 4.370486
5.937808, 4.387890
5.886914, 4.413782
5.813752, 4.464437
5.771759, 4.486230
5.709234, 4.505187
5.610569, 4.571260
5.527392, 4.629507
5.440340, 4.682720
5.370988, 4.729974
5.292643, 4.780811
5.234950, 4.825664
5.176142, 4.884517
5.109230, 4.939745
5.037401, 4.999032
4.978430, 5.049646
4.932495, 5.081184
4.917417, 5.119116
4.879073, 5.182019
4.832520, 5.262433
4.788094, 5.335031
4.741685, 5.391005
4.707025, 5.456940
4.669937, 5.506864
4.644690, 5.544441
4.622054, 5.585874
4.581215, 5.648579
4.551451, 5.726049
4.499350, 5.834464
4.473743, 5.902882
4.450641, 5.981803
4.421166, 6.039872
4.385443, 6.103555
4.365753, 6.138578
4.335084, 6.248372
4.316719, 6.325244
4.294825, 6.378244
4.254736, 6.480830
4.230176, 6.560772
4.203204, 6.641501
4.184779, 6.722825
4.163427, 6.789980
4.139364, 6.860715
4.108670, 6.957513
4.085274, 7.016439
4.068263, 7.071453
4.058621, 7.107703
e1b51b9e-c66f-4680-85b6-bb2234a1d38a
6.548966, 4.296833
6.483377, 4.328211
6.409224, 4.370563
6.329130, 4.408077
6.246506, 4.450590
6.169899, 4.487675
6.110884, 4.523157
6.042616, 4.571460
5.971956, 4.618916
5.904680, 4.669095
5.844209, 4.710462
5.795479, 4.751050
5.736544, 4.804034
5.680103, 4.850753
5.621005, 4.903555
5.563707, 4.962779
5.510724, 5.017542
5.457809, 5.076539
5.407161, 5.137491
5.358850, 5.200315
5.312400, 5.260720
5.264854, 5.312730
5.245165, 5.356400
5.208073, 5.427226
5.161017, 5.502799
5.109939, 5.580854
5.055707, 5.648579
5.024497, 5.701015
4.982647, 5.783665
4.948483, 5.860315
4.916707, 5.927933
4.888608, 6.008838
4.865100, 6.070077
4.856959, 6.137721
4.835268, 6.215265
4.818547, 6.306282
4.803828, 6.398035
4.800342, 6.499899
4.788125, 6.609388
4.773823, 6.718484
4.766939, 6.819815
4.755821, 6.921046
4.755276, 7.003082
4.760973, 7.095547
4.754582, 7.198209
4.747045, 7.271085
4.747812, 7.321870
4.751967, 7.398893
4.769058, 7.528163
4.764834, 7.598809
baf5e353-4640-4788-9be9-d61646c255b8
6.559520, 4.570933
6.491785, 4.588652
6.442742, 4.606900
6.379531, 4.626161
6.349506, 4.652645
6.316833, 4.671486
6.260501, 4.698633
6.219822, 4.719751
6.189784, 4.740255
6.129443, 4.794357
6.079236, 4.845226
6.032183, 4.892899
5.985117, 4.938644
5.937298, 4.970327
5.925583, 5.004516
5.868755, 5.066261
5.807828, 5.126334
5.753613, 5.173484
5.675500, 5.238614
5.634476, 5.276718
5.597347, 5.328930
5.562306, 5.365311
5.509310, 5.409543
5.451643, 5.449854
5.421416, 5.474616
5.392745, 5.505821
5.341431, 5.566069
5.291745, 5.619789
5.241030, 5.663600
5.175282, 5.717658
5.123577, 5.754358
5.081457, 5.797496
5.026571, 5.891604
4.990290, 5.941928
4.956869, 5.988286
