main root
6.096517, 4.168596
5.991159, 4.291557
5.965367, 4.444532
5.973720, 4.562366
5.994040, 4.669479
6.012466, 4.777959
6.033624, 4.877263
6.051024, 4.969022
6.066798, 5.052211
6.084148, 5.143711
6.095431, 5.237086
6.103581, 5.321812
6.111686, 5.406084
6.115716, 5.479239
6.116753, 5.552497
6.120358, 5.595661
6.132635, 5.670735
6.155244, 5.753347
6.168003, 5.822648
6.182841, 5.914852
6.190172, 5.979248
6.202803, 6.050501
6.220537, 6.150545
6.227410, 6.206479
6.234641, 6.265304
6.245207, 6.326737
6.258711, 6.387590
6.278692, 6.449999
6.263455, 6.486840
6.280327, 6.514915
6.289557, 6.598620
6.296055, 6.671180
6.309316, 6.771848
6.315909, 6.844822
6.324392, 6.922072
6.333387, 7.023372
6.337756, 7.089479
6.345406, 7.159853
6.347776, 7.223209
6.350942, 7.307823
6.353790, 7.383964
6.356639, 7.460106
6.362214, 7.552857
6.367862, 7.621874
6.386327, 7.783897
6.399666, 7.848037
6.408192, 7.903726
6.417162, 7.962294
6.426137, 8.020863
6.431703, 8.076923
6.437561, 8.135884
6.440147, 8.192163
6.439744, 8.248499
6.442296, 8.310763
6.443945, 8.350950
6.430080, 8.387366
6.556789, 8.666733
6.571108, 8.728526
6.580895, 8.784008
6.591190, 8.842359
6.594553, 8.895851
6.601451, 8.957787
6.601168, 9.009300
6.603823, 9.071560
6.605179, 9.103283
6.589294, 9.187566
6.580711, 9.249290
6.562337, 9.294460
6.573618, 9.322569
6.580947, 9.437486
6.574372, 9.497296
6.566483, 9.550090
6.559813, 9.593040
6.556422, 9.737221
6.553772, 9.786453
6.549633, 9.835586
6.549474, 9.891036
6.544885, 9.926755
6.534536, 9.972096
6.526620, 10.026979
6.518108, 10.075544
6.515427, 10.134225
6.511686, 10.183389
6.511973, 10.238838
6.507727, 10.285150
6.507158, 10.340599
6.505160, 10.389864
6.501673, 10.439045
6.491150, 10.481703
6.484468, 10.540061
6.477378, 10.588855
6.473878, 10.644195
6.469279, 10.693285
6.471299, 10.751989
6.464950, 10.784965
6.458913, 10.840088
6.450103, 10.879326
6.440116, 10.930662
6.436338, 10.989281
6.434475, 11.041544
6.439883, 11.100037
6.442935, 11.149248
6.447669, 11.201328
6.446053, 11.233104
6.444898, 11.285387
6.439392, 11.331568
6.439928, 11.390308
6.441907, 11.442569
6.445385, 11.494750
6.447172, 11.544022
6.450567, 11.596210
6.455047, 11.641966
6.453454, 11.695535
6.443406, 11.938699
6.431268, 11.978516
6.440141, 12.072245
6.412900, 12.256891
6.416846, 12.314909
6.314391, 12.389691
6.222502, 12.470151
6.107113, 12.632077
0dd04e8f-203c-4607-a7f2-dcf2dee3ea82
5.921048, 4.525098
5.885031, 4.567029
5.871797, 4.600959
5.848926, 4.680055
5.836801, 4.730913
021384ac-7d08-4417-af70-5b6e4321fe74
6.480429, 8.480362
6.554750, 8.459976
6.575056, 8.460615
6.602051, 8.461958
6.619648, 8.453858
6.640520, 8.449195
6.666240, 8.444981
