main root
6.163817, 5.078255
6.330797, 5.279342
6.385080, 5.469296
6.395760, 5.672062
6.386181, 5.818901
6.370935, 5.953803
6.341329, 6.062895
6.286193, 6.219647
6.245294, 6.335924
6.210125, 6.454938
6.178509, 6.569374
6.154845, 6.715558
6.131276, 6.886299
6.119731, 7.070341
6.087499, 7.238246
6.074125, 7.396349
6.049909, 7.526001
6.028449, 7.663578
6.005384, 7.818474
5.991568, 7.972823
5.967622, 8.100620
5.940893, 8.220422
5.921201, 8.347247
5.903749, 8.473330
5.889108, 8.623198
5.881750, 8.741921
5.861419, 8.866294
5.847016, 8.993450
5.827985, 9.086470
5.794064, 9.199643
5.756086, 9.311651
5.716768, 9.414434
5.671574, 9.514812
5.631080, 9.620169
5.607188, 9.699970
5.597017, 9.770725
5.582561, 9.871293
5.571426, 9.963540
5.554616, 10.033576
5.526578, 10.123354
5.509548, 10.198751
5.503055, 10.246325
1df0cd18-5df5-46b6-a970-c7c24dec0001
6.140166, 5.167023
6.079176, 5.233146
6.013146, 5.286262
5.976758, 5.319047
5.945456, 5.343722
5.923219, 5.364810
5.892429, 5.398122
5.863731, 5.429156
5.834860, 5.455953
5.803873, 5.484702
5.772879, 5.513444
5.741719, 5.546410
5.712676, 5.577121
5.683744, 5.612071
5.657504, 5.636729
5.620550, 5.669401
5.582491, 5.703050
5.538217, 5.740196
5.498928, 5.777068
5.450881, 5.828318
5.398380, 5.893414
5.366039, 5.928747
5.325932, 5.970347
5.290596, 6.002686
5.246590, 6.049044
5.205840, 6.094148
5.160542, 6.146519
5.115929, 6.193521
5.075069, 6.234395
5.027184, 6.282296
4.985283, 6.322094
4.936172, 6.368741
4.893257, 6.407438
4.855751, 6.437228
4.809102, 6.476191
4.765239, 6.512828
4.724626, 6.546750
