main root
7.109777, 4.366060
6.971559, 4.674266
6.924937, 4.783289
6.874639, 4.890173
6.816995, 5.002810
6.764991, 5.099780
6.715073, 5.188385
6.665204, 5.276903
6.619492, 5.358042
6.569880, 5.437534
6.528209, 5.520193
6.482316, 5.601879
6.444498, 5.686372
6.408467, 5.772017
6.373560, 5.849645
6.345032, 5.928255
6.318242, 6.008156
6.295528, 6.088945
6.279049, 6.169682
6.256808, 6.233745
6.229971, 6.301917
6.213965, 6.358919
6.198081, 6.437625
6.190034, 6.522896
6.177478, 6.592233
6.159936, 6.700969
6.144337, 6.784643
6.130936, 6.867841
6.117472, 6.951434
6.104114, 7.024951
6.089286, 7.098185
6.071212, 7.198112
6.056142, 7.281429
6.041373, 7.354673
6.028652, 7.432895
6.006524, 7.494368
5.978912, 7.562236
5.967097, 7.615111
5.948212, 7.685905
5.930691, 7.763195
5.916103, 7.841091
5.906858, 7.922976
5.893031, 7.992075
5.878079, 8.066794
5.867823, 8.148560
5.855741, 8.220826
5.848095, 8.302875
5.841023, 8.378746
5.839355, 8.461133
5.837814, 8.537318
5.845069, 8.622664
5.841816, 8.690403
5.838667, 8.755944
5.848530, 8.857886
5.855670, 8.900608
5.868234, 8.975767
5.882456, 9.024526
5.911218, 9.101748
5.930116, 9.169638
5.951679, 9.224778
5.987187, 9.299143
6.016030, 9.366495
6.048056, 9.426068
6.088190, 9.494406
6.126780, 9.560112
6.166250, 9.621409
6.210051, 9.678370
6.260699, 9.739325
6.317829, 9.798714
6.366426, 9.853548
6.421193, 9.910831
6.460493, 10.012651
6.485847, 10.114684
6.493355, 10.197548
6.491552, 10.317235
6.483354, 10.443313
6.484040, 10.570051
6.486680, 10.667541
6.468257, 10.767214
6.470057, 10.838974
6.468378, 10.940809
6.454538, 11.010107
6.429285, 11.093335
6.395274, 11.168993
6.335547, 11.270977
6.281722, 11.367073
6.242895, 11.449377
6.215651, 11.521713
6.200285, 11.580159
6.206021, 11.739445
6.200839, 11.826046
6.200591, 11.936463
6.208867, 12.018720
6.232551, 12.127292
6.245233, 12.205167
6.244613, 12.267179
6.233166, 12.354245
6.213975, 12.435299
6.190673, 12.496984
6.164598, 12.548048
6.130934, 12.590716
6.078211, 12.643885
6.007484, 12.703259
5.930027, 12.757298
5.859242, 12.816942
5.795709, 12.884229
5.766235, 13.107543
5.853666, 13.267815
ad6d2b31-7f11-4210-b98e-d48146feb6a6
6.964959, 4.547529
6.901002, 4.565118
6.842166, 4.570433
6.805767, 4.575412
6.733117, 4.608095
6.643039, 4.650383
6.556900, 4.700162
6.473137, 4.722689
6.446239, 4.733245
6.231343, 4.794609
6.170307, 4.818277
6.116821, 4.835821
6.056747, 4.861839
6.002425, 4.885381
5.948109, 4.908935
5.896443, 4.937879
5.867590, 4.957490
5.718908, 5.005261
5.658677, 5.030916
5.605795, 5.050201
5.546606, 5.078175
5.495940, 5.095513
5.432478, 5.129899
5.378019, 5.166233
5.325462, 5.215706
5.289756, 5.257555
5.253221, 5.283041
5.167959, 5.441305
5.143659, 5.480127
5.122673, 5.502396
5.082455, 5.558184
5.060060, 5.579033
5.016285, 5.632079
4.977805, 5.669323
4.935135, 5.718974
4.896238, 5.759663
4.855623, 5.815165
4.820671, 5.862948
4.787026, 5.919107
4.756610, 5.969900
4.727236, 6.024807
4.712264, 6.052821
73823720-81b1-495d-b902-d79da5136522
6.949939, 4.763370
6.985829, 4.838234
6.978831, 4.912959
6.979470, 4.986440
6.951941, 5.132348
6.946463, 5.169456
6.945613, 5.205963
6.948422, 5.278272
6.957265, 5.351703
6.960369, 5.415030
6.964735, 5.473533
6.962571, 5.525001
7.020278, 5.775677
7.022863, 5.800248
7.024003, 5.839685
7.028306, 5.884906
7.029052, 5.924352
7.029852, 5.966677
7.036752, 6.014874
7.039362, 6.054241
7.045349, 6.099270
7.047566, 6.138660
7.049945, 6.180926
7.052324, 6.223192
7.051189, 6.256298
7.049740, 6.298607
7.051252, 6.341895
7.041953, 6.360125
7.017497, 6.529657
7.003906, 6.571389
6.992405, 6.611502
6.983544, 6.669518
6.974620, 6.717957
6.964218, 6.766100
6.954641, 6.817461
6.941740, 6.862091
6.926622, 6.908968
6.912006, 6.959127
6.898822, 7.009682
6.887081, 7.060592
6.877864, 7.093847
6.872116, 7.120153
6.870121, 7.150313
6.842447, 7.355014
6.829114, 7.413814
6.807756, 7.480856
6.798766, 7.518881
6.781244, 7.592928
6.772613, 7.681400
6.757653, 7.726835
6.742114, 7.793920
6.727951, 7.861700
6.713664, 7.930072
6.707170, 7.961151
f8591a99-ccc6-42b1-8b7e-fab34f270829
7.003250, 4.726926
7.035858, 4.751911
7.073900, 4.783672
7.108718, 4.809529
7.167047, 4.950006
0b6882d1-0708-4820-b904-8f7c3b2797f5
6.746294, 5.171571
6.782278, 5.200637
6.815365, 5.238208
7.061807, 5.411751
7.103872, 5.446866
7.161717, 5.495826
7.281272, 5.576181
7.334127, 5.620721
7.414426, 5.682857
7.472592, 5.729758
7.523950, 5.776936
7.563856, 5.819226
7.592644, 5.861815
7.749298, 6.008186
7.771358, 6.032896
7.791096, 6.059499
7.822224, 6.106475
7.859108, 6.156722
7.894177, 6.204498
7.929247, 6.252275
7.958040, 6.299089
7.981327, 6.336951
7.994913, 6.378535
79bd7b4c-f40c-4d78-ae8c-147740d52723
6.537341, 5.555408
6.572312, 5.598763
6.600464, 5.652425
6.615214, 5.680541
6.693623, 5.760209
6.712921, 5.779820
6.734967, 5.797959
6.784319, 5.825716
6.831520, 5.874015
6.867024, 5.910346
6.901892, 5.948167
6.922807, 5.977478
6.952313, 6.018827
6.976787, 6.060855
345214a2-470b-4851-b5dc-8d90208084e2
6.669648, 5.340783
6.845389, 5.539916
6.919282, 5.573288
7.008789, 5.583744
7.057143, 5.593626
7.105189, 5.611906
127fc484-86fa-42d3-8301-c4f0e2d5deb7
6.817550, 4.875852
6.700078, 4.980115
6.656910, 5.016356
6.490826, 5.027131
6.368858, 5.142135
2085bb6d-8824-4de3-988d-aead1e69c4d1
5.973233, 7.802033
6.037121, 7.817388
6.119920, 7.860857
6.156822, 7.880053
6.177410, 7.893959
6.206800, 7.917231
6.231140, 7.932485
6.349368, 7.986501
6.378461, 8.006218
6.444606, 8.061042
6.515921, 8.108489
6.568115, 8.148297
6.595897, 8.173251
6.620719, 8.209274
c63a522c-e526-48dd-92e1-3152b96ea582
6.516469, 5.460773
6.450783, 5.458804
6.411550, 5.454632
6.372745, 5.447496
6.344277, 5.445305
6.305185, 5.445298
6.268944, 5.449788
6.107253, 5.411673
6.082530, 5.405845
5.794664, 5.457089
e8984afd-b80f-40ef-ae81-a7fa1aea94e8
6.793735, 4.845004
6.728002, 4.819485
6.692551, 4.802488
6.429803, 4.850892
fc8086da-f09f-4d4c-8e08-b65a827a9865
5.981155, 8.314301
6.017507, 8.340998
6.050007, 8.358872
6.080492, 8.373544
6.107734, 8.387938
6.138460, 8.402096
6.159994, 8.413293
6.277602, 8.462475
6.309788, 8.487760
6.340881, 8.514090
6.370985, 8.541545
6.397485, 8.571789
6.433073, 8.610134
6.467630, 8.647367
6.503716, 8.690648
6.545884, 8.736548
6.556764, 8.764115
6.560266, 8.809694
6.580159, 8.812971
304f2d8d-6b27-47e1-bfbb-002820d4ef2a
6.397112, 9.889031
6.486633, 9.902951
6.578752, 9.915146
6.662087, 9.917810
6.719952, 9.927147
6.784730, 9.937600
6.844506, 9.947538
6.874011, 9.931638
6.976734, 9.950069
7.041670, 9.963241
7.109821, 9.975537
7.178223, 9.986358
7.236569, 10.003161
7.278155, 10.022928
7.318574, 10.009123
7.405182, 10.030189
7.484858, 10.053898
7.540304, 10.076643
7.595516, 10.107015
f8d4f9ec-fa41-4cfd-becd-5b38d81ec5d1
6.358551, 9.928008
6.429237, 9.935701
6.523567, 9.961033
6.723886, 10.047645
6.751448, 10.071050
6.781596, 10.098615
6.802819, 10.126130
6.843214, 10.173603
6.875397, 10.213735
6.896894, 10.247718
6.926117, 10.291116
6.952413, 10.332845
6.977431, 10.375355
6.993437, 10.399601
e2361a3a-97f6-47a3-98aa-88e3b75fc903
6.015567, 7.581900
6.052356, 7.596986
6.069518, 7.611978
6.088647, 7.628688
2228fb76-da42-4f8f-b7c9-9146097490d1
6.421711, 11.013001
6.461931, 11.036949
6.549978, 11.081996
6.596568, 11.112557
6.649801, 11.146933
