main root
6.972300, 4.415367
6.908696, 4.644592
6.900596, 4.862976
6.928125, 5.192117
6.946688, 5.414059
6.945243, 5.608695
6.951369, 5.794241
6.955328, 5.955859
6.959002, 6.147790
6.975607, 6.318412
6.966847, 6.517753
6.974200, 6.703866
6.977245, 6.887327
6.987108, 7.098839
6.987971, 7.249867
6.978262, 7.351154
6.954765, 7.445346
6.920619, 7.547091
6.866589, 7.662298
6.800258, 7.792996
6.752242, 7.915396
6.715143, 8.038711
6.678641, 8.178574
6.654020, 8.297949
6.641031, 8.427028
6.621014, 8.551788
6.608622, 8.681952
6.602779, 8.809779
6.603666, 8.928981
6.598215, 9.047049
6.599880, 9.148597
6.603658, 9.250075
6.611660, 9.351288
6.621078, 9.443723
6.640785, 9.532808
6.668873, 9.630403
6.698984, 9.727377
6.731109, 9.823704
6.769197, 9.917856
6.803438, 10.013776
6.832847, 10.102420
6.858893, 10.201078
6.888876, 10.298079
6.914443, 10.387910
6.935742, 10.470323
6.961165, 10.568694
6.996955, 10.673354
7.018428, 10.781921
7.044320, 10.880125
7.064123, 10.996611
7.092421, 11.112717
7.116414, 11.220097
7.138069, 11.336360
7.155121, 11.427912
7.164077, 11.521946
7.178736, 11.631232
7.193369, 11.740326
7.203697, 11.833145
7.221213, 11.933186
7.229907, 12.018916
7.250640, 12.118540
7.261068, 12.220548
7.275592, 12.321042
7.293439, 12.429726
7.316128, 12.528728
7.337559, 12.612769
7.380938, 12.705834
7.403006, 12.768203
14c31198-5453-4030-9a83-a5786fd30372
6.819900, 4.618567
6.758953, 4.639852
6.685546, 4.664678
6.633334, 4.692399
6.579659, 4.716034
6.541972, 4.730488
6.502407, 4.747812
6.464280, 4.764381
6.427660, 4.776908
6.403699, 4.784983
6.396001, 4.809185
6.315479, 4.855123
6.245959, 4.905129
6.198604, 4.899362
6.169174, 4.929106
6.051642, 4.995436
5.979297, 5.038645
5.903753, 5.078934
5.838978, 5.106697
5.798869, 5.130403
5.733265, 5.169177
5.666608, 5.212053
5.604301, 5.252134
5.569579, 5.278028
5.515148, 5.329824
5.459943, 5.382359
5.404844, 5.430663
5.347819, 5.476676
5.306637, 5.509907
5.271145, 5.546240
5.217995, 5.609221
5.169203, 5.671677
5.121774, 5.727527
5.072790, 5.789831
5.041191, 5.815492
4.983345, 5.850900
4.930478, 5.902770
4.876083, 5.956140
4.835169, 6.008865
4.788451, 6.069070
4.743322, 6.141876
4.702690, 6.204586
4.653198, 6.280970
4.629470, 6.320344
267f5c99-4b39-4122-aa77-fee08feaaf9a
6.997656, 4.663016
7.062188, 4.727081
7.107285, 4.745410
7.192863, 4.751962
7.241500, 4.749681
7.278823, 4.750927
7.320156, 4.755301
7.351002, 4.763082
7.398442, 4.776592
7.437866, 4.794043
7.494074, 4.815652
7.543299, 4.828163
7.600742, 4.842763
7.661819, 4.855197
7.723422, 4.864685
7.782002, 4.873705
7.842285, 4.881475
7.912815, 4.887546
7.968627, 4.895354
8.025635, 4.904841
8.074020, 4.914411
8.122097, 4.925445
8.180670, 4.943495
8.241659, 4.965423
8.295518, 4.986377
8.337013, 5.005732
8.365645, 5.022392
8.408685, 5.054360
8.462544, 5.088771
8.523754, 5.124328
8.568328, 5.145028
8.635719, 5.171374
8.702684, 5.194339
8.739026, 5.211550
8.784933, 5.233290
8.822953, 5.256263
8.866428, 5.282532
8.913048, 5.314198
8.964158, 5.347106
8.997394, 5.372066
9.020685, 5.391430
9.040217, 5.407668
fe4e2ec7-691f-46e7-9a55-2715d1d072cc
6.873437, 5.253112
6.762659, 5.264579
6.681524, 5.278996
6.613431, 5.285014
6.580739, 5.305417
6.530534, 5.326844
6.463608, 5.348898
6.387425, 5.380309
6.320232, 5.401536
6.247573, 5.424491
6.169058, 5.458717
6.096760, 5.449249
6.065228, 5.474228
6.013546, 5.493575
5.908397, 5.526159
5.810644, 5.554236
5.712329, 5.580274
5.626226, 5.613992
5.532462, 5.652980
5.449534, 5.678480
5.385825, 5.699637
5.330139, 5.709298
65d4983d-6d04-46d6-aa37-943c9445a9d4
7.023610, 5.444097
7.101799, 5.478240
7.176713, 5.501312
7.238251, 5.529806
7.351689, 5.547186
7.423595, 5.561232
7.529315, 5.592662
7.610468, 5.616789
7.687234, 5.636488
7.755349, 5.657058
7.822538, 5.680476
7.890683, 5.707397
7.949904, 5.740449
8.015230, 5.755349
8.100280, 5.765537
8.174280, 5.775909
8.235003, 5.791978
8.332766, 5.820036
8.420196, 5.851636
a7d8ec61-3457-4b57-b580-2f349317fe0f
6.934112, 5.551835
6.836177, 5.587110
6.758939, 5.619337
6.691827, 5.640854
6.590617, 5.696938
6.528046, 5.719633
6.461719, 5.750308
6.389889, 5.792668
6.323194, 5.835476
6.226182, 5.887684
6.170697, 5.929489
6.099218, 5.988611
6.024406, 6.045032
5.954132, 6.090126
5.877405, 6.124280
5.792316, 6.162156
5.743320, 6.190875
5.696843, 6.222923
5.660250, 6.248157
5.585643, 6.322940
5.557247, 6.357761
58f5473b-a8d5-425f-88a1-d812771c357b
6.905542, 6.889511
6.873941, 6.892366
6.778837, 6.885396
6.722858, 6.884296
6.678072, 6.887907
