main root
6.595971, 3.617179
6.662058, 3.911725
6.756400, 4.288367
6.811433, 4.673600
6.900333, 5.101167
6.972554, 5.427754
7.027254, 5.707854
7.130669, 5.997463
7.197327, 6.343803
7.307977, 6.819885
7.408502, 7.245096
7.440748, 7.810103
7.419901, 8.325071
7.378538, 8.829354
7.360313, 9.132232
7.350615, 9.325469
7.311022, 9.463792
7.252056, 9.612705
7.230646, 9.744394
7.201275, 9.974779
7.152158, 10.147145
7.090826, 10.264345
7.043973, 10.356722
6.996546, 10.546120
6.976904, 10.725245
6.973918, 10.855009
6.996697, 10.959865
7.057715, 11.075146
7.126654, 11.158457
7.198129, 11.237536
7.308913, 11.361764
7.392259, 11.470452
b5649f5d-83ed-440b-9616-eca91d5b11ee
6.786033, 4.381500
6.915898, 4.378909
7.046583, 4.425702
7.124629, 4.480582
7.124587, 4.504540
7.104063, 4.515662
7.073655, 4.496014
163b8468-e853-4efb-a1b5-aa95a1f99c0c
6.798733, 4.472517
6.703823, 4.528060
6.655361, 4.578663
6.627295, 4.619415
6.604105, 4.677041
6.590142, 4.703647
6.582778, 4.710824
6.554061, 4.699585
6.548891, 4.682506
6.553248, 4.661427
6.589488, 4.640114
1242bc93-b066-4fe5-b63e-c31ce8109676
6.695016, 3.994150
6.898688, 3.944123
6.986512, 3.929679
7.027162, 3.934065
7.062198, 3.947046
52e6922c-e782-448d-b277-6861ef797a8a
6.659410, 4.011049
6.597577, 4.035077
6.462395, 4.066118
6.402901, 4.039779
6.361111, 4.056182
6.363127, 4.085145
6.398715, 4.069774
6.408968, 4.068222
