main root
7.476085, 4.583819
7.358387, 4.954381
7.296456, 5.307527
7.299171, 5.524849
7.288550, 5.708706
7.273598, 5.872953
7.258670, 6.036933
7.239548, 6.178419
7.218109, 6.318987
7.195988, 6.464030
7.186669, 6.603494
7.181946, 6.766085
7.169126, 6.912829
7.153714, 7.041100
7.142678, 7.150684
7.134611, 7.251905
7.128652, 7.353278
7.122691, 7.454708
7.114124, 7.564405
7.090824, 7.689298
7.061561, 7.823446
7.024524, 7.943973
6.988919, 8.072829
6.972183, 8.172812
6.960825, 8.291789
6.957272, 8.395805
6.961237, 8.465596
6.975495, 8.530116
7.001516, 8.628256
7.025384, 8.718279
7.122248, 8.812043
7.175493, 8.997764
7.185065, 9.084894
7.198009, 9.202713
7.205810, 9.312480
7.217843, 9.422084
7.238293, 9.530793
7.265998, 9.655361
7.276529, 9.741694
7.273882, 9.824849
7.261483, 9.950445
7.246468, 10.059450
7.218917, 10.166432
7.195539, 10.274178
7.182480, 10.384259
7.176818, 10.503629
7.175825, 10.613881
7.176949, 10.724019
7.175871, 10.825716
7.172678, 10.927369
7.165848, 11.012709
7.158418, 11.105551
7.155388, 11.196141
7.151323, 11.397869
7.151223, 11.507875
7.149014, 11.609557
7.144692, 11.711171
7.142492, 11.812690
7.142405, 11.914235
7.142319, 12.015834
7.137994, 12.125791
7.131555, 12.235636
7.123494, 12.337010
7.121785, 12.438557
7.120076, 12.540147
7.118687, 12.622685
7.209361, 12.788235
7.288114, 12.832384
7.363730, 12.845717
8.320290, 12.951823
768aa919-7b0f-4cb8-8630-c8009db4a262
7.395633, 5.084233
7.479438, 5.108985
7.522409, 5.124799
7.553932, 5.130021
7.615842, 5.137242
7.687989, 5.133603
7.708701, 5.154794
7.780491, 5.213201
7.835872, 5.273484
7.884132, 5.330177
7.955283, 5.390668
7.996403, 5.446508
8.030652, 5.559528
8.037777, 5.611011
8.054995, 5.715170
8.061898, 5.756938
8.065361, 5.796239
8.072321, 5.841130
8.085642, 5.887963
8.097223, 5.928682
8.105107, 5.967340
8.113565, 6.008820
8.118640, 6.033707
8.120572, 6.105868
8.118632, 6.145275
8.116551, 6.187557
8.111732, 6.224588
8.103685, 6.263213
8.095052, 6.304657
8.086418, 6.346100
8.077785, 6.387545
8.075087, 6.429853
8.063643, 6.581231
8.058490, 6.609679
8.050944, 6.651335
8.041365, 6.687429
8.028380, 6.724685
8.016290, 6.768472
8.005021, 6.809278
7.990139, 6.840679
7.973433, 6.882920
7.957862, 6.922286
7.942292, 6.961652
7.926722, 7.001018
7.909470, 7.036499
7.892340, 7.078571
7.878020, 7.121680
7.864674, 7.161855
7.851327, 7.202030
7.839878, 7.245987
7.833493, 7.294258
7.825366, 7.332866
7.816646, 7.374292
7.810239, 7.419264
7.804566, 7.459078
7.791106, 7.480334
7f50f33f-7c6b-4100-a44f-a71f05684cdd
7.473886, 4.887042
7.566111, 4.913250
7.639404, 4.934077
7.720092, 4.950782
7.801782, 4.961580
7.883686, 5.001934
7.924138, 5.035736
7.981222, 5.091543
8.014474, 5.135651
8.041717, 5.182270
8.074973, 5.263844
8.096547, 5.316764
8.142230, 5.377800
8.164620, 5.425697
8.227912, 5.542320
8.263517, 5.667022
8.292396, 5.745503
8.323434, 5.823845
8.358163, 5.900244
8.389697, 5.969615
8.417268, 6.037499
8.440099, 6.099304
8.450645, 6.132173
8.528366, 6.305461
8.536420, 6.345362
8.558556, 6.424238
8.582804, 6.499175
8.606214, 6.571176
8.625951, 6.641222
8.650280, 6.716134
8.652845, 6.762800
8.660037, 6.841014
8.678349, 6.925775
8.676993, 7.029609
8.674141, 7.086963
105728c5-030f-4e1f-958c-18c537d6d098
7.441304, 5.014923
7.489878, 5.056882
7.665016, 5.178421
7.677256, 5.189164
7.707450, 5.215696
7.726501, 5.232464
c17651ef-4399-49cc-a513-6491b35d0722
7.296308, 4.968034
7.212235, 4.904102
7.181261, 4.872620
7.117868, 4.816724
7.080289, 4.781594
7.006619, 4.743830
6.936270, 4.716177
6.844090, 4.681489
6.763430, 4.669598
6.732809, 4.668110
6.657617, 4.665193
6.618439, 4.660675
6.583585, 4.659667
6.535124, 4.664254
6.498389, 4.661717
6.434471, 4.661805
6.366736, 4.661899
6.308959, 4.660482
6.256636, 4.660695
6.202850, 4.663908
6.130315, 4.671241
6.094514, 4.674860
5.934786, 4.682863
5.909418, 4.684134
5.890912, 4.697205
5.866415, 4.707178
5.828852, 4.719238
5.802733, 4.730768
5.762479, 4.751809
5.703926, 4.779845
5.645042, 4.794230
5.594594, 4.808095
5.545608, 4.821559
5.485319, 4.842785
5.421597, 4.868395
5.378692, 4.888865
5.327112, 4.913474
b3235ca2-c813-4439-8831-00685475a4b4
7.317226, 5.104074
7.174767, 5.269896
7.101472, 5.361059
7.027659, 5.442738
6.970887, 5.505558
6.919262, 5.551520
6.862842, 5.593737
6.832824, 5.623675
6.795351, 5.665277
6.763762, 5.714714
6.679066, 5.802477
6.626067, 5.848747
6.582445, 5.894757
6.530422, 5.962679
6.483035, 6.014703
6.410443, 6.097540
6.365663, 6.146369
6.319791, 6.194176
6.295009, 6.226489
6.261059, 6.278132
6.244903, 6.310881
6.196691, 6.401118
6.158336, 6.460201
6.115097, 6.515804
6.091459, 6.555944
6.053865, 6.625673
6.018323, 6.694750
5.986363, 6.737239
5.928554, 6.810591
5.879932, 6.878987
5.835782, 6.941092
5.792337, 7.007372
5.739539, 7.091781
5.712903, 7.142831
5.685726, 7.199421
8c505bb9-e167-4302-af1e-6cbee257e748
7.362295, 4.932584
7.328027, 4.692067
7.280146, 4.624353
7.255706, 4.589789
7.239611, 4.556656
7.219037, 4.550148
7.180430, 4.489725
7.158788, 4.455838
7.116760, 4.412715
7.090578, 4.394418
7.037885, 4.361234
7.003866, 4.339800
6.972055, 4.328602
6.908873, 4.308987
6.882304, 4.275654
6.846614, 4.291840
6.783173, 4.305823
6.743205, 4.323125
6.670161, 4.361271
6.599448, 4.406642
6.545997, 4.436850
6.457884, 4.472580
6.388083, 4.514091
6.306782, 4.559992
6.230277, 4.598422
6.016472, 4.725125
