main root
7.266489, 4.230420
7.164076, 4.483648
7.097238, 4.678447
7.043425, 4.832507
6.992121, 4.985579
6.954452, 5.097968
6.924855, 5.186272
6.901468, 5.275905
6.882551, 5.373541
6.864330, 5.456685
6.861239, 5.539955
6.844771, 5.641489
6.851666, 5.746840
6.861752, 5.853499
6.875028, 5.971479
6.886167, 6.089332
6.891531, 6.191036
6.901558, 6.300829
6.915794, 6.410162
6.921653, 6.504037
6.923769, 6.605863
6.929902, 6.698422
6.941308, 6.780033
6.941719, 6.847848
6.942181, 6.924046
6.942476, 6.972728
6.951730, 7.017636
6.968876, 7.093431
6.976738, 7.162103
6.988296, 7.263046
6.990336, 7.333489
6.995070, 7.393522
7.007003, 7.468654
7.034370, 7.555105
7.039468, 7.615719
7.099889, 7.744188
7.146638, 7.811941
7.166434, 7.898364
7.175705, 7.958950
7.179230, 8.011682
7.182155, 8.077874
7.180460, 8.141256
7.183017, 8.213576
7.166812, 8.280885
7.152062, 8.348546
7.147894, 8.416854
7.095538, 8.642242
7.084048, 8.711547
6.984941, 8.826139
6.939908, 8.921006
6.913434, 9.001267
6.892654, 9.051025
6.825169, 9.154362
6.783502, 9.218163
6.735264, 9.325272
6.743883, 9.374933
6.704134, 9.492419
6.670310, 9.572576
6.655420, 9.619411
6.606466, 9.885556
6.595415, 9.953908
6.578411, 10.012187
6.566566, 10.090199
6.555143, 10.155456
6.539817, 10.216972
6.524536, 10.284508
6.506201, 10.345196
6.486672, 10.394306
6.479608, 10.457461
6.479570, 10.498183
ec8441c5-4d53-4da8-871b-640e41aa3782
7.285962, 4.328588
7.338213, 4.405374
7.378126, 4.428936
7.438098, 4.468129
7.474513, 4.482170
7.483178, 4.502177
7.678567, 4.727039
7.836258, 4.848935
8.045772, 5.001761
8.100730, 5.054007
8.127130, 5.083247
8.159681, 5.114844
8.185776, 5.144358
8.211038, 5.163907
8.244465, 5.189785
8.277886, 5.215669
8.293755, 5.231758
1e7ece9d-3f73-47b8-8f5a-7a9eff9f25ce
7.258312, 4.465961
7.314595, 4.501369
7.383220, 4.541006
7.447160, 4.579664
7.505000, 4.610600
7.638578, 4.641175
7.706668, 4.656760
7.768167, 4.656668
7.809232, 4.631923
7.874552, 4.614421
7.995296, 4.601414
8.056283, 4.607291
8.148891, 4.609875
8.249813, 4.615449
8.505662, 4.626979
8.540524, 4.629592
8.584282, 4.636915
8.640979, 4.638353
8.688113, 4.640589
8.732056, 4.646712
8.778637, 4.654252
8.817144, 4.661539
8.840887, 4.667090
10d72781-6ea7-4aa9-9d51-a8b820b442e3
7.197699, 4.567053
7.236217, 4.596448
7.313383, 4.630747
7.349901, 4.632937
7.380006, 4.630243
7.572892, 4.736243
7.612567, 4.768305
7.670838, 4.802513
7.710048, 4.818602
7.764804, 4.841082
7.807867, 4.853907
7.884999, 4.866386
7.946886, 4.873356
7.982070, 4.868269
8.005951, 4.907893
8.114891, 4.953253
8.187870, 4.980539
8.326386, 5.034794
8.367855, 5.055861
8.415145, 5.078208
8.457481, 5.093250
8.507247, 5.109346
8.557452, 5.124013
8.608056, 5.137241
8.662671, 5.146877
8.707480, 5.159347
8.761936, 5.169843
8.806546, 5.183015
8.847315, 5.196617
8.873301, 5.203711
ab8d207e-2967-4344-9d5b-ed66873034ae
7.039655, 7.494731
6.980480, 7.541060
6.943207, 7.558649
6.906352, 7.572731
6.865078, 7.591705
6.825880, 7.611372
6.782847, 7.624812
6.640245, 7.732728
6.605918, 7.762463
6.574233, 7.785952
6.540859, 7.806967
6.505987, 7.825387
6.483528, 7.837246
6.456699, 7.858183
6.423336, 7.884215
6.389972, 7.910248
6.357126, 7.932081
6.307770, 7.964886
6.258408, 7.997696
6.208211, 8.034656
6.160482, 8.069797
6.124370, 8.098245
6.084714, 8.127578
bd4987c0-777e-486a-a81c-5c525f1b22bb
7.243953, 7.992595
7.279319, 8.006474
7.328602, 8.030638
7.395423, 8.058400
7.454058, 8.086002
7.501708, 8.113397
7.547791, 8.138165
7.581189, 8.157814
7.622924, 8.184104
