main root
6.840944, 4.866809
6.800985, 5.170891
6.795209, 5.354803
6.772696, 5.528924
6.750666, 5.787326
6.755256, 6.056798
6.711259, 6.520404
6.701112, 6.691917
6.685416, 6.755152
6.682428, 6.854338
6.671781, 6.910717
6.673891, 6.964266
6.657411, 7.011301
ba81b2c5-2c39-4623-9ae3-e1b9179e4453
6.764780, 4.891559
6.648251, 4.891241
6.603047, 4.895611
6.540314, 4.879384
6.499345, 4.868784
6.460414, 4.858708
6.426032, 4.852900
6.380856, 4.848300
6.338756, 4.844011
6.313489, 4.841435
6.288221, 4.838858
7a81af95-73c6-4a10-8ed6-0641b1bc1c1c
6.801178, 5.231870
6.601799, 5.256281
6.502780, 5.274796
6.417165, 5.284475
6.362339, 5.296935
6.293590, 5.321065
6.229325, 5.337797
43abbaab-0ee7-4914-b688-94d700a43720
6.861768, 5.334335
6.933586, 5.362198
7.049064, 5.394157
7.130374, 5.420964
7.234005, 5.465534
1a26c4c7-a836-47e4-afd4-a54007ae4bc1
6.692540, 5.551986
6.620285, 5.571274
6.557121, 5.577250
6.483984, 5.586253
6.428310, 5.583687
5ac3bf12-3170-4c2a-aaf3-c8b453aad401
6.858011, 5.536696
6.960722, 5.587244
7.035837, 5.626301
7.082505, 5.653941
7.133160, 5.689183
