main root
6.849657, 4.911424
6.747289, 5.033628
6.593521, 5.250381
6.418765, 5.507754
6.396364, 5.846212
6.444842, 6.125280
6.547395, 6.361992
6.608771, 6.448843
6.711875, 6.604366
6.786115, 6.726922
6.856531, 6.850686
6.972719, 7.020965
7.031962, 7.204546
7.071455, 7.346940
7.074480, 7.427125
7.090415, 7.545986
7.117874, 7.671796
7.145093, 7.805452
7.182886, 7.950641
7.216977, 8.073274
7.244568, 8.188283
7.259896, 8.297517
7.270026, 8.415267
7.273837, 8.533402
7.273430, 8.651671
7.268821, 8.761605
7.259987, 8.871282
7.249045, 8.980767
7.232604, 9.081473
7.214133, 9.181483
7.195681, 9.281390
7.167250, 9.365830
7.130139, 9.469423
7.093859, 9.564423
7.051603, 9.657287
7.011482, 9.750564
6.975287, 9.845421
6.942084, 9.932433
6.904781, 10.018390
6.871751, 10.105068
6.840638, 10.192625
6.802578, 10.287093
6.763698, 10.372342
6.731084, 10.459056
6.693312, 10.553476
6.659563, 10.649232
6.626541, 10.736594
6.588611, 10.830960
6.552711, 10.925946
6.518796, 11.021663
6.490923, 11.119327
6.456411, 11.232571
6.428840, 11.330296
6.401253, 11.428073
6.380143, 11.518390
6.354742, 11.608576
6.329495, 11.698217
6.301678, 11.804789
6.280152, 11.904005
6.260406, 11.995026
6.244870, 12.086475
6.233498, 12.178536
6.224197, 12.270992
6.222689, 12.370510
6.231908, 12.456263
6.251148, 12.556067
6.260864, 12.622280
0881d8fb-e925-492e-807f-98688b5d3993
6.857188, 6.728315
6.972695, 6.729544
7.064940, 6.722111
7.158583, 6.718786
7.233290, 6.717631
7.299165, 6.727091
7.351990, 6.730403
7.404387, 6.725259
7.477534, 6.721084
7.559951, 6.707386
7.637581, 6.691449
7.700179, 6.686238
7.801677, 6.679911
7.867879, 6.677283
7.927779, 6.676405
7.979024, 6.681639
c292cabb-fbab-49f1-9805-972fa5e15eeb
7.014633, 6.972300
7.105922, 6.970880
7.176187, 6.975779
7.249172, 6.965864
7.314891, 6.965999
7.408027, 6.966192
7.465176, 6.966310
7.550278, 6.946729
9fca85fd-a3ea-4212-aa0a-b548003cc939
6.809763, 6.893057
6.753883, 6.958868
6.733677, 6.987290
6.711785, 7.028416
6.679445, 7.101909
6.650290, 7.175597
6.630169, 7.234591
6.618120, 7.274553
4bae1b12-6ba8-4346-ab82-8448136d9634
7.001915, 7.159448
6.914571, 7.196777
6.876419, 7.213081
6.832441, 7.230249
6.804565, 7.237918
6.765841, 7.245466
6.724287, 7.253565
6.690758, 7.263151
fc840f8b-3d91-4cf9-96b4-f4a325587ec0
7.107012, 7.298334
7.220274, 7.351962
7.285508, 7.381958
7.331425, 7.407796
7.367830, 7.416258
0e326f84-7aa6-4ea5-aac1-61e51a1f7fa3
6.468777, 5.388854
6.342248, 5.383954
6.255681, 5.367571
6.116354, 5.347070
5.954419, 5.278312
5.866224, 5.251824
5.731875, 5.220132
5.634789, 5.193606
5.593284, 5.178780
5.543257, 5.156013
5.497024, 5.134972
5.441096, 5.111164
5.396316, 5.090475
5.353848, 5.075799
5.268219, 5.059893
5.184852, 5.062863
5.115722, 5.066823
5.067822, 5.066570
5.010062, 5.064767
4.963915, 5.058835
4.911858, 5.053652
4.861311, 5.048619
4.803975, 5.041407
4.759016, 5.032733
4.719204, 5.023529
4.673298, 5.009842
4.612774, 4.994921
4.549798, 4.984020
4.494196, 4.977434
4.418181, 4.974458
4.343592, 4.970039
4.291296, 4.968441
4.235891, 4.971240
4.192916, 4.971912
4.163593, 4.974818
b4444a0d-0675-4be2-82cb-1bfd543b9431
6.511667, 5.376987
6.666278, 5.354638
6.754061, 5.317603
6.919908, 5.278569
7.069310, 5.252433
7.133945, 5.241126
7.175501, 5.225810
7.208480, 5.202540
7.241336, 5.179370
7.263176, 5.158476
570d45da-82a8-4433-9fce-007e2638b8dd
6.400767, 5.534553
6.242595, 5.691721
6.192116, 5.793766
6.193536, 5.895230
6.207399, 5.988099
6.220659, 6.035199
6.210697, 6.078173
6.225480, 6.095372
6.238617, 6.157156
6.340309, 6.284558
6.376900, 6.330400
6.637399, 6.632059
6.690078, 6.687255
6.724630, 6.723458
