main root
6.903061, 5.029888
6.770197, 5.265247
6.714599, 5.376454
6.695741, 5.651445
6.665362, 5.863706
6.652098, 6.045316
6.645852, 6.233154
6.624098, 6.329548
6.590162, 6.497788
6.573226, 6.603156
6.557841, 6.712212
6.547481, 6.830965
6.516182, 6.976729
6.507608, 7.064664
6.500575, 7.223134
6.488864, 7.297970
6.485140, 7.341124
6.438944, 7.616757
6.436178, 7.705693
6.425836, 7.749330
6.412708, 7.830680
6.398091, 7.902473
6.385225, 7.980671
6.371010, 8.030183
6.354086, 8.110830
6.346109, 8.177994
6.321248, 8.217855
6.316838, 8.385993
6.311927, 8.459093
6.301249, 8.528744
6.292208, 8.607473
6.280885, 8.679857
6.269109, 8.755139
6.254838, 8.827000
6.237644, 8.898217
6.221969, 8.975897
6.209238, 9.054114
6.197151, 9.091116
6.175210, 9.363391
6.166347, 9.436118
6.159739, 9.515086
6.150654, 9.587785
6.138606, 9.660051
6.123615, 9.731764
6.108026, 9.806349
6.094756, 9.884478
6.081998, 9.959598
6.066789, 10.031265
6.050972, 10.105802
6.032848, 10.176788
6.009679, 10.243333
6.000593, 10.296750
1485a7fa-ab6c-4cca-9bc9-12396a8145b4
6.649843, 5.326358
6.604105, 5.359067
6.485936, 5.396082
6.413835, 5.412034
6.340967, 5.425990
6.306815, 5.431007
6.271251, 5.445816
6.145804, 5.452730
6.073933, 5.461188
6.009036, 5.473346
5.963188, 5.452492
5.804285, 5.456967
5.730075, 5.460555
5.675797, 5.464677
5.501213, 5.484376
5.397463, 5.489694
5.293926, 5.493372
5.189861, 5.486969
5.086755, 5.474265
4.968693, 5.461844
4.899431, 5.456643
4.841705, 5.447003
4.571095, 5.423128
4.526618, 5.416233
4.482586, 5.407415
4.447136, 5.381299
4.361353, 5.353251
4.305371, 5.330286
d7ce3316-fcab-4958-8d70-f4bdf5d593b5
6.697180, 5.644936
6.782032, 5.722578
6.833211, 5.813888
6.860628, 5.858334
6.878728, 5.893378
6.894945, 5.937822
6.915259, 5.993499
6.939412, 6.050958
6.964335, 6.106392
6.994093, 6.168925
7.021205, 6.229382
7.048922, 6.291189
7.069837, 6.348801
7.088064, 6.402500
7.142299, 6.514017
7.189589, 6.587297
7.218228, 6.647282
7.249065, 6.715342
7.282322, 6.774237
7.306387, 6.825985
7.395236, 6.933316
7.492158, 7.037998
7.537378, 7.093446
7.603180, 7.170785
7.659347, 7.233600
7.718308, 7.293316
7.773966, 7.347557
7.808087, 7.375018
07d187e1-8433-47f8-858f-7cb482249ff0
6.659033, 5.456767
6.596557, 5.496051
6.529247, 5.548987
6.478499, 5.548394
6.448994, 5.574350
6.397175, 5.597738
6.287685, 5.628158
6.224440, 5.644389
6.174113, 5.655972
6.130252, 5.655527
6.055917, 5.662459
5.976320, 5.646568
5.901989, 5.639568
5.803411, 5.630045
5.728569, 5.632633
5.608279, 5.615904
5.533444, 5.605641
4.492362, 5.469575
9d369e85-5a69-4053-8859-f35ba93c9083
6.776233, 5.457637
6.818391, 5.520253
6.861455, 5.590127
6.900780, 5.642522
6.945251, 5.701773
6.960564, 5.729656
6.980954, 5.772999
7.004191, 5.825913
7.032818, 5.883653
7.050808, 5.916567
7.078562, 6.006553
7.123146, 6.056951
7.175250, 6.105534
7.255527, 6.180385
7.319855, 6.248992
7.374649, 6.298679
7.415963, 6.334122
7.441520, 6.370499
7.538123, 6.461273
7.577260, 6.495994
7.595729, 6.514381
7.611880, 6.536796
7.639489, 6.577672
7.682467, 6.622587
7.711240, 6.659151
7.748959, 6.699825
7.789847, 6.737314
7.823616, 6.770306
7.844827, 6.801491
7.883796, 6.845475
7.911145, 6.883115
7.951458, 6.925867
7.969797, 6.951861
7.987746, 6.974705
8.054683, 7.063132
8.074859, 7.102187
8.088534, 7.125397
8.114970, 7.125210
8.187289, 7.196411
8.251076, 7.250482
8.306893, 7.306115
8.371666, 7.385606
8.426487, 7.449599
8.480272, 7.515573
8.532434, 7.582837
8.585697, 7.648137
8.637874, 7.715385
8.689775, 7.782280
8.745350, 7.857340
8.795736, 7.925392
8.841084, 7.986639
8.882245, 8.047261
8.913579, 8.089664
8.930629, 8.134262
8e2e0c6f-2e25-48dc-a572-b7e39de68899
6.693871, 5.298603
6.540674, 5.246471
6.449326, 5.230147
6.388247, 5.214843
6.260246, 5.202850
6.211021, 5.189218
6.163708, 5.173009
6.074521, 5.155663
6.012838, 5.146715
5.952492, 5.139473
5.895336, 5.125088
5.809970, 5.135328
5.798304, 5.111689
5.684540, 5.060732
5.574333, 5.015991
5.456543, 4.972703
5.400847, 4.950642
5.353543, 4.927073
5.238344, 4.868918
5.032990, 4.792342
e3d2197a-2268-46d2-b96f-19180eff519e
6.598839, 5.867297
6.530178, 5.901637
6.480718, 5.945198
6.432557, 5.953063
6.376353, 5.940329
6.337745, 5.944071
6.303275, 5.945909
6.226774, 5.958748
6.148943, 5.947609
6.097106, 5.934156
6.028847, 5.925733
5.973423, 5.915891
5.918597, 5.903128
5.862920, 5.890180
5.815865, 5.869122
5.753004, 5.882245
5.662704, 5.861843
5.580656, 5.832459
5.501021, 5.810679
5.461823, 5.796855
1bda6f2c-66d8-47a7-8a67-e13dbabeb930
6.599018, 6.847390
6.647989, 6.874803
6.715917, 6.903186
6.784268, 6.933368
6.844369, 6.956634
6.888520, 6.983755
6.998993, 7.036531
7.040494, 7.066311
7.068165, 7.062680
7.160324, 7.106173
7.245237, 7.143920
7.338862, 7.183226
7.406346, 7.216054
7.442511, 7.233648
6b5e0019-5f58-4ffb-9ea5-df1ee828d66b
6.454452, 6.832692
6.398644, 6.848620
6.328239, 6.850193
6.258386, 6.840313
6.200561, 6.819073
6.157291, 6.797029
6.018938, 6.728142
5.977028, 6.710617
5.939928, 6.693482
5.887848, 6.674374
5.826246, 6.651772
5.766369, 6.632477
42ac6fdc-8f27-4a16-83d4-8a098a61ffe4
6.697914, 5.180906
6.440976, 5.157204
6.391181, 5.135443
6.346634, 5.112709
6.304155, 5.087992
6.221254, 5.044723
6.172816, 5.024186
6.103319, 4.955574
1ee3e45c-1775-4eb8-9efd-7338e696db69
6.770365, 5.112470
6.676216, 5.089641
6.656954, 5.080350
6.623120, 5.060707
6.571864, 5.030950
6.526100, 5.004382
6.497027, 4.985772
6.420194, 4.909387
6.392297, 4.879542
6.365512, 4.848696
6.342524, 4.829071
6.313047, 4.805873
82156c51-5c29-4f7c-8e9b-58361688e70c
6.481998, 7.825309
6.541839, 7.858887
e95bbeb8-c9d5-4a72-ac0e-788fb024787c
6.431983, 7.274942
6.378395, 7.274053
6.355149, 7.266184
6.337297, 7.271637
6.264151, 7.267365
6.201822, 7.266723
6.139536, 7.269075
6.089535, 7.267968
6.038161, 7.265333
6.008024, 7.262289
9279eea3-9afd-4ddb-942e-960e566b3ac2
6.632941, 6.002054
6.582225, 6.033509
6.576549, 6.047684
6.556983, 6.092257
6.549030, 6.121303
6.538836, 6.175163
6.527399, 6.219500
6.518374, 6.242497
6.495495, 6.293271
29007c80-632c-40bb-aeb4-ac201364950e
6.712920, 5.197112
6.727914, 5.027957
6.734685, 4.974977
6.748818, 4.915197
