main root
7.027848, 4.688632
6.941930, 4.897806
6.817066, 5.200814
6.762924, 5.353955
6.707746, 5.485284
6.687917, 5.575921
6.644855, 5.664494
6.602143, 5.776471
6.557987, 5.886308
6.508091, 5.993452
6.445168, 6.093590
6.380405, 6.192685
6.313886, 6.290610
6.242331, 6.384679
6.165841, 6.474782
6.100216, 6.555344
6.053295, 6.677772
6.035714, 6.738145
6.014959, 6.882950
6.011494, 6.928232
6.002181, 6.951857
5.987431, 6.989267
5.979800, 7.016777
5.970569, 7.061240
5.964289, 7.106217
5.954609, 7.143063
5.941703, 7.192196
5.926646, 7.249515
5.913724, 7.310489
5.902752, 7.362256
5.892978, 7.414322
5.879413, 7.531698
5.873293, 7.571621
5.864375, 7.609487
5.860231, 7.639771
5.857046, 7.684519
5.853996, 7.726181
5.850861, 7.767837
5.850526, 7.811058
5.853090, 7.855847
5.855392, 7.897557
5.860764, 7.942096
5.865685, 7.983580
5.870520, 8.025072
5.878591, 8.069201
5.886025, 8.110307
5.896853, 8.153842
5.908771, 8.195554
5.904452, 8.255045
5.908074, 8.286692
5.916148, 8.330912
5.918441, 8.368478
5.921536, 8.419186
5.923472, 8.450877
5.966910, 8.590880
5.970700, 8.618246
5.973130, 8.657611
5.975195, 8.715359
5.972967, 8.778713
5.974068, 8.832581
5.976806, 8.893294
5.981420, 8.962395
5.984340, 9.028587
5.985018, 9.077913
5.984199, 9.127232
5.984827, 9.179546
5.987130, 9.246635
5.990638, 9.305198
03527267-718e-4aa4-94e3-1f5024ae5cb9
6.963579, 4.995100
7.057093, 5.118493
7.081012, 5.144451
7.084131, 5.168317
7.121870, 5.219880
63feddae-e4a1-458d-a929-c1d82987746a
6.923011, 4.923191
6.824887, 4.968303
6.766229, 4.990327
6.700191, 5.019919
6.553267, 5.031267
d22be00a-ec73-4111-89ab-fd467057ccad
6.059620, 6.664502
5.981889, 6.701131
5.935858, 6.737361
5.916439, 6.750467
aae7fb02-8ea0-4349-a138-73b7065e02ba
6.024201, 6.762743
5.999501, 6.783370
5.953593, 6.814293
