main root
6.601303, 5.840711
6.551032, 5.910474
6.447142, 6.096025
6.447053, 6.320781
6.451913, 6.538892
6.478797, 6.702597
6.520895, 6.923368
6.560051, 7.111651
6.597869, 7.254068
6.633577, 7.388538
6.668312, 7.535041
6.706029, 7.685323
6.756213, 7.919675
6.793278, 8.111673
6.815886, 8.306743
6.845436, 8.471647
6.866008, 8.630693
6.885759, 8.768269
6.901710, 8.921904
6.917448, 9.073499
6.932680, 9.199871
6.961197, 9.336415
6.958596, 9.406117
6.958037, 9.533725
6.961677, 9.661281
6.893724, 9.818577
6.822229, 9.929041
6.701754, 10.112884
6.606724, 10.416592
6.543189, 10.582858
6.469065, 10.795348
6.506833, 10.918851
6.536012, 11.007073
6.548450, 11.064494
6.552945, 11.114633
6.549558, 11.169766
6.539278, 11.239483
6.521461, 11.331471
6.504602, 11.402770
6.488181, 11.478725
6.470880, 11.578766
6.459115, 11.655582
6.448831, 11.732611
6.437494, 11.833510
6.429931, 11.900825
6.422368, 11.968140
6.407734, 12.060699
6.397235, 12.117528
6.390068, 12.181039
6.380574, 12.265167
6.372608, 12.322400
6.365716, 12.382786
6.356114, 12.466910
6.350710, 12.527448
6.346800, 12.588100
6.337159, 12.673167
6.329405, 12.728298
6.321056, 12.776911
e78da85e-c9fc-4beb-8627-0c9b6d2285fa
6.558445, 5.761975
6.488954, 5.674245
6.412695, 5.652958
6.294918, 5.609094
6.187264, 5.604189
6.005284, 5.595314
5.839109, 5.605895
5.616443, 5.632514
5.441227, 5.657244
5.359165, 5.664560
5.293675, 5.668274
2c72cbf8-509f-4cdd-b0f2-a81cdf40fbdf
6.650065, 5.924570
6.747324, 5.913959
6.827016, 5.929544
6.984330, 5.951956
7.094553, 5.969723
7.279416, 6.039565
7.380785, 6.082387
7.490324, 6.144613
7.626289, 6.203312
7.740732, 6.257292
7.857872, 6.307902
7.972297, 6.361913
8.088280, 6.414337
8.214092, 6.466624
8.323993, 6.528213
8.446836, 6.599830
8.575058, 6.665388
8.695413, 6.721158
8.828712, 6.774188
8.969979, 6.831782
9.071592, 6.882341
9.168142, 6.935108
9.228634, 6.970565
f1f1be32-05c1-4e85-825c-f87873412844
6.347819, 6.173976
6.289322, 6.170789
6.226158, 6.177405
6.187434, 6.177308
6.145219, 6.176862
6.082936, 6.179197
6.023715, 6.181418
5.966517, 6.188057
5.895294, 6.200845
5.828628, 6.212814
5.748793, 6.233230
5.692561, 6.242975
5.643727, 6.249919
5.595974, 6.253686
5.539644, 6.255128
5.487918, 6.263937
5.402916, 6.274206
5.363503, 6.275952
5.335269, 6.280199
5.307637, 6.287382
5.276718, 6.301604
5.216823, 6.326649
5.140621, 6.332671
5.091351, 6.335063
5.010191, 6.335420
4290269e-5e57-4cfd-a9b2-455d111eedb6
6.780209, 7.672341
6.843456, 7.676821
6.895433, 7.674343
6.925579, 7.679522
6.978745, 7.684100
7.024594, 7.695255
a6651c21-4067-400b-a1b4-1da08d322e33
6.852398, 8.924094
6.820809, 8.932408
6.781582, 8.940398
6.742522, 8.944894
6.697971, 8.953014
6.654032, 8.964066
6.617437, 8.967097
6.569035, 8.975611
6.497473, 8.994278
6.424817, 9.011682
6.370035, 9.029421
6.322757, 9.046304
9d9b7e96-ddd0-4de6-b97c-10e33131ca3b
6.936838, 9.224576
7.049720, 9.256154
7.089744, 9.260654
7.128239, 9.267936
7.169577, 9.275694
7.210925, 9.283394
7.248793, 9.293431
7.289464, 9.304152
7.326491, 9.316946
7.370070, 9.328777
7.410675, 9.339740
7.447625, 9.352756
7.487316, 9.366672
7.527026, 9.380534
7.561258, 9.395592
7.599781, 9.412472
7.628873, 9.428423
7.665780, 9.448593
7.698654, 9.469905
7.733978, 9.492734
7.769334, 9.515514
7.804723, 9.538244
7.840143, 9.560925
7.875594, 9.583557
7.911077, 9.606140
7.946590, 9.628674
7.982137, 9.651156
8.013585, 9.674520
8.047381, 9.699556
8.081214, 9.724545
8.115081, 9.749486
8.148983, 9.774380
8.178735, 9.799867
8.214936, 9.826859
8.244500, 9.852566
8.280501, 9.879825
8.314069, 9.905168
8.347672, 9.930464
8.368047, 9.945728
191257c1-a08f-4c52-8138-043bde502729
6.936696, 9.279019
7.038948, 9.338469
7.071230, 9.369930
7.104999, 9.411201
7.136210, 9.439890
7.188076, 9.491632
7.232153, 9.533487
7.255922, 9.564314
7.292109, 9.611247
7.332495, 9.658722
7.377646, 9.716420
7.424603, 9.776424
7.470329, 9.822713
7.504374, 9.860902
12846bea-66a7-4631-9ef8-03e61e4f5a39
6.935595, 9.496284
6.834003, 9.577043
6.804324, 9.610973
6.776735, 9.647061
6.756331, 9.663893
6.724079, 9.686619
6.689474, 9.711002
6.654868, 9.735385
6.620985, 9.755597
6.584629, 9.777286
6.548272, 9.798975
6.525421, 9.816093
6.490940, 9.845665
6.458805, 9.873223
6.439524, 9.889759
c0ea7985-091e-4295-a3b3-8b15b16d1612
6.919915, 9.911856
6.957905, 9.986019
6.971884, 10.011848
6.991965, 10.061536
7.019573, 10.113905
7.051393, 10.130060
7.091618, 10.189322
7.126272, 10.252243
31951289-12f4-482b-8e5c-ef8b34dd4702
6.990907, 9.773843
7.048010, 9.847453
7.096824, 9.921684
7.104596, 9.940664
7.127049, 9.995505
7.153405, 10.051984
7.178464, 10.105684
7.202628, 10.157472
7.220029, 10.187690
7.246298, 10.227310
7.283193, 10.277541
7.318272, 10.325302
7.349165, 10.372423
7.377511, 10.421121
7.407323, 10.472338
7.437135, 10.523554
7.466945, 10.574770
7.492662, 10.624907
7.511648, 10.675041
7.534246, 10.726267
7.562110, 10.782017
7.592619, 10.836364
7.621625, 10.888038
7.639374, 10.931890
7.668794, 10.980737
5305b6fd-320f-4556-90d1-a65a50ea40aa
6.963711, 9.741381
7.048063, 9.847091
7.130423, 9.909529
7.156182, 9.922916
7.191867, 9.941463
69335178-a4de-41d8-bc3c-d67ea6a2ddad
6.616700, 10.071100
6.604416, 10.066648
6.541678, 10.045761
6.481973, 10.030464
