main root
6.615094, 4.541605
6.506885, 4.872475
6.466613, 4.975766
6.461594, 5.205780
6.456442, 5.371932
6.440680, 5.500398
6.416932, 5.596834
6.386948, 5.714118
6.377149, 5.819162
6.374827, 5.882374
6.396491, 6.063257
6.397793, 6.111874
6.394873, 6.170582
6.388666, 6.235092
6.386755, 6.317475
6.383526, 6.392122
6.387510, 6.438541
6.393655, 6.492628
6.406952, 6.543385
6.420462, 6.606767
6.433270, 6.659673
6.445918, 6.713988
6.476702, 6.883336
6.480787, 6.922559
6.485170, 6.964648
6.527167, 7.090867
6.544316, 7.132917
6.556397, 7.170461
6.565594, 7.208812
6.574970, 7.247918
6.586965, 7.285120
6.603714, 7.327324
6.627097, 7.370013
6.638289, 7.399791
6.648581, 7.435688
6.730137, 7.605944
6.747764, 7.642303
6.755096, 7.663859
6.764826, 7.701174
6.771817, 7.739099
6.783005, 7.782235
6.793594, 7.822314
6.800440, 7.859201
6.808188, 7.899925
6.815925, 7.939582
6.842931, 7.998095
6.853766, 8.094133
6.860256, 8.181391
872bad0a-76d6-473d-b044-1cf8699994d7
6.597554, 4.656941
6.698234, 4.686259
6.753697, 4.779374
6.786206, 4.832789
6.833766, 4.899447
6.909404, 4.991283
6.946701, 5.049273
7.014515, 5.157829
7.062557, 5.212297
7.084581, 5.251182
7.187344, 5.361630
7.217499, 5.394168
7.263637, 5.470690
7.290265, 5.520821
7.317031, 5.565018
7.311599, 5.599486
