main root
7.148098, 5.310392
7.409443, 5.497090
7.555357, 5.573722
7.646500, 5.628466
7.763038, 5.833792
7.854649, 5.987770
7.941205, 6.137320
8.027702, 6.303565
8.076601, 6.402133
8.121754, 6.493149
8.172591, 6.590863
8.215806, 6.683091
8.264443, 6.781905
8.309310, 6.873059
8.359843, 6.970932
8.402766, 7.063289
8.440213, 7.148853
8.475227, 7.244687
8.512056, 7.339322
8.546931, 7.452208
8.571267, 7.559653
8.601809, 7.665766
8.614593, 7.715593
8.615716, 7.760192
8.580159, 7.831109
8.563224, 7.888968
8.563198, 7.926343
8.572125, 8.003058
8.558416, 8.071095
8.538693, 8.126384
8.510175, 8.188510
8.475441, 8.249823
8.425643, 8.329193
8.384673, 8.391678
8.343753, 8.459546
8.298540, 8.538631
8.272096, 8.593243
8.242352, 8.651619
8.169837, 8.831415
8.141344, 8.902062
8.110367, 8.966866
8.062670, 9.056835
8.036641, 9.099538
8.013191, 9.155251
7.986827, 9.233321
7.969023, 9.318794
7.950407, 9.364121
7.919096, 9.451434
7.894276, 9.525080
7.871818, 9.601087
7.842816, 9.691780
7.828308, 9.732236
7.825765, 9.799112
7.824631, 9.868352
7.813532, 9.906384
71137320-47cb-4c2f-af9a-a136ba56046f
7.137411, 5.405438
6.993215, 5.471058
6.925181, 5.519774
6.893417, 5.537541
6.855029, 5.557804
6.764452, 5.590730
6.729475, 5.605508
6.668280, 5.629435
6.604731, 5.659578
6.566492, 5.673235
6.507512, 5.690002
6.437248, 5.721329
6.379719, 5.742546
6.315597, 5.771450
6.256657, 5.796862
6.197307, 5.821302
6.131051, 5.860396
6.077355, 5.883903
6.013519, 5.920500
5.956210, 5.955589
5.899937, 5.992317
5.845617, 6.026512
5.799831, 6.044523
3eb2cbf5-4644-48ff-9015-c43fa723e60d
7.189691, 5.427159
7.129563, 5.612646
7.109639, 5.678963
7.031429, 5.767425
6.960396, 5.844007
6.890225, 5.916548
6.816431, 5.986751
6.750572, 6.052308
6.692333, 6.113206
6.635605, 6.175524
6.582249, 6.240300
6.533804, 6.299113
6.485156, 6.355819
6.427550, 6.426216
6.400031, 6.466932
7502bbb5-d64e-407c-a3ab-c88ff856404b
7.375128, 5.528883
7.369418, 5.593764
7.386354, 5.624717
7.414226, 5.730056
7.420721, 5.805551
7.420217, 5.852073
7.421308, 5.889568
7.426728, 5.921431
7.450042, 6.002960
7.478591, 6.094752
7.493084, 6.156476
7.510367, 6.223530
7.529096, 6.290195
7.549260, 6.356439
7.567116, 6.420240
7.577993, 6.481315
7.590492, 6.542958
7.605622, 6.579922
1c6a0adb-6f7e-48c6-b06f-789769237317
7.352142, 5.457570
7.581418, 5.693892
7.681198, 5.837957
7.722670, 5.871726
7.968644, 6.078711
8.051003, 6.123210
8.139231, 6.183937
d2bb7321-19dc-4446-ba10-911f3585a10a
7.789131, 5.844574
7.788292, 6.110111
7.799856, 6.169946
7.802226, 6.205875
7.804999, 6.247908
7.811388, 6.299275
7.827518, 6.344087
7.839930, 6.396245
7.839230, 6.445023
7.832478, 6.498210
7.860714, 6.578877
7.869562, 6.649405
7.866097, 6.694100
7.890402, 6.727228
7.926249, 6.829155
