main root
6.463018, 4.098055
6.447442, 4.259397
6.438506, 4.388935
6.439619, 4.522886
6.449564, 4.702356
6.455323, 4.906759
6.474419, 5.104841
6.486384, 5.333749
6.470982, 5.544458
6.469234, 5.758660
6.455819, 5.893276
6.471213, 6.002539
6.417663, 6.072790
6.412746, 6.205109
6.401194, 6.312935
6.343452, 6.533139
6.320111, 6.748392
6.273704, 7.233859
6.237311, 7.449558
6.232794, 7.626160
6.220150, 7.830598
6.205547, 8.111417
6.205087, 8.364687
6.206523, 8.598980
6.203468, 8.792272
6.214640, 9.017684
6.209212, 9.229111
6.207349, 9.381790
6.205274, 9.429216
6.201391, 9.476212
6.198799, 9.521771
6.198457, 9.548364
6.202103, 9.588560
6.211045, 9.641073
6.220988, 9.690549
6.225345, 9.735015
6.235220, 9.805112
6.244160, 9.879293
6.247270, 9.942620
6.250592, 10.010273
6.257465, 10.089230
6.264075, 10.165149
6.272304, 10.242418
6.281124, 10.311098
6.293099, 10.380858
6.304264, 10.454736
6.316089, 10.522963
6.322463, 10.586043
6.335833, 10.658787
6.340935, 10.711391
6.344410, 10.747207
6.346096, 10.796528
ccd2a937-ee61-44d6-9744-a6eebf72e663
6.361819, 4.455776
6.284526, 4.478576
6.237560, 4.498523
6.169250, 4.523746
6.100513, 4.544572
6.001899, 4.570031
5.930265, 4.585432
5.851170, 4.608561
5.730532, 4.640954
5.678801, 4.652654
5.626318, 4.662397
5.586210, 4.665277
5.536924, 4.667315
5.469244, 4.670114
5.410030, 4.672562
5.366910, 4.681835
5.283289, 4.697696
5.233379, 4.707163
5.176338, 4.716458
5.127432, 4.722912
5.077069, 4.729557
4.980037, 4.746971
4.916854, 4.749005
4.883150, 4.754033
a5dd1f26-c67a-487a-8672-32d028076dbf
6.386968, 4.046912
6.286984, 4.063619
6.181148, 4.096272
6.124104, 4.132641
6.067690, 4.185806
6.008314, 4.214888
5.934982, 4.233119
5.867072, 4.253088
5.790926, 4.280158
5.714434, 4.313954
5.667203, 4.336459
5.622049, 4.356315
5.582933, 4.378422
5.543668, 4.402331
5.515050, 4.425014
5.460996, 4.475499
5.422613, 4.503157
5.374871, 4.535714
5.319698, 4.569715
5.270712, 4.594628
5.224780, 4.619669
5.180777, 4.641951
5.123379, 4.677729
5.063981, 4.721807
4.986303, 4.774211
4.950194, 4.823690
4.919687, 4.842662
4.883898, 4.864883
4.848777, 4.890174
4.814574, 4.914767
4.780353, 4.939332
4.747004, 4.966919
4.714126, 4.997961
4.683352, 5.031089
4.654659, 5.061934
4.626096, 5.096986
4.599891, 5.133835
4.576162, 5.172365
4.553115, 5.198371
4.513806, 5.242729
4.474499, 5.287082
4.434938, 5.327211
4.393181, 5.348246
4.394686, 5.385538
4.324139, 5.471386
4.268558, 5.545648
4.223456, 5.609419
4.196029, 5.657484
b4445656-1101-4426-9335-bf5018520ab2
6.515549, 4.298966
6.598175, 4.358184
6.666730, 4.381691
6.692712, 4.394372
6.721047, 4.411532
6.766487, 4.451583
6.798258, 4.485572
6.835064, 4.522756
6.877778, 4.557399
6.919599, 4.595171
6.948903, 4.623653
6.975903, 4.645723
7.006803, 4.665182
7.063145, 4.695354
7.109951, 4.718723
7.155399, 4.741415
7.208424, 4.767888
7.253417, 4.797043
7.307293, 4.828387
7.341621, 4.851822
7.386411, 4.886023
7.429319, 4.922553
7.476553, 4.960800
7.509719, 4.993434
7.548046, 5.029045
7.589492, 5.063469
7.632974, 5.101530
7.671197, 5.134987
7.715793, 5.174022
7.766725, 5.212637
7.816505, 5.254135
7.883470, 5.302165
7.925732, 5.336161
7.955249, 5.367588
8.001407, 5.403064
8.022234, 5.419963
