main root
6.146752, 5.633934
6.105020, 5.765507
6.079346, 5.977083
6.064943, 6.100700
6.060948, 6.337093
6.042449, 6.473426
5.993285, 6.680487
5.943293, 6.854435
5.889578, 7.051968
5.869813, 7.180270
5.899128, 7.383184
5.922809, 7.610644
5.932788, 7.787093
5.942713, 7.943390
5.957603, 8.112329
5.968753, 8.238843
5.977487, 8.337943
5.977823, 8.392904
5.979692, 8.453661
5.982295, 8.538286
5.985659, 8.598976
5.987831, 8.665196
5.994061, 8.718194
6.006952, 8.789397
6.023999, 8.871915
6.032507, 8.920497
6.043912, 8.959589
6.059995, 9.009371
6.077494, 9.058670
6.092572, 9.105629
6.110514, 9.146823
6.136706, 9.195718
6.158666, 9.239882
6.179275, 9.284692
6.201623, 9.344027
6.223566, 9.406537
6.244096, 9.469537
6.263193, 9.532971
6.282717, 9.597824
6.308412, 9.672793
6.327416, 9.742086
6.343492, 9.806364
6.361740, 9.873157
6.377752, 9.937444
6.388168, 9.997845
6.397949, 10.063370
6.404548, 10.127845
6.416931, 10.190043
6.437088, 10.268297
6.456306, 10.351211
6.465978, 10.399575
6.477701, 10.450558
6.485703, 10.512073
6.493348, 10.570845
6.504348, 10.632199
6.519532, 10.708416
6.527071, 10.769240
6.533735, 10.835165
6.537268, 10.899875
6.543651, 10.961878
6.549719, 11.020831
6.554146, 11.078444
6.556119, 11.143215
6.561008, 11.205353
6.569374, 11.273517
6.574668, 11.328938
b08bef4d-3251-466b-8e9e-412bebb9868a
5.976368, 6.277432
5.927761, 6.322845
5.888051, 6.357005
5.855569, 6.409753
5.801211, 6.462812
5.764883, 6.496181
5.727384, 6.532659
5.692575, 6.560255
5.667696, 6.579979
768c76d1-6e9d-457b-a30a-d3dbf73c0037
6.057654, 6.164919
5.926510, 6.264186
5.688242, 6.497098
5.630682, 6.581148
5.557338, 6.652726
5.469761, 6.772036
5.374429, 6.876227
5.262614, 6.953812
5.201994, 7.018210
5.165441, 7.050824
5.079357, 7.166527
5.046441, 7.202784
5.017987, 7.234126
4.989533, 7.265468
4.962297, 7.291016
4.923770, 7.325103
671df4dc-dc3c-49fa-9c6b-c6acae888a40
6.024851, 5.810197
5.973549, 5.853417
5.939342, 5.896507
5.920496, 5.949392
5.911970, 5.973318
5.920606, 5.991993
5.932342, 6.056647
5.939895, 6.098254
5.950480, 6.156568
5.943854, 6.235633
5.898911, 6.310424
5.812514, 6.392484
5.705580, 6.478423
5.660749, 6.530474
5.608931, 6.598743
5.560165, 6.649725
5.508935, 6.720916
5.440519, 6.809184
5.350845, 6.896045
5.240892, 6.985747
5.184279, 7.031877
5.117367, 7.103173
