main root
8.161863, 4.000676
8.029465, 3.954197
7.945639, 3.962416
7.840838, 3.950720
7.716888, 3.978858
7.522892, 4.110939
7.412068, 4.213815
7.311132, 4.300982
7.244639, 4.356603
7.168064, 4.427707
7.111208, 4.462069
7.001857, 4.519167
6.913753, 4.609986
6.849770, 4.734516
6.810847, 4.776669
6.714070, 4.869490
6.684833, 5.148373
6.655631, 5.258290
6.611463, 5.356964
6.531927, 5.497473
6.471352, 5.621979
6.446676, 5.746012
6.468451, 5.883259
6.483996, 6.103034
6.492227, 6.301165
6.491321, 6.429138
6.465594, 6.575396
6.461644, 6.684287
6.456898, 6.815104
6.449390, 6.909554
6.446983, 7.019947
6.440188, 7.138014
6.435974, 7.248071
6.431439, 7.366513
6.420891, 7.476085
6.409041, 7.577091
6.397204, 7.677998
6.384380, 7.787315
6.369461, 7.896324
6.351323, 8.013302
6.335755, 8.113704
6.316808, 8.222088
6.304591, 8.340981
6.289142, 8.449929
6.277865, 8.559605
6.266606, 8.669096
6.251151, 8.778039
6.231517, 8.886304
6.220167, 8.996326
6.207133, 9.122663
6.196161, 9.249479
6.183019, 9.394821
6.165209, 9.521953
6.152897, 9.640255
6.139406, 9.749451
6.124823, 9.884500
6.116256, 10.003148
6.113332, 10.131086
6.108160, 10.266106
6.105892, 10.410209
6.106228, 10.523292
6.111155, 10.647730
6.107847, 10.776093
6.114079, 10.916338
6.123716, 11.078701
6.134348, 11.224313
6.153295, 11.373131
6.164247, 11.523438
6.173582, 11.679489
6.169729, 11.784813
6.138483, 11.958199
6.148186, 12.066048
6.209580, 12.197538
4337684e-ae3a-40a0-8764-fd6f614950ad
6.379370, 7.399863
6.344553, 7.411908
6.293919, 7.423488
6.232287, 7.438772
28a1ef8f-5459-4050-b953-694a661f7cd0
6.448499, 7.577821
6.472753, 7.592483
6.503548, 7.611099
a2d6e6ff-fefd-4e48-93a0-b249a0eaf39a
6.392663, 6.922454
6.377547, 6.916186
6.353470, 6.909848
6.306828, 6.900663
6.254977, 6.893504
6.198364, 6.885688
74a5fdf9-136d-45c4-936e-81940bea40fc
6.415250, 6.597404
6.382452, 6.600052
6.341318, 6.611881
6.272594, 6.632103
6.201380, 6.652827
6.175701, 6.657639
6.138316, 6.664702
6.102132, 6.676251
6.071509, 6.684602
6.036356, 6.698989
6.014163, 6.701604
5.988271, 6.703005
5.961628, 6.705804
20c96da9-1a26-46a7-8343-cc6bbf3cdf38
6.548966, 6.421967
6.596830, 6.452386
6.623513, 6.468533
6.683794, 6.509401
6.733127, 6.531787
6.804474, 6.562519
6.860666, 6.598132
6.924307, 6.635961
6.968937, 6.652840
7.044065, 6.678053
7.114405, 6.703239
7.210705, 6.735472
7.269247, 6.759802
7.333753, 6.783369
7.387569, 6.806218
478de5ab-19e7-4d1b-850e-3be9d1ed599e
6.453673, 6.154728
6.317560, 6.160344
6.280150, 6.163734
6.245471, 6.168464
6.220490, 6.164232
6.197271, 6.158695
6.178158, 6.166699
6.158741, 6.166716
6.131844, 6.166120
6.100967, 6.170806
6.069262, 6.181045
6.032317, 6.192975
5.968198, 6.195320
5.928778, 6.193767
5.872669, 6.188560
5.840863, 6.191621
5.780524, 6.198932
5.744802, 6.203260
3d70b3ab-36be-46e5-b388-531d5c84a953
6.532717, 6.110703
6.588535, 6.094213
6.619428, 6.085437
6.649176, 6.078588
6.685092, 6.076025
6.735763, 6.072409
6.797652, 6.064991
6.844682, 6.060862
6.876447, 6.062581
6.927173, 6.065325
6.968906, 6.066084
7.006745, 6.060785
7.067987, 6.049185
7.126217, 6.038156
7.184443, 6.027127
7.217414, 6.023928
7.256855, 6.023109
7.296243, 6.025286
7.315232, 6.018967
7.336491, 6.016625
d3feb77a-e002-45e7-9dfc-3ad75e798f13
6.996225, 4.596796
6.964157, 4.678505
6.938646, 4.740017
6.916038, 4.785339
6.890216, 4.838686
6.865785, 4.896032
6.842555, 4.950557
6.820905, 5.009009
6.800319, 5.064587
6.777965, 5.116318
6.754457, 5.170725
6.730948, 5.225131
6.707439, 5.279538
6.693295, 5.357554
6.670008, 5.380649
6.654793, 5.412636
6.620769, 5.477050
6.595301, 5.531543
6.566047, 5.608125
6.540676, 5.682755
6.516224, 5.754478
6.491712, 5.826180
6.455481, 5.974411
6.434392, 6.062194
6.406599, 6.165071
6.380067, 6.271396
6.357453, 6.353457
6.332522, 6.451886
6.301366, 6.549048
6.268305, 6.645222
6.231226, 6.740073
6.195055, 6.844224
6.170695, 6.933599
6.146039, 7.032102
6.121370, 7.130661
6.107148, 7.222131
6.096486, 7.332027
6.090900, 7.433402
6.080626, 7.542953
6.070348, 7.652536
6.061652, 7.745257
6.049272, 7.854597
6.039953, 7.955707
6.034854, 8.057116
6.025106, 8.166724
6.021665, 8.277085
6.015866, 8.395325
6.014258, 8.514260
6.008540, 8.624141
6.013370, 8.734892
6.011469, 8.836908
6.009575, 8.938486
6.009947, 9.031411
6.010285, 9.116073
6.010657, 9.209198
6.013967, 9.288379
6.022797, 9.398293
6.024064, 9.470130
6.022360, 9.543376
6.032919, 9.604296
8fcf43f2-7d05-4ff7-b7f5-c8c1ae301200
7.998842, 4.011151
7.981955, 4.084903
7.981670, 4.151014
7.988577, 4.201799
8.000028, 4.275004
8.005580, 4.321107
8.007312, 4.360523
8.008427, 4.385899
8.022163, 4.398870
8.030495, 4.428122
8.038132, 4.461494
8.048817, 4.489405
8.063311, 4.515542
8.088753, 4.558955
8.115630, 4.601859
8.148302, 4.644991
8.172083, 4.683325
8.204565, 4.726601
8.234044, 4.765877
8.254193, 4.822000
8.311996, 4.891757
8.342271, 4.945759
8.381816, 4.998984
8.457850, 5.080031
8.517227, 5.143323
8.539407, 5.185409
8.568470, 5.249582
8.581279, 5.298261
8.604441, 5.386281
8.626700, 5.429543
8.665437, 5.504827
8.694393, 5.584093
8.723445, 5.663618
8.761086, 5.748268
8.800650, 5.821933
8.845583, 5.892448
8.889558, 5.965319
8.931750, 6.039251
8.965325, 6.098083
9.003649, 6.186032
a5850bab-ae09-480a-bb49-7d520427cbaf
8.126068, 4.041314
8.101704, 4.120404
8.059773, 4.158861
8.026331, 4.192440
8.007957, 4.212366
7.951283, 4.284095
7.924583, 4.330514
7.886088, 4.394440
7.846252, 4.448532
7.805134, 4.496793
7.760700, 4.542021
7.724202, 4.585091
7.704036, 4.621437
7.672564, 4.720063
7.652337, 4.762940
89870413-d438-448e-b0c2-304539a482c7
7.525527, 4.181344
7.520725, 4.245498
7.534929, 4.288117
7.548794, 4.343407
7.564380, 4.368409
7.581886, 4.407810
7.606899, 4.475164
7.633336, 4.534438
7.649715, 4.571166
7.686372, 4.600809
7.730687, 4.663567
7.747244, 4.689149
7.767486, 4.728690
7.779769, 4.762537
7.788706, 4.804715
7.797403, 4.874640
7.807172, 4.941055
7.818963, 4.991605
7ab2507e-33cd-47b4-9d44-aed55c4afb91
8.173589, 3.969463
8.185082, 3.838561
8.322232, 3.693033
8.404884, 3.629503
8.460064, 3.600851
8.501297, 3.584780
8.527155, 3.567002
8.579592, 3.533656
8.647324, 3.517140
8.701076, 3.497871
8.754874, 3.478586
8.825089, 3.478389
8.867203, 3.470178
8.914620, 3.471036
8.955410, 3.473272
8.982883, 3.474779
9.000413, 3.468379
9.031535, 3.461795
9.072948, 3.453034
9.128861, 3.441206
9.153474, 3.439058
9.192925, 3.438622
9.237165, 3.442623
9.286133, 3.448554
9.331926, 3.452594
9.357714, 3.456371
39a8aad2-1f8c-4cfc-b867-1a5f5fb1dd36
7.814730, 3.907542
7.760372, 3.847267
7.704940, 3.800789
7.645929, 3.761200
7.588716, 3.707078
7.564967, 3.687233
7.545476, 3.670947
7.481711, 3.663244
7.409063, 3.661227
7.358086, 3.653823
7.284376, 3.641605
7.210611, 3.632250
7.108768, 3.659805
7.023237, 3.674352
6.992661, 3.673480
6.973340, 3.695044
6.930314, 3.719153
06e60e25-7b8c-4f4f-9068-ae72e407fd80
8.104760, 3.948731
8.093944, 3.888231
8.044165, 3.810363
7.969061, 3.763375
7.909620, 3.742354
7.825630, 3.732079
7.759269, 3.732378
7.694228, 3.748412
7.619800, 3.771160
7.577532, 3.787066
7.556147, 3.787152
7.528632, 3.787260
7.497271, 3.793368
7.455732, 3.801457
7.418047, 3.811843
7.377249, 3.823084
7.334360, 3.838005
7.296233, 3.848096
7.255323, 3.858922
7.228641, 3.869076
7.203170, 3.881971
7.165413, 3.901084
7.133310, 3.917332
7.110647, 3.928803
7.093134, 3.956585
7.056514, 3.988542
6.947973, 4.104674
6.903388, 4.151567
6.842258, 4.187866
6.778015, 4.202579
6.666378, 4.204265
6.531954, 4.252530
6.377166, 4.268936
6.326049, 4.284990
6.229114, 4.315432
6.135982, 4.333656
6.039173, 4.365532
5.945416, 4.383116
5.877383, 4.398015
5.837392, 4.415265
5.765074, 4.451349
5.705690, 4.482653
5.657012, 4.503236
584f0e4b-27f0-416c-8560-0a1f6b47b830
7.778770, 3.953354
7.643475, 3.969058
7.578100, 3.967668
7.517809, 3.968585
7.462401, 3.965829
7.403758, 3.974690
7.362269, 3.988080
7.294403, 4.019419
7.173100, 4.030890
7.115307, 4.028394
7.056368, 4.035236
6.993277, 4.040608
6.921866, 4.053756
6.853758, 4.071310
6.816194, 4.046393
6.785970, 4.055171
6.610460, 4.012573
6.466058, 3.988189
6.363312, 3.969117
6.264201, 3.921112
6.220845, 3.880035
6.210603, 3.842106
48138a75-d037-443a-b0e9-5c64804e8d5b
7.245341, 4.297027
7.197697, 4.232449
7.115459, 4.149739
7.074690, 4.131283
7.013356, 4.114528
6.817494, 4.059563
6.559846, 4.004377
6.302315, 3.937235
6.197600, 3.924300
6.152755, 3.920646
6.119147, 3.911879
6.101244, 3.920927
6.032629, 3.924360
5.998143, 3.924553
5.968246, 3.929244
95782776-5938-47ec-bb4d-0443b2a89308
7.156762, 4.492673
7.183783, 4.518436
7.205957, 4.547852
7.228960, 4.555628
7.247331, 4.566578
7.270032, 4.587079
7.309793, 4.627019
7.339415, 4.652529
7.388548, 4.690892
3c9a8752-1a97-42ba-8b53-0dc1cbb72ea3
7.249237, 4.435744
7.275161, 4.477584
7.295295, 4.514820
7.332546, 4.569790
7.365964, 4.618666
7.384519, 4.651086
7.413941, 4.702465
7.435187, 4.751613
7.464578, 4.808289
7.500267, 4.886116
7.528058, 4.939537
7.558470, 4.991512
7.601049, 5.058352
7.618730, 5.094468
7.643071, 5.140779
7.658621, 5.183233
7.674900, 5.232031
7.683899, 5.277604
