main root
6.242614, 4.819636
6.208389, 5.060399
6.183288, 5.167954
6.138310, 5.420537
6.118915, 5.569719
6.104222, 5.698984
6.084856, 5.832407
6.064873, 5.940614
6.040744, 6.047973
6.016609, 6.155354
5.992741, 6.280704
5.962948, 6.403491
5.930978, 6.517356
5.892751, 6.637970
5.852462, 6.758143
5.802567, 6.873941
5.753933, 7.023912
5.721738, 7.168912
5.686666, 7.281475
5.643148, 7.392987
5.617755, 7.458057
5.558703, 7.648478
5.524303, 7.698764
5.495269, 7.771437
5.478776, 7.812711
5.489068, 7.862918
5.471170, 7.919806
5.445368, 7.986859
5.421043, 8.050073
5.395393, 8.125063
5.371662, 8.199068
5.350011, 8.261687
5.329728, 8.329511
5.307894, 8.402521
5.285057, 8.473660
5.266292, 8.541912
5.244710, 8.597821
5.228700, 8.651450
2fda38b1-dd38-45c3-b487-84020ac52a93
6.159036, 5.458832
6.232366, 5.486793
6.341376, 5.518438
6.383872, 5.529216
6.426712, 5.538538
6.470486, 5.554084
02deff56-a1de-47d6-86e1-6ff7a4170858
6.224215, 4.970631
6.301596, 5.072209
6.370370, 5.117491
6.399431, 5.134367
6.419881, 5.147524
6.439711, 5.161599
6.458879, 5.176562
6.473144, 5.192901
6.496631, 5.216936
6.508584, 5.235035
d5b33980-933d-425c-a63c-3da042349e82
6.184304, 5.080435
6.384506, 5.192717
6.417576, 5.235088
6.477267, 5.317049
