main root
7.161345, 4.267346
7.148846, 4.475210
7.133547, 4.628912
7.156206, 4.823320
7.172764, 4.947619
7.143336, 5.055798
7.140775, 5.320139
7.137548, 5.440293
7.071936, 5.640783
7.026214, 5.780499
6.971418, 5.893934
6.928146, 5.983513
6.900119, 6.070496
6.898778, 6.241921
6.883103, 6.366923
6.872144, 6.490963
6.853450, 6.583458
6.821893, 6.676401
6.788827, 6.760726
6.743227, 6.848260
6.733407, 6.877898
6.716018, 6.938357
6.704441, 7.091415
6.698330, 7.132528
6.687375, 7.165505
6.670586, 7.225533
6.652547, 7.278921
6.635453, 7.338863
6.621257, 7.399558
6.609992, 7.460864
6.599281, 7.519154
6.586166, 7.573959
6.574589, 7.635208
6.569506, 7.678223
6.551073, 7.850752
6.542118, 7.906389
6.527740, 7.958040
6.518090, 8.026196
6.507237, 8.081493
6.507628, 8.157221
6.504926, 8.213509
6.504931, 8.275842
6.498948, 8.329122
6.500256, 8.397945
6.494840, 8.428050
6.491593, 8.496809
6.483998, 8.530719
6.475577, 8.595704
6.462792, 8.647772
6.453045, 8.712569
6.444231, 8.771177
6.440447, 8.836597
6.438613, 8.868294
6.458947, 9.000546
6.460163, 9.047840
6.458617, 9.104172
6.462810, 9.169567
6.460244, 9.223121
6.460256, 9.285455
6.457274, 9.341728
6.456969, 9.404061
6.456678, 9.463327
6.459365, 9.525600
6.455681, 9.579088
6.454389, 9.641406
6.456090, 9.703715
6.457708, 9.762960
6.459327, 9.822206
6.460945, 9.881451
6.462563, 9.940696
6.464182, 9.999941
6.468470, 10.047284
6.478962, 10.373620
6.477779, 10.429959
6.471073, 10.464054
6.500368, 10.484421
6.507223, 10.630127
6.519262, 10.791719
6.536599, 10.894348
6.575342, 11.032234
6.600410, 11.137080
6.614377, 11.222799
6.624038, 11.307875
6.630964, 11.368867
ee6f7a94-d91b-4978-afe3-9d2bd1ca1f8c
7.217983, 4.870455
7.274212, 4.889442
7.318075, 4.901086
7.338976, 4.909721
7.360503, 4.928332
7.381307, 4.946330
7.408946, 4.962337
7.435018, 4.973976
7.599048, 5.041071
7.696226, 5.110928
7.746771, 5.136902
7.831859, 5.173530
7.883060, 5.202345
7.930273, 5.238434
7.988717, 5.284993
8.030107, 5.317964
8.063082, 5.351888
8.145666, 5.409291
8.181829, 5.445366
8.208280, 5.463294
8.265653, 5.494949
8.321611, 5.522406
8.382830, 5.545773
8.439625, 5.582556
8.485230, 5.615658
8.533195, 5.650472
8.581160, 5.685284
8.629126, 5.720095
8.672910, 5.755571
8.708893, 5.792432
8.754527, 5.834892
8.789454, 5.875568
8.836504, 5.921174
8.870595, 5.962555
8.916706, 6.009112
8.949945, 6.051181
8.990891, 6.098177
9.029823, 6.142862
9.045570, 6.189349
9.176913, 6.295101
9.218695, 6.340269
9.270434, 6.396204
9.346770, 6.475611
9.403046, 6.540136
9.464259, 6.610323
9.512232, 6.667605
9.556938, 6.725649
9.624100, 6.812848
9.668493, 6.872938
9.707486, 6.933276
9.760903, 7.019833
9.794420, 7.076991
9.826637, 7.134892
9.874221, 7.224759
9.901872, 7.283377
9.922270, 7.333634
9.935604, 7.386392
10.037891, 7.672272
10.059560, 7.751454
10.077897, 7.842339
10.096593, 7.924511
10.113450, 8.007948
10.126317, 8.092583
10.138271, 8.185205
10.153111, 8.267795
10.167555, 8.360068
10.180647, 8.443705
10.192430, 8.518991
10.200791, 8.591784
10.196225, 8.656961
10.190898, 8.732980
10.189681, 8.793185
10.194006, 8.875483
10.201152, 8.954415
10.201520, 9.024889
10.199979, 9.134909
10.200872, 9.219169
10.195563, 9.305166
10.188251, 9.389967
10.183079, 9.474077
10.175786, 9.558888
10.170635, 9.643002
10.165459, 9.727521
10.162204, 9.805169
10.157578, 9.879748
10.155522, 9.981247
10.155446, 10.058964
10.155371, 10.135170
10.157383, 10.228057
10.157322, 10.294315
10.155765, 10.360556
10.152852, 10.425977
8b8424ef-56bc-4f6c-b507-4fe6de689ea2
7.275591, 4.627169
7.365539, 4.635242
7.397392, 4.647202
7.421246, 4.636636
7.521210, 4.633156
7.596567, 4.627538
7.660010, 4.630752
7.768455, 4.650803
7.824652, 4.661194
7.911105, 4.692363
7.978355, 4.707063
8.036256, 4.719719
8.094157, 4.732376
8.148495, 4.747317
8.205642, 4.763032
8.259109, 4.780840
8.301049, 4.791655
8.437757, 4.861701
8.559792, 4.910969
8.676157, 4.985068
8.730960, 5.010131
8.792319, 5.044778
8.832201, 5.056985
8.908803, 5.077301
8.961246, 5.100500
9.046416, 5.138176
9.118081, 5.168242
9.186393, 5.198525
9.280056, 5.237732
9.336659, 5.266293
9.386158, 5.286239
9.536488, 5.311627
9.574141, 5.327094
9.644536, 5.356008
9.742936, 5.405575
9.806964, 5.441179
9.865411, 5.480531
9.911235, 5.500558
9.988935, 5.527984
10.053147, 5.556996
10.156209, 5.596596
10.235250, 5.626966
10.308311, 5.653435
10.372283, 5.682979
10.455504, 5.726048
10.517130, 5.762995
10.569300, 5.797764
10.613951, 5.830805
10.756753, 5.928125
10.806104, 5.965380
10.853594, 6.004980
10.928627, 6.059332
10.998063, 6.107070
11.068657, 6.153086
11.138808, 6.201289
11.211057, 6.243384
11.282852, 6.290016
11.361911, 6.338858
11.434671, 6.381370
11.506414, 6.428092
11.586357, 6.475133
11.647934, 6.514841
11.711974, 6.556138
11.804482, 6.615791
11.864381, 6.657979
11.926677, 6.701856
12.014141, 6.768635
12.076804, 6.814595
12.129881, 6.860948
12.202434, 6.918724
12.237832, 6.958393
12.294909, 7.015614
12.359443, 7.095286
12.433581, 7.167701
12.441799, 7.223373
12.442387, 7.299366
12.446352, 7.425100
f51e120a-5147-4455-ba37-154752b3ac09
7.226176, 4.521202
7.333479, 4.486132
7.354032, 4.474646
7.402671, 4.448129
7.434265, 4.430905
7.474391, 4.428881
7.548693, 4.445094
7.599127, 4.459758
7.632957, 4.470201
7.663986, 4.474124
7.725560, 4.476458
7.770500, 4.481741
7.831035, 4.500603
7.886183, 4.524058
7.942007, 4.543155
8.053576, 4.558096
8.132256, 4.565613
8.214469, 4.567417
8.275875, 4.568729
8.358347, 4.598876
8.411886, 4.615260
8.512637, 4.629569
8.626699, 4.685639
8.687489, 4.715522
8.733972, 4.746049
8.940183, 4.821330
9.017242, 4.838306
9.050601, 4.847186
9.084103, 4.872672
9.136708, 4.903285
9.161345, 4.936642
5469c0f0-f4f5-4510-9912-56981e06cad1
7.139482, 4.552507
7.003628, 4.616925
6.872989, 4.637360
6.792715, 4.655976
6.719606, 4.671393
6.598970, 4.698098
6.483527, 4.721289
6.405390, 4.741566
6.277350, 4.744581
6.216135, 4.741532
6.183151, 4.755264
6.116385, 4.776576
6.040277, 4.807155
5.975463, 4.833195
5.943510, 4.850873
5.802307, 4.942291
5.751669, 4.978642
5.703520, 5.013205
5.654000, 5.056123
5.609211, 5.094940
5.564724, 5.129533
5.518460, 5.161715
5.469058, 5.199726
5.422083, 5.235868
5.374562, 5.276206
5.330067, 5.306123
5.283323, 5.326731
5.233185, 5.365811
5.210441, 5.391130
5.170833, 5.435223
5.131225, 5.479316
5.091392, 5.519182
5.049500, 5.561109
5.007609, 5.607271
4.983736, 5.640260
4.910209, 5.712384
4.863672, 5.755314
4.840275, 5.778330
4.814542, 5.813520
4.776271, 5.867642
4.738864, 5.922365
4.702332, 5.977675
4.667531, 6.037707
4.636291, 6.099665
4.604741, 6.151279
4.570080, 6.204262
4.533810, 6.256157
4.497924, 6.317956
4.464927, 6.362855
4.402436, 6.433680
4.352152, 6.492931
4.303019, 6.553140
4.240468, 6.633137
4.199515, 6.692800
4.161957, 6.752809
4.131637, 6.801253
4.104611, 6.840993
3.930353, 7.292914
3.903872, 7.321882
3.869122, 7.348803
3.858798, 7.374112
3.835486, 7.407483
3.798752, 7.473241
3.765327, 7.530127
3.733863, 7.598564
3.705002, 7.657896
3.672754, 7.710505
3.638004, 7.769947
3.613951, 7.813943
3.584571, 7.883161
3.561408, 7.953054
3.536398, 7.999971
3.496521, 8.083723
3.465179, 8.156514
3.435825, 8.228470
3.399438, 8.323267
3.372583, 8.380699
3.346058, 8.448024
3.325450, 8.520748
3.307927, 8.566116
3.286093, 8.610960
a67104e9-1491-4a09-8676-e7824aebc169
7.153600, 4.978421
7.067015, 4.995393
7.008781, 4.998198
6.920749, 4.994016
6.827454, 4.985371
6.758571, 4.974480
6.717136, 4.969443
6.632236, 4.970144
6.587788, 4.970510
6.486774, 4.992164
6.389572, 4.983418
6.320239, 4.979263
6.277453, 4.975199
6.214842, 4.986106
6.103932, 5.011051
6.062094, 5.012790
6.008632, 5.009017
5.946337, 5.007619
5.901443, 4.994632
5.878559, 5.020374
5.598959, 5.085410
be52bb39-b854-4dc3-9ac2-3688a6c885b8
6.910940, 6.530888
6.953484, 6.553242
6.988006, 6.585482
7.057139, 6.616165
7.091868, 6.634853
7.140002, 6.664154
7.192681, 6.694470
7.247300, 6.729356
7.287762, 6.758751
7.322968, 6.788028
7.346419, 6.811423
7.370657, 6.839831
7.395926, 6.876365
7.420658, 6.917383
7.453313, 6.968646
7.474713, 6.999452
7.582321, 7.309076
7.601070, 7.348162
7.623349, 7.387636
7.648204, 7.425542
7.659177, 7.447697
7.681953, 7.486888
7.700062, 7.518007
7.728677, 7.587870
7.748610, 7.628581
7.756734, 7.651932
7.766164, 7.688085
7.775272, 7.722918
7.778071, 7.745368
7.783317, 7.787275
7.798610, 7.836974
7.792385, 7.858648
d0d76857-081b-4af8-8a87-4b16b5774952
6.718362, 6.822016
6.678924, 6.822049
6.618181, 6.823601
6.569518, 6.824840
6.512161, 6.836893
6.370906, 6.825133
6.338278, 6.819413
6.311111, 6.833456
6.227188, 6.837082
6.187217, 6.838591
6.090150, 6.865460
6.038394, 6.873574
5.983622, 6.885191
63acad48-f190-4ece-8afc-ba65d605a583
6.861566, 6.762642
6.875896, 6.780035
6.887821, 6.799231
6.907373, 6.806483
6.924157, 6.823189
6.928596, 6.842636
6.945677, 6.843963
6.973146, 6.846065
6.995258, 6.850759
7.256811, 6.974573
7.273789, 6.987577
7.300675, 7.008171
7.327560, 7.028764
7.359070, 7.054784
7.393137, 7.077094
7.433565, 7.105356
7.481449, 7.133355
7.514103, 7.162508
7.535256, 7.222023
a20ce969-72b9-47bc-a428-fcf875df9333
6.824394, 6.818420
6.852349, 6.839152
6.886660, 6.851362
6.915084, 6.850153
6.957483, 6.849533
6.968544, 6.847729
7.113043, 6.955579
7.170185, 6.993517
7.201302, 7.017770
7.238891, 7.043272
7.272826, 7.062678
7.317539, 7.083075
7.361774, 7.104899
7.397628, 7.125925
7.442609, 7.157510
7.490437, 7.185607
7.538333, 7.210272
7.570055, 7.229976
7.614218, 7.262694
7.689850, 7.313593
0bafb61e-f419-417c-9b63-a182cbdae2aa
7.150100, 4.779433
7.019498, 4.771675
6.949934, 4.767604
6.882487, 4.777419
6.812779, 4.772984
