main root
6.896100, 4.754033
6.844288, 5.000461
6.813623, 5.106493
6.863803, 5.201408
6.924492, 5.552568
6.934497, 5.709385
6.936411, 5.905171
6.935648, 6.084761
6.926702, 6.250894
6.917733, 6.439457
6.889405, 6.627380
6.868918, 6.790986
6.849433, 6.922827
6.826099, 7.066561
6.802881, 7.207331
6.776348, 7.342613
6.755922, 7.468574
6.742464, 7.578001
6.722749, 7.686299
6.710837, 7.787164
6.692785, 7.904043
6.673902, 8.012441
6.658564, 8.112813
6.636672, 8.239611
6.617738, 8.349268
6.599779, 8.440920
6.580242, 8.540627
6.562333, 8.632023
6.544424, 8.723422
6.520185, 8.814305
6.500479, 8.896241
6.478564, 8.978491
6.460992, 9.060550
6.442652, 9.117602
6.440851, 9.181201
6.433676, 9.304139
6.434862, 9.386539
6.426757, 9.447529
6.421864, 9.529795
6.414528, 9.602698
6.409576, 9.681800
6.404816, 9.757856
6.400055, 9.833913
6.392492, 9.906795
6.384626, 9.982594
6.382097, 10.064967
6.376857, 10.138052
6.382494, 10.226861
6.380296, 10.286749
6.374618, 10.359801
6.371464, 10.438992
6.365558, 10.512026
6.351188, 10.578310
6.337287, 10.642439
6.337434, 10.684147
28c2d71c-d112-4299-8e96-0e789c00f86f
6.851612, 4.984317
6.736429, 5.071859
6.701212, 5.118066
f190578b-b74b-493f-8e5e-39b4e99aedfc
6.795324, 5.139226
6.745304, 5.346575
7.020473, 5.234347
7.076677, 5.253198
7.109623, 5.276751
7.143742, 5.322762
b81c88ef-56a1-42f5-9f37-6acaad3d4039
6.898413, 5.140736
7.033365, 5.247658
7.104434, 5.338403
7.122418, 5.366221
7.141254, 5.400870
7.166536, 5.444242
7.231988, 5.520809
7.265738, 5.541000
7.315736, 5.598434
7.346835, 5.646455
d357d767-fc87-4c8d-8faa-466821745b5e
6.921685, 5.259914
6.968629, 5.275040
7.029617, 5.296264
7.073695, 5.306533
7.245824, 5.417865
7.302213, 5.447695
7.344542, 5.506206
7.371378, 5.548408
7.399774, 5.593061
