main root
6.363817, 4.479530
6.337125, 4.751265
6.324333, 4.822961
6.276012, 4.899010
6.224760, 4.968003
6.133589, 5.074739
6.060664, 5.171863
5.978919, 5.371836
5.931184, 5.477509
5.915989, 5.610456
5.887837, 5.691372
5.855457, 5.809927
5.815109, 5.960533
5.769814, 6.089364
5.727436, 6.216193
5.711748, 6.289777
5.706589, 6.364709
5.704567, 6.455645
5.711166, 6.537416
5.718907, 6.614743
5.722925, 6.676110
5.725285, 6.725717
5.759421, 6.922847
5.755361, 6.973545
5.731540, 7.038559
5.707359, 7.100217
5.686877, 7.172955
5.677844, 7.254752
5.666447, 7.317099
5.657886, 7.388933
5.656423, 7.464483
5.668324, 7.545910
5.679818, 7.614172
5.696239, 7.684626
5.709817, 7.749449
5.714843, 7.809930
5.734994, 7.889717
5.745616, 7.950085
5.751057, 8.006899
5.753668, 8.049804
5.738326, 8.108736
5.722342, 8.176090
5.701160, 8.232964
5.675049, 8.273038
5.682732, 8.303274
5.688874, 8.421794
5.680608, 8.464719
5.666555, 8.537402
5.662052, 8.576175
5.666784, 8.633628
5.670085, 8.729069
5.673388, 8.781273
5.671549, 8.864570
5.671893, 8.916878
5.673736, 8.969153
5.677076, 9.021356
5.685089, 9.076239
5.684477, 9.153037
5.685557, 9.205334
5.685081, 9.254648
5.683111, 9.303926
5.685392, 9.359344
5.669660, 9.549254
5.667416, 9.636851
5.665525, 9.710916
5.637198, 9.824673
5.618794, 9.898594
5.598212, 9.968889
5.576810, 10.041998
5.559475, 10.122535
5.545746, 10.200566
5.532550, 10.275592
5.523387, 10.327714
5.499674, 10.368044
5.512623, 10.602562
5.502185, 10.676227
5.488328, 10.759276
5.466767, 10.875681
5.445705, 11.018691
5.428058, 11.138512
5.421781, 11.267588
5.413528, 11.394064
5.422446, 11.462448
5.445285, 11.593317
5.471988, 11.709512
5.508732, 11.812877
5.547607, 11.915924
5.573716, 12.015089
5.601608, 12.112726
5.621109, 12.196088
5.638467, 12.270288
5.659420, 12.346721
5.659815, 12.393454
5.657281, 12.447633
5.667497, 12.485523
b60545a1-180e-4551-9441-14118fbdac36
5.667792, 7.483532
5.612168, 7.494696
