main root
6.383909, 5.600102
6.375225, 5.760553
6.388179, 5.948131
6.421426, 6.135537
6.453778, 6.293410
6.484051, 6.397290
6.522861, 6.518860
6.563566, 6.639468
6.609912, 6.764855
6.655624, 6.900486
6.694111, 7.021252
6.731070, 7.141647
6.756213, 7.259458
6.789910, 7.400908
6.819829, 7.526497
6.844719, 7.666750
6.865428, 7.804184
6.880120, 7.929868
6.886756, 8.066921
6.881648, 8.216698
6.876743, 8.360550
6.865523, 8.511305
6.854677, 8.648272
6.844225, 8.796741
6.836628, 8.934318
6.825956, 9.079514
6.814991, 9.199949
6.822041, 9.282631
6.815020, 9.371185
6.814630, 9.454816
6.804003, 9.509801
6.790054, 9.592911
6.773922, 9.676488
6.755760, 9.759647
6.720762, 9.842140
6.718133, 10.008823
6.714716, 10.093875
6.709228, 10.178818
6.697475, 10.264177
6.676999, 10.404610
6.674877, 10.506466
6.682700, 10.634994
6.700481, 10.753512
6.711852, 10.879340
6.725605, 11.008223
6.736142, 11.135936
6.739926, 11.233120
6.743549, 11.326188
6.738802, 11.420521
6.732008, 11.513663
6.730048, 11.597556
6.729980, 11.690476
6.729926, 11.764560
6.742512, 11.811835
6.768442, 11.901057
6.782702, 11.987284
6.804425, 12.067789
6.818771, 12.138194
6.837517, 12.215198
6.853585, 12.307877
6.873962, 12.388990
6.885016, 12.451419
6.891620, 12.514471
6.897452, 12.555800
6.928762, 12.654017
6.939885, 12.708614
6.946269, 12.777440
6.954089, 12.861743
6.956240, 12.933557
6.961394, 13.034965
6.975941, 13.116882
6.983943, 13.179064
7.021791, 13.272867
6538fa79-feab-4636-a140-8f2e1b09445c
6.766766, 9.317895
6.709671, 9.343342
6.618951, 9.383663
6.552611, 9.406494
6.526279, 9.434264
6.461446, 9.461128
ba3bd342-29bf-4c47-a7a6-fc53f248c909
6.294282, 5.852697
6.165251, 5.909814
6.104582, 5.943570
6.037489, 5.992766
5.964510, 6.038563
5.892800, 6.083564
5.821190, 6.118568
5.712362, 6.169846
0b821889-b31f-4f1e-a4f8-6f9513e178c7
6.360026, 6.041357
6.260438, 6.072170
6.168921, 6.093879
6.103457, 6.122832
