main root
6.688730, 4.509768
6.704923, 4.764092
6.714193, 4.845155
6.701648, 5.048603
6.701278, 5.154165
6.718971, 5.251141
6.739581, 5.406986
6.753502, 5.512249
6.753387, 5.607642
6.759586, 5.700077
6.761169, 5.785677
6.747336, 5.847172
6.770357, 5.872489
6.782835, 5.945328
6.785334, 6.013101
6.787752, 6.078674
6.795126, 6.116165
6.813347, 6.193292
6.827266, 6.265227
6.841742, 6.340040
6.856216, 6.414853
6.875695, 6.484016
6.903739, 6.561503
6.925838, 6.631360
6.941307, 6.700109
6.958035, 6.774452
6.974762, 6.848793
6.991489, 6.923135
7.008215, 6.997477
7.021363, 7.069556
7.038520, 7.146928
7.062157, 7.225871
7.078424, 7.295856
7.091111, 7.369126
7.093505, 7.409267
7.112843, 7.515915
7.130334, 7.628194
7.147276, 7.736956
7.175289, 7.862219
7.198235, 8.002811
7.225237, 8.111347
7.277634, 8.263571
7.287631, 8.318019
7.292937, 8.363498
7.305841, 8.622798
7.315905, 8.704587
7.311659, 8.831866
7.303687, 8.891263
7.293550, 8.966787
7.278276, 9.035582
7.264031, 9.113541
7.243114, 9.178053
7.226795, 9.228392
7.223933, 9.297410
7.264902, 9.632166
7.272261, 9.839452
7.274646, 9.965822
7.283482, 10.102216
7.283732, 10.204245
7.283939, 10.288914
7.285580, 10.347556
7.237070, 10.595281
7.212978, 10.656008
7.222958, 10.801372
7.203074, 10.992324
7.177563, 11.115700
7.163455, 11.267590
7.150497, 11.361590
7.133761, 11.421024
7.108518, 11.510667
7.089809, 11.566059
7.080263, 11.622275
dd40f3f3-be93-433a-8f2f-5bb16cfb8d7c
6.636044, 4.773915
6.543439, 4.831979
6.498983, 4.852384
6.319686, 4.808763
6.267525, 4.790685
6.247626, 4.775456
6.229925, 4.782210
6.201504, 4.775413
6.168311, 4.765936
6.142037, 4.759992
6.018875, 4.756620
5.998096, 4.751560
5.956981, 4.741546
5.899397, 4.727522
5.843623, 4.712398
5.794593, 4.699103
5.733715, 4.685697
5.677902, 4.673406
5.643328, 4.668858
c217c518-0a09-441c-b4e1-0d9438f79c26
6.656904, 4.890117
6.540084, 4.902529
6.452743, 4.966075
6.356093, 5.014462
6.318955, 5.031381
6.280479, 5.048909
6.225061, 5.077445
6.197478, 5.089965
6.025389, 5.182278
5.957803, 5.206785
5.924360, 5.225292
5.802407, 5.263469
5.769147, 5.277658
5.671062, 5.328715
5.576797, 5.319639
5.496288, 5.375029
5.443435, 5.398550
5.350618, 5.439857
5.291429, 5.464560
5.238000, 5.480371
9032fea5-c2f2-4691-a67c-6f306765c019
6.650525, 4.718476
6.379765, 4.834938
6.298486, 4.837158
6.166548, 4.878478
6.128163, 4.887363
6.089214, 4.893306
6.028116, 4.905656
5.994017, 4.911022
5.897753, 4.931928
5.849272, 4.940926
5.799342, 4.950192
5.742271, 4.959261
5.671652, 4.975029
5.588152, 4.991549
5.539494, 4.999650
5.490614, 5.006270
5.427341, 5.010309
5.356944, 5.017803
5.298786, 5.025499
5.250228, 5.026102
c3d31cc3-998d-48fb-9764-38b62c1f503a
7.122627, 7.360799
7.212517, 7.395433
7.251772, 7.404353
7.289457, 7.415987
7.317467, 7.421505
7.358987, 7.429686
7.431789, 7.437884
7.484457, 7.454447
7.576480, 7.494771
7.628697, 7.512750
7.672691, 7.531062
7.727407, 7.553838
7.778210, 7.578228
7.845351, 7.603820
7.920416, 7.629229
7.988261, 7.647453
8.059178, 7.661853
8.118190, 7.678417
8.181553, 7.697756
8.256450, 7.724705
f7c6a7fe-66d4-4a24-b4eb-73dbea23fc1d
6.685751, 4.684417
6.570788, 4.695370
6.510944, 4.701316
6.487540, 4.702781
6.386861, 4.716920
6.342400, 4.726189
6.320102, 4.724722
6.281056, 4.719151
6.253818, 4.715262
6.221902, 4.716753
6.179628, 4.718724
6.140204, 4.717565
6.094819, 4.719225
6.056071, 4.719145
5.981454, 4.705963
5.934894, 4.694697
5.883127, 4.683441
6ff94968-7a49-45a1-9d1d-b5f744bf350e
7.329339, 8.248361
7.392854, 8.245178
7.500017, 8.233627
7.577145, 8.229400
7.620105, 8.233042
7.683869, 8.239948
7.739731, 8.253791
f9d502d1-f115-407e-bf23-c5a62284d1c8
7.343443, 8.475713
7.405559, 8.498179
7.441570, 8.514172
7.478237, 8.532091
7.525878, 8.553708
7.564482, 8.569581
dfb4cdd1-7663-4c85-ae70-62b9b899044f
7.099598, 7.730904
7.047739, 7.756275
7.015174, 7.767724
6.963593, 7.798834
6.921969, 7.836175
6.886075, 7.862342
6.845353, 7.890178
6.804589, 7.912602
6.758311, 7.943184
6.701382, 7.982598
6.644181, 8.029483
6.610221, 8.053448
348d7714-be5b-45d8-bb5b-9a7b486df412
7.151007, 8.032509
7.073426, 8.060846
7.040502, 8.079781
6.889627, 8.115116
6.850698, 8.121150
6.823105, 8.128447
6.780106, 8.142904
6.739087, 8.158277
6.704056, 8.166609
6.654635, 8.178363
6.603155, 8.190608
48c40585-c36c-4105-a655-7673031b76e5
6.592785, 5.014090
6.532507, 5.017203
6.407919, 5.037632
6.334886, 5.051735
6.280672, 5.052677
6.265966, 5.074748
