main root
7.480335, 4.329925
7.430816, 4.614574
7.403337, 4.700916
7.382057, 4.790599
7.369831, 4.895372
7.352184, 5.047057
7.337999, 5.168974
7.321268, 5.294616
7.301454, 5.440480
7.297102, 5.572228
7.290695, 5.702763
7.285271, 5.791049
7.278579, 5.899970
7.264412, 5.993353
7.254780, 6.070866
7.256777, 6.157137
7.259324, 6.267168
7.257284, 6.360847
7.263689, 6.453189
7.272216, 6.545721
7.282012, 6.629417
7.294867, 6.700631
7.301683, 6.763668
7.313911, 6.834992
7.327085, 6.902977
7.338218, 6.968291
7.351325, 7.036288
7.365898, 7.103984
7.371262, 7.164461
7.385361, 7.238724
7.399743, 7.306460
7.415585, 7.373871
7.425682, 7.436466
7.441615, 7.507055
7.451160, 7.569737
7.484019, 7.651845
7.498649, 7.724195
7.523539, 7.826970
7.545023, 7.915687
7.572911, 8.004034
7.594697, 8.086827
7.622344, 8.175365
7.643182, 8.247118
7.671519, 8.344690
7.685352, 8.413788
7.704447, 8.478672
7.729678, 8.553800
7.753939, 8.626035
7.785780, 8.702038
7.805429, 8.768311
7.832306, 8.866394
7.861550, 8.981101
7.873613, 9.088202
7.884549, 9.222579
7.892737, 9.349065
7.905550, 9.493900
7.914812, 9.622395
7.923182, 9.738510
7.918833, 9.795899
7.899961, 9.876924
7.885140, 9.968374
7.871595, 10.051950
7.860653, 10.100753
40482639-7d02-435a-8b34-f967e9400555
7.457312, 4.459892
7.312858, 4.542604
7.238544, 4.565639
7.177875, 4.580102
7.116832, 4.586782
7.048604, 4.600270
6.992345, 4.616667
6.915173, 4.628650
6.842063, 4.658811
6.809613, 4.670579
a75006c2-b8a3-4535-9c2f-1d0a5b9a0f5d
7.399863, 4.754209
7.461719, 4.782025
7.518188, 4.822114
7.580311, 4.863003
7.632953, 4.912754
7.688812, 4.953968
7.750129, 4.999208
7.800334, 5.043890
0e9892b3-1e46-4736-8273-c940ff15a5aa
7.472777, 4.471316
7.624528, 4.548659
7.696200, 4.521200
