main root
6.794764, 5.455629
6.690816, 5.897894
6.655068, 6.092206
6.638644, 6.262528
6.637649, 6.439773
6.640852, 6.605198
6.650577, 6.756894
6.655742, 6.870501
6.663240, 6.988979
6.659165, 7.122842
6.669180, 7.246885
6.675866, 7.381545
6.682467, 7.472109
6.677549, 7.518736
6.708610, 7.706382
6.740109, 7.793660
6.764133, 7.885014
6.791768, 7.973564
6.827266, 8.059066
6.870385, 8.140990
6.892751, 8.237671
6.973927, 8.262212
7.038002, 8.354537
7.090431, 8.391089
275fc5b4-8799-4189-8ccb-31a17a259aa3
6.790593, 5.737885
6.898733, 5.816708
6.992670, 5.910393
7.024691, 5.944442
7.059837, 5.979629
7.111936, 6.027553
7.155555, 6.067677
7.213438, 6.117791
5c449afd-c367-464e-b305-1d7deedad8f5
6.741867, 5.725426
6.982337, 5.854485
7.094039, 5.903280
7.154906, 5.935128
7.190381, 5.955380
7.227133, 5.976360
7.263695, 5.998955
7.300708, 6.030499
a14ce0a6-1522-48a1-b743-82305e9354d3
6.680320, 6.000061
6.774759, 6.117051
