main root
6.828483, 4.901303
6.791358, 5.194207
6.823655, 5.427644
6.848604, 5.649623
6.865336, 5.827728
6.861478, 5.933185
6.891367, 6.066551
6.889283, 6.157660
6.889056, 6.277483
6.885083, 6.347050
6.879222, 6.476318
6.886806, 6.573785
6.895835, 6.774984
6.906345, 6.881907
6.905790, 7.106708
6.876466, 7.432212
6.783981, 7.865502
0774a9b5-8dbb-4dfa-a6e5-47b6da7bf0ce
6.809362, 4.977965
6.659720, 5.093492
6.621562, 5.131576
6.480487, 5.307306
6.439909, 5.405372
6.427544, 5.425649
6.406508, 5.451238
6.380147, 5.473879
6.335028, 5.514602
6.284642, 5.562096
6.235293, 5.610668
6.187022, 5.658179
6.132712, 5.711633
6.091005, 5.760028
8546fca3-9726-4ede-a302-44dee5500dac
6.718300, 5.160433
6.640714, 5.176296
6.552063, 5.200634
6.438911, 5.249047
6.396270, 5.266246
6.344346, 5.287525
6.263307, 5.315154
6.179866, 5.350269
6.117789, 5.379641
6.061719, 5.405154
daee3a37-a498-4206-8a65-639975affc67
6.739795, 5.372782
6.692045, 5.389420
6.634772, 5.450590
6.559422, 5.506586
6.512626, 5.546957
6.461031, 5.595419
6.405423, 5.649706
6.356981, 5.694904
6.307461, 5.741109
6.264276, 5.777310
6.218486, 5.819599
6.167088, 5.869105
6.141131, 5.896184
c01ba3dd-7f4d-4cfd-a148-ec7cc95a209b
6.777765, 5.592003
6.669831, 5.646074
6.617549, 5.678064
6.561421, 5.707143
6.514436, 5.731486
6.468968, 5.748542
16feb8aa-ea1e-42ce-96a1-224071c15bd9
6.861969, 5.732841
6.771216, 5.848350
6.762220, 5.871018
6.734821, 5.942161
94c6fc99-bdb1-4a37-9231-9e4cf1adcdce
6.842967, 5.526732
6.957583, 5.671379
7.022321, 5.742369
7.050182, 5.773619
7.076450, 5.804851
7.107039, 5.843546
7.134605, 5.878417
