main root
6.672392, 3.946469
6.688615, 4.160396
6.628230, 4.326154
6.601089, 4.449734
6.565874, 4.570917
6.534319, 4.694554
6.502914, 4.817602
6.462733, 4.916995
6.408508, 5.040668
6.353605, 5.130589
6.316612, 5.204586
6.272521, 5.298944
6.234810, 5.396164
6.220080, 5.465168
6.213813, 5.561540
6.193106, 5.651652
6.176055, 5.763538
6.167083, 5.842281
6.115671, 6.055489
6.091216, 6.310504
6.052891, 6.474126
6.026867, 6.619362
6.012933, 6.756289
5.991059, 6.888795
5.977290, 6.998187
5.957194, 7.090478
5.948224, 7.145745
5.945930, 7.434916
5.948294, 7.514127
5.934986, 7.627326
5.933960, 7.712969
5.927135, 7.783104
5.930511, 7.872017
5.926311, 7.919141
5.922262, 7.998284
5.915533, 8.071239
5.903706, 8.134284
5.887267, 8.205679
5.867924, 8.276343
5.849621, 8.331872
5.840754, 8.391932
5.841785, 8.564626
5.821578, 8.653657
5.818815, 8.722051
5.809514, 8.848239
5.803098, 9.000825
5.789600, 9.121314
5.775251, 9.230402
5.764210, 9.314340
5.754273, 9.389884
5.747557, 9.452421
f1c6226c-d4d8-428c-971b-a21f463977e6
6.675967, 4.358922
6.796276, 4.334681
6.861015, 4.383590
6.915861, 4.430039
6.995723, 4.509201
7.267171, 4.639502
7.292381, 4.656447
7.384188, 4.677385
7.433391, 4.687117
7.458573, 4.693669
7.488577, 4.696883
7.545222, 4.695423
ddc2d4d7-e197-4bd0-b8ed-b80f46e79808
6.643641, 4.483343
6.769539, 4.528983
6.820147, 4.572004
6.853191, 4.574948
6.917103, 4.598520
7.296215, 4.703844
7.383638, 4.749760
7.413066, 4.777300
7.438765, 4.773666
7.553347, 4.816801
7.600942, 4.836317
7.645998, 4.858028
a090055e-4a52-4e06-8c0c-8a770a261ad0
6.629084, 4.673114
6.685537, 4.711638
6.871409, 4.763008
7.009678, 4.846520
7.077176, 4.879959
7.117006, 4.899691
7.188366, 4.935618
7.264467, 4.967228
7.330924, 4.998074
7.434809, 5.052034
7.495721, 5.079864
1f370097-dbac-4643-874e-93992bce2e64
6.414446, 5.197321
6.476281, 5.227894
6.753304, 5.365157
8bbaccbd-7340-4d84-b206-bc44b7f33da3
6.694291, 4.595437
6.932978, 4.888044
6.959586, 4.922341
6.981533, 4.947468
7.004901, 4.971279
7.022685, 4.990903
7.038029, 5.013865
7.062299, 5.041307
7.081591, 5.064712
7.100058, 5.088775
7.121873, 5.114018
7.132771, 5.132820
7.151149, 5.160664
7.166966, 5.186544
7.181873, 5.212959
7.190278, 5.233944
7.275444, 5.404396
7.322979, 5.442562
7.355457, 5.489767
75719e11-8cc5-4583-8c5c-903b9954ad89
6.612074, 4.738021
6.665043, 4.845754
6.679715, 4.882379
6.691566, 4.920012
6.704282, 4.960391
6.723870, 5.002662
6.740779, 5.039151
6.770087, 5.088157
6.804610, 5.140051
6.825351, 5.179334
6.847045, 5.223629
6.863382, 5.267193
6.879291, 5.313881
6.891878, 5.360097
6.903169, 5.395867
6.907060, 5.418135
6.921611, 5.602467
6.957072, 5.728911
b8eb8d88-5471-4352-8e37-010fcc9d797d
6.755625, 4.102838
6.819900, 4.140200
6.871351, 4.146239
6.911710, 4.125629
6.948689, 4.113468
7.006898, 4.091173
7.047545, 4.077208
7.074785, 4.072597
7.124875, 4.064117
7.184538, 4.052500
7.253391, 4.036044
7.300420, 4.032186
7.359500, 4.038755
7.386396, 4.040240
7.468239, 4.022802
7.539367, 4.032571
7.569257, 4.038482
7.599105, 4.040108
7.634417, 4.039033
7.658639, 4.039500
7.677933, 4.045860
7.705836, 4.051905
c75ed6ce-89f8-45e6-a121-f3bdd3d4af57
6.215228, 5.463099
6.119750, 5.467961
6.071217, 5.470433
6.025521, 5.469763
5.976843, 5.469049
5.927115, 5.463956
