main root
7.010418, 4.541485
6.892720, 4.912047
6.830790, 5.265194
6.833504, 5.482516
6.822884, 5.666372
6.807931, 5.830620
6.793004, 5.994600
6.773881, 6.136086
6.752442, 6.276653
6.730321, 6.421697
6.721003, 6.561161
6.716279, 6.723751
6.703460, 6.870496
6.688047, 6.998766
6.677011, 7.108351
6.668944, 7.209571
6.662985, 7.310945
6.657024, 7.412375
6.648457, 7.522071
6.625157, 7.646964
6.595894, 7.781113
6.558857, 7.901639
6.523252, 8.030497
6.506517, 8.130480
6.495158, 8.249455
6.491605, 8.353472
6.495570, 8.423263
6.509829, 8.487782
6.535849, 8.585922
6.559718, 8.675946
6.584213, 8.797449
768aa919-7b0f-4cb8-8630-c8009db4a262
6.929966, 5.041900
7.013772, 5.066652
7.056742, 5.082466
7.088265, 5.087688
7.150176, 5.094909
7.222322, 5.091270
7.243034, 5.112461
7.314825, 5.170867
7.370205, 5.231151
7.418466, 5.287844
7.489616, 5.348335
7.530736, 5.404174
7.564986, 5.517194
7.572110, 5.568677
7f50f33f-7c6b-4100-a44f-a71f05684cdd
7.008219, 4.844709
7.100444, 4.870916
7.173737, 4.891744
7.254425, 4.908449
7.336115, 4.919247
7.418019, 4.959600
7.458472, 4.993403
7.515556, 5.049210
7.548807, 5.093318
7.576050, 5.139937
7.609306, 5.221511
7.630880, 5.274430
7.676563, 5.335466
105728c5-030f-4e1f-958c-18c537d6d098
6.975637, 4.972590
7.024211, 5.014549
7.199349, 5.136087
7.211589, 5.146831
7.241784, 5.173363
7.260834, 5.190131
c17651ef-4399-49cc-a513-6491b35d0722
6.830641, 4.925700
6.746568, 4.861768
6.715594, 4.830286
6.652201, 4.774391
6.614623, 4.739261
6.540952, 4.701497
6.470604, 4.673843
6.378424, 4.639156
6.297763, 4.627265
6.267142, 4.625776
b3235ca2-c813-4439-8831-00685475a4b4
6.851559, 5.061740
6.709101, 5.227562
6.635806, 5.318726
6.561992, 5.400404
6.505220, 5.463224
6.453596, 5.509187
6.397175, 5.551404
6.367158, 5.581342
6.329684, 5.622943
6.298095, 5.672380
8c505bb9-e167-4302-af1e-6cbee257e748
6.896628, 4.890250
6.862361, 4.649733
6.814479, 4.582019
6.790039, 4.547456
6.773944, 4.514323
6.753370, 4.507815
6.714763, 4.447392
6.693121, 4.413505
6.651093, 4.370382
6.624911, 4.352085
6.572218, 4.318901
6.538199, 4.297467
6.506388, 4.286269
