main root
6.971271, 4.532962
6.847635, 4.731611
6.793656, 4.895831
6.762372, 5.176321
6.754243, 5.491538
6.758195, 5.582636
6.753825, 5.675731
6.749955, 5.802961
6.744248, 5.921208
6.742731, 6.040151
6.741327, 6.150204
6.739924, 6.260265
6.740635, 6.370408
6.743406, 6.471917
6.741954, 6.573748
6.744839, 6.666458
6.750380, 6.776460
6.753382, 6.878117
6.758494, 6.979536
6.765717, 7.080823
6.768736, 7.182628
6.769882, 7.292653
6.768825, 7.394348
6.769886, 7.495890
6.766631, 7.581440
6.760979, 7.674669
6.755855, 7.759184
6.748105, 7.852259
6.741079, 7.936630
6.727002, 8.029631
6.713900, 8.130332
6.696575, 8.230697
6.680733, 8.322472
6.660664, 8.414001
6.640716, 8.504976
6.615087, 8.611986
6.587272, 8.709956
6.555190, 8.815208
6.525566, 8.912395
6.493475, 9.017674
6.461383, 9.122957
6.426284, 9.245307
6.398268, 9.342964
6.371167, 9.417990
6.339521, 9.505589
6.299644, 9.591218
6.284079, 9.693025
6.267887, 9.785009
6.251287, 9.844778
6.236466, 9.903734
6.213042, 9.962888
6.196264, 10.029645
6.182114, 10.061382
6.159496, 10.119469
6.136288, 10.170822
6.113375, 10.228789
6.091588, 10.283908
6.069801, 10.339025
6.049698, 10.398027
6.028715, 10.450331
6.008310, 10.509227
5.987060, 10.561420
5.972930, 10.635822
5.959490, 10.690550
5.947547, 10.751725
5.938556, 10.813407
5.935069, 10.878844
5.946255, 11.249472
5.930699, 11.653617
5.872287, 12.121420
5.982880, 12.625152
f6dc240c-1da4-4dc6-93a8-841f9e0c9a87
6.738826, 5.383090
6.667222, 5.425527
6.627716, 5.454376
6.578398, 5.499210
6.537731, 5.554374
6.498162, 5.603004
73adf022-34ad-4ccf-9293-08532b79fd3c
6.288298, 9.493405
6.156546, 9.518558
6.112295, 9.522434
6.034876, 9.516727
5.942081, 9.511996
5.857522, 9.507684
5.795185, 9.507503
5.737414, 9.505836
5.676873, 9.511218
305c05c1-4a41-4a31-8a92-09ccd72788b5
6.356776, 9.465532
6.448696, 9.522894
6.477673, 9.537547
6.498052, 9.550326
6.524298, 9.568419
6.549735, 9.587636
6.578505, 9.607355
6.612315, 9.624949
6.639927, 9.640879
6.670910, 9.656897
6.702599, 9.671468
6.734927, 9.684563
6.760027, 9.699451
6.790813, 9.715844
6.822321, 9.730801
6.849160, 9.745072
6.876629, 9.761248
6.907468, 9.777540
6.924010, 9.791230
6.951879, 9.812205
6.976492, 9.832462
7.004418, 9.853360
7.024897, 9.874155
7.054725, 9.897882
7.072657, 9.913917
7.089635, 9.930957
7.101372, 9.948940
035f18a8-0483-414e-bad1-c796c50ec97b
6.717168, 5.308446
6.629189, 5.304526
6.585888, 5.305593
6.546487, 5.303569
6.529117, 5.312370
6.485639, 5.315271
6.436342, 5.317061
6.382696, 5.322003
6.319616, 5.332324
6.250297, 5.346698
6.191105, 5.360502
6.122906, 5.379479
6.048451, 5.401751
5.984566, 5.419298
5.936624, 5.430914
5.887251, 5.442876
5.834058, 5.449604
5.789463, 5.458262
5.749088, 5.464576
5.675894, 5.476023
3eee444b-f51b-4c90-842b-bb00601fbe11
6.688687, 4.905311
6.548177, 4.901361
6.476584, 4.914983
6.446556, 4.929591
6.393428, 4.955065
6.340277, 4.980493
6.287104, 5.005874
6.233908, 5.031208
6.183520, 5.048517
6.127779, 5.067609
6.079892, 5.087121
6.023665, 5.113206
5.970195, 5.137956
5.916703, 5.162659
5.866115, 5.179367
5.813786, 5.193445
5.764788, 5.206465
5.747626, 5.242726
5.658152, 5.293552
5.574683, 5.336129
5.490551, 5.376683
5.412999, 5.411763
5.333378, 5.443227
5.279386, 5.466173
5.227146, 5.489013
596e3cae-e753-4c9d-95e3-3c8bccce3ee6
6.760196, 4.747469
6.610995, 4.665991
6.547568, 4.616296
6.390451, 4.596176
6.333005, 4.592643
6.300717, 4.594245
6.263054, 4.599155
6.231434, 4.601910
6.201036, 4.603199
6.175043, 4.598309
6.144460, 4.590888
6.114524, 4.588099
6.080125, 4.586256
6.048830, 4.582938
6.017750, 4.577995
5.985599, 4.577285
5.951155, 4.577881
5.913543, 4.583164
5.892092, 4.581787
5.860533, 4.578403
5.825852, 4.576332
5.794278, 4.573089
5.762871, 4.568501
5.731689, 4.562577
5.690290, 4.562474
5.655582, 4.564026
5.623843, 4.564088
5.586155, 4.568794
5.564727, 4.567088
5.526782, 4.568710
5.502701, 4.568384
5.479594, 4.563722
5.441725, 4.560808
5.406997, 4.559779
5.372260, 4.560387
5.343471, 4.556542
5.315900, 4.548187
5.300600, 4.552659
5.237959, 4.551735
5.197327, 4.549640
5.155592, 4.548985
31101dbb-5e24-4e54-a3b2-89d3cfef1bf0
6.798504, 4.682230
6.680194, 4.585841
6.578065, 4.513598
6.520049, 4.499784
6.450388, 4.479724
6.403593, 4.466365
6.282560, 4.464550
6.200374, 4.469323
6.154579, 4.459988
6.074948, 4.449848
5.996129, 4.442811
5.917101, 4.438743
5.833243, 4.441920
5.776307, 4.435090
5.667637, 4.417792
5.598170, 4.417383
5.514333, 4.421037
5.445354, 4.416553
5.372492, 4.408817
5.286836, 4.408754
5.220178, 4.426666
5.109555, 4.437673
5.031044, 4.448494
4.963224, 4.448775
4.922778, 4.455920
4.859739, 4.472921
2f7ca009-08d1-474a-a7cc-76512a5b4e85
6.874309, 4.514754
6.723836, 4.412373
6.666760, 4.315491
6.609839, 4.242596
6.512618, 4.207973
6.381647, 4.176551
6.243406, 4.157237
6.113818, 4.162454
5.995662, 4.166257
5.916884, 4.173204
5.844710, 4.176153
5.797461, 4.181222
5.725367, 4.191950
5.642546, 4.213336
5.571021, 4.228696
5.535996, 4.261457
5.397097, 4.325014
5.293688, 4.363024
5.224335, 4.379549
5.137325, 4.411093
5.057125, 4.424506
4.963060, 4.442989
4.916909, 4.449966
4.885979, 4.461648
b091aaa9-1449-427e-897c-a8574e9122f3
6.957829, 4.725190
7.054439, 4.708690
7.146689, 4.661966
7.241854, 4.671164
7.323817, 4.706432
7.387382, 4.738893
7.445377, 4.775081
7.515502, 4.826319
7.581219, 4.882041
7.634991, 4.925672
7.686609, 4.957918
7.741992, 4.994281
7.792395, 5.032745
7.848338, 5.073554
7.909332, 5.112490
7.960225, 5.150304
8.016689, 5.190391
8.061483, 5.231371
8.113572, 5.276998
8.162412, 5.321767
8.214457, 5.367444
8.263745, 5.404728
8.324055, 5.444719
8.382579, 5.481730
8.437760, 5.518397
8.500400, 5.554628
8.561075, 5.587996
8.618394, 5.621225
8.685172, 5.653019
8.734656, 5.684780
770a33f3-58d3-48b7-83c8-3187d5785908
6.866695, 4.893085
7.008629, 4.885895
7.078886, 4.914855
7.136620, 4.944560
7.224736, 4.978519
7.295487, 5.018161
7.368705, 5.061563
7.418737, 5.100864
7.487526, 5.165598
7.524914, 5.204893
7.632248, 5.260843
7.707891, 5.293522
7.764094, 5.327585
7.858223, 5.384633
7.935722, 5.421102
8.004669, 5.453547
8.063890, 5.484722
8.098882, 5.509908
8.152370, 5.555784
8.210209, 5.605391
8.259606, 5.655646
8.329956, 5.710133
8.398600, 5.755723
8.462074, 5.797880
8.517250, 5.841712
8.572706, 5.889592
8.677894, 5.963919
fbaaf407-50c7-459b-b711-10c9cce71fdd
6.811389, 5.145616
6.913241, 5.175315
6.974340, 5.230324
7.066145, 5.274482
7.125253, 5.282738
7.201110, 5.313978
7.184420, 5.340632
7.147890, 5.359825
7.111710, 5.389714
7.098147, 5.424866
7.089854, 5.450480
7.094784, 5.465681
7.093325, 5.486965
7.095264, 5.525251
7.095454, 5.557360
7.095653, 5.590870
7.097283, 5.624045
7.100430, 5.658877
7.101753, 5.690839
7.104631, 5.725695
7.108935, 5.760403
7.110392, 5.784308
