main root
6.696677, 4.585425
6.631422, 4.944449
6.594729, 5.092227
6.541359, 5.235338
6.537445, 5.367153
6.509166, 5.490551
6.478094, 5.607276
6.447749, 5.713039
6.417041, 5.827721
6.382391, 5.940809
6.364194, 6.050757
6.344840, 6.167697
6.322075, 6.292381
6.295259, 6.437124
6.285926, 6.538944
6.281860, 6.652145
6.286851, 6.748316
6.294867, 6.821610
6.308881, 6.872358
6.319586, 6.911124
6.307202, 7.017577
6.333999, 7.146345
6.357029, 7.273780
6.411981, 7.365369
6.454347, 7.408623
6.483170, 7.469968
6.488379, 7.615823
6.483929, 7.667307
6.481741, 7.692613
6.553209, 7.858293
6.572884, 7.903151
6.592727, 7.987496
6.605203, 8.039229
6.590009, 8.116057
6.585740, 8.276198
6.582272, 8.305172
6.573023, 8.334576
6.557901, 8.393630
6.541676, 8.446129
6.528825, 8.509001
6.517527, 8.565765
6.507433, 8.618016
6.507191, 8.652395
6.480300, 8.853042
6.480619, 8.920527
6.478187, 8.975412
6.473067, 9.030113
6.473379, 9.094276
6.470930, 9.144512
6.462725, 9.196053
6.456411, 9.256677
6.448049, 9.310976
6.439540, 9.368213
6.428806, 9.422093
6.420147, 9.482423
6.409611, 9.515796
6.394430, 9.574824
6.381377, 9.602750
6.361478, 9.667236
6.342726, 9.718877
6.323257, 9.773372
6.305885, 9.831793
6.293711, 9.894791
6.280655, 9.948155
6.269392, 10.008057
6.258995, 10.064982
6.248894, 10.121963
6.239901, 10.174416
6.232337, 10.202600
15c66e8f-d4f9-4c02-8fe9-e5c20cd81e70
6.522956, 5.669501
6.619740, 5.767182
6.687925, 5.830024
6.753904, 5.896553
6.807566, 5.950662
6.847421, 5.997226
6.881005, 6.043368
6.975886, 6.154848
7.029496, 6.213218
7.072584, 6.268981
7.123373, 6.329819
7.180641, 6.389076
7.216666, 6.443582
7.306669, 6.533083
7.329720, 6.564450
7.357287, 6.609543
7.375827, 6.651797
a93a56e4-ebfe-4940-8139-efa686a05a93
6.523738, 5.576891
6.679816, 5.628161
6.742921, 5.674643
6.799036, 5.710032
6.820632, 5.745973
7.056820, 5.935051
7.133061, 5.980747
7.173867, 6.012186
7.223654, 6.055852
7.257100, 6.091160
7.286938, 6.131705
7.309392, 6.176449
91d858ac-a1f8-423e-83f0-a6c44523dcea
6.501297, 5.478958
6.587799, 5.570924
6.664998, 5.616661
6.832567, 5.739778
6.927446, 5.779347
7.098603, 5.894289
27a76114-5612-4dc6-9b2b-02680c843f08
6.540721, 5.230143
6.603959, 5.262662
6.683179, 5.313026
6.712426, 5.338715
6.751116, 5.370705
6.799003, 5.402579
7.027023, 5.506773
7.048086, 5.519687
7.084169, 5.541807
7.116137, 5.564914
7.167158, 5.587017
7.205996, 5.603840
7.227312, 5.616332
7.245133, 5.630243
d40051b8-4632-45c6-9b5d-14766d591f25
6.293745, 7.293952
6.239795, 7.303466
6.213925, 7.316721
6.184506, 7.330131
6.160202, 7.339581
6.137372, 7.346868
fa79c77b-0c9d-40eb-89f1-07c9bc118c76
6.326482, 7.432068
6.270463, 7.500205
7a376483-76a1-4d60-9c9c-d7a0a783572f
6.342220, 7.421308
6.254585, 7.465754
