main root
7.232941, 4.820862
7.378101, 4.987364
7.415704, 5.143131
7.293106, 5.341259
7.216515, 5.449491
7.139920, 5.764813
7.139756, 5.858443
7.135438, 6.043299
7.127390, 6.177159
7.126580, 6.304960
7.119494, 6.425937
7.105386, 6.559741
7.084675, 6.720749
7.073145, 6.848257
7.065596, 6.978281
7.061274, 7.120650
7.057476, 7.274801
7.055093, 7.402420
7.071575, 7.530277
7.105042, 7.658729
7.113194, 7.754810
7.108103, 7.863921
7.084506, 8.051958
7.034077, 8.266885
6.983952, 8.498988
6.949626, 8.708068
6.929122, 8.857839
6.907543, 9.000947
6.875952, 9.168716
6.857317, 9.334930
6.859595, 9.466252
6.862072, 9.667801
6.874008, 9.850993
6.883654, 9.999030
6.889015, 10.177822
6.908512, 10.343679
6.911177, 10.437842
6.912173, 10.547867
6.908667, 10.618598
6.900404, 10.675000
8336e4ff-1558-43d1-be51-57fdadbf095f
7.313528, 5.084457
7.225674, 5.087801
7.166173, 5.088889
7.114046, 5.083022
7.088056, 5.090410
7.027742, 5.101329
6.995426, 5.116490
6.968844, 5.123993
6.952829, 5.143679
6.925680, 5.172308
6.896324, 5.194564
6.891622, 5.212159
6.878092, 5.239593
6.853838, 5.275238
6.829623, 5.316147
6.814707, 5.328145
6.794678, 5.346258
6.776152, 5.357041
6.750356, 5.366790
6.719892, 5.395063
6.680180, 5.414301
6.642177, 5.429752
6.608037, 5.445476
6.576825, 5.456545
6.554422, 5.476935
6.532737, 5.497767
6.503734, 5.525628
6.482473, 5.568805
dc7de235-a608-4fe0-ae8f-e316fb785f6e
7.121963, 5.457222
7.074515, 5.457596
6.999741, 5.437991
6.955826, 5.431106
6.898811, 5.413867
6.858342, 5.401631
6.819858, 5.389986
6.767760, 5.385042
6.654593, 5.373628
6.612477, 5.369379
6.584166, 5.363516
6.548018, 5.351444
6.504191, 5.341540
6.454643, 5.330344
6.401238, 5.319810
6.371846, 5.312488
6.341757, 5.309620
6.308313, 5.313950
6.257935, 5.320474
6.203793, 5.323276
fd14d575-6efa-4b08-bd19-1ff41fe9e829
7.107082, 5.454763
7.023610, 5.470158
6.967599, 5.482854
6.891204, 5.503278
6.825210, 5.510078
6.768394, 5.515895
6.703574, 5.531442
6.625284, 5.556338
6.554840, 5.575558
6.483280, 5.601250
6.407246, 5.636499
6.342676, 5.656533
6.254572, 5.686072
6.175363, 5.714817
6.113486, 5.734087
6.047833, 5.756100
6.001675, 5.771577
d3b592b5-d578-4d58-9478-e6d85c1c15df
7.376586, 4.974079
7.577659, 4.924005
7.659426, 4.914375
7.737425, 4.907924
7.892657, 4.911137
7.929233, 4.911841
7.966544, 4.912929
7.987598, 4.917263
8.025456, 4.920327
8.056955, 4.924236
8.091598, 4.926885
8.126328, 4.927898
8.161066, 4.927274
8.185131, 4.928197
8.205999, 4.933350
8.240086, 4.940079
8.267419, 4.949908
8.304461, 4.958306
8.331507, 4.968897
8.368299, 4.978331
8.405968, 4.983208
8.437243, 4.988625
8.464473, 4.998040
8.478447, 4.994160
8.493154, 4.995673
8.531484, 4.995041
8.555469, 4.996079
8.584334, 5.001761
8.622561, 5.004644
8.643143, 5.010637
8.680961, 5.016907
8.703013, 5.025051
8.740297, 5.033968
8.771161, 5.042822
8.805303, 5.050994
8.836164, 5.059855
8.870303, 5.068035
8.904769, 5.074691
8.932486, 5.084550
8.969875, 5.093018
9.004423, 5.099244
9.039214, 5.103928
9.074181, 5.107062
9.106001, 5.111353
9.140965, 5.114497
9.164705, 5.118071
9.190284, 5.123372
9.211993, 5.132392
9.244979, 5.144408
9.274628, 5.156734
9.307610, 5.168757
9.341093, 5.179304
9.375013, 5.188351
9.405638, 5.198002
9.439556, 5.207056
9.473843, 5.214594
9.511997, 5.218320
9.543783, 5.222865
9.578721, 5.226285
9.610506, 5.230836
9.645443, 5.234263
9.677226, 5.238823
9.708774, 5.244797
9.740024, 5.252173
9.774514, 5.258713
9.809260, 5.263713
9.840805, 5.269703
9.866823, 5.279149
9.904156, 5.287860
9.925637, 5.297417
9.962266, 5.308729
9.990809, 5.319045
10.012860, 5.328539
10.032257, 5.340150
d2aadeeb-ac78-4c84-aeb8-23bd8363232b
7.440081, 5.041988
7.515550, 5.075340
7.562270, 5.090639
7.604561, 5.117644
7.658727, 5.143683
7.736715, 5.166673
7.786299, 5.175547
7.821459, 5.181780
7.848406, 5.182283
7.862900, 5.191138
7.898977, 5.200902
7.947968, 5.214161
7.984123, 5.219294
8.054571, 5.226272
8.110273, 5.234796
8.189001, 5.243817
8.244569, 5.253197
8.303008, 5.263062
8.356275, 5.276607
8.420101, 5.294382
8.470884, 5.306971
8.523818, 5.317009
8.582047, 5.328052
8.636776, 5.341476
8.686357, 5.355181
8.711437, 5.366771
8.753574, 5.389541
8.799628, 5.419531
8.853732, 5.449406
8.896711, 5.469718
8.942877, 5.486570
9.014178, 5.506225
9.071315, 5.521975
9.126612, 5.538770
9.175221, 5.553534
9.226327, 5.573748
9.291251, 5.597818
9.340813, 5.614596
9.387028, 5.631822
9.434628, 5.649562
9.490155, 5.670259
9.547609, 5.690075
9.593724, 5.707564
9.639288, 5.726444
9.686214, 5.745889
9.737051, 5.770194
9.786524, 5.797165
9.835359, 5.818674
9.901284, 5.844441
9.958422, 5.865165
10.006180, 5.882488
10.065724, 5.900901
10.120469, 5.919397
10.164809, 5.937537
10.215762, 5.961616
10.267348, 5.987650
10.308677, 6.011861
10.359822, 6.041823
10.410957, 6.071779
10.466188, 6.100665
10.514663, 6.129396
10.564285, 6.155326
10.596177, 6.171992
8bfcd53a-8ecd-4be0-91e3-1d3787acc2dc
7.583978, 5.126970
7.574700, 5.166498
7.561500, 5.208637
1a65d060-a760-474e-9aca-a486d7410536
7.422401, 5.189839
7.490170, 5.170492
7.525772, 5.156329
7.558204, 5.148823
7.610923, 5.160278
7.632183, 5.167962
7.668168, 5.184150
7.693263, 5.195438
7.724344, 5.202851
7.758834, 5.208000
7.804111, 5.211733
7.836743, 5.217427
7.891664, 5.230049
7.947630, 5.244447
7.996145, 5.252291
8.066443, 5.260626
8.121975, 5.270224
8.183832, 5.277877
8.247659, 5.281250
8.297587, 5.293670
8.362901, 5.325783
8.414496, 5.346149
8.461722, 5.363181
8.499251, 5.370351
8.557464, 5.381474
8.619184, 5.390218
8.661502, 5.397726
8.687558, 5.406910
8.735474, 5.423797
8.769586, 5.438993
8.802324, 5.458494
8.838694, 5.480156
8.870074, 5.495362
8.914165, 5.511738
8.942127, 5.526912
8.986768, 5.551138
9.021944, 5.571930
9.060435, 5.592943
9.109082, 5.616090
9.166590, 5.640138
9.219313, 5.663807
9.257791, 5.686003
9.299746, 5.711931
9.338840, 5.739610
9.391377, 5.773140
9.443686, 5.802973
9.499257, 5.831220
9.556118, 5.856766
9.612155, 5.880300
9.657036, 5.900773
9.699291, 5.923337
9.751567, 5.951254
9.801816, 5.979785
9.841907, 6.005991
9.891521, 6.038421
9.943198, 6.070412
9.984329, 6.097634
10.024613, 6.126091
10.066108, 6.155402
10.101041, 6.178246
10.123461, 6.192390
7ea38d4b-aaef-460a-84ef-3c7e5769e822
7.254293, 5.552570
7.374104, 5.594053
7.417430, 5.609261
7.485516, 5.636334
7.550495, 5.667001
7.642375, 5.710366
7.693650, 5.722937
7.775880, 5.743096
7.857130, 5.756851
7.943079, 5.770907
8.021777, 5.778380
8.106296, 5.790570
8.196380, 5.803562
8.238680, 5.811174
16e99cd0-4c54-4372-97fe-160643f2dac9
7.193708, 5.962727
7.237700, 5.964057
7.277300, 5.951912
7.340630, 5.928652
7.379003, 5.916613
7.420325, 5.902933
7.466651, 5.890749
7.523973, 5.875673
7.560734, 5.869100
7.593735, 5.866240
7.647337, 5.867603
7.683679, 5.864036
7.729077, 5.853564
7.786829, 5.840243
7.847940, 5.821538
7.897505, 5.804804
7.962198, 5.772786
8.021694, 5.735597
8.054009, 5.726211
8.078343, 5.719231
8.094886, 5.705446
8.116231, 5.685566
8.134600, 5.674443
8.162561, 5.659131
8.185477, 5.644747
8.205103, 5.639498
4da47596-1b9e-4e8e-b83d-f06779f9bd9b
7.158567, 6.591300
7.182987, 6.608502
7.206061, 6.624088
7.224656, 6.640305
7.246279, 6.642383
7.289760, 6.652577
7.351059, 6.663875
7.409342, 6.674616
7.462059, 6.687375
7.505763, 6.701033
7.546604, 6.718501
7.593313, 6.738477
7.643877, 6.763358
7.693570, 6.782805
7.744722, 6.798004
7.811507, 6.816285
7.860503, 6.829696
7.913987, 6.847440
7.972129, 6.865152
8.038791, 6.883895
8.084000, 6.899716
8.136126, 6.921128
8.190949, 6.943648
8.249675, 6.964536
8.303599, 6.985304
8.370680, 7.007931
8.428732, 7.025933
8.499042, 7.043035
8.566661, 7.057942
8.629238, 7.074804
8.686466, 7.090223
8.740022, 7.107754
8.792569, 7.128104
8.847840, 7.149509
8.901176, 7.171770
8.961732, 7.198664
9.006181, 7.220043
9.051968, 7.242065
9.109364, 7.266349
9.163937, 7.289439
9.212646, 7.313299
9.243161, 7.326580
32bc2930-ab13-4744-bf42-1616ef0dbb6f
7.111549, 7.601182
7.201674, 7.595276
7.245256, 7.595410
7.294054, 7.593007
7.336409, 7.585880
7.364842, 7.579915
7.393173, 7.569384
7.443434, 7.545911
7.491377, 7.537139
7.531492, 7.534365
7.579396, 7.534052
7.635683, 7.536678
7.693322, 7.540864
7.739183, 7.548698
7.789257, 7.557252
7.851132, 7.564784
7.924989, 7.576161
25a04873-0410-4955-9e47-effab7d1d68a
7.183603, 7.892914
7.257633, 7.924470
7.286573, 7.932945
7.314083, 7.939841
7.334599, 7.936348
7.369177, 7.928938
7.390569, 7.928939
7.425901, 7.927434
7.461136, 7.924429
7.496211, 7.919929
7.526415, 7.917555
7.558771, 7.916507
7.594034, 7.913860
7.617989, 7.913557
7.638960, 7.917773
