main root
6.667035, 5.351537
6.618480, 5.729122
6.596125, 5.870489
6.573645, 6.012648
6.540836, 6.157104
6.540720, 6.360622
6.481424, 6.612442
6.428145, 6.780978
6.371291, 6.935390
6.318687, 7.067009
6.270398, 7.211710
6.241404, 7.331851
6.206373, 7.476137
6.184762, 7.605574
6.176864, 7.727995
6.175550, 7.871574
6.182138, 8.012460
6.184222, 8.191347
6.199003, 8.313878
6.206855, 8.431812
6.217815, 8.532756
6.226039, 8.608509
6.237335, 8.684813
6.275805, 8.850759
6.304405, 8.974127
6.324661, 9.098691
6.336584, 9.224336
6.352814, 9.350914
6.373231, 9.493851
6.383655, 9.611587
6.394109, 9.729666
6.403816, 9.839306
6.407880, 9.932915
6.407737, 10.026609
6.407622, 10.102806
6.405419, 10.159898
6.396026, 10.209238
60d6a5e8-73e1-4b0f-89a3-ebd0fff42bf8
6.661177, 5.497778
6.723945, 5.657145
6.717938, 5.750099
6.726016, 5.859958
6.692744, 6.404820
6.698817, 6.471523
6.706887, 6.508320
6.708789, 6.536975
6.715956, 6.573958
6.719281, 6.597876
6.718477, 6.626233
6.788538, 6.827253
155fa9d1-3cf3-4f50-a2f7-dc9e4a15b8de
6.590876, 5.792941
6.458995, 5.823268
6.415539, 5.836342
6.349916, 5.838931
6.322590, 5.831012
6.301645, 5.845838
6.265364, 5.871518
6.246610, 5.892901
6.213329, 5.928430
6.180249, 5.970169
6.149265, 6.011515
6.118813, 6.049494
6.103603, 6.075485
6.078727, 6.120769
6.055715, 6.168875
6.036248, 6.199167
6.007884, 6.237764
5.972787, 6.285523
5.938011, 6.335374
5.899629, 6.393010
5.861669, 6.447311
5.832933, 6.491030
5.805030, 6.533481
5.781473, 6.574771
5.743966, 6.666878
5.724056, 6.723710
5.667003, 6.758997
5.665050, 6.787457
5.606689, 6.861987
5.564417, 6.911116
5.520080, 6.960350
5.450467, 7.034491
5.404236, 7.088100
5.359847, 7.137285
5.306765, 7.202290
5.278650, 7.236720
dff74adf-a6e4-41f3-8821-8557ab2af3a4
6.483959, 6.104291
6.405559, 6.130885
6.371234, 6.136185
6.322158, 6.197256
6.215736, 6.338393
6.184864, 6.376851
6.152377, 6.410144
6.121412, 6.448306
6.089848, 6.491957
6.053776, 6.531623
6.014103, 6.579699
5.975976, 6.621199
5.935877, 6.664845
5.900166, 6.705927
5.868524, 6.746894
5.844478, 6.782922
5.815932, 6.831089
5.788337, 6.892332
5.757509, 6.946172
5.729724, 7.003735
5.702375, 7.070728
5.677592, 7.135392
5.654214, 7.200572
5.641919, 7.248155
5.602907, 7.431176
5.575606, 7.516038
5.549552, 7.582361
5.522768, 7.661890
5.495625, 7.728415
5.465718, 7.807206
5.442549, 7.872463
5.422616, 7.942029
5.401043, 8.017316
5.389965, 8.055977
06e6eeb4-383f-4282-9987-ef7112fb6966
6.472002, 6.013403
6.387795, 6.080551
6.125752, 6.572332
6.113944, 6.628073
6.100088, 6.670244
6.087464, 6.721996
6.076724, 6.770958
6.067128, 6.820158
6.060352, 6.861002
6.059890, 6.891224
ef4cda3b-2198-4ec4-9f06-33686949ade7
6.625628, 5.951834
6.658573, 5.996405
6.693794, 6.044051
6.729017, 6.091696
6.760055, 6.138712
6.845684, 6.307484
6.876962, 6.372611
6.907195, 6.441718
6.975392, 6.540455
7.028078, 6.606199
7.059676, 6.648992
7.079532, 6.690341
7.169677, 6.781361
7.234043, 6.876914
7.285836, 6.962420
7.326690, 7.032317
7.403541, 7.140562
7.445948, 7.196991
7.487827, 7.256253
7.558517, 7.360842
7.607005, 7.501616
7.637354, 7.610073
7.643299, 7.629267
e544831e-af3c-44bb-93e4-676431d9cf3c
6.642481, 6.040322
6.833813, 6.289066
6.954766, 6.422063
6.980184, 6.464749
7.015346, 6.524620
7.039046, 6.553979
7.067929, 6.585658
7.123348, 6.628672
7.177473, 6.674471
7.243418, 6.738538
7.281372, 6.775412
7.346651, 6.849359
7.389365, 6.900008
7.417773, 6.942978
7.444417, 6.994723
7.470082, 7.067218
7.498338, 7.147029
7.521860, 7.217955
7.557200, 7.295985
7.574599, 7.348916
7.594617, 7.419401
7.619134, 7.494770
7.638932, 7.565317
7.655831, 7.636614
7.668003, 7.707432
7.680371, 7.791638
7.691912, 7.859913
7.695556, 7.908410
7.691632, 7.961605
5ad8d5ac-6dc8-4b4b-a2de-987c83b9f2a3
6.213688, 7.453184
6.137061, 7.501054
6.062218, 7.540533
47d95a96-2edc-49e6-aa0b-90ea9129ac34
6.278033, 7.480300
6.311965, 7.500717
6.380974, 7.543544
1454681b-998f-4760-943a-79aa3e98666f
6.460173, 6.771213
6.524744, 6.802473
6.577465, 6.847387
6.624689, 6.885652
6.643043, 6.906302
6.678903, 6.944398
6.695104, 6.970344
6.722591, 7.005887
6.759162, 7.048283
6.802097, 7.093473
6.830597, 7.125644
6.847425, 7.149153
6.865800, 7.182537
6.892330, 7.227631
6.922186, 7.272478
6.944473, 7.305954
6.958550, 7.327097
