main root
6.894290, 4.794356
6.843968, 5.004407
6.828213, 5.089312
6.784364, 5.376562
6.752670, 5.543174
6.734168, 5.674044
6.719640, 5.791880
6.719861, 5.893799
6.717984, 6.003810
6.720482, 6.105311
6.718957, 6.215331
6.728005, 6.325818
6.734196, 6.427326
6.738273, 6.528942
6.746567, 6.630132
6.754175, 6.722949
6.763862, 6.815367
6.778742, 6.897663
6.794754, 6.998099
6.812827, 7.098021
6.835036, 7.173272
6.872979, 7.271752
6.892711, 7.341095
6.908839, 7.414179
6.935980, 7.497947
6.941800, 7.622166
6.958132, 7.659000
6.972290, 7.752832
6.975962, 7.847654
6.977181, 7.932758
6.998264, 8.028567
7.004250, 8.069699
7.003083, 8.113643
7.003246, 8.163845
7.004880, 8.205553
7.028460, 8.305352
7.042235, 8.370158
7.061643, 8.439869
7.070734, 8.494842
7.086606, 8.572482
7.101233, 8.665033
7.107062, 8.721090
7.113196, 8.751126
7.128590, 8.811534
7.143225, 8.868970
7.157862, 8.926406
7.168858, 8.981679
7.180226, 9.023476
7.195568, 9.068472
7.218495, 9.126439
7.240295, 9.181557
7.258209, 9.234991
7.283707, 9.282796
7.289163, 9.332955
7.320390, 9.661098
7.331832, 9.731461
7.334298, 9.827402
7.337781, 9.895473
7.336709, 9.957758
7.329683, 10.018063
7.322530, 10.064499
7.322839, 10.157112
7.330272, 10.213020
7.340443, 10.279929
7.348450, 10.344129
7.351394, 10.405916
7.352743, 10.470599
7.358472, 10.541154
7.361980, 10.605756
7.363759, 10.670425
7.371735, 10.742625
7.374069, 10.804656
7.375197, 10.889771
7.374577, 10.956022
7.370979, 11.020733
7.369572, 11.099964
7.367917, 11.193090
7.366863, 11.252349
7.364340, 11.310082
7.361383, 11.377748
7.362345, 11.458556
7.359216, 11.544113
7.358491, 11.604891
7.355881, 11.649736
7.339658, 11.686348
7.369320, 12.131207
7.373258, 12.190266
7.375602, 12.247931
7.376988, 12.333030
7.384186, 12.393032
7.398288, 12.475759
7.414546, 12.553324
7.437266, 12.632535
7.456424, 12.704756
7.472973, 12.759053
7.480330, 12.798587
7.498926, 12.817181
7.523508, 12.881067
7.540991, 12.926502
7.940083, 13.054238
8.415982, 13.025406
8.695655, 13.054709
8.925870, 13.017192
9.121026, 13.031806
9.265619, 13.043447
9.314088, 13.041304
9.341614, 13.040050
9.365227, 13.054219
9.401693, 13.057599
9.453354, 13.060883
9.506676, 13.061274
9.564435, 13.063194
9.630577, 13.066890
9.701357, 13.067847
9.759094, 13.070125
9.826774, 13.072796
9.885993, 13.075132
9.946767, 13.076033
9.997561, 13.076785
10.059858, 13.074714
10.116201, 13.075836
10.183083, 13.069684
10.246465, 13.068362
10.331575, 13.068662
10.394802, 13.073373
10.465050, 13.074102
10.532176, 13.073302
10.598469, 13.080384
10.647158, 13.079564
10.778486, 13.068345
6fa83b91-3b39-4aa5-b559-bfdd3cd80bc7
6.837988, 5.067043
6.680537, 5.134963
6.611058, 5.168201
6.543820, 5.197030
6.493623, 5.221791
6.456203, 5.243567
6.367261, 5.322536
6.325343, 5.353886
6.138458, 5.425889
6.076296, 5.462673
6.040144, 5.477110
5.983445, 5.502980
5.929536, 5.527578
5.874147, 5.556145
5.821482, 5.583308
5.767531, 5.614504
5.716234, 5.644168
5.664938, 5.673833
5.613643, 5.703500
5.582494, 5.721518
5.447626, 5.829707
5.423217, 5.847753
5.364289, 5.887512
5.346896, 5.923119
5.315548, 5.963339
5.270060, 6.011377
5.210137, 6.059580
5.142532, 6.111300
5.068901, 6.157186
4.987234, 6.203122
4.904822, 6.247064
4.831459, 6.288531
4.761920, 6.334984
4.706119, 6.377661
4.653789, 6.405609
4.497414, 6.462435
4.412076, 6.524666
4.271957, 6.601860
4.187941, 6.643344
4.107864, 6.689920
4.031856, 6.729331
3.964205, 6.764409
3.912271, 6.784594
3.862704, 6.819146
751351b5-67e5-4c9b-a60d-a675eb2a3460
6.834278, 5.070755
6.693722, 5.069242
6.657113, 5.077846
6.620455, 5.080312
6.595128, 5.081999
6.573250, 5.094239
6.441619, 5.120431
6.379298, 5.114005
6.333903, 5.112334
6.301046, 5.108129
6.265752, 5.097576
6.241416, 5.090300
6.209629, 5.087048
6.178973, 5.086920
6.144217, 5.089769
6.109835, 5.095592
6.076078, 5.104345
6.043198, 5.115964
6.011437, 5.130362
5.977172, 5.149182
5.938884, 5.173629
5.880779, 5.215906
5.760120, 5.301738
5.702540, 5.317615
5.662772, 5.327027
5.624748, 5.334489
5.584477, 5.362221
5.535561, 5.370983
5.513134, 5.386662
5.488589, 5.396518
5.449306, 5.412291
5.410023, 5.428064
5.370739, 5.443837
5.315741, 5.465920
5.264142, 5.491477
5.202092, 5.525550
5.150732, 5.552046
5.106231, 5.573319
5.067832, 5.596652
5.024921, 5.620974
5.000419, 5.636583
4.925459, 5.695455
4.892340, 5.721419
4.863519, 5.747769
4.832244, 5.780366
4.803127, 5.812877
4.781597, 5.830188
4.742232, 5.859916
4.701987, 5.888434
4.661609, 5.911544
4.617523, 5.936776
4.565527, 5.968259
4.507080, 6.005398
4.464205, 6.032641
4.415049, 6.067423
4.382577, 6.088567
4.360854, 6.104497
38adba07-974a-4541-91fd-d7d61ac22f12
6.735048, 5.455210
6.652141, 5.483341
6.587032, 5.508422
6.531056, 5.522503
6.502438, 5.526615
6.463069, 5.529247
6.427164, 5.531649
6.399033, 5.536531
6.371569, 5.544336
6.330823, 5.559029
6.290995, 5.573391
6.251362, 5.590867
6.214564, 5.607093
6.187855, 5.622144
6.148694, 5.651082
6.128582, 5.661218
5.994829, 5.746939
5.944225, 5.767133
5.915774, 5.773560
5.903908, 5.786838
5.850757, 5.817122
5.817493, 5.830906
5.769751, 5.852311
5.725655, 5.867160
5.677510, 5.883372
5.628551, 5.904597
5.565629, 5.933505
5.506287, 5.955828
5.457864, 5.975642
5.408889, 5.995683
5.112993, 6.079831
5.077728, 6.085192
5.038304, 6.091185
5.003151, 6.101070
4.944030, 6.120806
4.885925, 6.143358
4.821356, 6.165864
f1da5b11-63cf-4d45-afee-e5af905c2453
6.820944, 4.919365
6.767114, 4.933153
6.726115, 4.943654
6.697517, 4.947887
6.678496, 4.961152
6.645094, 4.980794
6.618789, 4.992792
6.591383, 5.002001
6.554080, 5.009799
6.503196, 5.021965
6.454898, 5.031973
6.417998, 5.047261
6.371068, 5.066704
6.320699, 5.082711
6.304459, 5.100724
5.870718, 5.181800
5.835717, 5.192198
5.760603, 5.214115
5.740675, 5.225367
5.703347, 5.248161
5.669031, 5.269090
5.640935, 5.289709
5.618113, 5.310143
5.441305, 5.385002
5.404040, 5.397503
5.364040, 5.414056
5.325053, 5.430166
5.284434, 5.450165
5.246580, 5.468779
5.207348, 5.491379
5.170784, 5.512417
5.140705, 5.526244
5.116168, 5.540792
4b898377-1921-46b8-8d9e-b7de453d0fdb
6.781685, 5.812616
6.820663, 5.829761
6.855331, 5.848303
6.875073, 5.848116
6.890071, 5.853690
6.933404, 5.866602
6.971912, 5.879639
7.023826, 5.894054
7.060929, 5.907463
7.102656, 5.920951
7.144691, 5.940723
7.274499, 6.054918
7.375785, 6.088410
7.442409, 6.104220
7.473288, 6.113022
7.503742, 6.123194
7.529925, 6.136606
7.559751, 6.151884
7.589576, 6.167161
7.623223, 6.187760
7.686293, 6.226849
7.819482, 6.270968
7.841922, 6.279795
7.866925, 6.294267
7.901756, 6.309040
7.934219, 6.320993
7.967220, 6.331364
7.996931, 6.342088
8.022335, 6.355846
8.048985, 6.372178
8.072459, 6.385013
8.100604, 6.395482
8.133122, 6.406167
8.166031, 6.415587
8.195577, 6.425784
8.224536, 6.437544
8.253693, 6.444727
8.284520, 6.452322
8.311205, 6.457175
c1da75d3-cac4-4cc3-a089-7cded594dc79
6.695383, 6.062488
6.678434, 6.065828
6.632286, 6.081046
6.594102, 6.090486
6.571646, 6.092932
6.375070, 6.211446
6.354845, 6.218397
6.330680, 6.223536
6.299857, 6.227031
6.257796, 6.231802
6.217053, 6.234916
6.175575, 6.239588
6.138746, 6.249761
6.080574, 6.267382
6.006620, 6.288221
5.902678, 6.303433
5.860792, 6.309564
5.818905, 6.315694
5.778282, 6.320127
5.729107, 6.323987
5.675713, 6.331181
5.588892, 6.341370
69e0e2df-315c-4b35-a90e-59a212b50567
6.788516, 6.528154
6.805912, 6.530240
6.829564, 6.534496
6.852924, 6.540133
7.027679, 6.627233
7.044701, 6.628355
7.074954, 6.633349
7.106295, 6.640039
7.135865, 6.649413
7.168010, 6.658031
7.196210, 6.662493
7.219586, 6.667707
7.321927, 6.671414
7.338337, 6.680817
7.367172, 6.697338
7.402288, 6.712153
7.427171, 6.727402
7.452030, 6.744523
7.469930, 6.748405
7.503721, 6.753945
7.523915, 6.761552
7.556534, 6.771971
7.581180, 6.781151
7.603379, 6.790750
7.626947, 6.805561
7.656832, 6.822277
7.678999, 6.834677
b570ca77-56c8-445d-9153-7833a4209f3f
6.801966, 7.068399
6.785694, 7.077076
6.762031, 7.087999
6.740432, 7.094672
6.595387, 7.153863
6.563712, 7.163557
6.526209, 7.170338
6.473806, 7.182855
6.417271, 7.194820
6.379080, 7.201373
6.342184, 7.219852
6.305779, 7.229715
6.254201, 7.249969
6.171844, 7.309843
6.146825, 7.324331
6.116776, 7.338271
6.076917, 7.360062
6.044606, 7.369199
6.019160, 7.374837
5.990950, 7.385688
5.962689, 7.401368
5.916524, 7.432118
5.875073, 7.456131
5.840274, 7.476290
5.817751, 7.491068
5ac68cbf-c42f-4312-8d52-ee8574dc7b05
7.130177, 8.957787
7.078409, 8.990749
7.027717, 9.020535
7.002480, 9.028397
6.978243, 9.035925
6.825603, 9.145437
6.791992, 9.165896
6.754930, 9.191985
6.734879, 9.202469
6.697466, 9.222056
6.656275, 9.253781
6.622832, 9.279566
6.589946, 9.301169
6.553805, 9.328520
6.522313, 9.348625
6.499985, 9.366459
b8accae1-c581-418a-9a5f-8b2a95c7dcfa
7.030026, 7.977827
7.082562, 7.978670
7.140300, 7.981092
7.197955, 7.985011
7.267926, 7.991845
7.319900, 8.001433
7.416381, 7.994581
7.472105, 7.999396
7.551170, 8.003225
7.620919, 8.012597
7.698446, 8.027258
7.744956, 8.029962
3c7d464e-f9c3-4367-b93f-3c7645a1bb5a
6.924175, 7.414862
7.018352, 7.431918
7.045085, 7.435239
7.083702, 7.435511
7.119074, 7.434263
7.154363, 7.431521
7.175557, 7.434377
7.214169, 7.435049
7.241347, 7.440013
7.276403, 7.444896
7.311635, 7.448290
7.335285, 7.452074
7.353508, 7.461051
7.378297, 7.471594
7.472058, 7.468136
7.487571, 7.474168
7.521163, 7.492047
7.560509, 7.511293
7.596837, 7.525730
7.632173, 7.534942
7.684759, 7.544010
7.736547, 7.551421
7.785143, 7.559888
7.831729, 7.571042
7.884995, 7.582258
7.909851, 7.587491
7.929386, 7.596194
44710fba-7e81-47b9-bc4a-3bc17eb14dc4
6.909069, 7.645074
6.852074, 7.650143
6.807205, 7.657140
6.780019, 7.661377
6.754925, 7.665285
6.744734, 7.680881
6.724163, 7.692157
6.693794, 7.705388
6.662355, 7.715820
6.632220, 7.725819
6.610011, 7.730035
6.521809, 7.764072
6.430191, 7.801677
6.385763, 7.815796
6.353725, 7.825978
6.320685, 7.838095
6.288207, 7.851648
6.257963, 7.862694
6.231401, 7.877223
6.209694, 7.887440
bfa7201e-9ba9-4bf2-82c1-80f76627647e
6.815460, 6.908370
6.862848, 6.912448
6.894633, 6.909175
6.920669, 6.907998
6.949532, 6.909689
6.991796, 6.912167
7.020847, 6.912370
7.046246, 6.912548
7.118750, 6.896132
7.140136, 6.895894
7.175053, 6.902990
7.217374, 6.905482
7.269137, 6.905531
7.322315, 6.901093
7.374306, 6.895252
7.411631, 6.894071
7.446147, 6.894475
7.468518, 6.897731
3b094b32-0586-49dd-adf1-5e88754c9847
7.421033, 10.833100
7.443189, 10.836725
7.482140, 10.840064
f42f061f-476a-45d1-87fc-9b0d779c3e3d
7.355572, 11.558537
7.396226, 11.566654
ed2eba80-86f7-411f-9e13-c31dadd50bf7
7.362436, 10.172673
7.403111, 10.176815
7.469611, 10.172948
7.502719, 10.174022
7.535595, 10.178083
41aafe0e-e8de-4012-a8b3-2dbef71e67f0
7.210809, 9.162885
7.178436, 9.187450
7.157091, 9.199890
7.121595, 9.217112
7.083503, 9.235592
7.052516, 9.247299
7.028517, 9.253165
6.989589, 9.259600
6.949060, 9.264782
6.897375, 9.272900
6.848441, 9.279070
6.811442, 9.285243
2f97e4aa-c98b-4c4a-8892-2a82cc411a0e
7.255937, 9.114191
7.354899, 9.415533
7.371491, 9.482375
7.377610, 9.507027
7.385258, 9.537841
7.409233, 9.787667
