main root
6.932268, 5.040381
6.862207, 5.293904
6.860459, 5.419041
6.851854, 5.589534
6.836762, 5.722985
6.818379, 5.848167
6.806560, 5.957786
6.786769, 6.082573
6.764089, 6.198643
6.733706, 6.321291
6.707204, 6.419476
6.682791, 6.518038
6.662507, 6.617528
6.652334, 6.709536
6.635750, 6.802111
6.622026, 6.902711
6.607321, 6.994944
6.593425, 7.095536
6.581628, 7.196391
6.580374, 7.298143
6.581237, 7.399682
6.577873, 7.501464
6.567897, 7.611088
6.560803, 7.712388
6.554888, 7.796846
6.554727, 7.889482
6.552505, 7.974572
6.556202, 8.076067
6.559284, 8.160682
6.566862, 8.253126
6.574470, 8.345946
6.582079, 8.438769
6.589688, 8.531592
6.595219, 8.624824
6.600234, 8.709343
6.611078, 8.791032
6.621106, 8.866570
6.626089, 8.936258
6.627267, 8.994713
6.676866, 9.119626
6.682373, 9.149714
6.696528, 9.210416
6.699201, 9.261424
6.702301, 9.320606
6.721133, 9.393954
6.714480, 9.470309
6.709337, 9.529351
6.706582, 9.560984
6.676628, 9.634707
6.652674, 9.685714
6.620296, 9.719444
6.634599, 9.745654
6.618065, 9.791555
6.496611, 10.023287
6.447143, 10.095337
6.411343, 10.136489
6.364864, 10.225166
6.358463, 10.268645
6.344020, 10.352522
6.319074, 10.436283
6.309668, 10.518719
6.288619, 10.593441
6.265456, 10.683425
6.248577, 10.765636
6.233251, 10.840281
6.225880, 10.897224
6.213182, 10.952796
160f3c2a-a5b2-497b-9e04-d8b7367264d4
6.920029, 5.182818
6.978116, 5.173186
9b707742-2d76-4d1f-ad95-920385065565
6.836965, 5.187952
6.729376, 5.197469
e3c3a49d-0b52-48ef-9a81-18f6df17d9a7
6.895529, 5.433476
6.938006, 5.501183
6.980035, 5.537801
6.999103, 5.554493
7.020310, 5.552504
7.066846, 5.563871
7.138628, 5.575608
7.203100, 5.598190
7.255794, 5.611486
7.293144, 5.624007
7.327026, 5.632217
7.371722, 5.639977
7.416841, 5.644773
7.455593, 5.651903
7.495823, 5.662348
7.526555, 5.670327
