main root
6.595522, 5.118628
6.610060, 5.290969
6.627291, 5.412245
6.630324, 5.564098
6.649141, 5.706688
6.670186, 5.866159
6.686500, 6.037193
6.684511, 6.187979
6.668147, 6.344758
6.629760, 6.530169
6.591445, 6.700998
6.535191, 6.884418
6.505155, 7.004405
6.485731, 7.136422
6.476174, 7.244776
6.466253, 7.378976
6.464024, 7.449731
6.461625, 7.525895
6.460674, 7.603596
6.457559, 7.688650
6.458582, 7.742519
6.460413, 7.812194
6.459416, 7.872453
6.461660, 7.917827
6.459880, 7.942468
6.456830, 7.984693
6.464859, 8.039724
6.449238, 8.059968
6.445176, 8.080202
6.436844, 8.121646
6.428503, 8.163088
6.422498, 8.208053
6.416893, 8.249953
6.411278, 8.291852
6.403086, 8.330384
6.394286, 8.371731
6.385476, 8.413076
6.376657, 8.454419
6.365525, 8.492208
6.353571, 8.532756
6.343633, 8.577019
6.334365, 8.618263
6.325087, 8.659506
6.315801, 8.700747
6.306505, 8.741984
6.297201, 8.783221
6.292467, 8.817760
6.289276, 8.863013
6.283517, 8.901983
6.279851, 8.947200
6.276426, 8.989333
6.270251, 9.028243
6.266104, 9.073419
6.262230, 9.115513
6.258348, 9.157606
6.254464, 9.199710
6.247874, 9.238559
6.235512, 9.293537
6.220246, 9.347783
6.208333, 9.412219
6.192078, 9.483670
6.178929, 9.541467
6.168036, 9.602847
6.153506, 9.676146
6.142691, 9.746103
6.131050, 9.821407
6.125745, 9.885108
6.118757, 9.950997
6.118265, 10.026591
6.114851, 10.091315
6.114560, 10.153646
6.114204, 10.229846
6.112438, 10.287613
6.110367, 10.355319
6.108556, 10.414553
6.109645, 10.476870
6.106113, 10.531711
6.101450, 10.580813
6.095299, 10.629751
6.089449, 10.700295
6.080416, 10.773006
6.074410, 10.833492
6.071742, 10.905799
6.070685, 10.975030
6.069651, 11.042751
6.071435, 11.121982
6.078938, 11.189199
6.090697, 11.267570
6.098599, 11.340404
6.104991, 11.399320
6.113033, 11.459567
6.121994, 11.526706
6.128155, 11.584168
6.141966, 11.656833
6.156194, 11.731689
6.170760, 11.792298
6.181000, 11.847716
6.188282, 11.903594
6.197617, 11.963658
6.204522, 12.024861
0ee5cb20-9fa3-45db-a843-56b38cb8c220
6.675967, 5.067300
6.764389, 5.100953
6.834603, 5.129067
6.873905, 5.144805
6.913207, 5.160541
6.952509, 5.176278
6.991811, 5.192015
7.031113, 5.207752
7.074306, 5.221824
7.100469, 5.230348
0772adfe-f07a-4c57-8939-16cb29bd059f
6.514346, 5.088534
6.427835, 5.101021
6.387021, 5.105601
6.347606, 5.106870
6.317211, 5.110840
6.287348, 5.117757
6.243884, 5.130894
6.203378, 5.143133
6.170987, 5.156045
6.133630, 5.170932
6.108364, 5.184220
6.068399, 5.212000
6.014006, 5.241589
5.946115, 5.258300
5.896790, 5.270441
5.838148, 5.286416
5.790127, 5.301049
5.735593, 5.330184
5.677700, 5.356023
5.631308, 5.376729
5.577940, 5.398910
5.517811, 5.419038
5.470584, 5.433269
5.403728, 5.456541
5.330839, 5.483499
5.266426, 5.508917
5.202579, 5.535721
5.136919, 5.569779
5.079347, 5.592897
5.024350, 5.614981
4.968822, 5.642117
4.896625, 5.684323
4.838154, 5.718504
4.797199, 5.738979
4.746868, 5.757448
4.690343, 5.779784
4.627345, 5.804678
4.557321, 5.830739
4.493844, 5.854364
4.440283, 5.874298
4.385842, 5.896158
f7c3b4c7-6d76-4200-b30b-547e23c40804
6.571185, 5.493715
6.479998, 5.553695
6.454755, 5.564924
6.416943, 5.580108
6.371463, 5.595144
6.315299, 5.616865
6.262520, 5.643696
6.200254, 5.675351
6.126467, 5.697179
6.077750, 5.711591
6.034098, 5.719822
5.984179, 5.729235
5.924742, 5.741965
5.858508, 5.756151
5.802165, 5.774342
5.737793, 5.798269
5.675849, 5.829278
5.601447, 5.868843
5.557214, 5.890669
5.512340, 5.911143
5.465383, 5.934211
5.417738, 5.962620
5.373587, 5.990688
5.344602, 6.003796
5.299809, 6.020766
5.242646, 6.045623
5.175488, 6.081356
5.108849, 6.120203
5.061515, 6.152994
5.004323, 6.199896
4.960550, 6.231924
4.918491, 6.258987
4.871778, 6.283707
4.827498, 6.305446
4.782580, 6.325830
4.758706, 6.338307
4.734295, 6.356132
4.668816, 6.409919
4.623846, 6.439111
4.573693, 6.473452
4.518580, 6.507560
4.468671, 6.536689
4.411249, 6.566736
4.358735, 6.594214
4.289321, 6.635602
4.239717, 6.666923
4.191216, 6.694292
72f5a0ca-7226-4125-aae5-9c12e3c4c440
6.447015, 7.065429
6.372519, 7.076379
6.306226, 7.083466
6.270605, 7.091508
6.211662, 7.106350
6.164571, 7.115120
6.106303, 7.125972
6.045647, 7.140314
5.982696, 7.152652
7482c800-e3a9-4ad7-8d5e-5268680fab1b
6.498750, 7.634735
6.541347, 7.638873
6.566490, 7.644777
6.607720, 7.654133
6.647214, 7.664631
6.694478, 7.678742
6.746714, 7.689652
6.776022, 7.697303
