main root
6.828546, 4.598774
6.798363, 4.840987
6.779046, 4.923384
6.749383, 5.013058
6.720338, 5.060679
6.762752, 5.107757
6.779723, 5.252939
6.801701, 5.368889
6.828467, 5.476017
6.859194, 5.572818
6.885945, 5.671081
6.910410, 5.760944
6.928972, 5.853149
6.941783, 5.937802
6.956593, 6.015652
6.965582, 6.086935
6.972027, 6.188767
6.975333, 6.273819
6.980677, 6.357916
6.984004, 6.442968
6.985257, 6.528078
6.986753, 6.629663
6.984840, 6.702908
6.974107, 6.769873
6.994308, 6.807237
6.992972, 6.910492
6.995979, 7.003196
7.001538, 7.082249
6.994064, 7.125320
6.983569, 7.185800
6.980843, 7.236517
6.979583, 7.315756
6.990153, 7.404108
6.988466, 7.465613
6.985913, 7.558717
6.982369, 7.633345
6.978755, 7.709454
6.974338, 7.802474
6.969300, 7.877026
6.965553, 7.954649
6.962772, 8.056152
6.959462, 8.122325
6.957497, 8.191546
6.952498, 8.293123
6.944152, 8.378336
6.938068, 8.455812
6.927977, 8.526955
6.913708, 8.627554
6.900463, 8.699612
6.889091, 8.778038
6.885756, 8.863622
6.874164, 8.930437
6.857218, 9.015817
6.846211, 9.055897
6.868984, 9.361702
6.862787, 9.419571
6.862492, 9.464501
6.860558, 9.530722
6.860218, 9.593616
6.864315, 9.665858
6.863412, 9.729249
6.896015, 9.759311
6.914214, 9.879985
6.939764, 9.978486
6.959124, 10.061377
6.968280, 10.137055
6.970773, 10.232826
6.986728, 10.492408
6.984508, 10.594179
6.974044, 10.688051
6.974311, 10.780607
6.970373, 10.882377
6.957668, 10.991806
6.943968, 11.068591
6.929720, 11.160417
6.922552, 11.261806
6.906361, 11.370779
6.894788, 11.462981
6.886355, 11.546829
6.879987, 11.630857
6.875690, 11.715016
6.871372, 11.799569
6.870324, 11.878806
6.873518, 11.957282
6.875346, 12.024643
6.890455, 12.201878
6.892139, 12.295915
6.906639, 12.396803
6.920197, 12.506001
6.944994, 12.585551
6.957068, 12.645550
7.016668, 12.712785
7.090052, 12.785660
7.106930, 12.854161
7.132638, 12.895938
7.184151, 12.880655
7.359020, 12.887159
7.495261, 12.888050
7.621988, 12.890980
7.749603, 12.889729
7.911027, 12.890196
8.052191, 12.897140
8.213565, 12.896839
8.357518, 12.896572
8e950ffe-991b-4d11-bb41-1ef668ed669c
6.802293, 4.883233
6.904171, 5.076619
6.928915, 5.144672
6.949450, 5.183018
6.970461, 5.219084
7.001621, 5.340602
7.010070, 5.385604
7.038526, 5.449406
7.064537, 5.493030
7.117925, 5.562111
7.136707, 5.596206
7.162485, 5.656135
7.216236, 5.767357
7.235170, 5.807586
7.261656, 5.850874
7.282515, 5.874371
7.270475, 5.909194
7.329487, 6.029149
7.363515, 6.107713
7.382292, 6.158598
7.389761, 6.211669
cb3e42e7-a942-4a69-a621-daa6d4a770bf
6.819592, 4.735987
6.952735, 4.898417
6.991373, 4.945802
7.028575, 4.996221
7.084725, 5.041251
7.124097, 5.103554
7.170334, 5.172848
7.220622, 5.237004
7.276971, 5.298806
7.310509, 5.337812
7.389215, 5.397134
7.441211, 5.438199
7.492265, 5.480429
7.542353, 5.523802
7.572822, 5.556126
7.604474, 5.604979
7.639237, 5.661385
7.672857, 5.701671
7.704949, 5.733118
6674fe8c-9bda-4f19-addd-a170acded7e4
6.816069, 4.961981
6.948306, 5.009686
7.158228, 5.043071
7.186534, 5.052119
7.203330, 5.047749
7.265210, 5.050508
7.301158, 5.052111
