main root
6.947601, 4.905770
6.877540, 5.159293
6.875792, 5.284430
6.867187, 5.454923
6.852096, 5.588375
6.833713, 5.713556
6.821893, 5.823175
6.802102, 5.947962
6.779422, 6.064033
6.749039, 6.186681
6.722537, 6.284865
6.698124, 6.383427
6.677840, 6.482917
6.667667, 6.574924
6.651083, 6.667500
6.637359, 6.768100
6.622654, 6.860333
6.608758, 6.960925
6.596961, 7.061780
6.595707, 7.163533
6.596571, 7.265070
6.593206, 7.366853
6.583230, 7.476477
6.576136, 7.577777
6.570221, 7.662235
6.570060, 7.754871
6.567838, 7.839961
6.571535, 7.941456
6.574617, 8.026072
6.582194, 8.118515
6.589803, 8.211335
6.597412, 8.304158
6.605021, 8.396982
6.610552, 8.490212
6.615567, 8.574733
6.626411, 8.656422
6.636439, 8.731959
6.641421, 8.801648
6.642600, 8.860102
6.692199, 8.985015
6.697705, 9.015102
6.711861, 9.075805
6.714534, 9.126813
6.717634, 9.185995
6.736466, 9.259344
6.729814, 9.335699
6.724670, 9.394740
6.721916, 9.426373
6.691961, 9.500096
6.668007, 9.551103
6.635629, 9.584833
6.649931, 9.611043
6.633398, 9.656944
6.511944, 9.888676
6.462476, 9.960726
6.426675, 10.001879
6.380198, 10.090555
6.373797, 10.134034
6.359353, 10.217911
6.334407, 10.301672
6.325001, 10.384109
6.303952, 10.458830
6.280789, 10.548815
6.263910, 10.631024
6.248584, 10.705671
6.241213, 10.762613
6.228516, 10.818185
6.210723, 10.957177
6.195868, 11.026050
6.182924, 11.086050
6.172656, 11.133635
6.194248, 11.290071
6.204692, 11.419069
6.219905, 11.528289
6.211247, 11.703901
6.214119, 11.817044
6.227334, 11.920738
6.246546, 12.038115
6.267702, 12.128308
6.288959, 12.209846
6.313347, 12.278734
6.331408, 12.323535
6.391853, 12.517283
6.417065, 12.598093
6.451884, 12.702596
6.489356, 12.815059
6.520099, 12.920714
6.542663, 13.028551
6.581867, 13.133251
6.602457, 13.242538
6.595539, 13.297240
6.643630, 13.332386
6.745318, 13.393221
6.839735, 13.394360
6.941382, 13.397702
7.042927, 13.398925
7.144520, 13.400148
7.237655, 13.401270
7.330790, 13.402391
7.423925, 13.403512
7.517060, 13.404633
7.610405, 13.407862
7.711944, 13.407139
7.805577, 13.410679
7.898484, 13.412086
7.983148, 13.413369
8.076063, 13.412674
8.161611, 13.416181
8.254522, 13.417884
8.342901, 13.418480
8.459191, 13.423488
8.587858, 13.418519
8.689712, 13.418820
8.799645, 13.423376
8.909611, 13.427933
9.002377, 13.427566
9.095269, 13.425095
9.188956, 13.426811
9.299010, 13.428827
9.425991, 13.431154
9.552678, 13.435575
9.654224, 13.437001
9.711369, 13.437804
9.768653, 13.439026
160f3c2a-a5b2-497b-9e04-d8b7367264d4
6.935362, 5.048208
6.993448, 5.038575
9b707742-2d76-4d1f-ad95-920385065565
6.852298, 5.053340
6.744709, 5.062858
e3c3a49d-0b52-48ef-9a81-18f6df17d9a7
6.910862, 5.298866
6.953339, 5.366571
6.995369, 5.403191
7.014435, 5.419881
7.035643, 5.417892
7.082179, 5.429260
7.153961, 5.440998
7.218433, 5.463580
7.271128, 5.476875
7.308478, 5.489396
7.342359, 5.497606
7.387055, 5.505367
7.432174, 5.510162
7.470926, 5.517291
7.511157, 5.527737
7.541887, 5.535716
7.675471, 5.551784
7.748874, 5.571794
7.786026, 5.585026
7.831397, 5.591653
7.873274, 5.597767
7.898698, 5.610553
7.927296, 5.621589
7.954860, 5.629020
7.981425, 5.636184
8.013285, 5.638578
8.058695, 5.638987
8.088635, 5.645245
8.153737, 5.652736
8.210960, 5.660825
8.278029, 5.670308
8.333334, 5.681150
8.383827, 5.688639
8.511842, 5.711641
8.556932, 5.716703
8.615832, 5.723314
8.674730, 5.729925
8.726562, 5.740261
8.789459, 5.755855
8.845176, 5.771212
8.915992, 5.786072
8.983754, 5.797232
9.032774, 5.800756
9.122673, 5.792946
9.195116, 5.788155
9.239509, 5.789719
9.304105, 5.794990
9.350021, 5.797234
9.408671, 5.798603
eb26bf87-f378-4f9a-a5c2-0c2942250a7e
6.632891, 8.791676
6.585598, 8.833550
6.533749, 8.865706
6.499145, 8.883642
6.445245, 8.914955
6.414673, 8.930984
6.371886, 8.945191
6.282840, 8.979545
6.250386, 8.993671
6.229421, 8.997899
6.195052, 9.006359
6.163263, 9.012643
6.131218, 9.017450
6.096468, 9.024178
6.070639, 9.027656
6.043022, 9.026841
6.007630, 9.027296
5.975244, 9.026215
5.942943, 9.023640
5.910794, 9.019575
5.878869, 9.014031
5.843771, 9.009457
5.811867, 9.003787
5.780258, 8.996652
5.749014, 8.988065
5.718199, 8.978045
5.684106, 8.968533
5.653330, 8.958395
5.615495, 8.950659
5.582623, 8.945465
5.559245, 8.940257
9117cd04-328a-45e2-9d7c-2c604c6fda81
6.876172, 5.298257
6.786755, 5.337723
6.742597, 5.392878
6.722356, 5.429117
6.711937, 5.463723
86af9e00-dcbc-409e-8f22-14f337058df8
6.602785, 8.665361
6.530601, 8.674063
6.440239, 8.684955
6.398720, 8.686946
6.372642, 8.700645
4ebcf993-b4cd-4719-aa6f-afeefed5ff01
6.659070, 9.620609
6.752688, 9.683912
6.783926, 9.706841
6.832157, 9.761341
6.863708, 9.799252
6.885819, 9.832838
6.915825, 9.875697
6.957965, 9.939951
