main root
6.090451, 3.959825
6.030390, 4.330104
5.994302, 4.474729
5.982800, 4.570210
5.963821, 4.652684
5.932419, 4.742237
5.911917, 4.832489
5.878691, 4.954654
5.850864, 5.073024
5.825676, 5.180172
5.802534, 5.287860
5.787439, 5.388299
5.776970, 5.471909
5.762230, 5.556249
5.746679, 5.627851
5.737245, 5.671289
5.724872, 5.777431
5.731772, 5.936286
5.724163, 6.003477
5.716743, 6.087422
5.705082, 6.172241
5.699821, 6.254475
5.687244, 6.310422
5.677324, 6.395494
5.657991, 6.457896
5.636601, 6.516828
5.622477, 6.582054
5.618153, 6.644448
5.618443, 6.726847
5.615708, 6.800059
5.609982, 6.873098
5.601275, 6.945840
5.591867, 6.999257
5.604145, 7.113358
5.605704, 7.183803
5.610448, 7.262907
5.615010, 7.338965
5.615770, 7.401656
5.640847, 7.509971
5.661624, 7.586443
5.674252, 7.655765
5.687906, 7.730726
5.708521, 7.810504
5.720288, 7.879978
5.736463, 7.957553
5.759099, 8.036783
5.772628, 8.105935
5.780417, 8.200516
5.775599, 8.295785
5.771268, 8.422991
5.762784, 8.560090
5.753650, 8.693447
5.733966, 8.828449
5.727178, 8.948112
5.717192, 9.049465
5.710177, 9.142116
5.711964, 9.217682
5.708418, 9.257738
5.703887, 9.291957
b4c4aa06-8082-4f50-b4bb-42574a984664
6.072726, 4.237127
6.202087, 4.335740
6.228278, 4.357882
6.259743, 4.363060
6.312975, 4.367240
6.330588, 4.391172
6.407346, 4.452556
6.450579, 4.517576
6.483218, 4.605043
6.496832, 4.645809
6.500352, 4.690987
c68bad09-44ab-43e5-93eb-1e6a2e99418b
6.064936, 4.171102
5.934282, 4.174780
5.810452, 4.214302
5.763775, 4.216627
5.752789, 4.243387
5.697075, 4.283208
5.646177, 4.323063
4dca18c7-8214-407f-b77c-1c10d51c314f
6.071196, 4.084702
5.969379, 4.100304
5.925729, 4.128325
5.893582, 4.148402
5.857121, 4.154755
5.863617, 4.176860
8bc5ba40-f9db-46b4-9dac-b3c6483c7282
6.094778, 4.076004
5.965761, 4.044149
5.923724, 4.060515
5.902354, 4.072057
