main root
7.118179, 4.984707
6.972639, 5.020605
6.854624, 5.115629
6.782021, 5.280921
6.753562, 5.420881
6.720480, 5.569784
6.713448, 5.707683
6.704597, 5.843793
6.705618, 5.975017
6.700404, 6.109464
6.684799, 6.242652
6.644498, 6.362986
6.595880, 6.488443
6.566922, 6.626694
6.531270, 6.756182
6.493228, 6.887168
6.454440, 7.050465
6.427463, 7.189596
6.419615, 7.295445
6.429151, 7.425453
6.448984, 7.544853
6.451523, 7.679629
6.458204, 7.812031
6.461968, 7.945254
6.463534, 8.073930
6.404415, 8.292613
6.345995, 8.438282
6.293332, 8.568396
6.220670, 8.698566
6.145512, 8.854006
6.084818, 8.974737
6.014758, 9.109519
5.944468, 9.244743
5.878792, 9.348417
5.852166, 9.398199
5.823988, 9.452088
b9ac4f49-e16e-44e1-8b77-f80e6709c913
6.879739, 4.992581
6.801817, 4.936641
6.737931, 4.880043
6.676579, 4.823179
6.521474, 4.753679
6.418393, 4.695931
6.327117, 4.657915
6.226410, 4.618244
6.144016, 4.599392
6.037776, 4.570744
5.976911, 4.565225
5.892356, 4.555475
5.807885, 4.541560
5.736141, 4.526708
5.619197, 4.518849
5.549546, 4.508168
5.497242, 4.500145
5.381091, 4.502813
5.303452, 4.506094
5.235916, 4.499959
5.174044, 4.500712
5.133830, 4.501202
91e34525-ce32-4c70-8993-32fb9b233aff
6.731866, 4.933501
6.690817, 4.958629
6.677166, 4.971715
6.638125, 4.996758
6.608069, 5.013734
6.563512, 5.031601
c0b582d9-aeb2-4857-b32d-0646fd3b5387
7.018998, 5.085281
7.048580, 5.162230
7.096281, 5.215239
7.143406, 5.260131
7.244837, 5.295684
7.329784, 5.329917
7.379956, 5.361474
7.469630, 5.435325
7.548058, 5.499914
7.628856, 5.574678
7.726762, 5.645154
7.810630, 5.728921
7.904165, 5.804454
8.033688, 5.895879
8.146857, 5.981239
8.277606, 6.082111
8.402312, 6.177458
8.513018, 6.257243
8.611708, 6.336133
8.710089, 6.403971
8.764493, 6.448758
8.827538, 6.496779
8.915102, 6.563478
8.989194, 6.619914
9.063285, 6.676349
9.133028, 6.740050
9.200553, 6.804573
9.262893, 6.861273
9.327696, 6.914606
9.390750, 6.962622
9.438791, 7.010493
9.472748, 7.035877
9.546352, 7.079689
9.592479, 7.115854
9.664950, 7.178050
9.714837, 7.226780
9.755311, 7.275012
9.782389, 7.311935
a92dd177-0c27-4c65-983d-ef1859a9dc85
6.742309, 5.225896
6.684163, 5.233595
6.595322, 5.234746
6.485354, 5.231939
6.393168, 5.240107
6.291971, 5.249073
6.199617, 5.259367
6.114306, 5.275260
6.033464, 5.296650
5.949731, 5.314514
5.859317, 5.335954
5.779604, 5.361251
5.693753, 5.377617
5.612194, 5.397387
5.523133, 5.423304
5.436158, 5.455185
5.343167, 5.496031
5.250145, 5.536891
5.164877, 5.574343
5.077482, 5.608136
4.991592, 5.643602
4.915708, 5.679423
4.847515, 5.709960
4.770118, 5.752292
a7c89f90-78ce-45d8-b11e-f040a404a25a
6.718300, 5.312833
6.671112, 5.362694
6.641547, 5.391958
6.595206, 5.438562
6.578295, 5.458487
6.565577, 5.483596
6.535247, 5.520945
6.475306, 5.557365
6.446935, 5.566303
6.395441, 5.590782
6.353495, 5.606184
6.306756, 5.625353
6.260766, 5.646253
6.217073, 5.664892
6.171380, 5.686436
6.129384, 5.701703
6.080792, 5.724558
6.037349, 5.743769
5.990415, 5.769858
5.961720, 5.777694
5.905121, 5.807517
5.867512, 5.822698
5.819751, 5.847240
5.777006, 5.867960
5.741330, 5.884023
5.714435, 5.891635
5.668439, 5.903503
5.617878, 5.921588
5.594632, 5.928726
0f52ad4a-bcd6-4e20-b12f-8bac58067d6c
6.824548, 5.347337
6.880280, 5.390634
6.908884, 5.414554
6.952980, 5.443203
7.102449, 5.473135
7.166878, 5.511925
7.271955, 5.533620
7.338608, 5.558180
7.432631, 5.597335
7.520965, 5.625007
7.624630, 5.661917
7.729845, 5.694888
7.799853, 5.719043
7.948552, 5.835502
8.037904, 5.900106
8.162323, 5.993843
8.292623, 6.094211
8.402817, 6.174844
8.506122, 6.251854
8.601902, 6.325882
8.698532, 6.395236
8.756257, 6.440350
8.816293, 6.487271
8.904371, 6.553422
8.970257, 6.608094
9.044253, 6.664028
9.115316, 6.725657
9.190743, 6.793869
9.252464, 6.852484
9.314982, 6.908995
9.383173, 6.956655
9.451733, 7.007103
9.519927, 7.057282
9.592833, 7.116150
9.664156, 7.176444
9.709550, 7.220699
9.748068, 7.266611
9.779969, 7.306966
9.801592, 7.349605
8b0750f8-5889-4251-b210-abc7b8f7e4c6
6.903423, 5.179147
6.934994, 5.239030
6.958865, 5.266366
6.997071, 5.310116
7.033165, 5.353724
7.072137, 5.405502
7.103641, 5.447360
7.174565, 5.537786
2b90c0c7-894c-4a72-a5c9-28d9b209bac8
6.606133, 6.607441
6.735042, 6.698178
6.808597, 6.755094
6.882254, 6.812087
6.959214, 6.863658
7.043619, 6.920218
7.123913, 6.966427
7.196169, 7.015332
7.254015, 7.054483
7.293490, 7.089602
0a094e2d-e49d-44e7-ba43-3a7c9a42f1e2
6.395315, 7.388856
6.325265, 7.418756
6.315282, 7.425924
6.283643, 7.443114
6.239005, 7.467367
6.187532, 7.493629
6.161210, 7.502019
6.112811, 7.517445
6.057315, 7.533561
6.008532, 7.547729
5.953660, 7.560548
5.889764, 7.575475
