main root
6.122182, 5.038050
6.056940, 5.319337
5.987526, 5.497602
5.942807, 5.666799
5.901800, 5.864095
5.846643, 6.052695
5.788106, 6.229745
5.737823, 6.424836
5.696608, 6.599397
5.650183, 6.751841
5.614903, 6.902999
5.590812, 7.050544
5.566767, 7.193194
5.547988, 7.304593
5.531770, 7.413537
5.518915, 7.514260
5.508965, 7.608933
5.510196, 7.656735
5.517433, 7.712679
5.550224, 7.855866
5.581482, 7.931989
5.616973, 7.998700
5.658902, 8.061565
5.706853, 8.119967
5.764571, 8.173741
5.812579, 8.218471
5.877307, 8.225854
5.943272, 8.228853
5.986119, 8.232294
6.018426, 8.253753
6.161800, 8.267825
6.243022, 8.286485
6.269839, 8.292645
6.328833, 8.428567
6.382209, 8.507925
6.465867, 8.531510
6.592042, 8.559792
6.624134, 8.573119
6.665182, 8.593408
6.697010, 8.615818
6.755146, 8.660413
6.811412, 8.707345
6.865713, 8.756537
6.903839, 8.795115
6.931710, 8.829705
6.954287, 8.857724
7.068300, 9.088750
7.094496, 9.141830
7.120691, 9.194909
7.154411, 9.263236
7.186129, 9.330887
7.218674, 9.410070
7.243157, 9.465704
7.266497, 9.526168
7.293935, 9.597251
7.317505, 9.666623
7.342017, 9.738771
7.370328, 9.812796
7.386458, 9.867538
7.401886, 9.930490
7.420025, 10.004506
7.441784, 10.080716
7.462706, 10.153992
7.479926, 10.225205
7.496029, 10.298166
7.514195, 10.366584
7.531918, 10.439171
7.557743, 10.518706
7.571548, 10.566065
7.587026, 10.613821
1923497b-41ad-4195-86af-5477e98f60dd
6.204454, 5.256171
6.273086, 5.286377
6.319795, 5.323823
6.371285, 5.328437
6.413804, 5.310758
6.511014, 5.334003
6.595959, 5.404063
6.652287, 5.422289
6.707653, 5.415602
6.831830, 5.428864
6.892355, 5.445952
7.002001, 5.490064
7.089541, 5.520748
7.163090, 5.540184
7.218316, 5.563801
7.348128, 5.624777
7.400598, 5.647000
7.446037, 5.670364
7.493648, 5.695743
7.528726, 5.725525
7.563468, 5.748217
7.612341, 5.777516
7.654091, 5.806969
7.706056, 5.837278
7.748158, 5.866225
7.792160, 5.897447
7.831521, 5.930026
7.872569, 5.965038
7.897820, 5.991562
7.921683, 6.010114
148dd05b-9b8b-4683-abc8-ef39ea8daa58
6.165702, 5.397191
6.220146, 5.439552
6.293085, 5.493639
6.338275, 5.519404
6.383167, 5.549800
6.441475, 5.578073
6.493184, 5.598153
6.534726, 5.619102
6.582092, 5.641311
6.626095, 5.663596
6.691901, 5.675109
6.720738, 5.678634
6.927698, 5.767508
6.976339, 5.786767
7.045078, 5.825450
7.070710, 5.841591
7.094967, 5.862172
7.135812, 5.894864
7.181783, 5.925905
7.213683, 5.945639
7.322058, 6.007516
7.371977, 6.056463
7.414599, 6.091966
7.445318, 6.111711
7.447348, 6.159539
7.608247, 6.307502
7.699524, 6.379961
7.773594, 6.436074
7.818234, 6.472494
6c7e0d6a-2035-489d-a262-de6965f5e1e2
5.479866, 7.401551
5.388781, 7.455172
5.345832, 7.471770
5.280080, 7.501993
5.234204, 7.518137
5.175798, 7.529172
5.117837, 7.547737
4.948089, 7.544578
4.856056, 7.549174
4.764554, 7.560058
4.663339, 7.569968
4.562511, 7.581964
4.462932, 7.602333
4.371690, 7.620996
4.304552, 7.643896
4.270917, 7.621315
20377192-153b-4924-917e-d96d049d785a
5.599909, 8.058215
5.537503, 8.113659
5.473540, 8.166822
5.259790, 8.237891
5.221410, 8.244328
5.162789, 8.301775
5.076410, 8.359864
4.951560, 8.406824
4.895447, 8.432728
4.863696, 8.453978
24e153d7-5522-4ec1-9753-7fd9426f4218
5.518111, 7.914568
5.489151, 7.922605
5.282262, 7.953756
5.209449, 7.961687
5.143128, 7.974924
5.037136, 8.022920
4.999627, 8.033333
4.944058, 8.047185
7aca1c73-6175-4655-8c5c-8ff1782a258d
5.728139, 8.195739
5.708261, 8.247268
5.672097, 8.296573
5.543241, 8.398693
5.492221, 8.487028
5.431359, 8.554549
5.386221, 8.617018
5.335358, 8.694591
5.294866, 8.764537
5.266484, 8.809341
20e9473f-09ff-41f3-8e95-e9a4ea50df93
5.856749, 8.253784
5.860664, 8.327843
5.875014, 8.510462
5.867229, 8.549328
5.889183, 8.560931
5.904861, 8.670981
5.910821, 8.756938
5.914639, 8.841968
5.916385, 8.927062
5.916202, 8.991200
5.922094, 9.024721
edf88c49-ec53-4990-bfab-a592ff04ea02
6.074868, 8.173793
6.129047, 8.122853
6.208814, 8.042050
6.296705, 7.961091
25b40ff3-b853-4afc-ac8c-0c7ad362110b
5.464479, 7.806335
5.435354, 7.822101
5.391467, 7.830264
ef5a7f84-c198-4900-890f-0b960c84284e
5.482167, 7.387167
5.271737, 7.456618
5.120304, 7.465957
5.061164, 7.469604
4.906375, 7.448640
4.852698, 7.436839
4.795373, 7.431515
