main root
6.823552, 5.170382
6.817400, 5.396858
6.817959, 5.518756
6.776535, 5.758246
6.749087, 5.949801
6.729793, 6.113563
6.716967, 6.257846
6.716061, 6.386610
6.689613, 6.569523
6.693146, 6.720619
6.693777, 6.937903
6.690083, 7.086400
6.702451, 7.261965
6.697231, 7.509451
6.764444, 7.626408
6.879303, 7.704110
6.934420, 7.930284
6.997761, 8.110063
7.063346, 8.313853
7.086138, 8.482226
7.082906, 8.603777
7.086957, 8.755760
7.077375, 8.917995
7.073771, 9.050018
7.082993, 9.145129
7.110077, 9.281648
7.136441, 9.414531
7.146066, 9.516988
7.143764, 9.648646
7.139584, 9.766953
7.139604, 9.885904
7.141724, 10.013168
7.141587, 10.131556
7.143585, 10.233074
7.145251, 10.317729
7.152853, 10.399780
7.143957, 10.437093
27e163a1-81a4-4238-a43f-28f16b2e6204
6.910135, 5.223696
6.944155, 5.248683
6.998223, 5.270272
7.026191, 5.281732
7.084242, 5.293749
7.113531, 5.304842
7.153072, 5.319819
7.210427, 5.339943
7.272433, 5.363285
7.339681, 5.385402
7.392201, 5.405826
7.443562, 5.429011
7.490015, 5.445054
7.543839, 5.460476
7.578430, 5.470388
76c40654-6330-4a9c-9a4a-0a20b596fdea
6.899836, 5.370821
6.980308, 5.382389
7.045871, 5.384108
7.094319, 5.391379
7.135899, 5.397712
7.157611, 5.404017
7.180331, 5.413727
7.219248, 5.430358
7.262093, 5.445410
7.309657, 5.455769
7.354572, 5.462488
7.403234, 5.463711
7.431909, 5.467423
7.473880, 5.472855
7.510414, 5.480598
7.551816, 5.489370
7.589669, 5.500449
7.634002, 5.510302
7.675315, 5.519482
7.716630, 5.528659
7.754374, 5.540107
7.794873, 5.552389
7.831640, 5.566664
7.871093, 5.581979
7.900767, 5.596705
7.938679, 5.615515
7.976591, 5.634323
8.018516, 5.651779
8.065415, 5.664817
8.098819, 5.680314
8.133229, 5.699581
8.159463, 5.710841
8.202279, 5.725964
8.249821, 5.736407
8.291157, 5.745484
8.310902, 5.755949
8.346433, 5.774784
8.381016, 5.782951
8.402135, 5.791015
8.438270, 5.818789
8.484942, 5.844143
8.517897, 5.865451
8.551199, 5.888767
8.592815, 5.917904
8.639278, 5.952261
8.689549, 5.993157
8.731316, 6.030994
8.770600, 6.060524
8.809033, 6.083798
8.873131, 6.117364
8.933137, 6.148788
8.981593, 6.177542
9.032555, 6.207782
9.081475, 6.238553
9.120352, 6.266541
9.162554, 6.300613
9.204462, 6.338295
9.234367, 6.365185
9f6f272e-0452-4084-8dc3-1c680663d6af
6.841665, 5.709754
6.896952, 5.693994
6.924398, 5.690839
6.965131, 5.686156
7.025322, 5.677730
7.074354, 5.672377
7.124076, 5.665444
7.165145, 5.656110
7.186530, 5.655855
7.231808, 5.652317
7.268498, 5.655454
7.310664, 5.659062
7.359306, 5.657215
7.401599, 5.655607
7.441016, 5.657102
7.486413, 5.655825
7.528720, 5.654634
7.571026, 5.653441
7.607515, 5.658401
7.650732, 5.661257
7.688781, 5.657772
7.728219, 5.657165
7.779655, 5.657872
7.805652, 5.659726
aa064b0c-5466-468c-a28f-4f0bcc30291f
6.758972, 7.049431
6.819649, 7.073266
6.907184, 7.103131
6.993050, 7.143539
7.070654, 7.175476
7.137210, 7.206103
7.181436, 7.226454
7.234921, 7.262525
7.292251, 7.305785
7.337394, 7.345207
7.396317, 7.388406
7.452774, 7.419511
7.537572, 7.456625
7.654660, 7.519350
7.695727, 7.555748
7.767866, 7.614063
7.801786, 7.651106
7.834664, 7.687010
7.860984, 7.736793
f28b1809-2030-43f2-9fcd-bca400f39d13
6.775085, 7.349692
6.838541, 7.387528
6.898062, 7.426508
6.941802, 7.437261
6.987174, 7.458325
7.042787, 7.462810
7.115305, 7.477650
7.152402, 7.494409
7.225808, 7.524285
7.326059, 7.569657
7.395479, 7.601075
7.455363, 7.624892
69ea11b3-6909-42ef-a11f-2854ef802afd
6.700035, 7.368799
6.583822, 7.489594
6.563382, 7.504672
6.555777, 7.525652
6.518832, 7.549860
6.481347, 7.595226
6.443904, 7.625073
6.417892, 7.646585
6.385560, 7.671382
6.354204, 7.691630
6.331983, 7.709518
6.311290, 7.733834
6.288307, 7.765428
6.272114, 7.787651
0a57973d-f3b2-4a5a-854e-c52a137b8f43
6.752317, 7.190322
6.786285, 7.195683
6.808470, 7.201717
6.825002, 7.195202
6.874160, 7.194447
6.941443, 7.210871
6.999021, 7.224926
7.052980, 7.241178
7.105999, 7.260273
7.157928, 7.282157
7.212541, 7.305174
7.259341, 7.326523
7.288400, 7.334843
99c19b38-4ae3-4634-92c9-9383bebce8b2
6.658575, 7.632132
6.617987, 7.724028
6.602411, 7.766701
6.584716, 7.788987
6.568440, 7.804673
6.567677, 7.826135
6.537595, 7.887938
6.515365, 7.933610
6.490807, 7.990903
6.469270, 8.029754
6.444058, 8.072147
6.418610, 8.117863
6.392741, 8.158180
6.352492, 8.226454
6.311675, 8.283901
6.276122, 8.333941
6.257379, 8.357736
c96e2d08-3996-4380-b43e-b2482d7d0f4b
6.620172, 7.423021
6.516318, 7.478068
6.448868, 7.501224
6.412072, 7.508843
6.373030, 7.514100
6.339004, 7.521692
6.297745, 7.530889
6.254212, 7.543650
6.186663, 7.568001
6.112023, 7.581057
6.065804, 7.592179
6.017575, 7.597850
4942556a-51e7-44fd-abc0-be38b10bc02f
6.751991, 5.253564
6.712904, 5.264144
6.646111, 5.282692
