main root
6.937677, 4.317229
6.978286, 4.534458
6.987232, 4.582313
6.978034, 4.636643
6.954034, 4.727997
6.932504, 4.821728
6.907450, 4.912016
6.886728, 5.002428
6.873959, 5.058133
6.837904, 5.109537
6.788141, 5.187813
6.741980, 5.268268
6.695632, 5.349048
6.653167, 5.431512
6.610530, 5.514312
6.592359, 5.577167
6.562320, 5.665921
6.532464, 5.754137
6.521058, 5.814084
6.520535, 5.906863
6.509760, 5.952435
6.497907, 6.010613
6.460123, 6.159952
6.440258, 6.220165
6.449261, 6.364776
6.446687, 6.495224
6.432301, 6.635406
6.428639, 6.819625
6.415779, 6.935388
6.394718, 7.068272
6.375284, 7.216240
6.361753, 7.358869
6.352358, 7.457908
6.350058, 7.513850
0bba1fcf-2192-4a24-b262-d5330bc3921d
6.911238, 4.457635
6.852093, 4.477131
6.808963, 4.492303
6.709090, 4.519653
6.572770, 4.568477
6.493945, 4.596708
6.421304, 4.624315
6.363437, 4.639902
6.256655, 4.666474
6.204470, 4.674832
6.143034, 4.701992
5.990167, 4.766733
5.923827, 4.802957
5.858547, 4.821041
5.822917, 4.826252
5.759693, 4.830963
5.693531, 4.834392
5.618805, 4.845760
5.556444, 4.852219
5.500050, 4.860175
39bfdbad-e1f7-48fa-9eed-e9f5baa3362a
7.030562, 4.470440
7.086280, 4.508806
7.146922, 4.540545
7.206354, 4.578408
7.296530, 4.607426
7.380847, 4.632064
7.466970, 4.676954
7.576112, 4.680906
7.653237, 4.689988
7.722650, 4.679980
7.965777, 4.733683
8.023317, 4.738565
8.115946, 4.744315
8.201631, 4.757945
8.259784, 4.765679
7f18dcc0-6273-4176-9dc1-bc51d1b4b79b
7.039585, 4.607967
7.064325, 4.627906
7.101735, 4.650101
7.142739, 4.664783
7.184586, 4.679767
7.268407, 4.664803
7.370109, 4.681062
7.453626, 4.692311
7.536822, 4.693054
7.620585, 4.700024
7.680522, 4.677853
7.725866, 4.683016
7.953789, 4.681098
8.013687, 4.682090
8.048807, 4.675188
8.160543, 4.654431
8.210874, 4.653639
8.284121, 4.655481
8.328557, 4.656599
aeb31e4d-d9e1-43bd-b499-cee5115a5ddf
6.911954, 5.039691
6.967697, 5.121056
6.998410, 5.163238
7.021957, 5.203206
7.056337, 5.261560
7.090916, 5.326150
7.119944, 5.374029
7.144420, 5.415876
7.221702, 5.478079
7.259173, 5.510161
7.304096, 5.542710
7.351502, 5.571515
7.396974, 5.597393
7.422527, 5.613658
7.450254, 5.636630
7.487266, 5.669239
7.519046, 5.703225
7.560091, 5.740542
7.599793, 5.774618
7.636232, 5.807866
7.671181, 5.837728
5739369e-111d-4f06-9878-357670c4620a
6.983561, 4.818586
7.063310, 4.884996
7.178790, 4.936101
7.235557, 4.958924
7.301770, 4.972224
7.397964, 4.993886
7.468730, 5.012890
7.514906, 5.019091
7.579111, 5.024692
7.644796, 5.018403
7.706072, 5.017047
7.764148, 5.019911
7.798519, 5.023104
d8981cbc-b73d-4985-90a7-30a123014ab4
6.937360, 4.625868
6.846798, 4.636465
6.824719, 4.633019
6.806555, 4.646738
6.777968, 4.643065
6.728363, 4.629618
6.712628, 4.612106
6.687255, 4.574909
6.677073, 4.544044
6.657774, 4.514208
6.643977, 4.492881
6.628427, 4.412047
6.627564, 4.361160
6.641784, 4.338347
6.658424, 4.297500
6.671955, 4.256354
6.680333, 4.216503
6.689629, 4.165016
6.696241, 4.111546
6.703780, 4.074971
6.713062, 4.037350
6.745049, 3.971979
6.760376, 3.947465
6.791189, 3.911727
b8aaa754-5781-42e3-a21c-c4e7ffbc3eb2
6.894959, 4.860156
6.811936, 4.881574
6.751819, 4.882538
6.668183, 4.873488
6.634969, 4.871400
6.609619, 4.869807
6.485260, 4.868500
6.447467, 4.863612
6.403808, 4.859476
6.371247, 4.853384
6.334878, 4.842011
6.290726, 4.831342
6.234927, 4.816318
6.185875, 4.803110
6.135617, 4.795777
6.071886, 4.791017
6.021227, 4.787232
35242b60-25e3-45cc-afc6-275370fd7b4c
6.707550, 5.304945
6.534548, 5.335396
6.508870, 5.339854
6.475854, 5.342547
eb7acb40-4569-42db-8fc4-27410890a508
6.577378, 5.700923
6.514274, 5.702830
