main root
6.273804, 4.821590
6.201784, 5.070964
6.179517, 5.248018
6.160309, 5.363183
6.132544, 5.444953
6.079625, 5.588234
6.033277, 5.701570
6.012651, 5.768781
5.992887, 5.862022
5.975932, 5.934790
5.959759, 6.010798
5.941609, 6.065606
5.916230, 6.118439
5.885500, 6.175497
5.843302, 6.258286
5.791130, 6.352696
5.809295, 6.501705
a8b81ac9-4b31-4573-afb8-9aefa61018d4
6.256892, 4.922133
6.353678, 5.011766
6.397464, 5.057219
6.431297, 5.092057
6.477597, 5.115042
6.533942, 5.131188
6.600753, 5.138685
6.651685, 5.145906
6.702567, 5.160146
0fb5618a-8c0e-4852-80cc-5141686fc775
6.275432, 4.951240
6.323120, 5.072420
6.358089, 5.159256
6.405669, 5.218567
6.446593, 5.252285
6.483112, 5.276016
6.515182, 5.308762
