main root
6.165926, 4.359767
6.174795, 4.662744
6.181817, 4.757941
6.151208, 4.920345
6.122547, 5.026717
6.103623, 5.080692
6.120155, 5.218559
6.119912, 5.305137
6.109104, 5.438803
6.108574, 5.563695
6.123291, 5.691888
6.139709, 5.834886
6.157991, 5.976880
6.167815, 6.119765
6.187287, 6.245567
6.199871, 6.374170
6.208258, 6.502925
6.212289, 6.629386
6.218973, 6.707056
6.220271, 6.757052
6.236038, 6.815378
6.226414, 6.973873
6.213376, 7.040427
6.189278, 7.101156
6.159494, 7.168098
6.136465, 7.212494
6.121866, 7.292825
6.114813, 7.348371
6.114861, 7.419305
6.119396, 7.485176
6.110721, 7.671812
6.107185, 7.747919
6.103652, 7.824027
6.078927, 7.946891
6.024969, 8.057522
5.991573, 8.126001
5.965072, 8.214497
5.947236, 8.294938
5.937569, 8.380033
5.904499, 8.439068
5.890269, 8.506330
5.844487, 8.718285
5.826108, 8.789197
5.806995, 8.862948
5.785737, 8.933053
5.773612, 9.024632
5.755890, 9.090080
5.742301, 9.174638
5.720291, 9.236135
5.696370, 9.294086
5.685171, 9.353268
5.690000, 9.400203
5.670351, 9.617530
5.645403, 9.713629
5.628411, 9.791012
5.612077, 9.865416
5.595748, 9.939821
5.581707, 10.017794
5.575457, 10.103196
5.564368, 10.172762
5.554867, 10.251417
5.540762, 10.318311
5.525052, 10.392852
5.507034, 10.463842
5.481799, 10.526759
5.454042, 10.579870
5.437562, 10.637796
173eab0d-e926-4fe5-9c65-3c72ecab9408
6.113699, 4.442596
6.014940, 4.458589
5.933863, 4.478018
5.870948, 4.495226
5.805500, 4.506022
5.691206, 4.518367
5.619754, 4.529306
5.580864, 4.551914
5.368341, 4.685877
5.305772, 4.718240
5.239395, 4.749203
5.166273, 4.787981
5.107101, 4.816776
5e6eac6f-570b-4541-a331-68d8764e3585
6.264108, 7.087310
6.354906, 7.103993
6.461802, 7.155815
6.524369, 7.191136
6.572880, 7.213367
d5e64450-2f87-4373-903e-cc47fc11379a
6.133140, 7.287453
6.071099, 7.281317
5.988263, 7.277282
5.913718, 7.272153
5.851668, 7.262844
87f94285-c518-43fe-9feb-0cbd404c96e3
6.200622, 6.671864
6.185738, 6.692333
6.099355, 6.740012
6.065504, 6.765535
b29bfb07-6089-44af-91d3-f5a72fd0695a
6.194457, 6.591229
6.159691, 6.608029
6.076613, 6.645838
6.041135, 6.671099
6.000365, 6.681389
