main root
6.664365, 5.101768
6.566876, 5.161834
6.468136, 5.309196
6.439002, 5.472756
6.460872, 5.584679
6.499549, 5.781053
6.550286, 6.011687
6.562084, 6.253821
6.566448, 6.473834
6.557551, 6.661733
6.552345, 6.771673
6.566438, 6.876673
6.581079, 6.985758
6.583372, 7.110033
6.581957, 7.257225
6.574369, 7.399791
6.556845, 7.532733
6.537118, 7.666420
6.507280, 7.797157
6.479093, 7.930040
6.441143, 8.058663
6.407099, 8.200918
6.368753, 8.331905
6.339900, 8.460292
6.313752, 8.591065
6.290819, 8.725422
6.270544, 8.868840
6.240520, 8.992389
6.193948, 9.133995
6.149003, 9.279447
6.111485, 9.386535
6.082753, 9.474911
6.065878, 9.533525
6.045969, 9.581034
a4afd660-36f0-4c50-83f0-96d57afbd87e
6.375405, 5.279178
6.295311, 5.314462
5.903246, 5.456594
5.763867, 5.517494
5.691444, 5.554813
5.624622, 5.588029
5.528587, 5.623956
5.450417, 5.655415
5.405995, 5.682233
5.330139, 5.735400
5.263881, 5.786905
5.204245, 5.829470
5.140828, 5.882090
5.083362, 5.918101
5.038522, 5.946202
4.973705, 6.013077
4.931248, 6.074085
4.886974, 6.132464
4.853520, 6.183538
4.829164, 6.220720
e84a9ef0-c17e-4e3d-8eb9-33eca73d0be5
6.416629, 5.255209
6.217067, 5.358349
6.153690, 5.474838
6.070789, 5.577252
6.002497, 5.639599
5.929991, 5.709003
5.883110, 5.757433
5.793778, 5.848522
5.700111, 5.947873
5.506774, 6.180740
5.418729, 6.290113
5.329971, 6.416203
5.179878, 6.591597
26a87646-4094-4805-b5f2-9987f22ecdd2
6.379590, 5.492749
6.252386, 5.604482
6.188783, 5.658079
6.123630, 5.722129
6.064781, 5.784754
6.004926, 5.847869
5.975708, 5.874043
5.944080, 5.906631
5.779809, 6.058035
5.549150, 6.259170
5.285977, 6.464903
5.124621, 6.686875
d0bfbb9e-d318-4840-b53e-c641028cee76
6.477860, 5.636770
6.330712, 5.789317
6.243908, 5.846067
6.151033, 5.901267
6.099011, 5.908475
6.038218, 5.957886
5.975515, 5.999760
5.907741, 6.063816
5.852476, 6.111802
5.794709, 6.165946
5.739796, 6.198951
5.690819, 6.228369
5.638853, 6.278078
5.603674, 6.311707
5.558084, 6.373833
5.533068, 6.418016
5.510952, 6.478343
5.482085, 6.544037
5.456345, 6.634178
86179baa-4be4-4485-b20d-bfe7e3777532
6.287939, 5.824578
6.190015, 5.936179
6.119866, 6.001536
6.080163, 6.033742
6.020110, 6.090166
5.964710, 6.138110
5.917991, 6.182500
5.882590, 6.220265
5.830890, 6.288550
5.783736, 6.340913
5.739826, 6.389672
5.716188, 6.424866
5.689949, 6.485410
5.661394, 6.547531
5.631050, 6.599209
c5de66fe-4e1c-428c-ab64-e075082def1c
6.575103, 5.174275
6.554575, 5.500026
6.483468, 5.651882
6.582103, 5.751848
6.680215, 5.867636
6.758313, 5.953145
6.795837, 5.985255
6.810967, 6.002075
6.829438, 6.031528
6.860148, 6.069190
6.882643, 6.101481
6.910970, 6.136869
6.929278, 6.164498
6.952626, 6.199694
6.975991, 6.234878
6.999373, 6.270050
7.026924, 6.306047
7.048415, 6.339016
7.071496, 6.374388
7.098739, 6.410618
7.124139, 6.444363
7.149555, 6.478095
7.170796, 6.511225
7.193611, 6.546769
7.212306, 6.581400
7.232388, 6.618555
7.252489, 6.655701
7.272607, 6.692837
7.292744, 6.729963
7.300824, 6.751095
