main root
5.881510, 3.727453
5.845800, 3.932768
5.880280, 4.085210
5.936764, 4.347489
5.931197, 4.562046
5.780824, 4.918609
5.660562, 5.253917
5.478817, 5.488923
5.300392, 5.633810
5.058095, 5.782421
4.884854, 5.945718
4.740937, 6.181102
4.644386, 6.454108
4.629156, 6.604506
4.640396, 6.968813
4.685010, 7.349023
4.704084, 7.476789
b2097ce7-7db1-4bdd-bd20-51eb1210734c
6.095832, 3.801322
5.960076, 3.864680
ade8881a-1b57-49f3-ade8-4cd169980a66
5.959758, 3.866843
6.029678, 3.983566
6.259689, 4.399845
6.623755, 4.869039
6.782064, 5.064390
6.936317, 5.224639
7.073371, 5.416285
7.325254, 5.704946
7.589308, 5.980906
7.736770, 6.087180
8.004439, 6.278033
8.233404, 6.441952
ab010fbc-5c27-498f-8018-a7988558c68a
5.965459, 3.865902
6.060017, 3.966633
6.261806, 4.323644
6.651889, 4.848225
6.811433, 5.039519
6.974770, 5.199944
7.107061, 5.391855
7.349067, 5.681927
7.618942, 5.950744
7.763933, 6.055430
8.024283, 6.251575
8.318123, 6.501143
