main root
6.593828, 4.789654
6.663615, 5.082694
6.595719, 5.441749
6.599441, 5.718539
6.593645, 5.873925
6.597380, 6.031090
6.600260, 6.181430
6.610168, 6.316076
6.620323, 6.454078
6.639144, 6.587393
6.629209, 6.716584
6.632519, 6.818663
6.662759, 6.938351
6.686365, 7.043200
6.653556, 7.161576
6.645804, 7.250594
6.632085, 7.413989
6.616315, 7.552102
6.589764, 7.697853
6.575044, 7.846119
6.568967, 7.987040
6.571306, 8.140791
6.562970, 8.277273
6.552650, 8.412012
6.542996, 8.557983
6.533946, 8.694821
6.522408, 8.837872
6.515099, 9.005883
6.494146, 9.168366
6.480669, 9.325754
6.458530, 9.478909
6.430160, 9.632729
6.402161, 9.770967
6.388833, 9.929993
6.370487, 10.099220
6.341785, 10.285056
6.308074, 10.449251
6.287478, 10.611129
6.246899, 10.858058
6.203464, 11.083262
6.176629, 11.266831
6.153278, 11.417605
6.131746, 11.529007
6.120601, 11.597755
6.108587, 11.662380
0f597b0d-eb72-4689-88dd-0031c43b774c
6.515285, 7.977715
6.382256, 8.018579
6.314411, 8.034723
6.252796, 8.046308
ba9844f3-1ab4-44fb-b45f-4dc5e0c18f9d
6.585832, 7.308657
6.516050, 7.400464
6.490769, 7.423435
6.459975, 7.452460
6.433664, 7.481369
6.406793, 7.515337
6.380537, 7.548523
6.356074, 7.584264
6.332949, 7.623343
6.314625, 7.654311
f0a376dd-6831-4d1b-972a-faef29e6adff
6.669041, 7.116476
6.818845, 7.192377
6.882800, 7.228136
6.945241, 7.266478
7.018417, 7.304385
7.086084, 7.339436
7.161820, 7.371925
7.223991, 7.405110
7.322136, 7.455096
7.398138, 7.491478
7.473476, 7.532141
7.542563, 7.567729
7.604390, 7.602945
7.653250, 7.632100
7bd279a8-0bd6-4851-b391-ad2ff47b42b6
6.612098, 6.662072
6.452010, 6.716801
6.358029, 6.746698
6.260487, 6.775509
6.179293, 6.799491
6.131593, 6.815140
8392ef3c-0df0-4b90-9c20-799ecd52a6f1
6.684178, 6.483334
6.766623, 6.546018
6.791879, 6.565237
6.850295, 6.590233
6.918465, 6.608008
6.950076, 6.622438
7.002012, 6.647790
7.054887, 6.675984
7.105771, 6.708708
7.141324, 6.720896
7e80c79e-b6a9-45d1-8c9d-a8c91345d9a0
6.649968, 5.507545
6.725078, 5.516036
6.818924, 5.551746
6.852603, 5.567878
6.896580, 5.598378
6.927278, 5.632438
6.957059, 5.669951
6.982594, 5.704523
5c719354-4e52-4791-98ae-fea7b9368195
6.802247, 5.012205
6.997108, 5.079819
7.127028, 5.122373
7.189083, 5.137177
7.227543, 5.150675
7.287041, 5.172487
7.335730, 5.194462
7.371223, 5.211446
7.448225, 5.260627
7.491180, 5.297676
7.520099, 5.313550
7.582690, 5.341081
7.650546, 5.363427
7.709677, 5.384475
7.756033, 5.410509
7.839714, 5.450266
7.916189, 5.486600
7.985011, 5.519299
8.065798, 5.547741
8.152943, 5.565725
8.275928, 5.623017
8.360909, 5.649394
8.429934, 5.673952
8.494075, 5.703127
8.559468, 5.736160
8.616756, 5.756713
91c93d20-44f9-4777-a485-aed168839752
6.514606, 4.796373
6.425226, 4.774622
6.335940, 4.747994
6.268598, 4.725023
6.203574, 4.715066
6.089773, 4.729896
6.014215, 4.739742
5.941626, 4.757736
5.868552, 4.784519
5.818675, 4.811761
5.743018, 4.865068
5.658681, 4.921902
5.592257, 4.956462
5.504915, 4.992422
5.418797, 5.027877
5.334710, 5.067046
5.250287, 5.106371
5.168074, 5.149308
5.102433, 5.178524
5.050221, 5.201764
5.002809, 5.213934
082cdfed-76f6-40a5-b164-c8ab9ede5a93
6.498167, 5.024967
6.452363, 5.041169
6.392670, 5.040577
6.364286, 5.043253
6.336332, 5.048856
6.294583, 5.060239
6.257909, 5.067097
6.243253, 5.082659
6.180648, 5.107320
6.124665, 5.130982
6.094705, 5.137145
6.040143, 5.143784
5.965480, 5.169318
5.923342, 5.195120
