main root
6.167730, 6.376434
6.454029, 6.243923
6.820542, 6.209398
7.094341, 6.313904
7.289221, 6.446576
7.400001, 6.651785
7.416849, 6.803611
7.420275, 6.929661
7.429781, 7.070181
7.425034, 7.213399
7.484174, 7.395900
7.487663, 7.466934
2514d9dc-71a2-4d04-a40c-67bbd4e9f7d7
6.450597, 6.146088
6.521108, 6.020892
6.561630, 5.967246
6.604842, 5.889996
6.786981, 5.719356
8736c2ff-7743-4a85-a8a8-9783f101824a
6.550615, 6.223031
6.678376, 5.978001
6.829595, 5.937298
6.878737, 5.920940
7.113288, 5.948683
a13249cc-8521-49a7-b983-650b76746e39
6.689684, 6.177813
6.810185, 6.073128
6.901862, 6.064242
6.924146, 6.070847
7.182955, 6.187084
a7b9a375-79bc-4569-8c3d-2ec25742e0eb
6.870211, 6.170803
7.060008, 6.110398
7.149747, 6.100023
7.192706, 6.096428
7.231538, 6.094546
7.302917, 6.105800
7.332720, 6.111879
7.371579, 6.129729
7.398500, 6.146890
7.434684, 6.175121
7.469543, 6.196454
