main root
5.784877, 2.062874
5.572478, 3.306234
5.363995, 4.098625
5.256901, 4.739285
5.048419, 5.888580
4.936238, 6.554921
4.846797, 7.919807
4.887800, 9.008897
5.038768, 10.618554
5.104607, 11.053495
5.167953, 11.489640
5.252556, 11.702570
56d995b0-c7af-4a60-b818-2edfa1eb6129
5.659212, 2.751734
4.148369, 2.838580
ec3246c9-ea66-43ca-a483-f580b046378a
5.667022, 2.730500
5.893205, 2.995122
6.155845, 3.153752
a4b8dc6f-164c-47de-9469-07b479da3f58
5.624495, 2.982280
5.873784, 3.294763
6.372028, 3.696788
bb0f3e32-0e13-4f8f-8a1d-2b4b031136d5
5.363648, 4.016729
5.456555, 4.106924
5.930760, 4.143475
6.347703, 4.231624
f7f5dca1-d556-4d39-b32a-1c95e61fc329
5.636250, 2.928633
5.330995, 2.894890
4.716245, 2.895191
4.084661, 2.914622
3.445436, 2.932607
2.846820, 2.995281
2.043050, 3.170426
1.708153, 3.259159
1.342803, 3.358323
5409affe-e589-4bfb-9a44-ab25bdbad4d4
5.628203, 3.100729
4.802538, 3.194618
4.047805, 3.301086
3.718682, 3.350985
3.471034, 3.372863
2.225176, 3.611188
29344510-ed1d-4ab2-8770-64453d46ed38
5.609841, 3.228837
4.506308, 3.089270
3.871958, 3.062826
3.466699, 3.072335
bec49ac3-aa29-4d19-9b02-8069aace9ba2
5.536880, 3.434849
5.316430, 3.416527
4.109108, 3.436866
3.698517, 3.460558
3.307944, 3.529800
3.025674, 3.564135
38d68992-44bc-4646-b315-fd3b268c51aa
5.412665, 3.802139
4.907667, 3.857332
4.434076, 3.780166
4.100628, 3.772654
c7cc44af-d83e-4ef8-b63b-3c492921144b
5.355306, 4.042307
5.005160, 4.164263
4.718869, 4.130221
4.159337, 4.097044
74869fff-ac1f-4e85-b6a8-cc034276a48a
5.294799, 4.393910
4.872945, 4.490734
4.544256, 4.479785
4.415087, 4.448435
4.115886, 4.441958
317385e5-a539-463f-863e-4ae0a179614d
5.257789, 4.737628
5.099813, 4.814818
4.742351, 4.777897
49a2e457-d271-4376-bdf9-e91efc4ef35d
4.924394, 6.732573
5.116703, 6.773419
4218ddb2-445d-41df-9a19-594b8d116254
4.876752, 7.598201
5.265006, 7.691934
