main root
7.006927, 4.287317
6.950833, 4.503662
6.917698, 4.715767
6.876710, 4.889482
6.828536, 5.079413
6.773610, 5.270175
6.709786, 5.419956
6.635825, 5.588172
6.569040, 5.735400
6.540185, 5.799012
6.520044, 5.868784
6.446233, 6.071464
6.433277, 6.196402
6.421828, 6.286449
6.412334, 6.325523
6.407115, 6.462481
6.413168, 6.539480
6.413151, 6.596550
6.411634, 6.662785
6.411546, 6.732030
6.409968, 6.796149
6.389813, 6.889151
6.374321, 6.953565
6.370213, 6.989849
6.379554, 7.129091
6.392056, 7.203636
6.386363, 7.276810
6.379735, 7.342730
6.374298, 7.411761
6.366685, 7.451245
6.350303, 7.512495
6.338100, 7.587089
6.329687, 7.629237
6.264954, 7.810698
6.248551, 7.887871
6.231016, 7.948787
6.211261, 8.012013
6.194015, 8.082280
6.176929, 8.120512
6.154590, 8.196180
6.141819, 8.244734
6.116581, 8.319443
6.104865, 8.386869
6.081564, 8.416624
ad7f6872-74b8-4826-acbf-8b357a9f8f63
6.926766, 4.445880
6.803385, 4.480557
6.751105, 4.506814
6.580686, 4.559206
6.552791, 4.548338
6.533969, 4.581867
6.448676, 4.604657
6.408763, 4.616870
6.282834, 4.652976
6.226003, 4.644358
5.975337, 4.688025
5.930405, 4.692196
5.884793, 4.697932
5.677297, 4.708492
5.593464, 4.736721
5.506766, 4.740536
5.414822, 4.749079
5.330451, 4.746357
5.282935, 4.747819
5.068680, 4.758050
4.995346, 4.767546
4.926895, 4.777921
4.861196, 4.786367
4.795322, 4.793330
4.735608, 4.798140
4.696889, 4.799760
4.639257, 4.791686
4.602020, 4.789339
4.541826, 4.786906
4.505609, 4.795875
01e8367d-d08e-4641-b8b0-9bb9bfeb45ee
6.846910, 4.775361
6.792054, 4.774606
6.752607, 4.774054
6.710281, 4.773462
6.670990, 4.769918
6.632081, 4.763404
6.590332, 4.756413
6.559747, 4.754327
6.525914, 4.758020
6.503315, 4.757475
6.400102, 4.744689
6.304932, 4.748155
6.101282, 4.666675
5.915605, 4.717474
5.789995, 4.733432
5.263319, 4.720123
4.779523, 4.773504
1f2b935b-c313-41d9-9b4b-84a677506de7
6.934332, 4.571236
6.822825, 4.586917
6.703914, 4.583547
6.391134, 4.600835
6.019255, 4.716993
5.986592, 4.726125
5.935532, 4.746650
5.763627, 4.783871
5.705864, 4.796379
5.586208, 4.846525
5.514346, 4.879893
5.453898, 4.901364
5.382111, 4.926868
5.306691, 4.960022
5.240025, 4.982788
5.196097, 5.000948
5.151629, 5.033907
5.099457, 5.062153
4.897397, 5.171034
4.842804, 5.207255
4.794269, 5.235866
4.742166, 5.270059
4.690907, 5.310861
4.644072, 5.351973
4.599266, 5.395290
4.556810, 5.428013
4.508792, 5.472584
4.473426, 5.497246
4.424080, 5.535310
4.377706, 5.567305
4.328171, 5.605120
4.281636, 5.636881
4.232696, 5.670287
4.182188, 5.712015
4.145459, 5.734597
4.093019, 5.773869
4.046194, 5.805200
3.994478, 5.850613
3.950503, 5.881264
3.900405, 5.923483
3.855096, 5.961669
3.817870, 5.993046
cee339bc-21e3-4f53-9523-2662ea0731de
6.961377, 4.395076
6.714983, 4.464390
6.656198, 4.478452
6.608888, 4.490271
6.495069, 4.500337
6.436080, 4.505554
6.338652, 4.531021
6.281358, 4.545998
6.212767, 4.558968
6.156958, 4.566484
6.095694, 4.577763
6.037453, 4.588484
5.610025, 4.717792
5.072599, 4.730690
4.667603, 4.783732
35dfc5ea-850a-4e00-9785-fda0b812f0c3
6.901071, 4.983420
6.938086, 5.035233
6.969037, 5.094134
7.046949, 5.223868
7.075025, 5.283310
7.120793, 5.382002
7.143708, 5.413496
7.172754, 5.448294
7.185968, 5.491097
7.200920, 5.519307
7.224734, 5.557847
7.240744, 5.592298
7.257692, 5.628768
7.391845, 5.741264
7.437249, 5.779333
7.474215, 5.818140
7.519173, 5.856660
7.570494, 5.894722
7.609708, 5.931256
7.640266, 5.955635
32e3b1e9-6aae-4f79-a4cf-bfa3ae7138bd
6.725796, 5.165911
6.684677, 5.148683
6.653680, 5.125705
6.638145, 5.113549
6.545878, 5.068423
6.481522, 5.014144
6.440581, 4.981573
6.393884, 4.938683
6.360035, 4.911659
6.327707, 4.889679
6.261219, 4.839674
6.202094, 4.783710
6.137734, 4.731863
5.982139, 4.694651
c5e23bb5-9f34-4064-b19d-a21af87ef8dc
6.775745, 5.209258
6.819338, 5.305631
6.831131, 5.371629
6.886997, 5.589720
6.901578, 5.678615
6.908309, 5.720014
6.914982, 5.761421
6.921597, 5.802840
6.928155, 5.844267
6.938080, 5.888193
6.947267, 5.929118
6.956396, 5.970055
6.969042, 6.013275
6.982694, 6.054603
6.992089, 6.087819
7.100583, 6.349757
7.110910, 6.386425
7.126080, 6.429230
7.132572, 6.465476
7.139660, 6.505061
7.148727, 6.538731
7.159728, 6.579592
7.174395, 6.622567
7.191861, 6.664483
7.212053, 6.705159
7.226858, 6.741714
7.249105, 6.796647
7.273301, 6.852402
7.300263, 6.914535
7.323857, 6.968905
7.353358, 7.025606
7.384621, 7.085695
7.405137, 7.125127
7a902e29-af0f-4744-87d5-25eb53b46be3
6.407926, 5.860793
6.345021, 5.878158
6.209807, 5.896131
6.116103, 5.902813
6.042778, 5.910122
6.005631, 5.915329
5.888247, 5.901785
5.812679, 5.900603
5.712325, 5.869503
5.543148, 5.836911
5.460180, 5.816705
5.388200, 5.799176
5.346005, 5.795063
2c8f0391-81cf-4bcb-a5b5-10eb869bcf06
6.688761, 5.519916
6.683950, 5.584055
6.684341, 5.626779
6.682148, 5.649796
6.674878, 5.669198
6.666311, 5.693743
6.655653, 5.951533
6.649605, 5.989143
6.645569, 6.014218
6.644012, 6.042724
6.644526, 6.088129
6.646519, 6.131924
6.643753, 6.169918
6.643293, 6.217454
5499af6c-27bc-4692-adf8-37ea0375a0cf
6.564582, 5.680697
6.622840, 5.746872
6.652686, 5.775371
6.678031, 5.803973
6.890342, 6.010852
2e7a1bf2-62b7-445f-a861-350248f10ec6
6.718212, 5.079999
6.618187, 5.090473
6.418338, 5.031394
