main root
6.672728, 4.189494
6.641724, 4.388223
6.649797, 4.657080
6.596677, 4.746759
6.573627, 4.967915
6.556901, 5.098916
6.536349, 5.259877
6.508115, 5.399197
6.486608, 5.515948
6.454019, 5.622980
6.409554, 5.734114
6.346685, 5.876068
6.304135, 5.961716
6.286381, 6.007542
6.301338, 6.115107
6.301289, 6.158220
6.295247, 6.205143
6.283739, 6.271068
6.271226, 6.307928
6.246731, 6.380085
6.224106, 6.456038
6.204365, 6.532791
6.181560, 6.585405
6.155923, 6.667131
6.127234, 6.728583
6.118940, 6.798620
da3e675d-a048-4460-a2eb-272aa1b75b22
6.740200, 4.250758
6.818314, 4.265283
6.866913, 4.268230
6.907583, 4.272197
6.953242, 4.281161
7.006607, 4.288589
7.052321, 4.293439
5f146aaa-bd0a-4044-bb48-7aca44fccb31
6.643096, 4.237132
6.486106, 4.319970
6.428502, 4.367012
6.382091, 4.412749
6.315988, 4.440732
6.268847, 4.457438
6.221702, 4.469381
