main root
7.103429, 3.811348
6.848658, 4.264156
6.792533, 4.350999
6.775261, 4.505314
6.755841, 4.621907
6.727796, 4.745108
6.705031, 4.873442
6.690471, 4.991767
6.675993, 5.109415
6.668852, 5.201893
6.665913, 5.294601
6.656631, 5.388195
6.648277, 5.472444
6.643440, 5.551547
6.643048, 5.661968
6.640673, 5.747052
6.644564, 5.830594
6.638744, 5.932971
6.633493, 5.999011
6.629663, 6.066031
6.630626, 6.127826
6.636242, 6.199965
6.644715, 6.270241
6.646162, 6.332256
6.643347, 6.404049
6.635850, 6.489333
6.629300, 6.546748
6.615486, 6.631246
6.608396, 6.693173
6.599744, 6.742433
6.583416, 6.792140
6.570652, 6.859781
6.556034, 6.888811
6.529380, 6.941742
6.502725, 6.994675
6.485964, 7.034614
6.476917, 7.063905
6.470775, 7.093940
6.471729, 7.141558
6.397367, 7.322463
6.371608, 7.369415
6.344327, 7.425394
6.319781, 7.482626
6.270112, 7.521660
6.178500, 7.705285
6.150726, 7.754221
6.141561, 7.788537
6.124158, 7.842044
6.105843, 7.898320
6.085593, 7.950818
6.072637, 7.984374
6.080646, 8.018358
6.067065, 8.097510
6.049174, 8.177526
6.031706, 8.228215
6.011526, 8.275149
6.026610, 8.301434
6.011430, 8.380879
6.006654, 8.429792
6.004723, 8.495790
6.007534, 8.553306
6.018370, 8.621725
6.034102, 8.692356
6.039810, 8.746601
6.045126, 8.797123
6.050441, 8.847648
6.061706, 8.926088
6.064857, 8.990157
6.067248, 9.038781
6.116517, 9.295809
6.127209, 9.352690
6.141189, 9.411998
6.154263, 9.468379
6.174571, 9.529444
6.181025, 9.567831
6.193664, 9.642975
6.201129, 9.714439
6.209811, 9.783141
6.216631, 9.849049
6.223601, 9.916423
6.228059, 9.974040
6.231674, 10.040191
6.235371, 10.107821
6.242683, 10.186731
6.247499, 10.254931
6.247433, 10.296496
6.242866, 10.344914
6.238097, 10.395489
6.230032, 10.449125
6.217447, 10.502622
6.206927, 10.553873
6.194383, 10.600105
6.178860, 10.657304
6.163337, 10.714506
6.149920, 10.775378
6.134883, 10.829689
6.123243, 10.894171
6.107291, 10.965687
6.094387, 11.023536
6.081484, 11.081387
6.067445, 11.137447
6.057856, 11.194226
6.042934, 11.250817
5.967354, 11.528355
5.956236, 11.569191
5.944683, 11.600240
5.929925, 11.639903
5.915170, 11.679572
5.896895, 11.711539
5.878118, 11.756453
5.858583, 11.787669
5.838982, 11.835920
5.819761, 11.867332
5.798666, 11.907552
5.777750, 11.940993
5.755309, 11.976871
5.684952, 12.135398
5.662999, 12.197009
5.648795, 12.236873
5.668401, 12.389671
5.760376, 12.546018
5.897372, 12.640324
6.631921, 12.649309
f2fa1001-0b9b-4714-ab14-9baec299245b
6.068525, 7.823384
6.036419, 7.835267
6.011111, 7.828022
fbff9127-cbb9-4299-b634-0fe5e427a598
7.072313, 4.064714
7.124021, 4.175120
7.141135, 4.188375
7.177851, 4.227592
7.304068, 4.381814
7.323751, 4.426236
83f01e3e-9748-4124-83f4-13a85e62d72d
6.984990, 4.059415
6.895441, 4.103142
6.801261, 4.121184
6.737565, 4.129663
6.673416, 4.152247
6.634234, 4.161281
6.585672, 4.174015
6.538933, 4.176114
6.433791, 4.227069
6.373117, 4.234857
6.340014, 4.236088
6.305497, 4.235874
6.240368, 4.216867
6.203618, 4.204582
6.027655, 4.214791
5.985408, 4.217240
5.937531, 4.226010
5.895904, 4.233635
5.857884, 4.236034
5.805786, 4.240822
5.756554, 4.243843
5.705849, 4.246954
5.648096, 4.248999
5.612135, 4.250272
c9b11b84-c75a-4841-a7e4-b85fbe3a801d
6.758315, 4.566639
6.659762, 4.569715
6.567367, 4.589993
6.420991, 4.651705
6.354161, 4.673382
6.283804, 4.693057
6.211663, 4.711047
6.177838, 4.717939
6.077660, 4.761481
6.031457, 4.776667
5.979073, 4.790732
5.919727, 4.803841
5.881597, 4.810731
5.801991, 4.810800
5.752688, 4.809348
5.706717, 4.809491
5.663273, 4.817111
5.612021, 4.827619
5.577937, 4.833078
ffa87ff1-e784-4463-be13-1217503d98f7
6.723125, 4.881628
6.776314, 4.971774
6.804119, 5.037194
6.821495, 5.109721
c51c2b12-8a73-4ac1-bebf-270395b7e29e
6.627700, 5.496009
6.565835, 5.516293
6.547544, 5.518694
6.523703, 5.520247
6.401645, 5.575391
6.379215, 5.583952
6.358943, 5.585281
6.326957, 5.585814
6.297207, 5.590738
6.262966, 5.597858
6.231365, 5.602835
6.205082, 5.608428
6.083547, 5.642409
6.056085, 5.645426
6.023746, 5.647472
5.999796, 5.647488
5.986343, 5.658510
5.917064, 5.682366
5.861953, 5.699759
5.825554, 5.708108
5.785415, 5.715779
5.737897, 5.721812
5.694604, 5.728817
5.651577, 5.737296
5.625758, 5.740858
b9c52ef2-4f3b-4a8c-9345-592587868ac6
6.594866, 5.894076
6.571866, 5.902515
6.505872, 5.918759
6.448081, 5.937254
6.409779, 5.949512
6.349868, 5.996429
6.299120, 6.024763
6.242962, 6.050707
6.158542, 6.109376
6.103638, 6.149356
6.051272, 6.180081
6.001980, 6.209003
5.972462, 6.233267
5.835359, 6.304566
5.784114, 6.327829
5.755209, 6.340937
5.729103, 6.359337
5.679992, 6.397600
5.633293, 6.433968
5.586586, 6.470330
5.540396, 6.502482
5.493302, 6.527953
5.440025, 6.560160
5.389364, 6.590771
5.337683, 6.625482
5.297273, 6.652611
5.254590, 6.678964
35f5327a-6f97-43aa-8a25-17833c6f12b9
6.594770, 5.792425
6.538944, 5.983887
6.531421, 6.005141
6.519414, 6.039062
6.510938, 6.063006
6.504284, 6.090771
6.496153, 6.111863
6.479968, 6.145517
6.458820, 6.175682
6.406346, 6.344698
6.336555, 6.469537
6.322549, 6.491510
6.323584, 6.508653
6.307662, 6.567713
6.296690, 6.608415
6.284430, 6.671145
6.272620, 6.739379
6.259848, 6.804388
6.250331, 6.876126
6.244312, 6.910116
7e606e6e-db83-4c6c-be06-40ce39596863
6.552000, 6.765967
6.481818, 6.783052
6.423900, 6.786306
6.372743, 6.787575
6.325061, 6.784753
6.286579, 6.786989
6.265428, 6.783736
6.233733, 6.777362
6.198837, 6.771889
6.175436, 6.766718
6.150333, 6.759655
6.127707, 6.751753
5.960691, 6.742574
5.925397, 6.742156
5.893148, 6.740299
5.854696, 6.742603
5.827216, 6.739752
5.788598, 6.740259
5.770585, 6.733011
5.743077, 6.720330
5.725246, 6.723422
5.635209, 6.705024
5.597657, 6.694235
5.573317, 6.687182
5.426925, 6.691184
0fdd742b-27d0-4cc3-b984-6e758170b9f8
6.564802, 6.858160
6.616831, 6.888098
6.728817, 7.021869
6.762393, 7.055078
6.790986, 7.083359
6.808103, 7.108710
6.837486, 7.119304
6.897909, 7.163754
6.924025, 7.188541
6.958756, 7.223569
6.990292, 7.259625
7.029312, 7.304237
7.054353, 7.337412
7.178094, 7.595448
7.197557, 7.612897
7.214857, 7.634437
7.252821, 7.674413
7.278841, 7.739616
7.303248, 7.788865
7.319500, 7.831936
7.339211, 7.879939
7.353323, 7.910166
115b5677-b44c-45ed-b4f0-24265f689ac1
6.097776, 7.921510
6.054155, 7.930609
5.900192, 7.970593
5.857043, 7.975822
5.800903, 7.979598
5.770674, 7.984619
5.737374, 7.997735
71e17ce4-2e33-4c85-8b23-111e168b1691
6.459100, 7.190202
6.492623, 7.210999
6.534558, 7.244097
6.567847, 7.262783
6.625496, 7.289992
6.664970, 7.320881
6.772410, 7.448850
6.824757, 7.502909
6.906091, 7.535237
6.969993, 7.565469
7.070264, 7.623449
dfe6da3f-49b4-4921-8368-abce88f968e6
6.624924, 6.520155
6.670255, 6.541380
6.724463, 6.571917
6.768435, 6.582947
6.806406, 6.604968
6.893823, 6.668162
6.922327, 6.676817
6.985864, 6.696111
7.049401, 6.715404
7.107751, 6.735320
7.158037, 6.755648
3afedfb8-7088-4565-899f-fa1293aa8ae2
6.592586, 6.175716
6.558399, 6.189716
6.523154, 6.197466
6.483653, 6.206153
6.410779, 6.219914
6.247480, 6.257654
6.219564, 6.263279
6.178182, 6.271619
6.137970, 6.278194
6.092397, 6.282614
6.032645, 6.286904
6f1f1786-5a2c-4cff-a641-cfef22e9cffe
6.666555, 5.227248
6.577925, 5.255659
6.517804, 5.270665
6.480943, 5.275909
6.456244, 5.276402
6.418967, 5.274153
6.347570, 5.266436
6.227606, 5.287310
6.114935, 5.317456
6.071924, 5.332063
6.035715, 5.341197
6.007100, 5.345329
5.969831, 5.347685
5.928982, 5.348768
5.878196, 5.350114
5.828073, 5.352940
e9562dc6-2c5d-47ad-823c-7fb4a47e0480
6.984032, 3.966929
6.950162, 3.951977
6.926471, 3.936044
6.904974, 3.932830
6.875234, 3.925358
6.842548, 3.918753
6.819341, 3.912601
6.732441, 3.895524
6.676152, 3.889944
6.633796, 3.891761
6.591499, 3.893575
6.533720, 3.894556
6.484400, 3.893896
6.432089, 3.894693
6.363533, 3.898731
6.313528, 3.903175
6.256602, 3.908235
ad316a77-7c7f-4184-8465-880bf9d2e4d4
6.669615, 4.944146
6.614293, 4.952602
6.541060, 4.963795
6.501729, 4.974348
6.345351, 5.021001
6.288746, 5.032131
6.174726, 5.028719
6.122006, 5.029245
6.094491, 5.029521
220eabfe-6b95-46e0-b11a-0c5da6047fcb
6.815217, 4.148611
6.582638, 4.088515
6.521004, 4.069292
6.482516, 4.055719
6.446461, 4.039831
6.395991, 4.022497
6.336034, 4.003488
6.305769, 3.993893
6.232442, 3.995283
6.142150, 4.020869
6.069901, 4.039186
6.005557, 4.048667
0cdd692a-9806-4962-87d6-133a2d1d9865
6.733141, 4.500349
6.657591, 4.441795
6.631167, 4.412052
6.611838, 4.388420
6.599719, 4.364146
6.590716, 4.342204
6.575456, 4.330926
6.536174, 4.290608
84a9c05a-7dd5-41dc-955c-23f6f401c433
6.656794, 4.663866
6.497397, 4.776482
6.454795, 4.800273
6.435504, 4.802471
6.430999, 4.820138
6.380846, 4.891807
6.301524, 5.065236
6.266649, 5.124727
6.231533, 5.167446
6.210011, 5.186283
6.208953, 5.200028
6.192387, 5.226153
6.167968, 5.278310
6.155736, 5.298104
27baf4c6-1504-4f1b-aeed-919d54dea672
6.159860, 7.799948
6.187702, 7.823076
6.232127, 7.866121
6.308302, 7.909397
559ac34e-e9fe-4412-826a-3a903bcabbff
6.015347, 8.227481
6.104582, 8.263555
6.179038, 8.290425
6.244590, 8.310901
6.286282, 8.333919
2e2b0256-bb8d-4d48-9208-dac243faeac9
5.968982, 8.353248
5.892891, 8.381621
5.846547, 8.382804
5.796996, 8.373560
8bbee297-8e43-4f55-8610-99706060ebe1
5.934106, 8.544114
5.902678, 8.566855
5.857718, 8.591997
5.792942, 8.623077
5.712771, 8.654643
5.649744, 8.679459
5.589533, 8.701558
d9860737-a5cb-4ec9-9010-78efa605281b
5.960551, 8.503885
6.068754, 8.657034
6.093935, 8.688896
6.107037, 8.708513
6.119294, 8.713758
6.129336, 8.724180
6.158906, 8.748236
6.181586, 8.768473
6.200162, 8.786903
6.212001, 8.804818
6.228406, 8.832157
6.251818, 8.862235
6.270290, 8.888220
6.291790, 8.915690
6.314532, 8.942140
6.334249, 8.967195
6.352214, 8.987425
ca5e5812-8e3e-4fca-bc43-fc2556d1134d
5.957262, 8.712090
5.940165, 8.719009
5.918273, 8.724643
5.895827, 8.727326
dec615e9-cbdb-429c-98ac-dabc11c24602
6.039962, 9.059374
6.105252, 9.073946
6.190317, 9.083731
6.235365, 9.091926
f0785f4f-9192-4046-8cb6-79e8e8439823
5.966012, 8.828212
5.896827, 8.865990
5.824442, 8.898326
5.769153, 8.921386
5.718018, 8.939469
8b5a44a3-c8ce-43e5-b9f5-e206b4fe9c45
6.009014, 9.225339
5.966927, 9.256791
5.906210, 9.300298
5.844289, 9.344667
5.785283, 9.376597
5.753032, 9.395752
1444d9bb-14d8-4d54-971c-fc2f4ad2dbbf
6.175472, 10.109310
6.111008, 10.131292
6.083233, 10.147089
96c10720-aa51-4c29-b89d-166e5e4faf12
6.193830, 10.483902
6.251163, 10.501901
4cb62d41-5d10-43f3-9cd3-c7cb9571777e
6.098435, 10.801195
6.077266, 10.801804
