main root
6.978930, 4.695525
7.022444, 4.917084
7.024776, 5.066741
7.038847, 5.208745
7.045496, 5.368286
7.054985, 5.495114
7.049663, 5.620972
7.050556, 5.748923
7.040829, 5.866671
7.023525, 6.000095
7.010168, 6.150087
6.995613, 6.274853
6.978607, 6.402546
6.960723, 6.536821
6.941292, 6.688575
6.927901, 6.809751
6.910984, 6.943821
6.902056, 7.075543
6.891390, 7.201848
6.880726, 7.302991
6.880181, 7.368677
6.883036, 7.433862
6.880530, 7.570638
6.885267, 7.747585
6.873087, 7.931399
6.840774, 8.027507
6.803927, 8.086786
6.804252, 8.253831
6.798127, 8.303798
6.777533, 8.386576
6.748050, 8.462128
6.717492, 8.534726
6.688225, 8.577526
6.632630, 8.644133
6.591762, 8.709277
6.552809, 8.767389
6.528387, 8.817897
6.472853, 8.922571
6.447566, 8.983013
6.427910, 9.045515
6.411932, 9.076375
6.388535, 9.141103
6.368032, 9.171411
6.339643, 9.245435
6.318426, 9.300760
6.297209, 9.356087
6.277716, 9.415280
6.257277, 9.467785
6.244302, 9.542386
6.231815, 9.579256
6.229293, 9.614699
09fe56eb-d586-4ffe-8adc-e4cef3b16266
7.029750, 4.932751
7.110509, 4.943274
7.155429, 4.952145
7.206692, 4.970527
7.281921, 4.993837
7.312706, 5.003021
7.395553, 5.026268
7.514875, 5.025806
7.567199, 5.031738
7.602210, 5.026818
7.635171, 5.025358
7.779534, 5.000426
7.837227, 4.990313
7.868621, 4.984658
23733022-bbe4-41e0-a1e4-3018ce689bde
6.940188, 4.783789
6.870386, 4.892454
6.782168, 4.958047
6.726389, 4.988415
6.599557, 5.012062
6.563953, 5.019737
6.511528, 5.026444
6.352109, 5.063631
6.282805, 5.084411
6.227018, 5.096453
6.192540, 5.108490
fd9972d5-80f2-4a6f-8d69-385a0dc86b5c
7.001854, 5.265031
6.976570, 5.276736
6.887128, 5.320470
6.842102, 5.340179
6.721755, 5.379045
6.660211, 5.394199
6.609655, 5.411268
6.570614, 5.426026
6e4f7f1a-200c-4e66-b894-c5ccccfd6335
6.889688, 7.737446
6.965724, 7.756926
def16180-3505-45fc-bb0a-8ac0a3a6bbfb
6.853612, 7.405712
6.768768, 7.429085
6.713008, 7.453134
6.641478, 7.487243
6.593007, 7.512015
263e1c99-3ce0-4873-a7d2-00ccc55d822f
6.868266, 7.230780
6.756760, 7.267473
6.631250, 7.329055
