main root
7.190477, 4.423025
7.202724, 4.626912
7.236511, 4.936432
7.245840, 5.190972
7.261870, 5.364175
7.263610, 5.529722
7.269544, 5.712657
7.282276, 5.930915
7.308199, 6.082656
7.294214, 6.231981
7.316390, 6.366723
7.314570, 6.525513
7.316722, 6.702692
7.325837, 6.909648
7.337191, 7.112286
7.342626, 7.280036
7.340465, 7.403501
7.326804, 7.478607
7.300381, 7.573795
7.249552, 7.687884
7.173534, 7.843185
7.125312, 7.952477
7.094437, 8.043402
7.070393, 8.140533
7.050113, 8.231208
7.033751, 8.313871
7.015943, 8.365293
7.009345, 8.425216
3f614492-4130-4174-a3af-c86438421dd3
7.219081, 4.677799
7.341256, 4.773069
7.379680, 4.796417
7.396935, 4.810947
7.418506, 4.812295
7.460712, 4.814920
7.499735, 4.820347
7.528260, 4.821301
7.601391, 4.817710
7.666908, 4.828690
7.709583, 4.843229
98ea3099-4de2-4fdd-aa1b-52a8ef58a990
7.124832, 4.671485
7.043709, 4.712205
6.955776, 4.754772
6.908292, 4.780659
6.842589, 4.813069
6.770175, 4.858804
6.679235, 4.908732
6.635377, 4.936225
6.588199, 4.958342
