main root
7.079787, 4.309141
7.071169, 4.573168
7.056174, 4.752754
7.086361, 4.881819
7.100993, 5.069469
7.091249, 5.310998
7.094601, 5.494686
7.108686, 5.688174
7.097753, 5.901009
7.084018, 6.127178
7.089229, 6.241556
7.103585, 6.380440
7.110331, 6.445709
7.106685, 6.501325
f750a167-994f-4661-b2da-209406a1ac86
7.058555, 4.586750
6.943162, 4.595296
6.888228, 4.609896
6.790041, 4.635993
6.736346, 4.654618
6.686047, 4.665728
862b71ff-5a98-40bf-92d3-696ac0cd1800
7.023903, 4.773073
6.995045, 4.822333
6.929109, 4.884515
6.891219, 4.926777
e0410191-e5f0-4f66-a74c-59a964c32f79
7.083980, 4.454473
7.348733, 4.332352
63d59471-09fe-43e7-8db3-8f5333221ce8
7.139997, 4.597506
7.251708, 4.630845
7.340800, 4.655444
7332ccdb-d2af-4d8d-b94d-325326be365e
7.116014, 4.948586
7.208900, 4.959762
bf10ff7c-3921-4a01-8a00-e8129918eed7
7.185156, 4.799544
7.104478, 4.794806
