main root
5.810356, 9.756340
5.766489, 9.589171
5.760895, 9.389310
5.777823, 9.182090
5.817968, 9.005290
5.928187, 8.687287
6.017793, 8.448051
6.153304, 8.129509
6.315927, 7.821372
6.419861, 7.690908
6.539787, 7.593648
6.612315, 7.553018
6.774566, 7.540880
6.919654, 7.650650
6.981067, 7.884629
6.963062, 8.027355
6.890912, 8.221064
6.796310, 8.404233
6.704220, 8.562262
6.604615, 8.726276
6.554364, 8.805600
6.501603, 8.892368
6.450664, 8.980212
6.397829, 9.067107
6.334534, 9.167146
6.255801, 9.280883
6.198165, 9.386382
6.142422, 9.501552
6.074504, 9.631417
6.005972, 9.739843
5.962726, 9.871043
5.904983, 10.008481
5.868870, 10.220988
5.825626, 10.392879
5.805911, 10.514248
5.784326, 10.633997
5.767391, 10.751731
5.756247, 10.843977
5.746094, 10.928032
5.731729, 10.997022
5.729897, 11.035188
5.749571, 11.075431
9e44e896-1438-44cb-b3c3-7c34b7156e2f
5.767465, 9.658627
5.657867, 9.661070
5.603000, 9.648834
5.528132, 9.676751
5.421920, 9.730918
5.317387, 9.812507
5.284016, 9.838553
5.250646, 9.864601
5.216758, 9.894849
5.172907, 9.927973
5.118867, 9.968793
5.057474, 10.018918
5.022830, 10.049135
d8ed1de5-966b-436d-bf93-b60a8926ce44
5.761752, 9.772647
5.702973, 9.772009
5.646583, 9.772996
5.609239, 9.768928
5.570482, 9.761894
5.475058, 9.707435
5.413140, 9.779053
5.288223, 9.865295
7a1fe1ac-2925-43b5-bc89-3f37f682d2b4
5.779958, 9.510686
5.604013, 9.494183
5.531983, 9.492026
5.483607, 9.497032
5.445705, 9.496968
5.417414, 9.500309
5.384895, 9.510119
5.344723, 9.522179
5.302528, 9.537908
5.264880, 9.551880
5.237572, 9.568338
5.201619, 9.589938
5.166659, 9.607383
5.154588, 9.629810
5.089963, 9.676004
5.043101, 9.712660
4.997865, 9.751306
4.970008, 9.781009
35cb9119-4b29-453a-8fd5-32ce094679b9
5.790252, 9.672011
5.877624, 9.626335
5.925771, 9.588319
5.966347, 9.550752
5.967429, 9.491110
5.826371, 9.509927
5.707185, 9.539376
5.620376, 9.535520
5.563130, 9.567257
5.511194, 9.590917
5.458716, 9.615988
