main root
6.561899, 4.497615
6.517604, 4.644461
6.455998, 4.857675
6.414088, 5.032697
6.382054, 5.201337
6.385502, 5.434443
6.391726, 5.541022
6.424158, 5.788462
6.431409, 5.905487
6.454667, 6.105569
6.469433, 6.239381
6.592230, 6.358068
6.650838, 6.394821
6.694828, 6.415295
6.715848, 6.428338
6.738756, 6.446033
6.759736, 6.465973
6.778570, 6.487952
6.797816, 6.514955
6.818141, 6.548564
6.839989, 6.584619
6.861868, 6.620655
6.878680, 6.654039
6.897675, 6.691676
6.908611, 6.726633
6.920572, 6.764990
6.931835, 6.791181
6.948262, 6.821896
6.972126, 6.860251
6.996440, 6.896495
7.011598, 6.929839
7.040091, 6.985280
7.063153, 7.036702
7.087406, 7.090780
7.105103, 7.137557
7.120287, 7.190379
7.136173, 7.240229
7.151599, 7.288632
7.163952, 7.342186
7.180755, 7.395051
7.197511, 7.457652
7.220166, 7.519137
7.238734, 7.573861
7.255057, 7.621968
7.272203, 7.677157
7.281622, 7.707478
9443fda0-03e6-40ba-9a21-92d95ce4af00
6.312584, 5.399503
6.240552, 5.413938
6.202578, 5.416969
6.159019, 5.421947
6.116173, 5.425336
6.086730, 5.432169
6.058806, 5.440185
6.031333, 5.449628
5.998521, 5.465653
5.952189, 5.489948
5.920952, 5.504638
5.898505, 5.513020
5.873826, 5.523840
c6286918-d602-491a-889b-ec64e8b57777
6.458465, 4.564451
6.414184, 4.506396
6.260812, 4.476769
6.152481, 4.452275
6.116859, 4.441131
6.098381, 4.447763
6.038453, 4.443202
5.991007, 4.436590
5.952463, 4.428194
5.927645, 4.422787
5.911227, 4.431377
5.849937, 4.431413
5.791277, 4.425718
5.752410, 4.418937
5.712440, 4.410444
5.674582, 4.399340
5.646494, 4.394221
5.612461, 4.394104
5.573132, 4.390974
5.526600, 4.393278
5.482899, 4.396940
5.453994, 4.396359
5.428599, 4.395848
5.401678, 4.396804
349dec2f-6e15-46de-bf70-88b07d718924
6.488556, 5.009814
6.512069, 5.034949
6.527883, 5.058165
6.552814, 5.099574
6.590279, 5.157805
6.624856, 5.214314
6.645695, 5.245503
6.705133, 5.304174
6.759684, 5.351714
6.817079, 5.395778
6.872901, 5.436747
6.910827, 5.462727
6.967564, 5.488666
7.039078, 5.513132
7.099361, 5.536920
7.152654, 5.565995
7.227605, 5.604524
ca651c03-15fa-4955-99c0-cbf29929c1b0
6.582833, 4.728633
6.641470, 4.781917
6.682300, 4.830510
6.734985, 4.883225
6.793940, 4.937415
6.845613, 4.989204
6.873851, 4.989452
6.925954, 5.043346
6.965691, 5.098516
7.016608, 5.165662
7.064974, 5.236308
7.111175, 5.318684
7.158455, 5.398686
7.204668, 5.468729
7.249456, 5.551891
7.291877, 5.635096
7.328679, 5.711843
7.363600, 5.789464
7.396618, 5.867913
7.429466, 5.945955
7.463750, 6.032833
7.494829, 6.111589
7.523408, 6.201200
7.547286, 6.282899
7.565422, 6.367127
7.579368, 6.451601
7.593500, 6.528012
7.599840, 6.570521
e3ed7725-3a79-4b21-80ef-a4a83524350f
6.517683, 4.822658
6.593735, 4.876780
6.656765, 4.910666
6.717212, 4.940231
6.846147, 4.968799
99edb166-0f64-46de-8f76-cf5b2a320a41
6.497497, 4.957260
6.566804, 4.974696
6.620166, 4.986378
6.689819, 5.001915
6.800369, 5.013084
6.900947, 5.021987
6.961302, 5.076204
7.034296, 5.105314
7.062523, 5.128676
7.099340, 5.155264
7.136123, 5.178134
7.167208, 5.193938
7.222054, 5.220141
7.260166, 5.240007
7.288036, 5.257911
7.331695, 5.291295
7.368270, 5.321146
7.390054, 5.336993
