main root
5.775792, 3.327023
5.979758, 4.216970
6.148111, 4.841631
6.464094, 5.465190
6.617639, 6.080877
6.729550, 6.632796
6.714603, 6.984890
6.768958, 7.274232
6.822066, 7.829147
6.963083, 8.171503
6.878983, 8.399140
a5507892-151e-4110-9793-907a6e51c5a3
5.884585, 3.769458
6.661034, 3.814430
6.864908, 4.010435
7.384345, 4.869745
70545273-4184-4c12-ae46-aacef4be8302
5.962618, 4.169199
5.744839, 4.375718
5.478449, 4.799818
5.250900, 4.992692
4.794220, 5.088883
4.468161, 5.227687
3.753653, 5.581288
8d2e7746-74e1-4c40-89f8-50ded6cee1bc
5.891688, 3.842493
4.875839, 4.324432
3.758257, 4.477756
3.262434, 4.689415
3.034035, 4.693880
cbdf6d70-a489-4808-a8d4-1fe581ca30a1
5.814474, 3.450606
5.462375, 3.568643
5.049854, 3.732994
4.770203, 3.814805
4.252928, 3.981609
00d22c82-4092-4f89-87b8-5458a5c08579
5.874871, 3.850912
4.999567, 4.333522
4.429990, 4.453514
472cedb3-3f3b-4107-aaea-eddc53bdae7c
5.803970, 3.524818
4.927975, 3.972577
4.441771, 4.156099
4.145965, 4.351920
3.297767, 4.618567
f65d810b-fd6c-4e25-a51a-f0a0b3f9df60
5.918976, 3.806427
6.088030, 4.039989
6.636848, 4.360247
6.881342, 4.756884
7.151874, 5.024548
7.439768, 5.417715
12504ff7-402e-45fc-a690-b2350790a49a
5.822580, 3.584438
5.999201, 3.595434
6.701678, 4.135612
7.243729, 4.886938
7.429500, 5.300133
5dc2cbb8-17bb-40f4-aa1f-f9ffa3d0c83f
5.916584, 3.977573
6.432976, 4.154637
6.714912, 4.301373
7.482712, 4.721137
757ad33c-9056-4607-9bba-04e88419cc1a
5.835776, 3.563245
6.322858, 3.773626
6.578575, 3.998425
6.821001, 4.112932
7.173884, 4.728138
7.298133, 5.046359
