main root
6.599806, 3.827669
6.662003, 4.175973
6.684493, 4.352657
6.697105, 4.461961
6.710841, 4.562566
6.718331, 4.664328
6.717375, 4.766591
6.710189, 4.860365
6.696564, 4.955087
6.678171, 5.039268
6.657980, 5.121956
6.635782, 5.204121
6.609477, 5.285591
6.580861, 5.374216
6.552243, 5.462845
6.523624, 5.551477
6.497080, 5.640531
6.470786, 5.721488
6.450942, 5.802724
6.432966, 5.885051
6.419138, 5.967823
6.401663, 6.036084
6.394954, 6.086429
6.387460, 6.165318
6.380252, 6.241170
6.374394, 6.318655
6.364510, 6.389817
6.350533, 6.490446
6.332391, 6.555790
6.312006, 6.629211
6.295788, 6.710002
6.288212, 6.755345
6.278196, 6.804138
6.244516, 6.997282
6.239204, 7.062591
6.239883, 7.128112
6.240496, 7.187373
6.241109, 7.246633
6.253818, 7.317742
6.264246, 7.376082
6.270083, 7.425754
6.270357, 7.479365
6.273668, 7.541606
6.272881, 7.583163
6.269185, 7.620324
6.257954, 7.672747
6.252439, 7.741358
6.242203, 7.793984
6.239200, 7.856457
6.227946, 7.904476
6.170579, 8.104160
6.157139, 8.150955
6.116621, 8.229918
6.088275, 8.278606
6.058464, 8.329816
6.027574, 8.376933
5.995088, 8.426489
5.962605, 8.476045
5.930123, 8.525602
5.895918, 8.566873
5.860083, 8.633569
5.834480, 8.693874
5.809742, 8.744494
5.785101, 8.801736
5.763241, 8.860094
5.740704, 8.911730
5.721641, 8.977860
5.703184, 9.031091
5.687468, 9.094692
5.671069, 9.148595
5.659804, 9.216492
5.647643, 9.271503
5.641686, 9.340067
5.622844, 9.378531
5.581582, 9.579234
5.560332, 9.623132
5.544078, 9.782884
5.506970, 9.985369
5.486086, 10.076000
5.463072, 10.166512
5.455360, 10.230506
5.450566, 10.323025
5.441999, 10.408212
5.434375, 10.484027
5.432109, 10.566398
5.430683, 10.629187
b0305780-f966-411a-ae3e-cae977deae94
6.580619, 3.948435
6.546419, 3.964822
6.529578, 3.974352
6.488339, 3.994249
6.438960, 4.013088
6.392364, 4.029263
6.363292, 4.037771
6.345321, 4.052605
6.196483, 4.133664
6.142909, 4.151134
6.097488, 4.161221
6.044488, 4.177594
5.997929, 4.188843
5.958837, 4.198288
5.920252, 4.218389
5.868912, 4.236808
5.799357, 4.285984
5.760824, 4.305896
5.718123, 4.325908
5.671798, 4.352214
5.627425, 4.382955
5.582515, 4.388881
5.553752, 4.396876
5.503696, 4.415108
5.455917, 4.435697
5.395910, 4.454630
6bcea505-679c-4664-8e46-a3bdfffdbb36
6.619443, 4.201741
6.557880, 4.238291
6.494286, 4.254928
6.468644, 4.263184
6.364483, 4.340154
6.331075, 4.361117
6.295227, 4.383609
6.259378, 4.406099
6.222112, 4.434781
6.197771, 4.447848
6.153016, 4.471876
6.089781, 4.503038
6.028567, 4.554632
5.992061, 4.577570
5.941410, 4.611165
5.905627, 4.629509
5.861072, 4.650670
5.815895, 4.670468
5.780627, 4.690826
5.737916, 4.717207
5.709930, 4.738012
dd2a1603-6ee3-4b6f-b4a8-17da18316be1
6.610571, 4.092028
6.572254, 4.134174
6.535483, 4.185642
6.437335, 4.322259
6.420582, 4.340348
6.416766, 4.359970
6.408367, 4.379638
6.371167, 4.432298
6.343641, 4.475596
6.327958, 4.494685
6.292974, 4.530393
091fcd04-d43e-467e-8671-61b11bb20303
6.276753, 6.646221
6.351987, 6.688628
6.432786, 6.760345
6.490628, 6.794165
6.552294, 6.833689
6.592709, 6.863149
6.631800, 6.905754
39c1c700-8388-4635-bea2-311045e464d3
6.201833, 6.735233
6.168519, 6.757838
6.135243, 6.780399
6.095660, 6.819896
6.061205, 6.847932
6.022234, 6.875784
5.979183, 6.906553
5.937065, 6.927829
