main root
6.399487, 5.149364
6.351148, 5.346550
6.327361, 5.434866
6.315177, 5.535925
6.324443, 5.701633
6.273693, 5.966874
6.251628, 6.115150
6.223311, 6.263508
6.193761, 6.406105
6.169716, 6.501332
6.148883, 6.609760
6.138082, 6.710822
6.115317, 6.818009
6.102508, 6.919050
6.092913, 7.011470
6.080307, 7.112388
6.071933, 7.213570
6.066367, 7.306331
6.062397, 7.407795
6.060542, 7.509323
6.052336, 7.611029
6.054740, 7.712760
6.048689, 7.814848
6.043179, 7.907813
6.037669, 8.000779
6.027538, 8.070512
6.016583, 8.145916
6.014039, 8.205068
6.013626, 8.284312
6.010251, 8.357499
6.009592, 8.436742
6.011927, 8.515955
6.020330, 8.597926
6.028100, 8.673723
6.035870, 8.749521
6.043640, 8.825319
6.051409, 8.901119
6.055894, 8.974247
6.060558, 9.050299
6.071562, 9.131963
6.075004, 9.202343
6.081862, 9.281290
6.088455, 9.357200
6.095540, 9.404205
6.113709, 9.484578
6.134089, 9.561160
6.164673, 9.641165
6.182546, 9.746444
6.203929, 9.827691
6.214423, 9.884189
6.218268, 9.937663
6.225718, 9.999549
6.229832, 10.071285
6.230587, 10.156888
6.237149, 10.222086
6.239806, 10.278373
6.238371, 10.311467
6.256298, 10.504755
6.256229, 10.578699
6.257661, 10.647904
6.259061, 10.715596
6.254528, 10.785913
6.254879, 10.878546
6.253634, 10.944782
6.249423, 11.009451
6.241680, 11.082315
6.233954, 11.174918
6.226953, 11.240796
6.226694, 11.285728
6.230802, 11.351624
6.239776, 11.423425
6.253188, 11.494532
6.262245, 11.558703
6.272895, 11.634152
6.296691, 11.742179
6.316575, 11.804619
6.304653, 11.845466
6.319801, 11.870739
6.327554, 11.915180
6.342659, 11.984339
6.351767, 12.047085
6.359810, 12.116928
6.361374, 12.169756
6.358569, 12.226757
6.351080, 12.287590
6.337853, 12.346041
6.321037, 12.420360
6.299704, 12.487514
6.276632, 12.560142
6.260611, 12.610574
6.253609, 12.652387
6.245939, 12.734438
6.244249, 12.816827
6.245836, 12.885484
6.253182, 12.944234
6.264308, 13.021152
6.272004, 13.084823
6.269399, 13.141490
6.271443, 13.194811
6.317926, 13.283078
6.584113, 13.413973
7.029643, 13.460441
7.694295, 13.464074
7.801622, 13.461055
7.846315, 13.450813
7.918003, 13.446392
7.972240, 13.446048
8.012228, 13.450283
8.077945, 13.458750
8.136751, 13.473871
8.218759, 13.481048
8.302868, 13.486328
8.358333, 13.485310
8.480914, 13.479363
8.543840, 13.469670
8.597391, 13.459909
8.650105, 13.466046
8.703256, 13.489264
8.741054, 13.499104
c8178b40-9ddf-466f-ad00-a9d13b2c815f
6.357249, 5.242724
6.201981, 5.289560
6.180386, 5.296171
6.131998, 5.326642
5.967638, 5.300946
5.768651, 5.385012
5.724604, 5.401993
5.709017, 5.419701
5.651205, 5.458576
5.617425, 5.483095
5.590735, 5.508015
5.555078, 5.543353
5.523479, 5.580992
5.488020, 5.639523
5.465667, 5.667752
4.926293, 5.858903
3d3f3a6b-6e8c-4526-9c07-ccdf7a32ba72
6.300680, 5.597088
6.178895, 5.592513
6.153516, 5.591557
6.108126, 5.592841
6.038054, 5.591946
5.991804, 5.586867
5.941312, 5.581321
5.880746, 5.576175
5.827385, 5.576148
5.801366, 5.574637
5.592889, 5.617539
5.481513, 5.660899
5.294502, 5.684414
5.271865, 5.684281
5.248277, 5.670983
5.221538, 5.665027
5.191948, 5.656646
5.163934, 5.650008
5.130857, 5.643449
5.098248, 5.638255
5.061346, 5.636670
5.037683, 5.627912
5.023988, 5.641000
5.001040, 5.644092
4.962978, 5.644690
4.920692, 5.645352
4.866496, 5.643208
4.827866, 5.640181
4.797822, 5.636327
4.657441, 5.663015
4.600766, 5.660669
4.576409, 5.656644
4.556444, 5.665872
4.521301, 5.675520
4.478381, 5.690408
4.441152, 5.698569
4.391532, 5.709446
4.350397, 5.715398
4.297637, 5.718496
4.246928, 5.721474
4.189172, 5.723366
4.142742, 5.720395
4.088868, 5.719947
4.029604, 5.719454
3.967323, 5.721929
3.905233, 5.727393
3.844835, 5.734209
3.803553, 5.740375
3.745965, 5.751643
3.619289, 5.769893
3.579851, 5.780733
3.538301, 5.793705
3.500208, 5.802402
3.473238, 5.811569
3.445484, 5.827264
3.416737, 5.846893
3.381278, 5.874659
3.348215, 5.900474
3.315117, 5.926243
3.281983, 5.951966
3.248539, 5.979825
3.224720, 5.993823
3.180924, 6.019561
3.132716, 6.044419
3.098905, 6.056801
3.051206, 6.074270
2.997338, 6.090811
2.942667, 6.104466
2.888060, 6.122734
2.821935, 6.148012
2.749897, 6.177153
2.684629, 6.208398
2.631674, 6.237068
2.581758, 6.268135
e0d7370e-92ba-4346-afad-90dd886f91af
6.419843, 5.333363
6.454050, 5.361647
6.479470, 5.378784
6.509951, 5.395722
6.543439, 5.412618
6.572148, 5.422074
6.622286, 5.437013
6.658633, 5.446281
6.821460, 5.506143
6.859072, 5.521566
6.888460, 5.536851
6.923998, 5.557023
6.965095, 5.575187
7.007726, 5.592391
7.041035, 5.599379
7.092824, 5.610243
7.124771, 5.610828
7.180984, 5.614852
7.238501, 5.620468
7.277835, 5.628822
7.327529, 5.639376
7.373082, 5.659761
7.399597, 5.658264
7.506073, 5.675634
7.634284, 5.756029
7.669108, 5.772545
7.697649, 5.787718
7.729515, 5.802945
7.762003, 5.816791
7.791129, 5.830812
7.815539, 5.847568
7.876491, 5.858122
7.975744, 5.878424
8.017216, 5.886906
8.058688, 5.895389
8.114985, 5.908431
8.162678, 5.921017
8.209971, 5.935045
8.281094, 5.957198
8.418597, 5.985525
8.480311, 6.001897
8.517476, 6.006853
8.547546, 6.012121
8.578069, 6.018734
8.608303, 6.026561
8.638201, 6.035589
8.667715, 6.045803
8.692988, 6.059038
8.724094, 6.073355
8.755893, 6.086068
8.777858, 6.096192
8.801705, 6.111851
8.835399, 6.128303
8.862892, 6.143116
8.893830, 6.157799
8.941424, 6.165203
8.958347, 6.186281
9.101381, 6.227884
9.150389, 6.242225
9.198438, 6.250046
9.222163, 6.256939
9.255387, 6.272826
9.284203, 6.283289
9.464304, 6.334575
cca3abfe-0526-47da-95b1-3c95e96d76fc
6.318416, 5.322748
6.066349, 5.344184
6.038931, 5.346516
6.013623, 5.348668
5.695128, 5.372540
5.484286, 5.318282
5.387866, 5.301262
5.320290, 5.285859
5.240069, 5.262190
5.179473, 5.250322
4.989041, 5.283866
4.939385, 5.293497
4.902567, 5.294538
4.860254, 5.295734
4.820849, 5.293852
4.775435, 5.294681
4.736050, 5.292405
4.696951, 5.287147
4.658365, 5.278936
4.627901, 5.275514
4.582526, 5.273429
4.538677, 5.272912
4.497863, 5.270935
4.445558, 5.269898
4.401116, 5.269018
4.307969, 5.270030
4.257453, 5.279709
4.222648, 5.278758
4.200485, 5.275008
4.140352, 5.280473
4.078588, 5.293552
3.915163, 5.325162
3.699132, 5.329071
3.495031, 5.298253
3.463744, 5.297154
fcb0a448-8b4c-4504-86cc-041f00d88c62
6.287863, 5.673917
6.142436, 5.778708
6.110613, 5.797258
6.065029, 5.839772
6.032403, 5.873532
6.001572, 5.908937
5.965255, 5.958905
5.932601, 6.006381
5.884130, 6.059877
5.739718, 6.154530
5.676137, 6.233162
5.518152, 6.366311
5.514559, 6.479147
465acba6-32d8-4d67-bde1-be5953e143d0
6.239325, 6.026923
6.370543, 6.067616
6.400446, 6.078546
6.429949, 6.084642
6.460028, 6.086359
6.494843, 6.086933
6.538954, 6.077096
6.567215, 6.066107
6.583613, 6.080507
6.611767, 6.084406
6.638332, 6.086826
6.665254, 6.087776
6.780879, 6.128389
6.810460, 6.134111
6.837052, 6.137816
6.867180, 6.137567
6.879834, 6.129785
6.899508, 6.124716
6.933315, 6.114447
6.954636, 6.112648
6.992415, 6.104942
7.022367, 6.100347
7.054525, 6.096913
7.086808, 6.094958
7.121953, 6.091316
7.143226, 6.093611
7.165182, 6.098991
7.275024, 6.093800
7.343464, 6.092861
7.388748, 6.089247
7.432323, 6.084267
7.480157, 6.081814
7.542185, 6.075636
7.599819, 6.071399
7.665986, 6.068036
7.716721, 6.065458
7.778745, 6.059308
7.840404, 6.050187
7.899034, 6.041513
7.955142, 6.036239
8.000747, 6.030449
25130c28-7f80-4674-a077-3289c597f627
6.142839, 6.391406
6.088520, 6.392353
6.049196, 6.390034
6.024901, 6.385593
6.006821, 6.397134
5.930406, 6.400812
5.861329, 6.405634
5.793093, 6.413398
5.742087, 6.422214
5.674282, 6.443047
5.642072, 6.465469
5.603237, 6.487033
5.559407, 6.509659
5.514910, 6.530944
5.479334, 6.546303
5.456015, 6.556371
5.266443, 6.668834
5.231617, 6.684274
5.194452, 6.697475
5.168699, 6.709796
5.134833, 6.729315
5.097069, 6.754534
5.062702, 6.773882
5.039429, 6.790418
5.004224, 6.819100
4.971414, 6.845832
4.938808, 6.870466
4.906136, 6.898903
4.816617, 6.965357
4.782164, 6.983476
4.717883, 7.008827
4.637965, 7.038115
4.569025, 7.072944
4.515696, 7.095172
4.468693, 7.112696
b43fe5c9-e824-49a0-be30-4f6e68e1b1f9
6.148515, 6.259386
6.119371, 6.263674
6.106524, 6.257462
5.968876, 6.254478
5.852315, 6.294670
5.801299, 6.293790
5.762011, 6.290119
5.719860, 6.286181
5.680967, 6.279540
5.618189, 6.281790
5.473700, 6.261100
5.445169, 6.260038
5.398213, 6.262785
5.365105, 6.261722
5.333772, 6.256224
5.283738, 6.247446
5.226419, 6.241947
5.169530, 6.236489
5.138874, 6.236555
9986fb58-6ed4-40e0-a729-b6af938221fa
6.131158, 6.654159
6.036070, 6.672240
5.996878, 6.676643
5.983319, 6.688273
5.931631, 6.700726
5.921027, 6.716971
5.862949, 6.756433
5.815122, 6.783503
5.771479, 6.806483
5.725894, 6.837252
5.537305, 6.950479
5.459682, 6.970366
5.388842, 6.990657
5.353261, 6.996178
5.321913, 7.008614
5.188506, 7.070816
5.118465, 7.110083
4.757551, 7.202857
047517bb-1f7e-4c27-b0de-43a4c355406e
6.100020, 6.645697
6.062676, 6.617421
6.049070, 6.613874
6.010392, 6.602243
5.958846, 6.583847
5.817769, 6.600856
5.747802, 6.574724
5.623278, 6.523567
5.520619, 6.518992
5.397083, 6.419851
5.367503, 6.407332
5.330675, 6.390120
5.292516, 6.372285
5.240816, 6.346470
5.195370, 6.323778
5.161169, 6.308374
5.138010, 6.297942
4da38c5c-287d-4498-82a3-97d121101442
6.076966, 6.886023
6.022569, 6.876280
5.984952, 6.874319
5.950527, 6.874233
5.916142, 6.875855
5.881879, 6.879180
5.859288, 6.878366
5.496800, 6.908275
5.472661, 6.908977
5.451423, 6.905316
5.417256, 6.901159
5.390139, 6.899582
5.181912, 6.870450
5.139988, 6.864585
5.091306, 6.863821
5.052019, 6.860209
5.011488, 6.854981
4.796074, 6.839336
4de6c6ed-b6b4-4e57-b56a-cdd5537bf4c8
6.041044, 7.202136
5.991284, 7.223271
5.955502, 7.231963
5.942169, 7.246980
5.907726, 7.272245
5.882124, 7.291025
5.867436, 7.313064
5.846234, 7.336780
5.812259, 7.372538
5.781534, 7.400529
5.754934, 7.424763
5.736453, 7.435526
5.588838, 7.528641
5.561603, 7.540510
5.531337, 7.552066
5.506744, 7.563057
5.475074, 7.578848
5.444102, 7.595963
5.415727, 7.613351
5.394070, 7.626623
5.266902, 7.702454
5.212248, 7.727374
5.167063, 7.741396
5.099220, 7.754614
5.000941, 7.780227
4.935399, 7.797308
4.884005, 7.816888
82e131ff-85aa-427e-9ca4-a87a414dc3a3
6.047240, 7.144968
6.004589, 7.131560
5.986065, 7.120966
5.974136, 7.129542
5.954609, 7.130871
5.925757, 7.134342
5.905767, 7.130716
5.709372, 7.162594
5.688014, 7.161511
5.655760, 7.158379
5.622051, 7.155105
5.576650, 7.153703
5.535884, 7.150946
5.494165, 7.149625
5.349425, 7.117524
5.161593, 7.123334
4.863206, 7.101491
d25b99b4-51e5-4683-899a-abd69cec9a8b
5.988627, 7.639393
5.940095, 7.673265
5.807582, 7.693165
5.730966, 7.706184
5.663827, 7.720629
5.602110, 7.739266
5.441635, 7.833201
5.395527, 7.849784
5.308829, 7.883203
5.250775, 7.895958
5.180054, 7.917625
5.090159, 7.942967
5.035152, 7.958474
4.869346, 7.975047
4.813703, 7.982004
4.735493, 7.994800
4.661527, 8.005384
4.566106, 8.012629
4.479941, 8.012932
4.395275, 8.013230
4.313114, 8.019506
4.235761, 8.026917
4.179430, 8.036563
4.149359, 8.040194
81bd4c7f-e849-4f43-bb2d-9e81cb0e9742
6.078177, 8.811481
6.104610, 8.820209
6.125306, 8.834923
6.172208, 8.857205
6.220989, 8.958345
6.329406, 9.033956
6.548792, 9.139167
6.656834, 9.175570
6.695901, 9.191277
6.726183, 9.209280
6.770995, 9.238726
6.814437, 9.270159
6.868961, 9.301501
6.918288, 9.329185
6.959745, 9.358651
7.022877, 9.388121
7.056112, 9.406297
7.095202, 9.433836
7.137603, 9.466660
7.182684, 9.500821
7.218104, 9.530690
7.242922, 9.566756
bfe9e1da-9016-469d-92f2-c001437bf0d5
6.119708, 9.655520
6.063395, 9.680826
6.016303, 9.703627
5.972662, 9.719768
5.920589, 9.747003
5.874937, 9.772569
5.831186, 9.795352
5.799907, 9.809952
5.652970, 9.908179
5.594987, 9.948131
5.529760, 9.980509
5.451311, 10.014821
5.363867, 10.048476
5.273047, 10.074413
5.185095, 10.103908
5.110954, 10.131927
5.037923, 10.162727
4.945487, 10.199415
4.902754, 10.211546
4.627448, 10.307760
4.540789, 10.349870
4.460523, 10.395886
4.371255, 10.444624
4.290756, 10.478935
4.201954, 10.509926
4.104492, 10.539456
4.015348, 10.566467
3.927059, 10.595417
3.831980, 10.631046
3.747649, 10.669385
3.671822, 10.706136
3.596915, 10.744745
3.522980, 10.785187
3.477921, 10.812196
3.434591, 10.831189
93ff2e7a-0b20-45f2-b4de-84d84b0ac052
6.225287, 9.754059
6.277881, 9.746225
6.367693, 9.800456
6.436076, 9.824788
6.482633, 9.861218
6.563230, 9.928576
6.653389, 9.961033
6.726997, 9.985941
6.802969, 10.008489
6.908488, 10.039804
6.974101, 10.065523
7.041172, 10.095028
7.112228, 10.128585
7.167576, 10.158034
7.240036, 10.191596
7.317131, 10.220706
7.380706, 10.251109
7.480955, 10.296706
7.528151, 10.332114
7.616200, 10.398173
7.689633, 10.455895
7.773245, 10.513547
7.844520, 10.552617
7.929396, 10.589548
8.014791, 10.626704
8.100817, 10.661840
8.178812, 10.695936
8.255943, 10.731917
8.332666, 10.767709
8.402965, 10.802824
8.460510, 10.835332
e1307fc1-4b0b-4e8d-bb65-f06b88689d5b
6.094596, 9.059905
6.173282, 9.069810
6.258591, 9.064144
6.469820, 9.049237
6.523742, 9.037970
6.606932, 9.011882
6.702854, 8.986032
6.749344, 8.976077
6.791887, 8.965438
6.835131, 8.951538
6.892515, 8.931520
6.941404, 8.912882
6.987148, 8.898646
7.042751, 8.882910
7.091603, 8.872195
7.142150, 8.862641
61d83203-ed5b-44ae-81f5-8371056c54e1
6.272828, 10.362569
6.354543, 10.382125
6.488350, 10.457078
6.615266, 10.512396
6.665460, 10.537573
6.755108, 10.565038
6.811575, 10.582368
6.900293, 10.613641
6.961598, 10.639648
7.011165, 10.667891
7.123294, 10.722781
7.174015, 10.757610
7.263512, 10.821631
7.343821, 10.884282
7.412821, 10.948782
7.483392, 11.008990
7.557808, 11.064184
7.626706, 11.112703
7.699286, 11.148598
7.781323, 11.193862
7.862860, 11.238851
7.943600, 11.285802
8.014770, 11.334386
8.062790, 11.364656
8.100815, 11.397473
01cf9714-6411-4548-8317-e23553de374e
6.215695, 5.459344
5.813828, 5.407200
5.594677, 5.394291
5.373608, 5.341364
5.054664, 5.291999
5.006723, 5.280323
4.987246, 5.297049
4.918047, 5.304727
4.843482, 5.306615
4.756936, 5.300510
4.682523, 5.293759
4.613137, 5.281453
4.554093, 5.277062
3.509311, 5.328944
3.464386, 5.330221
3.425115, 5.328323
3.393423, 5.326770
3.364939, 5.328350
3.323365, 5.336653
3.300806, 5.338106
98f8581d-459c-4673-997f-65b2914d6dea
5.988970, 7.649590
5.812367, 7.641167
5.777884, 7.638661
5.738983, 7.632832
5.697233, 7.626577
5.633515, 7.621571
5.544191, 7.615437
5.346699, 7.598215
5.290255, 7.598833
5.250882, 7.596271
5.210227, 7.592124
5.175140, 7.584033
5.125642, 7.572618
5.069686, 7.558178
5.034843, 7.549187
22d2aba7-6a5c-48b7-aaa8-e0bce3b4f88d
6.252783, 10.170588
6.289543, 10.184377
6.321870, 10.189981
6.354450, 10.195627
6.388925, 10.199941
6.407445, 10.208290
6.432392, 10.218052
6.461680, 10.224841
6.493608, 10.226098
6.586526, 10.228422
6.632847, 10.238629
6.710192, 10.272390
6.790401, 10.302864
6.814142, 10.311887
6.836108, 10.310422
6.870766, 10.306497
6.894785, 10.305169
6.926662, 10.304795
6.958525, 10.305806
6.993401, 10.305304
7.019550, 10.306313
7.040388, 10.311499
7.074587, 10.318353
7.094340, 10.326778
7.121762, 10.336725
8053ec0a-6e5c-4b4a-905d-ef3115e33615
6.249739, 11.304189
6.278234, 11.327726
6.322839, 11.353123
6.440362, 11.383675
6.480297, 11.407022
6.552921, 11.453227
6.587960, 11.471029
6.625707, 11.490205
6.660427, 11.497771
6.698232, 11.509074
6.738788, 11.521199
6.799792, 11.541000
6.825837, 11.547880
8167d27d-0561-4947-a994-84446ee65e21
6.227611, 11.520983
6.178678, 11.537892
5.989723, 11.586577
5.967598, 11.595047
5.924861, 11.621026
5.784561, 11.649069
5.723602, 11.668933
5.651177, 11.692531
5.576833, 11.719898
5.500022, 11.757745
5.384286, 11.786943
5.300347, 11.803842
5.220952, 11.825933
5.148574, 11.844517
5.052819, 11.871289
5.002893, 11.883697
4.952094, 11.904299
9c8a9435-9e91-4984-9598-f3b3624bd75e
6.337300, 11.933766
6.374818, 11.933110
6.407210, 11.934225
6.438942, 11.935318
6.465874, 11.934749
6.632316, 11.944103
6.669725, 11.950702
6.714762, 11.955607
6.776980, 11.959373
6.836143, 11.962953
6.896885, 11.965129
6.947652, 11.966948
7.005334, 11.970512
7.067663, 11.971365
7.123264, 11.976412
1648ecc1-8c6a-48ef-a580-2cdb206a2ead
6.294648, 12.308865
6.369954, 12.336924
6.440116, 12.376175
6.498619, 12.396871
6.536620, 12.431157
6.672155, 12.512451
6.738221, 12.532852
6.792123, 12.577661
6.981078, 12.680909
7.007222, 12.710575
7.039650, 12.706047
7.158647, 12.745335
7.259574, 12.789799
7.352563, 12.830766
7.452387, 12.877057
7.512734, 12.902710
032fb630-e389-4d4a-a3d7-6a65f85340f1
6.183924, 12.880155
6.123342, 12.907311
6.090175, 12.927099
6.068362, 12.940113
5.882696, 12.963566
5.690066, 13.033228
0382a452-35f8-4c31-9652-e1523ffbfbaa
6.286500, 12.907433
6.337059, 12.919951
6.399109, 12.921864
6.511094, 12.935122
