main root
6.683301, 4.256718
6.735324, 4.479911
6.760635, 4.590306
6.795896, 4.697211
6.808127, 4.748628
6.818402, 4.900724
6.835774, 5.000993
6.846781, 5.072195
6.801874, 5.139250
6.808780, 5.204153
6.815341, 5.305789
6.813463, 5.408038
6.811130, 5.535019
6.811223, 5.645159
6.802883, 5.763022
6.803542, 5.873631
6.795733, 5.983529
6.787933, 6.093315
6.780132, 6.203098
6.779881, 6.325112
6.788805, 6.453653
6.794313, 6.563541
6.803615, 6.664639
6.801445, 6.780161
6.805983, 6.875361
6.810821, 6.976842
6.816062, 7.086790
6.824676, 7.179144
6.833325, 7.271875
6.841975, 7.364609
6.850624, 7.457343
6.857201, 7.550507
6.867241, 7.633829
6.873027, 7.706871
6.876430, 7.776615
6.874207, 7.843127
6.887339, 7.959026
6.871533, 7.992360
6.897083, 8.009170
6.924973, 8.143775
6.938077, 8.269108
6.951284, 8.395422
6.962375, 8.521688
6.964359, 8.616618
6.959657, 8.695285
6.946223, 8.780994
6.933176, 8.854568
6.927308, 8.921950
77082eec-1ebc-40c0-9cda-2e6db8cc76a6
6.637803, 4.304032
6.558874, 4.331010
6.452726, 4.347537
6.375277, 4.328209
7cceeda3-d161-4951-b793-f5cf3821a4a2
6.682443, 4.392979
6.588513, 4.448733
6.517621, 4.467724
e3ce3505-d8cc-4eb1-b2ae-747e5d7a0a3c
6.755705, 4.533274
6.642944, 4.564665
6.589529, 4.590134
