main root
6.610699, 5.089053
6.518451, 5.155678
6.362766, 5.249969
6.289802, 5.412315
6.286934, 5.567523
6.405033, 5.833533
6.523116, 5.902403
6.548922, 6.021712
6.549953, 6.126457
6.565920, 6.258235
6.582969, 6.379888
6.592783, 6.537218
6.605576, 6.679067
6.613773, 6.838165
6.624714, 6.979168
6.623098, 7.120845
6.613014, 7.262899
6.614516, 7.449851
6.600987, 7.558667
6.580064, 7.682247
6.565327, 7.815348
6.554857, 7.966220
6.532507, 8.101998
6.512295, 8.249742
6.511726, 8.358587
6.530960, 8.497335
6.558251, 8.649801
6.579169, 8.801173
6.582531, 8.902328
6.572298, 9.037745
6.574857, 9.116165
6.571871, 9.178837
6.611992, 9.263433
6.622011, 9.393520
6.633878, 9.520256
6.656086, 9.685979
6.683714, 9.843909
6.706785, 9.984472
6.730632, 10.146092
6.741301, 10.247377
6.754604, 10.373674
6.761257, 10.515974
6.765079, 10.642660
6.769163, 10.778058
6.775448, 10.921097
6.779629, 11.016254
6.788008, 11.070609
fdbc57f7-e319-4918-8a7c-1d0dbf41a395
6.390462, 5.149931
6.262804, 5.172758
6.182894, 5.179737
6.064092, 5.216963
5.981212, 5.245772
5.877541, 5.281808
5.774863, 5.321980
5.673078, 5.364074
5.581824, 5.408677
5.481546, 5.436502
5.421757, 5.450901
5.293194, 5.511188
5.209919, 5.571264
5.138600, 5.607066
5.038433, 5.652614
4.936590, 5.694275
4.835471, 5.737928
4.744009, 5.782019
4.647466, 5.835607
4.543826, 5.893133
4.433568, 5.956735
4.329984, 6.014050
4.238900, 6.059615
4.144052, 6.116526
4.037698, 6.187686
3.941249, 6.257296
3.854390, 6.325203
3.766418, 6.391294
3.672777, 6.464284
3.576960, 6.533620
3.488987, 6.599892
3.394312, 6.671212
3.310086, 6.742609
3.217198, 6.815815
3.118164, 6.905676
3.022804, 6.995032
2.912639, 7.101080
2.801878, 7.193097
2.708986, 7.271170
2.673181, 7.336819
2.618786, 7.392826
2.549496, 7.479352
2.456438, 7.591321
2.370266, 7.699549
2.299391, 7.798712
2.206794, 7.932425
2.116652, 8.060184
2.049377, 8.173702
1.987219, 8.274451
1.933871, 8.360918
1.886883, 8.441083
1.844070, 8.514124
1.798910, 8.595329
1.771095, 8.649613
1.742436, 8.692417
576e45ec-cac2-4248-9cef-dce3d5e9d462
6.463442, 5.948691
6.405045, 6.041374
6.391756, 6.105370
6.326645, 6.257449
6.314581, 6.289871
6.302200, 6.305978
6.285123, 6.325450
6.283094, 6.341513
6.264736, 6.374901
6.244987, 6.413923
6.229991, 6.440240
6.219093, 6.468433
6.214220, 6.501802
6.214344, 6.532028
6.218965, 6.564017
6.231314, 6.618099
6.225856, 6.658973
79c3b081-f6fd-48b7-a2fe-daafcf4b2854
6.558903, 6.168010
6.487529, 6.195771
6.454221, 6.153716
6.406289, 6.133916
6.306419, 6.158275
6.253799, 6.158878
6.212961, 6.157848
6.173722, 6.153864
6.131362, 6.155582
6.070705, 6.159539
5.998933, 6.168720
5.954527, 6.169873
5.903741, 6.171193
5.847412, 6.169662
5.801820, 6.165428
5.747693, 6.155892
5.697668, 6.147079
5.659464, 6.146427
5.614688, 6.150155
5.571580, 6.157905
5.509625, 6.173606
5.471724, 6.181667
5.404034, 6.177043
5.354949, 6.172190
5.316567, 6.166889
5.289719, 6.164691
5.259562, 6.166728
5.231436, 6.171629
ff71cfa5-30ce-4690-bebd-4bc0379a80f9
6.603959, 6.712781
6.507341, 6.759335
6.408712, 6.811375
6.345690, 6.840821
6.305585, 6.857787
6.234874, 6.882030
6.165607, 6.901032
6.096338, 6.913820
6.041904, 6.926908
5.963420, 6.951933
5.890847, 6.975068
5.870712, 6.997388
5.808133, 7.022525
5.686525, 7.076162
5.580282, 7.123537
5.483757, 7.157314
5.395854, 7.188075
5.293903, 7.230476
5.223131, 7.248609
5.126517, 7.279916
5.071010, 7.293183
5.009596, 7.309314
77dc5754-71ef-41d7-9e46-e253246dd558
6.541895, 7.172314
6.474549, 7.172223
6.401082, 7.176164
6.343921, 7.179520
6.302501, 7.181952
6.246151, 7.182262
6.185399, 7.184093
6.117696, 7.186133
6.044433, 7.185346
5.985170, 7.184709
5.930442, 7.179630
5.876599, 7.177640
5.824280, 7.177204
5.764090, 7.169219
5.695262, 7.161599
5.632896, 7.150176
5.592555, 7.142788
5.494993, 7.098940
5.425473, 7.080195
5.388280, 7.067067
5.348370, 7.052980
5.322247, 7.040588
5.284007, 7.022449
5.245767, 7.004312
5.215503, 6.983332
5.197057, 6.966900
5.176264, 6.965060
5.136594, 6.944208
dd29d561-2856-465e-98af-094e0b3aca56
6.502078, 7.681398
6.440282, 7.681751
6.365494, 7.687264
6.283620, 7.694050
6.210471, 7.686689
6.163414, 7.680450
6.131104, 7.673146
6.101925, 7.665015
6.037032, 7.621559
6.010147, 7.607784
5.987613, 7.596178
5.947195, 7.597724
5.911323, 7.594603
5.860712, 7.590201
5.800045, 7.586426
5.726092, 7.587823
5.651374, 7.587739
5.609921, 7.584698
5.571414, 7.580372
5.549481, 7.574896
e6cd016c-dad1-4cfb-84fa-d048c5300db1
6.650567, 7.366000
6.735681, 7.428324
6.763613, 7.480135
6.788190, 7.431168
6.852248, 7.391690
6.949279, 7.397928
7.061973, 7.393744
7.101010, 7.395349
7.149207, 7.391338
7.226866, 7.408447
7.269639, 7.414865
7.317987, 7.416066
7.358445, 7.418567
7.409150, 7.421702
7.466715, 7.426762
7.520563, 7.428489
7.578257, 7.431838
7.644293, 7.437170
7.691705, 7.444001
7.750368, 7.452454
7.805639, 7.463442
7.863769, 7.474999
7.916302, 7.488496
7.955710, 7.501710
2e627f37-6790-4ef2-8721-d553119eb153
6.469282, 5.214934
6.391032, 5.356524
6.197570, 5.380626
6.135376, 5.380694
6.107859, 5.380724
6.066069, 5.408470
6.034243, 5.422411
6.018399, 5.451904
bbf38a4f-ff2d-42a2-a1cf-2d16ac216845
6.430433, 8.199966
6.349321, 8.242300
6.322443, 8.252953
6.283639, 8.263500
6.236723, 8.273152
6.182169, 8.279791
6.129131, 8.289262
6.052909, 8.304391
5.982940, 8.322858
5.916381, 8.341972
5.852304, 8.358817
5.784656, 8.379695
5.713819, 8.398425
5.655459, 8.415403
5.590423, 8.434324
5.508525, 8.461395
68dca2a7-d169-4dae-869d-66b6cfdd9244
6.206299, 5.606748
6.161196, 5.662623
6.144244, 5.677214
6.137113, 5.702641
6.094144, 5.778082
6.063036, 5.820215
6.060509, 5.850841
6.017588, 5.915947
5.974793, 5.975424
5.949044, 6.003523
5.914815, 6.043089
5.881275, 6.077284
5.839710, 6.113248
5.692606, 6.274559
5.638322, 6.335114
5.579872, 6.378029
5.535021, 6.432300
5.510623, 6.477524
5.488522, 6.522604
5.448960, 6.580665
5.391231, 6.630466
5.333256, 6.655942
5.288111, 6.677914
5.246620, 6.693622
5.195175, 6.724788
5.155297, 6.744232
5.111059, 6.767974
5.067778, 6.793420
4.999251, 6.821410
4.968147, 6.829758
4.922315, 6.840982
4.876245, 6.851193
4.827688, 6.863958
4.783305, 6.877644
4.712066, 6.887663
4.678963, 6.894292
dbfd4d21-074c-46c2-9555-81d913123c22
6.442606, 5.123136
6.298533, 5.020669
6.185241, 4.974403
6.097164, 4.927526
