main root
7.503622, 4.262564
7.426026, 4.343291
7.319671, 4.429517
7.273629, 4.506833
7.199365, 4.648429
7.143652, 4.767775
7.121350, 4.849865
7.087520, 5.013940
7.054831, 5.162289
7.057743, 5.242226
7.047498, 5.365392
7.043937, 5.484557
7.045892, 5.574445
7.045989, 5.676148
7.048201, 5.777670
7.046187, 5.879494
7.044346, 5.972611
7.040397, 6.065917
7.040997, 6.149833
7.035511, 6.220083
7.038984, 6.290932
7.050984, 6.352315
7.069116, 6.429460
7.079352, 6.499176
7.096974, 6.590242
7.118468, 6.669798
7.142014, 6.745472
7.164022, 6.816210
7.173530, 6.876999
7.185304, 6.952286
7.210757, 7.037553
7.220251, 7.104422
7.235025, 7.169626
7.241112, 7.237141
7.267461, 7.351316
7.273024, 7.395386
7.252661, 7.473202
7.216312, 7.538255
7.155275, 7.610520
7.129160, 7.684277
7.098074, 7.772072
7.076288, 7.851543
7.060335, 7.932385
7.047941, 8.010657
7.033536, 8.082492
7.023661, 8.162174
7.022097, 8.247809
7.014829, 8.317899
7.011873, 8.428468
7.004011, 8.498491
6.994190, 8.572556
6.985048, 8.673678
6.983612, 8.756067
6.976401, 8.826163
6.972671, 8.882994
6.962162, 8.930476
166fb15f-aab3-403a-a18b-2f43c0e83141
7.195553, 4.745455
7.245271, 4.799209
7.277129, 4.840390
7.296870, 4.861016
7.322896, 4.879552
7.347760, 4.893586
7.374980, 4.917359
7.411061, 4.944885
7.436284, 4.971658
7.456714, 4.997723
7.475621, 5.006164
