main root
6.936161, 4.037062
6.862732, 4.309887
6.755873, 4.447117
6.665914, 4.535587
6.622057, 4.601326
6.537795, 4.729024
6.475706, 4.834594
6.426177, 4.931292
6.387533, 5.025302
6.356192, 5.112610
6.324726, 5.200269
6.297379, 5.288903
6.267840, 5.377503
6.256833, 5.436752
6.248264, 5.528929
6.241761, 5.621624
6.233735, 5.706366
6.227858, 5.790425
6.224050, 5.874604
6.218133, 5.959516
6.208956, 6.060801
6.203419, 6.144891
6.190396, 6.246084
6.188033, 6.329441
6.183284, 6.422715
6.174795, 6.507901
6.159191, 6.573894
6.146804, 6.639292
6.139983, 6.748969
6.138054, 6.828192
6.136200, 6.904367
6.131424, 6.977476
6.120874, 7.047146
6.109779, 7.120393
6.105608, 7.187899
6.106515, 7.270296
6.110378, 7.349449
6.110957, 7.422713
6.111558, 7.498908
6.106126, 7.569163
6.103004, 7.648348
6.111495, 7.736922
6.108768, 7.802586
6.108684, 7.855308
6.094246, 8.094360
6.105604, 8.179398
6.106162, 8.240109
6.114338, 8.315256
6.113185, 8.373857
6.122123, 8.452259
6.121511, 8.512970
6.131198, 8.591286
6.127598, 8.700277
6.121022, 8.763339
6.115327, 8.832352
6.108389, 8.898243
6.107955, 8.973833
6.103101, 9.037051
6.099294, 9.106195
6.094157, 9.172251
6.093033, 9.244606
6.087560, 9.307773
6.085797, 9.380114
6.076848, 9.440166
6.068124, 9.508862
6.069005, 9.561323
6.072582, 9.596011
1641f8e3-4cb0-41bf-ba3c-ee6951ca1a8b
6.913034, 4.364567
6.941460, 4.428504
6.965804, 4.461800
6.990336, 4.500447
7.042250, 4.542654
7.144339, 4.584096
7.207133, 4.614431
7.263362, 4.641318
7.358328, 4.683619
7.557548, 4.779095
7.633152, 4.804665
7.689833, 4.831735
7.756594, 4.865277
7.848255, 4.908962
7.907656, 4.933957
7.962076, 4.959394
ef0d26cc-f29b-42ae-9d0e-89bef8ee321c
6.976263, 4.223290
7.059158, 4.272839
7.150625, 4.299398
7.232527, 4.331942
7.303342, 4.360081
7.376101, 4.387381
7.459308, 4.425378
7.515029, 4.454114
7.563537, 4.484182
7.666277, 4.521184
7.759532, 4.581276
7.811168, 4.625233
7.871179, 4.668463
7.973461, 4.709598
8.024603, 4.738232
8.112292, 4.789752
8.168642, 4.824596
8.216230, 4.848743
8.273479, 4.869399
8.314180, 4.893312
f5f1464a-71e5-44d7-a976-3cea86f3bfc4
6.980511, 4.222734
7.077699, 4.358327
7.108195, 4.389221
7.137976, 4.412795
7.166202, 4.433051
7.195353, 4.451954
7.210649, 4.467056
7.232264, 4.490300
7.261327, 4.514753
7.284720, 4.536205
7.319863, 4.558089
7.330010, 4.574080
7.371943, 4.617324
7.407950, 4.652307
7.523987, 4.764781
c20cd186-ab4e-4301-ad8e-a6bc73a0010a
6.553306, 4.713813
6.599948, 4.738765
6.627880, 4.771229
6.758860, 4.843591
6.804782, 4.879221
6.854193, 4.919751
6.935744, 4.956104
6.987856, 4.982611
7.034770, 5.009831
819f348a-7477-4ae5-8fb4-82cb94820912
6.922802, 4.152898
6.768757, 4.226825
6.698677, 4.278603
6.658458, 4.306374
6.617370, 4.332843
6.575455, 4.357984
6.533785, 4.377664
6.490373, 4.393125
6.465579, 4.403472
6.426085, 4.424745
6.381119, 4.450588
6.340950, 4.478774
6.242619, 4.489376
6.201846, 4.483168
6.182689, 4.508699
6.061669, 4.510921
5.951592, 4.517174
5.874103, 4.523076
5.829201, 4.524415
6af28563-4525-4df5-9e97-ce6cd8e4911a
6.680198, 4.428972
6.615385, 4.398185
6.560220, 4.385077
6.517248, 4.394763
6.416697, 4.386264
6.338834, 4.386016
6.281954, 4.381346
6.250339, 4.393352
6.202794, 4.397724
939d124e-5fc0-431a-9937-a34290cecfa0
6.254140, 6.068423
6.274778, 6.079036
6.337674, 6.106525
192a6462-6dda-43a0-a278-c29615353905
6.194873, 6.559489
6.238226, 6.581170
6.298430, 6.610014
6.342860, 6.621344
d4b639b6-84fe-4916-a994-8cdab8e6092a
6.144561, 6.583542
6.105604, 6.593303
6.076191, 6.607719
6.039393, 6.627423
bf3084d4-b9aa-44cf-a867-9afe2565e629
6.244229, 5.475816
6.211699, 5.471010
6.154374, 5.459514
6.094267, 5.450708
74232d28-407d-4b0e-ab38-0274eaa70d74
6.343265, 5.217522
6.391457, 5.265258
6.425386, 5.288329
6.495620, 5.334094
6.530919, 5.355724
c505ec7a-7155-49e1-b50d-98ef71f3515a
6.464432, 4.815418
6.413670, 4.828645
6.364739, 4.824216
6.340586, 4.819024
6.315462, 4.812093
6.290976, 4.805337
dd4e71d8-5170-482e-90a4-1c9b5949c476
6.727480, 4.389737
6.555357, 4.286437
6.493007, 4.264534
6.456167, 4.250281
6.390472, 4.229531
6.345766, 4.220633
6.306010, 4.211195
6.273317, 4.204971
b0c58e66-9193-4392-a77d-b0e4a38eb6f4
7.064098, 4.182317
7.151553, 4.255170
7.482299, 4.453112
7.596480, 4.522745
