main root
7.004515, 5.524880
6.764037, 5.551165
6.654051, 5.572265
6.532591, 5.614804
6.412530, 5.656211
6.331780, 5.690723
6.276009, 5.716854
6.200881, 5.795229
6.155331, 5.885182
6.135301, 5.948148
6.119718, 6.025047
6.113438, 6.098399
6.114550, 6.159390
6.133038, 6.250309
6.142463, 6.360375
6.156081, 6.469793
6.165526, 6.562711
6.170048, 6.648209
6.183318, 6.739820
6.190525, 6.833595
6.206723, 6.933939
6.216384, 7.059659
6.226941, 7.142918
6.236600, 7.235809
6.249203, 7.336565
6.268080, 7.436357
6.296425, 7.552143
6.336435, 7.692379
6.347827, 7.785473
6.358077, 7.886656
6.364125, 7.988324
6.377006, 8.097984
6.386766, 8.199209
6.402812, 8.299498
6.425091, 8.398580
6.451475, 8.496631
6.475673, 8.586561
6.506331, 8.692355
6.539325, 8.806207
6.572008, 8.911386
6.609247, 9.024115
6.642314, 9.137666
6.671040, 9.243882
6.704069, 9.357925
6.728312, 9.456841
6.750483, 9.547304
6.766813, 9.620214
6.779890, 9.692305
6.785281, 9.745587
d1b80e88-bed6-4952-a4c7-b375d2476fb3
6.101238, 6.333026
6.058436, 6.349055
6.005751, 6.368284
5.957376, 6.376883
