main root
7.733276, 4.428481
7.703383, 4.750784
7.692891, 4.950497
7.684489, 5.070545
7.656610, 5.169489
7.628825, 5.298980
7.606174, 5.424557
7.590782, 5.533732
7.575416, 5.642718
7.553602, 5.767358
7.551334, 5.865571
7.561729, 5.954308
7.571890, 6.100045
7.559686, 6.192172
7.537450, 6.360033
7.494663, 6.519009
7.458974, 6.691853
7.420370, 6.915673
7.396321, 7.079413
7.379528, 7.220853
7.362309, 7.365885
7.354656, 7.577731
7.352516, 7.636957
7.348935, 7.694632
7.349975, 7.778251
7.352123, 7.830523
7.354208, 7.881278
7.358198, 7.941934
7.364096, 8.008804
7.366007, 8.047506
7.382400, 8.182425
7.383461, 8.228390
7.383090, 8.277164
7.376633, 8.338861
7.371798, 8.399449
7.365036, 8.465363
7.359461, 8.534384
7.352635, 8.600285
7.344323, 8.666017
7.335825, 8.733209
7.328859, 8.812155
7.323521, 8.889686
7.321649, 8.960451
7.322547, 9.039693
7.321897, 9.114416
7.322792, 9.183658
7.322152, 9.249903
7.321497, 9.317631
7.323724, 9.396849
7.325391, 9.456092
7.327056, 9.515327
7.328722, 9.574563
7.331926, 9.635253
7.335496, 9.702884
7.337840, 9.747272
7.354117, 9.926802
7.354683, 9.966197
7.355290, 10.008472
7.354623, 10.066264
7.352363, 10.132485
7.351497, 10.201731
7.353606, 10.272490
7.352795, 10.345759
7.349179, 10.401990
7.350966, 10.467491
7.349507, 10.523822
7.345223, 10.573651
7.334694, 10.626220
7.326992, 10.687541
7.323033, 10.752321
7.319033, 10.817815
7.325856, 10.995810
7.321023, 11.026014
7.311850, 11.064367
7.305447, 11.091126
7.303960, 11.123042
7.301990, 11.165312
7.302867, 11.210711
7.303681, 11.253018
7.304496, 11.295329
7.302259, 11.334704
7.294671, 11.389137
7.287870, 11.459602
7.283241, 11.538708
7.277507, 11.611082
7.274665, 11.646953
39ae2e95-a096-4cdc-afd9-a4ccb4ffaff2
7.608137, 4.761898
7.463831, 4.787790
7.332857, 4.866002
7.276516, 4.899667
7.235481, 4.890768
7.000555, 4.979774
6.802504, 5.040759
6.762047, 5.053216
6.723570, 5.061931
6.666897, 5.073235
6.618257, 5.081410
6.569391, 5.088105
6.529902, 5.098046
6.479558, 5.112263
6.431673, 5.127340
6.390378, 5.145050
6.341336, 5.170967
6.303285, 5.187691
6.271110, 5.200197
6.016278, 5.307593
5.545303, 5.525012
5.177186, 5.715317
5.143353, 5.728924
5.065278, 5.785626
4.945534, 5.845266
4.834085, 5.907812
4.715244, 5.972113
4.611851, 6.030455
4.517703, 6.093269
4.460168, 6.139241
4.406391, 6.182567
3ec0cc3d-a668-49e7-8e94-aa067648265d
7.635787, 4.929276
7.421070, 4.962347
7.401925, 4.965567
7.343902, 4.972223
7.237150, 5.011566
7.171147, 5.043866
7.120225, 5.051855
6.945344, 5.096158
6.894788, 5.117577
6.852840, 5.134658
6.813944, 5.143347
6.762802, 5.163324
6.723783, 5.171456
6.670041, 5.194241
6.629685, 5.207409
6.584518, 5.224630
6.560904, 5.229750
6.514219, 5.242286
6.471738, 5.253037
6.445405, 5.262134
6.025383, 5.304475
5.948273, 5.335024
5.843156, 5.367565
5.755878, 5.398988
5.671993, 5.438131
5.593929, 5.483843
5.416322, 5.537565
5.176173, 5.656760
5.129470, 5.676309
5.098685, 5.684327
5.059108, 5.693088
5.011781, 5.700499
4.950731, 5.713089
4.895012, 5.721523
4.835161, 5.732097
4.769678, 5.742145
4.701473, 5.754125
4.657693, 5.761815
8c4f839d-d8c2-47eb-ac11-db3666ca7572
7.394868, 6.851604
7.332243, 6.841814
7.250105, 6.826884
7.166895, 6.815975
7.114427, 6.809096
7.062039, 6.796042
53b94619-e654-4644-adc7-4211b3bf7ef5
7.669429, 5.087444
7.239918, 5.064333
