main root
7.025023, 4.764515
7.128823, 4.998541
7.170309, 5.105455
7.210720, 5.212911
7.226058, 5.307726
7.257648, 5.423729
7.295211, 5.545685
7.342540, 5.679281
7.392252, 5.802465
7.431785, 5.924884
7.470194, 6.023160
7.507178, 6.117788
7.546699, 6.201574
7.565148, 6.275391
7.591403, 6.354783
7.616152, 6.436226
7.638909, 6.518249
7.662038, 6.617433
7.685182, 6.707422
7.708172, 6.788488
7.731272, 6.869938
7.764519, 6.956333
7.792336, 7.046187
7.819232, 7.126055
7.835271, 7.212672
7.854255, 7.303636
7.869607, 7.387352
7.884879, 7.470630
7.898624, 7.545585
7.907144, 7.616932
7.912916, 7.718800
7.921485, 7.790658
7.927843, 7.856609
7.927103, 7.959149
7.930645, 8.042990
7.930746, 8.116262
7.930850, 8.192465
7.924659, 8.279964
7.917104, 8.344336
7.906584, 8.408289
7.891467, 8.500184
7.878145, 8.553503
7.863905, 8.622848
7.845081, 8.692190
7.825232, 8.753881
7.795601, 8.798072
7.769667, 8.865425
7.732328, 8.938638
7.706979, 8.981751
7.689120, 9.042757
7.690113, 9.081988
7.697697, 9.144953
7.654948, 9.231186
7.623871, 9.330220
7.594964, 9.436479
7.574177, 9.545128
7.549358, 9.652339
7.526582, 9.760103
7.513915, 9.860952
7.502291, 9.970478
7.493680, 10.071662
7.491407, 10.173204
7.491250, 10.274754
7.484747, 10.376576
7.485294, 10.467579
7.489945, 10.551371
7.494168, 10.627452
7.496814, 10.702121
7.493256, 10.773308
7.529951, 11.162455
7.529722, 11.272722
7.527367, 11.391079
7.531327, 11.510222
7.530479, 11.612065
7.535909, 11.722350
7.538796, 11.824006
7.543793, 11.925432
7.539756, 12.012094
7.537535, 12.104996
7.539339, 12.206517
7.532827, 12.316490
7.524213, 12.426187
7.514144, 12.527386
7.509973, 12.611202
7.507606, 12.688877
7.514916, 12.929174
d952bdd3-ea90-41da-a23b-5e92a6c2b637
7.199844, 5.034176
7.246917, 4.995862
7.289119, 4.986803
7.312938, 4.983043
7.334437, 4.984017
7.358430, 4.986427
7.378978, 4.992828
7.412462, 5.001509
7.446326, 5.008560
7.484032, 5.011648
7.518603, 5.012801
7.542624, 5.014925
7.563057, 5.021239
7.659759, 4.998266
7.705488, 4.994670
7.744942, 4.994569
7.765260, 4.985615
7.788908, 4.978465
7.826373, 4.970263
7.881981, 4.961153
7.939231, 4.953291
7.981988, 4.948930
8.030646, 4.953366
29837d47-73f3-401e-a49a-2db1acca5227
7.379312, 5.745682
7.345424, 5.805943
7.323669, 5.836360
7.228544, 6.050220
7.131582, 6.163609
7.103774, 6.191522
7.073926, 6.217229
7.041891, 6.244807
7.020722, 6.266968
6.991517, 6.297528
6.962402, 6.332327
6.910712, 6.362244
6.873031, 6.387499
6.848943, 6.409050
7c53c935-d2e1-44f0-8369-d6cd4664dc75
7.690436, 8.983040
7.672688, 8.985929
7.633227, 8.990900
643efccc-67ba-4006-a500-dac2591449c5
7.789522, 8.827750
7.831742, 8.826185
fbea28c6-9be7-495b-989e-13a46f9e897d
7.576254, 6.374323
7.528714, 6.391516
7.489811, 6.403994
7.460547, 6.411808
7bc7ab5f-bffa-48b0-a68a-ca6662e1fa42
7.647142, 6.587877
7.617581, 6.596213
7.588100, 6.602906
7.566762, 6.603083
7.554984, 6.616498
e99d507c-4502-420b-970a-d3c0b60e772a
7.263667, 5.452042
7.188763, 5.432396
7.128912, 5.488011
7.027106, 5.523871
6.988259, 5.539141
f39d5525-1e3b-4ff9-88d4-a699b0fcbce0
7.096018, 5.009687
6.978883, 5.110201
6.933033, 5.150435
