main root
6.864502, 4.376759
6.702629, 4.583959
6.618384, 4.806152
6.585433, 5.028089
6.575068, 5.147883
6.545159, 5.306327
6.524342, 5.455687
6.486319, 5.593608
6.453988, 5.757700
6.422000, 5.899673
6.422681, 5.977282
6.426577, 6.141033
6.418830, 6.238296
6.368261, 6.386323
6.361848, 6.565393
6.305550, 6.793294
6.276758, 6.935769
6.255313, 7.052534
6.240037, 7.170754
6.233129, 7.290061
6.230986, 7.400301
6.226731, 7.510248
6.211639, 7.627428
6.198569, 7.745428
6.169128, 7.857927
6.136976, 7.980782
6.106788, 8.104428
6.078675, 8.219573
6.050525, 8.325951
6.016211, 8.439123
5.984273, 8.544462
5.954343, 8.650468
5.928796, 8.748740
5.923685, 8.810431
5.914593, 8.895054
5.907657, 8.979034
5.907156, 9.035486
5.900724, 9.107858
62c5c040-0d6b-476f-9b53-45842d5a829b
6.686498, 4.456273
6.531855, 4.433439
6.443809, 4.392944
6.379251, 4.407035
6.284558, 4.430859
6.210324, 4.440601
6.102068, 4.463345
6.041494, 4.461027
5.963857, 4.466475
5.871716, 4.477158
5.798649, 4.482617
5.722049, 4.498053
5.683896, 4.514903
5.611130, 4.553583
5.547558, 4.577206
5.445751, 4.619551
5.331283, 4.678530
5.240971, 4.725063
5.143127, 4.775478
5.060337, 4.818135
4.977549, 4.860792
4.898276, 4.908736
4.830511, 4.954567
4.787480, 4.980057
8cbbf08b-e95b-4a27-94a0-41675c1b9ca6
6.528914, 4.753252
6.436473, 4.806022
6.236507, 4.856595
6.112338, 4.905603
6.017919, 4.965337
5.932593, 5.006874
5.866042, 5.046190
5.798826, 5.095534
5.738682, 5.132261
5.697132, 5.157632
59fdc7c3-546d-420b-bde8-0d8ce74748f5
6.623949, 4.697474
6.398611, 4.738358
6.278488, 4.836010
6.022589, 4.962360
5.908311, 5.079597
5.822707, 5.152516
5.790987, 5.175130
5.770421, 5.190020
5.749179, 5.209080
5.730045, 5.230258
5.701915, 5.265847
5.675695, 5.299005
5.631420, 5.345344
5.597643, 5.374194
5.559182, 5.405079
5.519570, 5.436886
5.473126, 5.476100
5.420657, 5.528236
5.354592, 5.593882
5.324575, 5.619488
5.304917, 5.640194
5.286080, 5.664383
5.270997, 5.688624
5.257578, 5.710190
5.244639, 5.733818
