main root
6.950558, 4.343953
7.098473, 4.431344
7.172491, 4.496972
7.132790, 4.581370
7.108687, 4.682020
7.052788, 4.939863
7.025643, 5.011522
6.979970, 5.137993
6.947415, 5.252984
6.923492, 5.360788
6.908693, 5.474963
6.901956, 5.576309
6.901564, 5.677865
6.896941, 5.779599
6.894446, 5.881105
6.897849, 6.000274
6.907573, 6.119091
6.913759, 6.220605
6.922046, 6.321805
6.933835, 6.439945
6.937634, 6.541908
6.939306, 6.643597
6.940976, 6.745177
6.938551, 6.855185
6.936500, 6.948300
6.934447, 7.041409
6.932396, 7.134521
6.928236, 7.227821
6.920283, 7.313067
6.909516, 7.405834
6.900002, 7.524409
6.893304, 7.634347
6.887124, 7.735761
6.884648, 7.845996
6.877947, 7.955830
6.869136, 8.065504
6.858886, 8.166689
6.848646, 8.267767
6.831255, 8.376462
6.810999, 8.476275
6.787045, 8.583674
6.767009, 8.683224
6.752420, 8.766219
6.744474, 8.820070
cd8f41af-1b60-4215-bfc1-9fe095ca894b
7.117951, 4.445211
7.210692, 4.395119
7.251013, 4.369938
7.297801, 4.366815
7.355364, 4.378239
7.407408, 4.395884
7.472754, 4.441522
7.502613, 4.480187
7.524041, 4.519854
7.539083, 4.557147
7.552542, 4.590518
226de26a-4729-41b0-8789-a26423eb5059
7.207681, 4.518248
7.234656, 4.532428
7.262204, 4.548473
7.293121, 4.564619
7.324750, 4.579321
7.353048, 4.594003
7.380680, 4.609900
7.404113, 4.626834
7.426790, 4.641375
127e1ae6-1ed0-4359-97fb-1c969a9221bb
7.134238, 4.517109
7.039045, 4.581764
7.025647, 4.601039
6.992034, 4.634186
6.932927, 4.671815
6.883392, 4.692150
6.848637, 4.701564
6.809887, 4.708957
6.782558, 4.717218
6.740040, 4.733196
6.698667, 4.751943
6.677022, 4.758463
6.654704, 4.762060
