main root
6.607206, 5.086894
6.662293, 5.382176
6.691811, 5.752144
6.733033, 6.072049
6.738465, 6.299219
6.677812, 6.546217
6.602899, 6.690600
6.473572, 6.935295
6.362592, 7.095480
6.232954, 7.261165
6.082990, 7.459533
5.929680, 7.665245
5.872400, 7.786022
5.814943, 7.964077
5.731892, 8.194047
5.696116, 8.305474
5.678319, 8.365802
fcff8245-bbdd-47b1-9177-cd27471a0c71
6.769223, 5.503332
6.958589, 5.483978
7.098885, 5.412159
7.202908, 5.384325
7.245701, 5.369902
7.287658, 5.352523
7.326758, 5.336327
7.364237, 5.324038
7.402537, 5.314630
7.445828, 5.300915
7.501351, 5.284893
7.558307, 5.265344
7.600064, 5.244682
7.651825, 5.222410
7.704702, 5.202917
7.759419, 5.184340
7.806587, 5.169907
7.853175, 5.158781
7.909712, 5.146819
7.977137, 5.131024
8.021190, 5.125315
8.071568, 5.118787
8.130344, 5.111170
8.179593, 5.098751
8.233074, 5.082178
8.278491, 5.063403
8.341087, 5.037525
8.384456, 5.022835
8.428691, 5.011013
8.458304, 5.004647
53a9541e-07ca-4b57-b056-0c54fab06baa
6.797958, 6.507372
6.846829, 6.560554
6.909619, 6.628881
6.972634, 6.697452
7.015532, 6.739711
7.051431, 6.770873
7.090246, 6.796640
7.162029, 6.837108
7.211423, 6.868390
7.257086, 6.902623
b7f1ea78-f8c7-43be-8dd7-ae4bca016a7d
6.654154, 6.209376
6.592001, 6.292330
6.521570, 6.374601
6.485758, 6.426480
6.456716, 6.458979
6.419333, 6.501633
6.381808, 6.536197
6.340464, 6.575024
6.299762, 6.605786
6.253681, 6.648806
6.212744, 6.683677
6.170263, 6.716651
6.124739, 6.760261
6.083982, 6.808354
6.006482, 6.867107
5.963561, 6.887688
5.940658, 6.898670
5.902926, 6.958832
5.844352, 6.995371
5.829646, 7.030572
5.742359, 7.104014
5.683511, 7.159394
5.628025, 7.211612
5.585086, 7.256950
c537ef05-e51c-4df9-b386-e7ea585d87c0
6.701692, 5.899641
6.570482, 5.968534
6.490163, 6.006043
6.426689, 6.041764
6.322370, 6.097416
6.239295, 6.156461
6.148396, 6.218471
6.059444, 6.268911
6.012848, 6.297053
5.968059, 6.322356
f632a699-f034-43f6-98fd-b804c9209945
6.683745, 5.819447
6.574367, 5.892800
6.536267, 5.952066
6.398902, 6.053038
6.258255, 6.146717
6.150132, 6.215136
6.108700, 6.290733
6.036747, 6.358132
6.042493, 6.367303
6.029355, 6.387029
5.975150, 6.457759
b5af7e61-1053-4dc4-816a-d71d498a7d89
6.591781, 5.662028
6.503005, 5.691883
6.322221, 5.727177
6.232968, 5.753593
6.144424, 5.781758
6.065808, 5.811117
5.976714, 5.835408
5.885300, 5.855970
5.795814, 5.880411
5.702843, 5.897082
5.609362, 5.907433
5.508063, 5.916523
5.426912, 5.932298
5.338028, 5.958148
5.250225, 5.988065
5.159361, 6.012359
5.058718, 6.030509
4.968882, 6.053122
4.886779, 6.073788
4.795718, 6.094541
4.695569, 6.113025
4.605215, 6.133981
4.531038, 6.157662
4.453486, 6.188951
4.393160, 6.208449
4.361195, 6.228218
0fff7997-00a4-442c-beb1-6a4ee35d7c14
6.542030, 5.418760
6.422017, 5.438351
6.348152, 5.439800
6.274083, 5.430957
6.228725, 5.428556
6.200660, 5.419577
6.174453, 5.411191
6.142735, 5.407328
6.097383, 5.404820
6.056694, 5.401070
6.010990, 5.392349
5.959336, 5.384017
5.910897, 5.374687
5.879069, 5.365508
5.832607, 5.341864
5.804563, 5.324234
5.732080, 5.270452
5.657381, 5.235485
5.597736, 5.212522
5.534528, 5.188187
5.500866, 5.172020
5.455429, 5.143555
5.416684, 5.126347
5.360546, 5.103054
5.307756, 5.087630
5.230905, 5.068296
5.178875, 5.050577
5.128888, 5.035134
5.093905, 5.018061
5.047955, 5.000630
5.004561, 4.988972
4.940933, 4.976174
4.895904, 4.970170
4.855622, 4.963289
4.805551, 4.954736
4.765549, 4.946385
4.717592, 4.934845
4.664590, 4.925169
4.613216, 4.918834
4.555691, 4.916264
4.483341, 4.917527
4.430432, 4.918450
4.377523, 4.919373
19f6c068-060a-450b-a43f-8fdc04d2a260
6.783440, 5.792763
6.819662, 5.836927
6.855471, 5.894397
6.879914, 5.930795
6.908236, 5.972969
6.938021, 6.020005
6.951077, 6.049014
6.971926, 6.095340
6.985342, 6.132445
6.993746, 6.164487
7.003844, 6.191192
b8a12abb-0d07-4ea3-b9b6-016d199c5358
6.625375, 5.102344
6.422136, 5.232449
6.412944, 5.129315
6.357749, 5.074727
6.359788, 5.006253
6.356093, 4.974038
ee4342c5-2577-480c-a041-157fcd522de5
6.519645, 5.280947
6.333763, 5.209026
6.262596, 5.190143
6.230348, 5.157090
6.198247, 5.123117
6.152252, 5.091878
6.130142, 5.073247
6.097777, 5.045978
6.056622, 5.026961
6.014231, 5.010674
5.976662, 4.994636
5.939705, 4.977233
5.899721, 4.953440
5.868333, 4.938246
5.837568, 4.928342
5.799812, 4.922477
d6965e50-419e-4678-a955-1e0b52170820
6.484504, 5.197167
6.378592, 5.207145
6.277761, 5.151984
6.196502, 5.093658
6.167450, 5.066963
6.137837, 5.039752
6.114904, 5.022745
6.090314, 5.008236
6.068439, 4.995328
6.044215, 4.994012
