main root
7.233949, 4.036537
6.970173, 4.484160
6.912323, 4.569863
6.891967, 4.723802
6.870220, 4.839982
6.839716, 4.962598
6.814390, 5.090451
6.797466, 5.208461
6.780639, 5.325798
6.771650, 5.418113
6.766857, 5.510743
6.755705, 5.604132
6.745667, 5.688199
6.739250, 5.767189
6.736650, 5.877580
6.732573, 5.962600
6.734792, 6.046203
6.726928, 6.148443
6.720356, 6.214364
6.715186, 6.281294
6.714914, 6.343096
6.719086, 6.415333
6.726152, 6.485765
6.726359, 6.547796
6.722107, 6.619518
6.712907, 6.704635
6.705210, 6.761908
6.689709, 6.846114
6.681382, 6.907887
6.671747, 6.956963
6.654428, 7.006333
6.640313, 7.073706
6.625118, 7.102437
6.597411, 7.154825
6.569702, 7.207214
6.552146, 7.246810
6.542515, 7.275915
6.535773, 7.305821
6.535776, 7.353448
6.457809, 7.532830
6.431118, 7.579257
6.402722, 7.634680
6.377036, 7.691409
6.326597, 7.729441
6.231331, 7.911199
6.202585, 7.959569
6.192735, 7.993694
6.174265, 8.046844
6.154827, 8.102741
6.133533, 8.154823
6.119907, 8.188114
6.127235, 8.222252
6.112075, 8.301118
6.092587, 8.380758
6.074108, 8.431088
6.052994, 8.477609
6.067549, 8.504190
6.050783, 8.583316
6.045031, 8.632124
6.041780, 8.698070
6.043440, 8.755629
6.052905, 8.824252
6.067221, 8.895184
6.071843, 8.949533
6.076148, 9.000152
6.080452, 9.050771
6.090146, 9.129423
6.092015, 9.193540
6.093433, 9.242203
fbff9127-cbb9-4299-b634-0fe5e427a598
7.197773, 4.289231
7.247261, 4.400648
7.264107, 4.414242
7.300031, 4.454186
