main root
6.812034, 4.218438
6.827861, 4.399945
6.844558, 4.567558
6.871363, 4.694338
6.937556, 4.847347
6.977178, 4.980391
7.011614, 5.067304
7.035293, 5.132765
7.050046, 5.179650
7.062355, 5.241612
7.118663, 5.460106
7.133163, 5.510347
7.138947, 5.535765
7.148428, 5.584144
7.151713, 5.624226
7.157480, 5.676197
7.164738, 5.727981
7.170103, 5.776988
7.177285, 5.828783
7.179200, 5.875242
7.179740, 5.924537
7.184841, 5.979747
7.187890, 6.028951
7.192622, 6.081027
7.195598, 6.130235
7.197083, 6.179511
7.200161, 6.231710
7.204736, 6.283800
7.210807, 6.335737
7.215047, 6.384853
7.221039, 6.436799
7.225205, 6.485921
7.231119, 6.537875
7.238524, 6.589638
7.244028, 6.638629
7.251355, 6.690404
7.255899, 6.733148
7.259621, 6.783892
7.268605, 6.988216
7.266146, 7.034638
7.268707, 7.071059
7.267467, 7.117530
7.270475, 7.172881
7.268497, 7.219327
7.273579, 7.275754
7.273251, 7.322241
7.271401, 7.371492
7.270930, 7.423769
7.268982, 7.473017
7.268408, 7.525292
7.266363, 7.574536
7.265685, 7.626810
7.269452, 7.682114
7.274490, 7.734149
7.274474, 7.780638
7.275946, 7.832895
7.278908, 7.885091
7.283357, 7.937179
7.286051, 7.986391
7.292741, 8.026552
7.302798, 8.077854
7.310800, 8.126487
7.317315, 8.175341
7.322336, 8.224370
7.325861, 8.273531
7.327884, 8.322777
7.328405, 8.372060
7.327422, 8.421336
7.331012, 8.466117
7.336675, 8.518086
7.340516, 8.567223
7.342857, 8.616454
7.343698, 8.665734
7.339992, 8.712076
7.337312, 8.764286
7.336122, 8.816550
7.327651, 8.859649
7.319034, 8.911210
7.311892, 8.962998
7.303672, 9.011594
7.291523, 9.056464
7.285933, 9.082809
7.278852, 9.137788
7.271068, 9.186454
7.259322, 9.231436
7.247561, 9.282375
7.235015, 9.330037
7.229073, 9.358469
7.226915, 9.390712
7.200953, 9.511715
7.180554, 9.666624
7.168410, 9.758845
7.156250, 9.851186
7.152558, 9.943677
7.153065, 10.036440
7.159880, 10.128831
7.168146, 10.212695
7.176016, 10.314094
7.186636, 10.397337
7.187785, 10.472828
7.187102, 10.566226
7.182330, 10.651709
7.179493, 10.729371
7.176712, 10.805522
7.174808, 10.915644
7.172166, 10.981845
7.168030, 11.047971
7.157455, 11.149253
7.146188, 11.199519
7.139144, 11.258305
7.158959, 11.616052
7.155811, 11.667466
7.157799, 11.732966
7.152724, 11.763131
7.147801, 11.828477
7.140588, 11.884368
7.138173, 11.949851
7.133107, 12.005977
7.130490, 12.068255
7.122270, 12.121239
7.120680, 12.190057
7.119310, 12.249309
7.115016, 12.305500
7.113256, 12.367809
7.108675, 12.423978
7.106597, 12.486277
7.104621, 12.545510
7.099752, 12.601653
7.094632, 12.660700
7.092234, 12.722987
7.084935, 12.756960
7.067889, 12.807796
7.067361, 12.847039
7.051286, 12.911530
7.039131, 12.972668
7.040821, 13.010211
c0518c59-cec6-423c-a656-30763d770c07
6.916937, 4.465213
7.094479, 4.609025
7.166146, 4.638427
7.246053, 4.662242
7.295569, 4.684810
7.359130, 4.713777
7.416149, 4.744430
7.506452, 4.808262
7.563262, 4.843756
7.623736, 4.885073
7.686229, 4.920526
7.762690, 4.955297
7.795224, 4.976669
7.835306, 5.006581
7.870558, 5.044557
8.021221, 5.140035
8.079546, 5.169909
8.149229, 5.224891
8.195758, 5.261604
8.242288, 5.298318
8.293021, 5.334536
8.341259, 5.368972
8.393672, 5.402712
8.439370, 5.435690
8.472805, 5.472738
8.501196, 5.508663
8.556123, 5.544489
7920a8f8-ace1-4c29-a816-5154789f336a
6.794835, 4.546587
6.683110, 4.587141
6.621443, 4.584213
6.580802, 4.586778
6.520968, 4.593554
6.478368, 4.601392
6.445941, 4.608880
6.305003, 4.671984
6.258900, 4.704621
6.237154, 4.716347
6.210423, 4.727361
6.182694, 4.735548
6.144114, 4.743818
6.103871, 4.750914
6.064610, 4.754797
6.036650, 4.760571
6.009448, 4.769243
5.973222, 4.783935
5.945250, 4.800125
5.839869, 4.852735
5.796432, 4.869402
5.746421, 4.893401
5.700623, 4.915378
5.647186, 4.941019
5.593049, 4.968658
5.533372, 4.997444
5.489014, 5.015517
5.432485, 5.041781
5.378010, 5.068742
5.332479, 5.091275
5.285560, 5.115872
33c9e8a4-31a3-445e-8440-da01c0ed0bf3
6.925694, 4.908371
7.045688, 4.991609
7.078625, 5.043645
7.091394, 5.069526
7.106071, 5.079433
7.120889, 5.094854
7.134255, 5.113085
7.256438, 5.189294
7.314936, 5.236610
7.347848, 5.263230
7.376549, 5.290295
7.403114, 5.319461
7.424446, 5.338436
7.464525, 5.366077
7.495209, 5.390873
7.510754, 5.407284
7.680561, 5.494965
7.700978, 5.508875
7.731803, 5.533497
7.773292, 5.558973
7.805247, 5.582108
7.839536, 5.606931
7.869645, 5.632423
7.906170, 5.659425
7.922409, 5.675152
7.936423, 5.692891
f1f3596e-d9a7-4633-93ca-ba7a169da13e
6.924283, 4.886444
6.824133, 4.948767
6.788193, 4.971132
6.752254, 4.993497
6.701930, 5.024812
6.674974, 5.041587
6.536864, 5.129646
6.465422, 5.162620
6.427714, 5.178375
6.383252, 5.192087
6.334752, 5.210176
6.295312, 5.228080
6.264169, 5.247149
6.225271, 5.274477
6.199292, 5.292728
6.099083, 5.392538
6.076604, 5.406477
6.040627, 5.428786
6.012677, 5.449639
5.978746, 5.474954
5.944207, 5.504458
5.911686, 5.536174
5.881433, 5.561498
5.849161, 5.586560
5.809566, 5.613518
5.775363, 5.633184
5.752240, 5.649932
5.717287, 5.678945
5.684713, 5.705984
5.663150, 5.727773
5.643816, 5.751565
5.627363, 5.767067
f2d66606-5a71-4b92-9d5a-c7611427579b
7.298785, 7.101329
7.356376, 7.113991
7.463246, 7.162502
7.536569, 7.192499
7.587526, 7.218196
e552963c-d8cc-4b44-87bd-662c5bca6976
7.245244, 6.821394
7.201471, 6.837745
7.130012, 6.866036
7.061640, 6.889887
7.001516, 6.915315
6.963680, 6.932941
31662ad1-ebff-4d74-81d5-00b36464ec71
7.287493, 7.212055
7.190608, 7.218716
45c01ec0-5bec-4ae3-b110-87125659ecc5
7.380764, 8.108921
7.322212, 8.094279
45511bb5-24bf-4f3d-af1b-71805f410443
7.048877, 5.391116
7.020408, 5.394732
6.978414, 5.400066
6.937716, 5.403727
6.888476, 5.406653
6.855377, 5.410120
6.830115, 5.412765
