main root
6.129744, 4.382513
6.015772, 4.676722
5.976498, 4.810807
5.929162, 4.965124
5.889434, 5.094636
5.859904, 5.219540
5.838610, 5.346110
5.818133, 5.496230
5.812259, 5.601928
5.801933, 5.711474
5.791604, 5.821060
5.782864, 5.913784
5.770314, 5.983129
5.747093, 6.044199
5.769994, 6.136104
5.789847, 6.246726
5.858419, 6.375759
5.885862, 6.445425
5.904183, 6.526575
5.920118, 6.635588
5.942342, 6.743737
5.956625, 6.844766
5.962513, 6.946863
5.961616, 7.040907
5.969333, 7.118988
5.980563, 7.211230
5.990795, 7.295270
6.003337, 7.373524
6.007908, 7.430410
6.009236, 7.491920
6.038725, 7.650035
6.056573, 7.713085
6.062441, 7.755797
6.073880, 7.817072
6.084756, 7.875333
6.092139, 7.931202
6.103263, 7.992535
6.106503, 8.043944
6.113407, 8.105894
6.114085, 8.139012
6.109190, 8.192406
6.106485, 8.254680
6.101052, 8.310772
6.092646, 8.366496
6.083806, 8.425102
6.071517, 8.466428
6.056640, 8.526960
6.042495, 8.584517
6.023965, 8.634830
6.008805, 8.701979
5.991230, 8.752634
5.973650, 8.812438
5.958962, 8.873018
5.942085, 8.917214
5.922669, 8.976448
5.908032, 9.040320
5.888618, 9.087918
5.844073, 9.259899
5.829212, 9.317273
5.814350, 9.374648
5.797340, 9.428375
5.781401, 9.488635
5.764116, 9.542274
5.747869, 9.602452
5.732420, 9.659673
5.716970, 9.716891
5.697298, 9.766769
5.678926, 9.829671
5.660274, 9.882849
5.642491, 9.942593
5.623567, 9.995675
5.605479, 10.055328
5.586284, 10.108314
5.566097, 10.164039
5.545910, 10.219765
5.525723, 10.275491
5.507331, 10.335051
5.487867, 10.387938
5.469170, 10.447399
5.451392, 10.503940
5.433613, 10.560480
5.421708, 10.628282
5.405136, 10.672484
14b521ba-be97-4ed8-b7fd-33476a5502d5
5.928496, 6.513260
5.958722, 6.515451
5.992601, 6.511873
6432693a-7da9-45dc-8bdd-1761ff361dad
5.745805, 6.098070
5.728473, 6.095391
a77ae929-bdce-4be3-9a72-e32d90802d18
6.063037, 4.441268
6.033216, 4.428556
6.012432, 4.424558
5.955979, 4.412175
5.895163, 4.394237
5.859134, 4.388291
5.820189, 4.384898
c3aeb268-9838-44c4-8669-0528725bec13
5.962609, 4.749616
5.916034, 4.740901
5.860762, 4.729435
