main root
8.576503, 6.149391
8.567844, 5.878264
8.589978, 5.721761
8.643980, 5.552431
8.689462, 5.450286
8.741452, 5.361938
8.802050, 5.267236
8.852537, 5.207867
8.914173, 5.154715
8.992143, 5.101340
9.059469, 5.069085
9.156190, 5.034368
9.246582, 5.006355
9.308656, 5.000410
9.387055, 4.999277
9.469349, 5.019251
9.619404, 5.054764
9.760477, 5.093374
9.834061, 5.119043
9.918372, 5.200630
9.943393, 5.307959
9.911346, 5.436129
9.896688, 5.528525
9.869275, 5.592402
9.816023, 5.673780
9.773936, 5.757322
9.704276, 5.872746
9.689261, 6.022927
9.683083, 6.125239
9.711273, 6.255537
9.724255, 6.387121
9.694295, 6.511495
9.698071, 6.615450
9.706602, 6.734098
9.702243, 6.791487
9.684582, 6.857372
9.652028, 6.962472
9.639677, 7.030781
9.637236, 7.127527
9.630303, 7.234996
9.609646, 7.326528
9.592837, 7.420218
9.591942, 7.472858
9.600893, 7.564969
9.606320, 7.664551
9.597427, 7.734657
9.585710, 7.827042
9.576106, 7.919475
9.569461, 8.003490
9.569910, 8.105119
9.572512, 8.215219
9.572799, 8.316916
9.573086, 8.418503
9.573349, 8.511644
9.584109, 8.597216
9.598873, 8.697677
9.600233, 8.794228
9.603645, 8.887097
9.610867, 8.970716
9.620955, 9.063078
9.631988, 9.164080
9.637971, 9.257600
9.642837, 9.333651
9.641211, 9.401992
9.633527, 9.459685
9.620276, 9.513806
0f2af897-6b5a-40e8-9cfd-0980e5afc01f
8.631086, 5.953032
8.685441, 5.992427
8.735326, 6.033528
8.767989, 6.060438
8.796437, 6.087756
8.841303, 6.128761
8.873011, 6.161795
8.909818, 6.204465
8.948534, 6.249348
8.989355, 6.294381
9.017132, 6.331707
9.056245, 6.364637
9.099782, 6.400835
9.137924, 6.441275
9.166556, 6.482542
9.203962, 6.536452
9.238271, 6.586400
9.252892, 6.637056
9.277137, 6.670094
9.313829, 6.730225
9.343298, 6.772777
9.384161, 6.821272
9.443793, 6.880430
9.474301, 6.929996
9d3e6686-f46f-4730-9160-77c4ffefa2a0
8.587587, 6.236917
8.663590, 6.313474
8.674577, 6.404492
8.686690, 6.436258
8.715817, 6.524682
8.741156, 6.614894
8.755960, 6.706502
8.771450, 6.789334
8.774779, 6.847853
8.781801, 6.892232
8.762238, 6.986671
8.750694, 7.052415
8.742509, 7.116335
8.740526, 7.155374
8.759304, 7.236185
8.763973, 7.276124
8.762530, 7.333318
50262adc-d26f-421a-9e1d-a88bb63edf05
9.903203, 5.117691
9.967036, 5.087516
10.036862, 5.068469
10.108043, 5.070913
10.152104, 5.067739
10.202683, 5.069843
10.292511, 5.087315
10.347930, 5.106667
10.412248, 5.135468
10.485754, 5.165103
10.579354, 5.212399
b483f4a8-0796-491a-9b97-e4fb74b0e982
9.998943, 5.351802
10.057257, 5.383664
10.153725, 5.401956
10.191827, 5.407708
10.262066, 5.422854
10.320872, 5.440127
10.395301, 5.470636
10.465810, 5.499538
10.525944, 5.526462
10.572171, 5.552079
d1743fb7-f12c-439e-8f79-33de9d166019
9.640019, 5.867461
9.606378, 5.868173
9.575416, 5.865948
9.510582, 5.865219
9.446160, 5.867006
9.394851, 5.862439
26dbef7c-6c46-4dc1-86f2-4a369c9bf0cb
9.891013, 5.663528
9.924756, 5.690583
9.967716, 5.748858
10.002814, 5.830793
10.028887, 5.899257
10.055773, 5.957247
10.076043, 6.004527
13ce4181-6aab-44f0-9e05-0e0c3460c0a4
9.978977, 5.403994
10.043891, 5.458320
10.085464, 5.499701
10.114289, 5.529376
10.145675, 5.564643
10.161856, 5.585074
10.184551, 5.643474
10.197707, 5.716564
10.198867, 5.748355
10.200719, 5.799127
10.197843, 5.843453
10.197596, 5.870391
