main root
6.977571, 4.274975
6.977623, 4.417629
6.954300, 4.636575
6.892479, 4.834343
6.850285, 4.998522
6.819346, 5.153643
6.784335, 5.303671
6.756855, 5.505198
6.740153, 5.689953
6.724145, 5.867038
6.746531, 6.043136
6.780546, 6.227754
6.812165, 6.410389
6.854059, 6.590733
6.917476, 6.854509
6.980027, 7.059717
6.994739, 7.241190
7.015620, 7.438327
7.054338, 7.635537
7.066119, 7.749929
7.080051, 7.930474
7.109624, 8.102914
7.116882, 8.253748
7.124593, 8.409354
7.141015, 8.549821
7.139929, 8.698338
7.129189, 8.841854
7.134537, 8.969536
7.129877, 9.106877
7.129221, 9.282920
7.133353, 9.483689
7.132911, 9.666163
7.142675, 9.835819
7.139685, 9.966005
7.125233, 10.095357
7.121686, 10.174561
7.112730, 10.305200
7.122659, 10.421016
7.134974, 10.551980
7.152595, 10.683075
7.158490, 10.813097
7.163699, 10.904135
7.188543, 11.026246
7.224284, 11.154492
7.263754, 11.280528
7.276635, 11.377130
7.295000, 11.546264
7.313938, 11.692717
7.330573, 11.804869
7.334727, 11.889420
7.339205, 11.937705
d2707305-ce9d-4fff-ad6b-068bd3c0b4a8
6.793603, 5.901234
6.897252, 5.924858
6.994883, 5.948988
7.091233, 5.979045
7.149831, 5.997325
7.206654, 6.000868
7.248474, 6.013709
6dc59077-2d76-4d2e-bb55-9cc0945c3e2f
6.754886, 6.326282
6.639056, 6.328780
6.554797, 6.311594
6.512876, 6.303530
6.487981, 6.298536
6.453965, 6.297809
6.410166, 6.298369
6.372321, 6.294363
6.333974, 6.288797
6.303750, 6.288949
6.273882, 6.293587
6.219938, 6.306509
6.191275, 6.310297
6.155268, 6.310526
6.104466, 6.310849
6.046689, 6.309719
5.998951, 6.305792
5.945589, 6.305907
5.878478, 6.307549
5.809816, 6.316715
5.755740, 6.320914
5.724085, 6.323373
572b06cb-112a-49dd-9450-8bc379bf3259
6.810835, 4.830212
6.705498, 4.838863
6.621346, 4.845775
6.565757, 4.848839
6.527023, 4.844977
6.466408, 4.840439
6.400384, 4.839999
6.329638, 4.842520
6.253488, 4.845235
6.201950, 4.850067
6.194838, 4.850734
b1959e00-e976-4341-99d4-b2c2385f3af1
6.896223, 4.411132
6.811348, 4.416958
6.739111, 4.429549
6.686441, 4.437067
6.624451, 4.452122
6.586977, 4.470446
6.557727, 4.486306
6.537178, 4.504361
6.492329, 4.555880
6.461973, 4.572514
6.441024, 4.592998
6.386570, 4.644153
6.323135, 4.700896
6.285626, 4.728426
6.265150, 4.743454
6.222893, 4.806871
6.128244, 4.877634
6.096639, 4.897525
6.073265, 4.919311
6.046792, 4.948075
6.016868, 4.985012
5.980441, 5.039485
5.949789, 5.077243
5.913768, 5.109915
198501d6-9f21-4a94-bfe5-5a4b97668725
7.074235, 4.309520
7.176391, 4.279414
7.252603, 4.277853
7.315033, 4.292471
7.375315, 4.302892
7.420490, 4.307663
7.476142, 4.316551
7.532951, 4.327140
7.596049, 4.341945
7.657346, 4.353254
7.717374, 4.362806
7.765828, 4.372032
7.815731, 4.381535
7.850421, 4.385092
7.875220, 4.401126
7.905168, 4.420721
7.934440, 4.432953
7.978355, 4.446437
8.012156, 4.461513
8.062505, 4.480692
8.119823, 4.500923
8.167725, 4.517831
8.221700, 4.538469
8.284962, 4.562659
8.336453, 4.585552
8.392581, 4.608869
8.439492, 4.628357
8.492270, 4.651903
8.536686, 4.673358
8.580431, 4.696151
8.623466, 4.720261
8.671857, 4.743943
8.725088, 4.769993
8.780333, 4.795362
8.841893, 4.823632
8.895759, 4.848368
8.953594, 4.871633
9.008585, 4.893753
9.063570, 4.915872
9.114660, 4.939649
9.168392, 4.964657
9.220138, 4.990390
9.265626, 5.013012
9.318690, 5.039401
9.373764, 5.065118
9.417800, 5.087334
9.478278, 5.117844
9.527168, 5.145861
9.574501, 5.176436
9.624287, 5.208595
9.674067, 5.240750
9.725916, 5.272460
9.783694, 5.307796
9.838370, 5.337726
9.894594, 5.363385
9.960237, 5.388407
10.027386, 5.410800
10.083608, 5.429548
10.139834, 5.448298
10.196062, 5.467049
10.248502, 5.487692
10.303653, 5.509402
10.358801, 5.531111
10.410068, 5.554510
10.467950, 5.577637
10.505296, 5.592558
10.551883, 5.612986
64d35a03-20f3-4bc3-87a5-4e4f4bade990
7.583995, 4.314065
7.598684, 4.281702
7.616093, 4.243347
7.634334, 4.206779
7.650396, 4.174579
7.661734, 4.151850
f5207cce-4625-410a-ba6f-347ddfb89df2
7.105503, 4.309736
7.171629, 4.371707
7.210578, 4.401947
7.234586, 4.418714
7.287676, 4.457692
7.344016, 4.497271
7.405423, 4.534921
7.462221, 4.594933
7.512482, 4.650214
7.551574, 4.686537
7.605003, 4.728008
7.665194, 4.774728
7.707813, 4.811598
7.750526, 4.850528
7.794246, 4.896451
7.861343, 4.973064
7.984191, 5.074410
8.090601, 5.187228
8.159135, 5.251953
8.185667, 5.281132
8.218363, 5.312645
8.253066, 5.341936
8.280568, 5.365144
8.295765, 5.381882
8.319987, 5.413011
8.354382, 5.447459
8.384287, 5.477408
8.414193, 5.507355
8.439861, 5.537297
8.460610, 5.556905
8.487531, 5.574113
8.531453, 5.595087
8.589009, 5.625094
8.627999, 5.650486
8.668495, 5.678644
8.700122, 5.698811
8.733656, 5.711319
8.777399, 5.730829
8.827574, 5.756486
8.863122, 5.778026
a63ea161-0110-4b96-ad43-17a4e48bf33a
7.056212, 4.622868
7.170263, 4.641440
7.245609, 4.675592
7.326493, 4.726111
7.410057, 4.765904
7.500110, 4.813473
7.595364, 4.868576
7.690278, 4.913780
7.778508, 4.941821
7.882018, 4.979160
7.978618, 5.034251
8.098720, 5.082071
8.199304, 5.126675
8.294463, 5.182763
8.382411, 5.229690
8.456130, 5.249840
8.564740, 5.270754
8.638394, 5.304382
8.750208, 5.350800
8.861592, 5.397039
9.031868, 5.470632
9.152810, 5.522902
9.269259, 5.582351
9.395836, 5.630597
9.510964, 5.661095
9.666547, 5.689590
9.801517, 5.720997
9.880791, 5.735223
9.983504, 5.759975
cdc10879-842d-4f49-b4f4-0c458f81a66b
6.887633, 5.135033
6.969200, 5.158661
7.078536, 5.160526
7.186749, 5.171826
7.279400, 5.178876
7.363554, 5.183201
7.448104, 5.187546
7.521063, 5.194292
7.559378, 5.185807
7.663524, 5.179743
7.773744, 5.183923
7.850347, 5.162308
7.959928, 5.146779
8.046007, 5.135054
8.153156, 5.129550
8.233218, 5.119016
8.317328, 5.150368
8.428577, 5.204661
8.537125, 5.264655
631985bb-a0df-432a-98e7-efa95c3f8f20
6.970588, 4.724481
6.975276, 4.952063
6.955367, 5.096933
ac10adf5-d2a8-4b8c-a95e-3127f3f7f9e6
6.963792, 4.824011
7.070858, 4.918631
7.116035, 4.959455
7.143200, 4.988044
7.164926, 5.006565
7.201347, 5.033683
7.231098, 5.059571
7.267243, 5.087058
7.300926, 5.112675
7.376939, 5.137629
7.518620, 5.168682
