main root
7.092782, 5.259037
7.148962, 5.655813
7.166110, 5.735393
7.159709, 5.968001
7.142805, 6.192026
7.134869, 6.362406
7.063597, 6.566339
7.005739, 6.749048
6.960553, 6.933629
6.930607, 7.118380
6.882107, 7.324999
6.842871, 7.497015
6.799206, 7.676103
6.781157, 7.794382
6.771565, 7.917912
6.766630, 8.008804
6.736311, 8.125936
6.737129, 8.232111
6.744429, 8.365093
6.745521, 8.536319
6.750321, 8.715626
6.751534, 8.836883
6.750080, 8.898707
6.780479, 9.002584
6.795270, 9.221016
6.802652, 9.384284
6.790983, 9.535255
6.786028, 9.680082
6.791903, 9.811591
6.793857, 9.902691
6.798937, 9.946194
6.835044, 10.106668
6.841023, 10.174182
6.841243, 10.244610
6.841363, 10.284821
6.899626, 10.484608
6.919543, 10.642733
6.937796, 10.787637
6.935993, 10.857985
6.936939, 10.902051
b038a3cd-adff-4bd8-bb98-3e730dcb1b04
7.151948, 5.567192
7.008792, 5.622558
6.950911, 5.658655
6.876903, 5.671019
6.827172, 5.676288
6.801877, 5.699353
6.717849, 5.724710
6.636999, 5.749106
6.553915, 5.774177
6.510360, 5.788884
6.424810, 5.805357
6.333983, 5.824987
6.251231, 5.842872
6.169955, 5.845375
6.068980, 5.856948
5.976456, 5.867552
5.884403, 5.880220
5.776786, 5.887320
5.570194, 5.915076
5.474325, 5.913099
5.372815, 5.915238
5.180134, 5.978189
5.084512, 6.006969
5.042150, 6.022883
5.006218, 6.029986
4.964926, 6.038110
4.923627, 6.046198
4.879959, 6.057763
4.841395, 6.064840
4.802400, 6.068916
4.770823, 6.072216
4.736450, 6.096310
4.694850, 6.170179
bc1f15de-59e0-45d0-909f-a6d7828ee8a7
7.041614, 5.540157
6.934321, 5.551352
6.906858, 5.554351
6.864892, 5.558935
6.807303, 5.563720
6.758048, 5.566310
6.704485, 5.572124
6.650002, 5.582555
6.582291, 5.597041
6.531695, 5.606336
6.481732, 5.615513
6.406314, 5.632323
6.364999, 5.641532
6.325954, 5.647167
6.298720, 5.651097
6.271046, 5.658114
6.227850, 5.672153
6.185671, 5.689009
6.158691, 5.694955
6.109080, 5.705889
6.051203, 5.718645
5.996744, 5.726049
5.947689, 5.731210
5.899487, 5.740795
5.846135, 5.755982
5.799335, 5.766192
5.742572, 5.777044
5.692673, 5.786584
5.656140, 5.795092
5.586533, 5.813117
5.541302, 5.831023
5.503668, 5.842714
5.459346, 5.862762
5.420821, 5.880198
5.386787, 5.885733
5.373488, 5.916451
5.259938, 5.924435
5.149777, 5.912122
5.014180, 5.913242
30a48f62-6169-4bcf-a1b4-9b690b152216
7.164275, 5.733364
7.264266, 5.723807
7.307799, 5.710883
7.368490, 5.708045
7.454541, 5.722326
7.509818, 5.726948
7.558828, 5.732548
7.604648, 5.736278
7.700784, 5.742652
7.721351, 5.748515
7.758362, 5.762179
7.806274, 5.786251
7.859586, 5.808009
7.902674, 5.820745
7.954940, 5.831511
8.024819, 5.842850
8.066610, 5.849630
8.103250, 5.860125
8.153939, 5.873086
8.201332, 5.886749
8.246439, 5.902869
8.284310, 5.916402
8.412274, 5.929888
8.473796, 5.952942
8.495713, 5.964349
8.533257, 5.983887
8.574840, 6.002149
8.621480, 6.016092
8.665757, 6.026200
8.707018, 6.035618
8.748280, 6.045034
8.785957, 6.056702
8.830130, 6.067245
8.867690, 6.079285
8.907993, 6.092203
8.948298, 6.105119
8.984837, 6.119969
9.027947, 6.134257
9.064339, 6.149469
9.103386, 6.165790
9.138517, 6.183718
9.176213, 6.202955
9.224081, 6.224119
3a4bb480-9164-40a2-bf07-db6fb1cd8103
7.141559, 5.941840
7.045078, 5.904258
7.013121, 5.897045
6.998538, 5.884355
6.983644, 5.867385
6.919523, 5.826391
6.893340, 5.806097
6.872919, 5.802517
6.840237, 5.790708
6.796968, 5.778256
6.747424, 5.757771
6.722975, 5.747660
6.636697, 5.702908
6.591595, 5.686427
6.560304, 5.668618
6.538432, 5.655998
6.508459, 5.645443
6.440779, 5.632054
c4e9270e-aa84-45f9-92e4-7dd036abf8bb
7.126936, 6.505953
7.162934, 6.513862
7.210859, 6.517014
7.293633, 6.510541
7.325887, 6.509541
7.358153, 6.510058
7.390359, 6.512091
7.425610, 6.512838
7.460860, 6.512109
7.498982, 6.506850
7.531122, 6.503949
7.563361, 6.502561
7.595632, 6.502691
7.627860, 6.504338
7.663117, 6.504663
7.695337, 6.506475
7.727436, 6.509800
7.757607, 6.508431
7.782980, 6.507280
7.958012, 6.492282
7.981977, 6.491707
8.003011, 6.495673
8.037938, 6.500711
8.069661, 6.506776
8.108078, 6.509527
8.143355, 6.510529
8.178641, 6.510012
8.210924, 6.511012
8.243127, 6.513485
8.275183, 6.517427
8.310363, 6.520220
8.340427, 6.524087
8.372239, 6.529664
8.407229, 6.534257
8.439027, 6.539918
8.470533, 6.547025
8.497127, 6.551465
542ae40f-3167-45ce-ab8c-c85a57f0db9d
6.945499, 6.962070
6.816246, 7.032963
6.780173, 7.068525
6.754594, 7.087437
6.720869, 7.110510
6.678941, 7.139195
6.636047, 7.164914
6.480534, 7.274906
6.445268, 7.303518
6.425982, 7.315315
6.393658, 7.328072
6.349235, 7.355263
6.315122, 7.369128
6.269332, 7.400665
6.244720, 7.410352
6.217704, 7.427422
1f446bb1-8b2d-4243-a554-94e7cf4281ad
7.160490, 6.424988
7.196473, 6.447443
7.226397, 6.462166
7.371185, 6.536250
7.439236, 6.553770
7.515315, 6.571194
7.567174, 6.591276
5c76105a-5681-4803-8516-0a15408d8cb5
7.028479, 5.296483
6.936982, 5.353462
6.908841, 5.382602
6.880824, 5.407029
6.865282, 5.441142
489fbcf7-9f9b-4af1-b91e-a6e526560b46
6.795547, 7.482878
6.735410, 7.493627
6.652099, 7.517212
6.605088, 7.521500
df761be5-575e-4910-8aea-cb921a96998e
6.868352, 7.236710
6.766923, 7.199719
6.737951, 7.186517
6.562521, 7.136541
6.528461, 7.128484
6.510948, 7.118188
6.487119, 7.105817
dedbf441-855c-40c4-8933-2825c7d48020
6.723721, 8.015348
6.640150, 8.006600
6.571763, 8.011507
6.538644, 8.010882
6.519746, 8.020108
6.493278, 8.028030
6.461838, 8.035880
6.436104, 8.043847
6.409866, 8.055104
033950fe-5d68-453a-b3e9-e8865f8fa87d
6.762474, 8.026050
6.687446, 8.057224
6.593361, 8.099636
5837feaa-11b4-4fac-893e-4bf9832aa408
7.007759, 6.605194
6.967394, 6.624905
6.891597, 6.669869
ee578a8a-ee53-4fa6-86eb-df207b832366
7.226365, 5.850902
7.326252, 6.185214
7.368872, 6.378425
7.372637, 6.416334
7.373544, 6.455764
7.374694, 6.505757
