main root
6.933102, 4.089738
6.832248, 4.352088
6.748556, 4.500794
6.729057, 4.642752
6.680911, 4.784808
6.652045, 4.922181
6.614097, 5.064455
6.578589, 5.194584
6.552488, 5.314240
6.535327, 5.432511
6.517435, 5.541081
6.511758, 5.640573
6.512319, 5.742138
6.519225, 5.843466
6.543261, 5.927438
6.551783, 6.042389
6.573332, 6.131018
6.596981, 6.192473
6.636067, 6.276468
6.668379, 6.355744
6.696042, 6.450094
6.759202, 6.559314
6.791433, 6.641517
6.830993, 6.742412
6.871173, 6.844888
6.903740, 6.944513
6.932678, 7.033041
6.960791, 7.139473
6.976071, 7.238738
6.989883, 7.356190
6.998522, 7.465894
7.002935, 7.575840
7.005233, 7.685852
6.998903, 7.787917
6.991025, 7.880975
6.973997, 7.981814
6.958488, 8.073650
6.938755, 8.165243
6.919141, 8.256283
6.899526, 8.347330
6.882017, 8.438590
6.868180, 8.521718
6.853598, 8.622203
6.836904, 8.722521
6.814666, 8.856145
6.801490, 8.948133
6.785259, 9.032191
6.767601, 9.123640
6.748803, 9.232160
6.722422, 9.347367
6.697666, 9.446003
6.668791, 9.543671
6.631546, 9.647260
6.595298, 9.760549
6.563756, 9.866074
6.536708, 9.963945
6.501406, 10.059920
6.477477, 10.149351
6.444967, 10.254476
6.419532, 10.343842
6.385550, 10.440055
6.352204, 10.553080
6.321401, 10.650010
6.290628, 10.746844
6.266573, 10.836429
6.244515, 10.926687
6.220396, 11.025375
6.202486, 11.116380
6.186611, 11.207932
6.172147, 11.291351
6.160461, 11.383364
6.146613, 11.475721
6.127717, 11.559784
6.113758, 11.660466
6.094619, 11.752559
6.078122, 11.852736
6.056646, 11.944308
6.043663, 12.026918
6.022060, 12.110950
5.992584, 12.200260
5.968150, 12.280909
5.936643, 12.377607
5.896058, 12.468120
5.857086, 12.555032
5.800839, 12.634208
5.751533, 12.685343
ce88cfd1-4058-4adf-b640-4af6a7c0dd8f
6.830395, 4.363653
6.909094, 4.393756
6.955211, 4.420120
7.028500, 4.461251
7.075031, 4.483930
7.129569, 4.500564
7.207241, 4.537845
7.279323, 4.559065
7.343102, 4.585642
7.421259, 4.618210
7.485721, 4.649935
7.580334, 4.687070
7.651266, 4.714911
7.714438, 4.746137
7.796494, 4.791391
7.862445, 4.817508
7.939122, 4.843042
8.035513, 4.875142
8.105914, 4.900165
8.166244, 4.931137
8.244057, 4.937075
8.326019, 4.965375
8.394235, 4.992097
8.455205, 5.009550
8.537712, 5.025384
8.589807, 5.045940
8.668926, 5.074932
8.749998, 5.093596
8.832240, 5.123170
8.942915, 5.165210
9.052812, 5.209212
9.163792, 5.251376
9.270965, 5.301120
9.334459, 5.327289
9.395101, 5.339333
9.462801, 5.358882
9.567902, 5.391434
9.633372, 5.424737
9.697262, 5.460597
9.760092, 5.478699
9.809812, 5.500812
9.886716, 5.537285
9.963217, 5.573567
10.034065, 5.605511
10.125092, 5.651193
10.197217, 5.684040
10.266567, 5.715622
10.350663, 5.756232
10.411660, 5.785687
10.472657, 5.815143
10.557233, 5.853649
10.656738, 5.905019
10.699725, 5.930581
bb6a5c53-0b6f-4f67-9ed0-38268f51c28a
6.906392, 4.178310
6.960378, 4.216222
6.993291, 4.239335
7.018950, 4.257638
7.043480, 4.271744
7.078444, 4.288665
7.123360, 4.303752
7.151784, 4.318036
7.179409, 4.350095
7.203821, 4.362240
7.233779, 4.379267
7.265803, 4.389978
7.304043, 4.404347
7.343658, 4.419234
7.375524, 4.436003
7.420478, 4.459663
7.476968, 4.486011
7.536718, 4.507273
7.592552, 4.527142
7.646472, 4.547918
7.693871, 4.566181
7.731440, 4.582262
7.776179, 4.603038
7.820268, 4.625164
7.865674, 4.647949
7.920650, 4.673864
7.964605, 4.696238
8.008244, 4.715092
8.061050, 4.713131
8.093435, 4.726922
8.130406, 4.744293
8.178373, 4.765177
8.222980, 4.786230
8.266925, 4.808626
8.310174, 4.832348
8.348616, 4.858554
8.392674, 4.886776
8.435448, 4.914177
8.485352, 4.946145
8.539391, 4.977206
8.594859, 5.005637
8.666703, 5.039096
8.735779, 5.071267
8.812808, 5.100540
8.884039, 5.127612
8.959128, 5.152948
9.023744, 5.181071
9.093616, 5.211479
9.179239, 5.235688
9.226842, 5.255369
9.282304, 5.268619
737b0533-7b43-44bc-8b9d-1e2b6a176c0d
6.704480, 4.661955
6.795711, 4.653565
6.845968, 4.660588
6.869840, 4.666946
6.895027, 4.678301
6.927829, 4.693091
6.945048, 4.705778
6.972847, 4.731844
7.007793, 4.766660
7.041660, 4.802516
7.070859, 4.837787
7.096505, 4.868766
7.109836, 4.889565
7.125610, 4.911402
7.149600, 4.938574
7.171271, 4.969905
7.185718, 4.990795
7.208492, 5.013203
7.230828, 5.030981
7.254904, 5.046321
7.284588, 5.058140
7.341913, 5.070614
7.414506, 5.106481
7.444548, 5.126331
7.482780, 5.155182
7.533405, 5.185883
7.587047, 5.196459
7.606693, 5.204909
7.645567, 5.221629
7.703965, 5.241859
7.751968, 5.258487
7.795778, 5.270496
7.834767, 5.282735
7.883235, 5.297949
7.937908, 5.316680
7.985968, 5.333146
8.032226, 5.352158
8.081179, 5.377133
8.139883, 5.403723
8.186317, 5.419825
8.236221, 5.435547
8.288430, 5.448857
8.344042, 5.464579
8.391078, 5.479432
8.435763, 5.496682
8.489117, 5.518881
8.537975, 5.537590
8.583480, 5.556617
8.630354, 5.574593
8.671769, 5.587271
8.734045, 5.601639
8.783538, 5.613059
8.844871, 5.624138
8.908405, 5.631053
8.949294, 5.638514
9.005862, 5.650357
9.053811, 5.661925
9.101385, 5.674943
9.150386, 5.688351
9.207549, 5.703992
9.266350, 5.716978
9.305620, 5.725651
9.353048, 5.739286
23bdd994-24c7-4dca-9e10-dc3d60555040
6.522256, 5.596639
6.575385, 5.638641
6.611549, 5.657680
6.662595, 5.670570
6.693615, 5.679948
6.728379, 5.693585
6.763910, 5.710739
6.800034, 5.729840
6.839479, 5.749005
6.891176, 5.769130
6.936581, 5.788412
6.983337, 5.808268
7.024266, 5.824022
7.073611, 5.841412
7.097653, 5.851472
7.151287, 5.853443
7.224986, 5.880024
7.253779, 5.892185
7.282833, 5.899771
7.312609, 5.909272
7.345596, 5.918410
7.377284, 5.927187
7.408972, 5.935965
7.447929, 5.948310
7.492181, 5.960762
7.528283, 5.966257
7.576798, 5.975156
7.622940, 5.985140
7.658688, 5.995939
7.709665, 6.014464
7.749452, 6.028923
7.775456, 6.041558
7.805821, 6.057976
c9f0a7be-68b7-4842-aabe-bce4ca5ebba8
6.516660, 5.921204
6.465868, 6.011315
6.400033, 6.057709
6.335736, 6.098444
6.286696, 6.127742
6.235312, 6.162064
6.193788, 6.179002
6.139589, 6.200983
6.100736, 6.219844
6.046686, 6.249280
5.994621, 6.279339
5.944999, 6.298036
5.900787, 6.336845
5.830422, 6.363456
5.778549, 6.376660
5.720903, 6.397466
5.667538, 6.423078
5.611368, 6.456677
5.562636, 6.478850
5.491047, 6.516357
5.424176, 6.549703
5.345801, 6.584150
5.289235, 6.613916
5.246153, 6.636588
31918bb4-d049-4487-89a6-bcc70cfb08af
6.691546, 4.506032
6.596583, 4.498314
6.510406, 4.499614
6.441473, 4.504787
6.382370, 4.509224
6.343725, 4.515128
6.307812, 4.534357
6.266141, 4.563553
6.231424, 4.552592
6.146588, 4.542774
6.064025, 4.515381
b987639f-f9c9-4f00-b48a-317450b6ab2f
6.498597, 5.490391
6.415168, 5.507492
6.362602, 5.524776
6.308204, 5.539512
6.252047, 5.553173
6.180177, 5.555656
6.140086, 5.552548
6.088191, 5.542915
6.044332, 5.556845
5.992611, 5.555811
5.939535, 5.548761
5.865679, 5.537442
5.781992, 5.524615
5.726820, 5.513132
5.671473, 5.504670
5.636132, 5.508354
5.575500, 5.523702
5.521181, 5.535908
5.474104, 5.539126
8f1595d1-f0bb-4aaa-97e2-bc3547db4b2b
6.748034, 6.480037
6.798793, 6.487556
6.846039, 6.499094
6.906412, 6.518459
6.956533, 6.531393
7.027415, 6.538697
7.086075, 6.544743
7.121153, 6.552872
7.163724, 6.570418
7.234163, 6.592977
7.322444, 6.623457
7.392178, 6.642785
7.459294, 6.659833
7.518689, 6.677060
7.545116, 6.684725
668b982d-05cb-4f0f-b22a-35d591b26c20
6.829777, 6.618278
6.856855, 6.608549
6.894672, 6.595012
6.924016, 6.574971
6.944207, 6.564806
6.984378, 6.564095
7.003532, 6.573152
7.044864, 6.596769
7.051326, 6.613068
7.062312, 6.626245
7.092127, 6.668631
7.109495, 6.695934
7.125184, 6.717823
7.139679, 6.725785
7.155845, 6.739787
7.175044, 6.756417
8c00bdd9-d5ee-45f2-abc7-7ee247e6a978
6.936416, 6.896748
7.019975, 6.904015
7.062092, 6.907981
7.124113, 6.920456
7.194947, 6.942887
7.251712, 6.960250
7.342159, 6.971868
7.442086, 6.976989
7.505659, 6.981746
7.590632, 6.992265
7.649448, 6.999545
7.708264, 7.006825
7.780545, 7.018788
7.852276, 7.033694
7.923345, 7.051520
7.977436, 7.069716
8.015553, 7.082539
8699ad90-b1ff-428a-bbf8-48ef998e71a5
7.032384, 7.833731
7.054144, 7.844367
7.090276, 7.862027
7.119102, 7.871118
7.169429, 7.885422
7.223405, 7.909762
7.242601, 7.921702
7.267235, 7.940550
7.298757, 7.966552
7.324671, 7.982109
7.363259, 8.001782
7.406631, 8.023894
7.425234, 8.036738
7.451361, 8.054778
7.468099, 8.069972
6e39f841-1d0e-44b5-beb8-b70249dc0a67
6.980643, 8.128001
7.054454, 8.129252
7.108832, 8.131750
7.133192, 8.135866
7.173210, 8.144146
7.205517, 8.156944
7.266446, 8.176251
7.312996, 8.192572
7.357120, 8.211214
7.398078, 8.226894
7.433528, 8.235658
7.482848, 8.247848
7.527564, 8.255819
7.550834, 8.261487
7.571896, 8.269698
75352d36-8149-443e-b349-063cd848ef3e
6.794500, 8.741834
6.756667, 8.756696
6.733243, 8.761431
6.689316, 8.772785
6.616591, 8.775683
6.583507, 8.774006
6.545947, 8.767605
6.504221, 8.760494
6.440615, 8.754210
6.378118, 8.743525
6.328041, 8.734962
6.291563, 8.733280
6.235574, 8.733695
6.171854, 8.738659
6.105701, 8.742311
6.058494, 8.747914
6.015664, 8.751492
5.986249, 8.758456
5.952640, 8.778720
3da9b42d-c8e2-42aa-bb08-b005d18b94c1
6.956069, 4.339175
6.917560, 4.577253
6.901185, 4.639739
6.872638, 4.736397
6.859639, 4.775125
6.851421, 4.809015
6.843461, 4.873592
6.835175, 4.940819
6.826096, 4.990001
6.816011, 5.028143
6.803602, 5.063364
6.796991, 5.091139
6.803652, 5.109398
6.803687, 5.169126
6.806700, 5.203867
6.815378, 5.234619
6.818582, 5.256996
