main root
6.961164, 5.839787
6.752167, 5.854700
6.651848, 5.920951
6.629291, 6.127739
6.740860, 6.278211
6.831340, 6.431097
6.842248, 6.539276
6.899460, 6.705028
6.942284, 6.821517
6.998788, 6.959150
7.060364, 7.098504
7.095560, 7.200122
7.112070, 7.292253
7.130871, 7.409131
7.149696, 7.526166
7.176211, 7.651344
7.200774, 7.767308
7.213177, 7.876913
7.198630, 8.016677
7.209691, 8.130050
7.216088, 8.209403
7.219236, 8.327231
7.216060, 8.445381
7.219189, 8.564549
7.222301, 8.683044
7.223528, 8.809786
7.224513, 8.911381
7.221347, 9.021370
7.222406, 9.131626
7.223301, 9.224760
7.218010, 9.334720
7.216032, 9.418968
7.213647, 9.520543
7.203176, 9.608051
7.185761, 9.700479
7.165852, 9.783749
7.146295, 9.874587
7.128476, 9.957355
7.110980, 10.048618
7.095038, 10.131773
7.075393, 10.223072
7.051939, 10.322024
7.022277, 10.419646
7.000927, 10.519020
6.985575, 10.610497
6.969437, 10.719447
6.956654, 10.820184
6.952091, 10.939939
6.952457, 11.041471
6.952853, 11.151536
6.953248, 11.261604
6.959993, 11.371817
6.966198, 11.473228
6.966575, 11.583318
6.971153, 11.684744
6.969766, 11.794815
6.972718, 11.896311
6.973331, 11.989707
6.967636, 12.083594
6.966746, 12.202809
6.974295, 12.322090
6.979131, 12.432012
6.977268, 12.534024
6.973296, 12.635646
6.965095, 12.737166
6.953363, 12.830131
6.931387, 12.920286
6.907105, 13.002381
6.882776, 13.092057
6.854269, 13.173370
6.820653, 13.269253
6.770603, 13.370487
6.737296, 13.409555
8169f839-d068-4bc4-bf12-8125e049717a
7.122376, 7.130701
7.171378, 7.171901
7.206023, 7.196020
7.237930, 7.222099
7.266057, 7.237248
7.305842, 7.251881
7.391948, 7.289071
7.467506, 7.332999
7.524021, 7.367585
7.564498, 7.387092
7.635509, 7.413008
7.731532, 7.452041
7.768829, 7.473666
7.810947, 7.498085
7.834969, 7.514302
7.891529, 7.544940
7.930636, 7.569228
7.975952, 7.600585
8.027991, 7.632630
8.066885, 7.665369
8.102270, 7.703329
8.143553, 7.739222
8.186774, 7.777152
8.229819, 7.815281
8.272689, 7.853609
8.323835, 7.891659
8.369814, 7.926195
8.415634, 7.960941
8.498552, 8.016999
8.530571, 8.045873
8.585045, 8.097012
8.645662, 8.156761
8.691781, 8.204321
8.726503, 8.242277
8.753761, 8.280946
817ce2ae-b471-4a71-9423-d68a97875c57
7.250546, 7.896787
7.293153, 7.905236
7.345692, 7.918707
7.379184, 7.931929
7.425948, 7.956404
7.471316, 7.977099
7.525088, 8.001627
7.567170, 8.029048
7.638879, 8.073301
7.696519, 8.108871
7.754159, 8.144441
7.809987, 8.188780
7.854294, 8.225880
7.899733, 8.263927
7.942338, 8.307952
960a8a7c-3430-4dad-b244-b760ec1d8f09
6.813129, 6.270834
6.876924, 6.278050
6.914296, 6.281179
6.954374, 6.286188
7.016575, 6.298487
7.072604, 6.321572
7.148919, 6.348158
7.225411, 6.354925
7.294498, 6.359534
7.368106, 6.377501
7.415651, 6.390647
7.466455, 6.403143
7.509129, 6.410556
7.591177, 6.425303
7.617212, 6.434545
7.667000, 6.450629
7.717226, 6.465283
7.769705, 6.477475
7.807344, 6.489293
7.847730, 6.501974
7.888116, 6.514654
7.926628, 6.528315
7.966778, 6.547320
8.010701, 6.569768
8.055936, 6.592886
8.093631, 6.612150
8.116119, 6.625324
8.140084, 6.637628
a38aa241-c7d6-415e-ab10-1516e92ddb01
7.242143, 8.157703
7.292988, 8.170588
7.335918, 8.183166
7.367886, 8.197852
7.397543, 8.207640
7.430232, 8.217834
7.463399, 8.226348
7.489060, 8.237829
7.502945, 8.233919
7.523254, 8.234420
7.553968, 8.238172
7.594323, 8.244609
7.641062, 8.255096
7.682370, 8.264364
7.711562, 8.272449
7.737882, 8.278184
ab99bbec-7e57-4e8c-8ad6-25bf114bb2da
6.930550, 12.122067
6.890472, 12.139486
6.849708, 12.157198
6.801057, 12.189877
cd30bb39-a997-4fbd-b685-4ba1d97c18ef
6.879544, 6.855849
6.839373, 6.879684
6.783685, 6.910886
6.739805, 6.945204
6.702227, 6.968893
6.654428, 6.990178
6.612417, 7.013427
6.569820, 7.037000
6.485133, 7.123044
6.431593, 7.166773
6.392250, 7.206939
6.346312, 7.251696
6.311364, 7.300819
6.273155, 7.362268
6.238352, 7.423909
6.207418, 7.463479
6.153378, 7.529237
6.117300, 7.575497
6.076425, 7.635204
6.013961, 7.725238
5.959863, 7.792300
5.917111, 7.842910
5.886228, 7.886428
5.847384, 7.943750
5.810986, 8.008135
5.775955, 8.060978
5.729175, 8.131543
5.696428, 8.180939
5.672708, 8.222135
5.642398, 8.293525
87e084e5-bd0e-49ff-b4e3-9e710743c738
6.760551, 6.539386
6.692471, 6.548497
6.628410, 6.603038
6.585242, 6.625309
6.504819, 6.643451
6.412568, 6.700198
6.342259, 6.755913
6.242259, 6.798015
6.136954, 6.842713
6.037542, 6.867059
5.947980, 6.893645
5.868944, 6.907980
5.839458, 6.916370
0bb3b6c5-7201-411a-8f32-49e277028543
6.930022, 6.896869
6.799589, 6.900230
6.740934, 6.874990
6.685098, 6.849545
6.641420, 6.834764
6.593350, 6.823783
6.506486, 6.796535
6.427947, 6.768750
6.383208, 6.761695
6.313985, 6.765053
6.251380, 6.793963
6.183520, 6.824645
6.045625, 6.864910
5.925700, 6.899932
5.899228, 6.907719
9897cbeb-58b4-476f-8eb0-fb05673bcf1b
6.783658, 6.533666
6.623016, 6.571039
6.586140, 6.588796
6.538812, 6.627393
6.454771, 6.669330
6.380148, 6.727885
6.263968, 6.789213
6.154416, 6.836593
6.073957, 6.894180
6.035166, 6.921227
5.986181, 6.957210
5.950997, 6.979339
5.849950, 7.017440
5.780392, 7.040468
5.724455, 7.068448
5.652289, 7.114586
5.609979, 7.132754
5.530970, 7.164423
5.468935, 7.187676
5.428649, 7.207572
5.388115, 7.229256
5.306982, 7.290339
5.252577, 7.333173
5.212001, 7.357500
5.148185, 7.390523
5.094998, 7.420382
5.040209, 7.446061
bdddbdd4-e9f6-4819-80ae-ca16a515a5f5
6.547546, 6.159930
6.489645, 6.200747
6.428720, 6.255366
6.407132, 6.293443
6.377002, 6.340517
6.343486, 6.381774
6.296060, 6.456049
6.270126, 6.567016
6.250856, 6.649463
6.247134, 6.691694
6.223044, 6.704788
6.203993, 6.725379
6.164936, 6.760984
6.115367, 6.796045
6.060425, 6.833074
6.028507, 6.869566
5.992011, 6.920721
72934db5-6790-45a7-991a-dbe6887fcc20
6.564703, 6.007057
6.522267, 6.058620
6.483903, 6.097485
6.428503, 6.167106
6.405858, 6.193160
6.347224, 6.242773
6.308793, 6.271369
6.274214, 6.300829
6.255218, 6.313081
6.235211, 6.320641
b7f12619-8e3d-4dc2-b01b-b5acfc5295a8
6.580263, 5.825423
6.479629, 5.814046
6.413904, 5.804436
6.316690, 5.798615
6.224753, 5.790614
6.167772, 5.790494
6.108526, 5.790367
6.068313, 5.790278
5.975640, 5.805852
5.914754, 5.819120
5.862581, 5.822830
5.790862, 5.832431
5.730717, 5.842576
5.682351, 5.861250
5.620875, 5.881776
5.557571, 5.901335
5.489888, 5.926948
5.427406, 5.948993
5.376930, 5.974739
5.313977, 6.013570
5.257790, 6.042952
5.169860, 6.093708
5.117431, 6.127428
5.068479, 6.155351
5.015880, 6.188801
4.963108, 6.233002
4.918416, 6.262625
4.868171, 6.299520
4.831496, 6.311595
4.804183, 6.328133
4.747539, 6.358930
4.685302, 6.401354
4.629988, 6.437317
4.572148, 6.480351
4.518687, 6.516394
4.462414, 6.556068
4.406982, 6.596909
4.352416, 6.638897
4.299380, 6.693026
4.266967, 6.721781
4.223193, 6.752594
4.161564, 6.810387
4.118115, 6.859322
4.078813, 6.903565
4.040126, 6.958385
4.004556, 6.998404
3.958276, 7.052725
3.920601, 7.095109
b95161d9-aeb4-4bf2-bc9a-49672fd5f564
6.593926, 5.823972
6.451447, 5.808185
6.349990, 5.799752
6.256616, 5.817773
6.211518, 5.826690
6.172356, 5.831381
6.136628, 5.835661
6.108792, 5.842009
6.065268, 5.855006
6.024705, 5.867117
5.984143, 5.879228
5.941569, 5.895063
5.900131, 5.913671
5.847452, 5.926211
5.804048, 5.939621
5.770748, 5.954608
5.727211, 5.980768
5.661892, 6.020016
5.626115, 6.039767
5.584669, 6.059228
5.547066, 6.075230
5.502700, 6.089232
5.452303, 6.108275
5.396864, 6.129223
5.339683, 6.154029
5.285314, 6.177615
5.228613, 6.207106
5.168525, 6.238359
5.114034, 6.271762
5.070723, 6.298312
5.020689, 6.327228
4.977800, 6.348556
4.939220, 6.369414
4.894533, 6.393573
4.857295, 6.413706
4.821267, 6.429781
4.795043, 6.448037
4.758808, 6.480558
4.732486, 6.496138
4.695005, 6.521802
4.652511, 6.545456
4.608705, 6.568128
4.571153, 6.582508
4.523710, 6.600674
4.485902, 6.611946
4.447347, 6.620317
4.405978, 6.629299
4.250086, 6.673099
4.225748, 6.680665
4.192953, 6.692545
4.162535, 6.702089
4.131731, 6.710302
4.098477, 6.720833
4.067695, 6.729128
4.032358, 6.743416
4.006229, 6.747522
3.980385, 6.749955
3.967303, 6.759415
3.924945, 6.772196
7639c3a2-f107-4f60-b3e7-1cdb6ad6a6b4
6.557371, 5.886451
6.485956, 5.878945
6.411662, 5.877518
6.331085, 5.889323
6.261020, 5.910600
6.196475, 5.931710
6.121079, 5.964709
6.064399, 5.994740
6.011667, 6.049197
5.967834, 6.094033
5.926393, 6.131711
5.882963, 6.165363
5.820850, 6.221359
5.770544, 6.266711
5.719799, 6.320519
5.663643, 6.386198
5.634592, 6.417872
fd00555d-dc11-4fb6-afe4-423e2727b525
6.549117, 5.886455
6.462460, 5.876748
6.358399, 5.885621
6.279257, 5.899382
6.227250, 5.920720
6.153500, 5.951640
6.100782, 5.975941
6.057396, 5.999303
5.988664, 6.020265
5.950960, 6.033176
5.891292, 6.059406
5.840929, 6.073513
5.792052, 6.084091
5.736999, 6.108517
5.682549, 6.146779
5.632618, 6.189179
5.587802, 6.223304
5.564774, 6.248359
5.524860, 6.296210
5.445330, 6.354680
5.373970, 6.401994
5.308779, 6.452402
5.247960, 6.503213
5.171896, 6.558537
5.117121, 6.598378
5.063006, 6.634036
4.986592, 6.686909
4.931267, 6.723368
4.874280, 6.762716
4.813633, 6.812303
4.761408, 6.853068
4.726111, 6.882519
4.688160, 6.920031
4.639950, 6.973993
4.594945, 7.026616
4.551637, 7.068041
4.480992, 7.126885
4.429331, 7.166020
4.375628, 7.204825
4.304460, 7.261469
4.243407, 7.321539
4.189128, 7.370747
4.121713, 7.434700
4.072799, 7.472852
4.018613, 7.520810
3.968667, 7.553022
3.911301, 7.591800
3.860044, 7.628253
3.803793, 7.673769
3.750473, 7.722687
3.700565, 7.768476
3.650930, 7.807920
3.583026, 7.859234
3.528986, 7.900072
3.474945, 7.940909
3.429463, 7.979617
