main root
6.344429, 4.459573
6.302144, 4.714179
6.294850, 4.809746
6.277226, 4.873875
6.151878, 5.058932
6.067442, 5.333690
6.009396, 5.536989
5.969461, 5.691781
5.946690, 5.813533
5.928167, 5.934613
5.925432, 6.007928
5.922334, 6.050796
5.950149, 6.307500
5.952464, 6.448047
5.963412, 6.620217
5.977588, 6.777602
5.973865, 6.853506
5.973572, 6.901809
5.971619, 7.059823
5.958433, 7.200880
5.945041, 7.344145
5.942264, 7.463752
5.952486, 7.560744
5.971355, 7.701997
5.974437, 7.758984
6.019838, 7.883431
6.026623, 8.027356
6.043186, 8.245500
6.038780, 8.368271
6.035598, 8.513730
6.027731, 8.588931
6.017345, 8.645048
6.005078, 8.847336
5.997859, 8.932143
5.984372, 9.017242
5.969005, 9.100957
5.964299, 9.184018
5.957416, 9.268853
5.952671, 9.352985
5.937430, 9.439048
5.931130, 9.522192
5.917296, 9.620746
5.913925, 9.689525
5.912126, 9.761496
dbaac0b8-5995-4bfe-961f-81f830815332
6.319273, 4.975041
6.484418, 5.100341
6.537059, 5.130888
6.544907, 5.169252
6.569941, 5.190160
6.594586, 5.261044
6.644042, 5.313874
6.724966, 5.459650
6.838544, 5.545460
6.899341, 5.591394
6.958041, 5.637619
7.040825, 5.708576
7.117384, 5.768008
7.173299, 5.815204
7.244135, 5.863220
7.276142, 5.892128
7.336870, 5.942922
7.391054, 5.992122
7.451646, 6.043076
7.509917, 6.092054
7.546517, 6.138460
7.593955, 6.193798
7.650789, 6.241700
7.697872, 6.287255
7.740851, 6.335502
7.880849, 6.433811
7.947321, 6.476811
7.971056, 6.509990
8.008460, 6.557160
8.045519, 6.599106
8.104333, 6.656659
8.156609, 6.709907
8.209948, 6.764214
8.259066, 6.818471
8.310164, 6.874889
8.369733, 6.931714
8.420590, 6.984343
8.469267, 7.038996
8.496004, 7.087018
8.532999, 7.153503
8.560675, 7.190958
8.616364, 7.253737
8.654189, 7.309909
8.711046, 7.383047
8.752622, 7.436526
8.787199, 7.478567
169f549b-ee28-4a2d-a3bb-fb44b1eddd79
6.350341, 4.823109
6.418895, 4.897413
6.444807, 4.929912
6.465672, 4.960883
6.500096, 5.042694
6.530923, 5.100516
6.551769, 5.145979
6.572502, 5.198378
6.737514, 5.284600
6.819119, 5.326160
6.899096, 5.356814
6.960582, 5.388394
7.050958, 5.434813
7.095485, 5.466095
7.162187, 5.515491
7.195815, 5.542256
7.270509, 5.586480
7.327875, 5.627400
7.385730, 5.672350
7.450102, 5.718571
7.524528, 5.760956
7.586659, 5.799784
7.638902, 5.843021
7.689173, 5.892398
7.784977, 5.958121
7.851972, 6.000451
7.908130, 6.043014
7.981269, 6.101089
8.037753, 6.138293
8.212905, 6.261404
8.278747, 6.298534
8.307659, 6.319994
8.359955, 6.360674
8.411318, 6.402525
8.461723, 6.445525
8.489209, 6.474876
8.537623, 6.524386
8.578629, 6.572743
8.632982, 6.625272
8.679569, 6.672379
8.737782, 6.720597
8.787838, 6.764003
8.832679, 6.808828
8.886931, 6.856714
8.935601, 6.901669
8.987474, 6.947543
9.027651, 6.993063
9.064780, 7.032869
9.098557, 7.062499
9.197123, 7.131650
9.229838, 7.166257
a39a6f79-7f66-4496-b682-1fa3256b1e2b
6.355147, 4.830939
6.403830, 4.936774
6.483110, 5.015338
6.670346, 5.236573
6.764616, 5.543445
6.799673, 5.639824
6.810299, 5.677804
6.820830, 5.704340
6.830195, 5.727947
6.843446, 5.753235
6.863314, 5.778257
6.889627, 5.811400
6.915942, 5.844545
6.946464, 5.878174
6.973021, 5.934900
6.984686, 5.959820
7.006103, 5.991461
7.033979, 6.027308
7.068364, 6.061768
7.096701, 6.109073
7.182703, 6.199889
7.211807, 6.230618
7.236681, 6.261230
7.267584, 6.294511
7.296384, 6.325524
7.342106, 6.357163
7.358832, 6.372373
7.385917, 6.401047
7.414981, 6.431812
7.439817, 6.462456
7.466466, 6.495335
7.493119, 6.528213
7.514237, 6.559013
7.532821, 6.591407
7.545463, 6.613440
7.601538, 6.774301
7.630720, 6.821630
7.647387, 6.848657
7.665485, 6.883703
7.680875, 6.920021
7.705239, 6.962166
7.721280, 6.995891
7.735471, 7.032693
7.754571, 7.073898
7.762172, 7.097407
7.775194, 7.137678
7.791987, 7.179874
7.811527, 7.220871
7.820854, 7.254346
7.839590, 7.299275
7.859796, 7.339948
7.878629, 7.377850
7.897464, 7.415751
7.916300, 7.453651
7.939149, 7.492898
7.944811, 7.514518
7.970151, 7.564009
7.978666, 7.587202
7.997096, 7.628709
8.018225, 7.668912
8.033874, 7.705117
8.058537, 7.747086
8.075885, 7.782509
8.098507, 7.821890
8.114454, 7.855659
8.126209, 7.880542
0f9bea74-18c3-473d-becf-2cf072fa6ec5
6.182078, 5.140678
6.180203, 5.333573
6.216915, 5.486153
6.264901, 5.670093
6.330096, 5.818783
6.437610, 5.965603
6.486986, 6.075777
6.513598, 6.129938
6.545016, 6.222577
6.557839, 6.280114
a56ee50d-6086-4931-96ab-caeb495e5627
6.024121, 5.588001
6.086180, 5.598537
6.115732, 5.601422
6.132347, 5.616382
6.172214, 5.650263
6.216509, 5.703031
6.255498, 5.742493
6.299670, 5.778682
6.323061, 5.795911
6.350345, 5.828536
6.371321, 5.855950
6.395896, 5.895459
6.423670, 5.937278
1eac6813-b9c7-4fb4-a57b-768fd8c589e2
6.447367, 4.813300
6.473573, 4.902551
6.496971, 4.975931
5034160d-4ef4-4401-9c2e-8bbd8ca8f911
5.947862, 6.039557
6.026435, 6.104073
6.058758, 6.118944
6.079737, 6.131932
6.101637, 6.133111
6.137070, 6.139515
6.180262, 6.145802
6.244611, 6.141643
6.281883, 6.133235
6.348803, 6.123877
6.403347, 6.123707
ac149503-a0ee-492d-8f90-2ee06a56f3eb
5.891279, 5.628056
5.807965, 5.602736
5.769331, 5.589431
5.731212, 5.574719
5.691836, 5.564335
5.647026, 5.554066
5.575736, 5.550930
5.540895, 5.552394
5.490889, 5.551498
