main root
6.525674, 4.593360
6.519934, 4.844234
6.463314, 4.976577
6.416487, 5.059220
6.414147, 5.181520
6.407668, 5.299615
6.401639, 5.409509
6.375949, 5.532863
6.371861, 5.604229
6.371395, 5.721877
6.375222, 5.823336
6.380827, 5.916092
6.387979, 6.000062
6.409207, 6.099755
6.420571, 6.193520
6.426408, 6.266558
6.426032, 6.337026
6.450663, 6.370359
6.474228, 6.490081
6.493851, 6.589770
6.503766, 6.683706
6.517429, 6.792996
6.521916, 6.879038
6.528374, 6.963065
6.534862, 7.047483
6.546157, 7.139550
6.563676, 7.230520
6.571862, 7.316895
6.588936, 7.407873
6.592674, 7.452136
6.583471, 7.525083
6.594283, 7.627971
6.596427, 7.691334
6.597172, 7.757580
6.602473, 7.829744
6.598959, 7.884047
6.598777, 7.956407
6.597114, 8.022636
6.591037, 8.085744
6.596665, 8.167862
6.602891, 8.236825
6.604106, 8.300213
6.609982, 8.372335
6.613869, 8.438473
6.625751, 8.513119
6.634686, 8.578764
6.645506, 8.647157
6.650954, 8.710323
6.658396, 8.779166
6.661069, 8.817824
6.651068, 8.858932
277aefcb-43c7-4f11-a85b-cc51ef73a52d
6.508030, 4.769377
6.590197, 4.819645
6.621144, 4.836823
6.641316, 4.849733
6.665991, 4.867301
6.687317, 4.887999
6.717969, 4.911490
6.742751, 4.932369
6.770760, 4.954009
6.785387, 4.974768
6.797932, 4.995170
6.812086, 4.997410
6.826236, 5.011688
6.855889, 5.041607
6.885452, 5.067185
bbc3ea9b-e1a3-4942-8ffa-e1e7ed844182
6.449096, 5.080369
6.497351, 5.109727
6.523403, 5.132652
6.541570, 5.130574
75e13a53-c85c-48fd-acf9-dae1512cbb31
6.386458, 5.280647
6.476430, 5.306872
