main root
6.836811, 4.721224
6.811440, 4.974169
6.798975, 5.098429
6.847729, 5.341265
6.865452, 5.513681
6.896505, 5.663661
6.901674, 5.801393
6.924310, 5.999557
6.935733, 6.120707
6.942189, 6.202160
6.925807, 6.295999
6.909100, 6.349814
6.888065, 6.510345
6.877188, 6.601663
6.860016, 6.710049
6.844206, 6.836676
6.824290, 6.944950
6.811091, 7.028172
6.807695, 7.097361
6.792957, 7.134829
6.777820, 7.482025
6.784881, 7.560615
6.751867, 7.629997
6.752081, 7.741566
6.733205, 7.867014
6.718997, 7.975669
6.705697, 8.093652
6.694105, 8.177972
6.683600, 8.243382
6.681514, 8.294131
6.666425, 8.417638
6.667340, 8.496537
6.651368, 8.603532
6.640108, 8.668817
6.632259, 8.740748
6.623585, 8.806428
6.613431, 8.871896
6.606799, 8.943950
6.593826, 9.003257
6.585065, 9.078332
6.573277, 9.140627
6.564262, 9.212421
6.554526, 9.277953
6.548355, 9.350048
6.535761, 9.409437
6.522865, 9.477468
6.518950, 9.522228
5256829a-11c4-4101-b888-d533023242e3
6.758658, 4.942468
6.705788, 4.960908
6.672906, 4.971423
6.612635, 4.996994
6.553374, 5.031906
6.504597, 5.071077
6.468019, 5.088917
6.454952, 5.118303
6.441179, 5.153388
6.355909, 5.262240
6.282577, 5.325388
6.202927, 5.402745
6.147438, 5.454700
6.036824, 5.564329
5.912042, 5.725389
5.684817, 5.944275
5.630213, 5.996780
5.576649, 6.056500
5.526712, 6.125623
5.481638, 6.182903
5.427641, 6.258326
5.392102, 6.300252
5.369531, 6.336139
ea10b745-6162-4cfa-a3c1-decf8236cc3e
6.764197, 5.025526
6.718868, 5.041135
6.649482, 5.061369
6.568427, 5.127310
6.509767, 5.171172
6.447045, 5.218070
6.413628, 5.250534
5.939291, 5.681213
5.895149, 5.756166
5.864099, 5.802990
5.834846, 5.847050
5.822559, 5.884498
5.703900, 6.016267
5.668481, 6.055423
5.634491, 6.096909
5.619632, 6.129028
5.596432, 6.186028
5.572632, 6.236248
5.546058, 6.285056
5.518637, 6.338551
5.491253, 6.375568
5.438985, 6.442739
5.397913, 6.500394
5.359317, 6.559735
5.318091, 6.630832
5.293671, 6.672948
c55321e1-64ef-41d1-b0ee-49988790e381
6.819942, 4.814146
6.944685, 4.993070
6.982073, 5.044259
7.000787, 5.069896
7.019933, 5.091062
7.052510, 5.122629
7.084989, 5.152017
7.099596, 5.169270
7.116008, 5.188656
7.153863, 5.233383
7.181197, 5.258124
7.194236, 5.275457
7.206440, 5.299795
7.219883, 5.307630
7.260194, 5.353634
7.292056, 5.385453
7.333991, 5.427331
7.361210, 5.458743
7.377779, 5.482436
7.397871, 5.516389
7.419429, 5.552820
7.449610, 5.603823
7.471930, 5.632725
7.508471, 5.675146
7.545118, 5.715396
d734a992-80c3-43d3-ba4d-c571ef7e4435
6.793824, 5.196454
6.759376, 5.204368
6.733140, 5.229263
6.675708, 5.277460
6.597535, 5.338818
6.559751, 5.364632
6.517598, 5.412126
6.478867, 5.464736
6.444459, 5.516475
6.413410, 5.574027
6.373730, 5.589035
6.365272, 5.619789
6.311818, 5.690518
6.270328, 5.755735
6.244196, 5.796811
6.118802, 5.951986
6.082428, 5.992175
6.078198, 6.023420
6.033046, 6.107915
5.991141, 6.181936
5.957210, 6.238838
5.926994, 6.271975
5.881262, 6.319908
5.859592, 6.353459
5.823738, 6.414493
5.800158, 6.448721
5.766815, 6.484123
78830fdf-e90b-4adc-8422-fbe154d56501
6.841208, 5.074067
6.758253, 5.359328
6.744910, 5.402310
6.731941, 5.428847
6.720533, 5.455533
6.709633, 5.492384
6.699042, 5.522812
6.685822, 5.547045
6.660092, 5.593872
6.607473, 5.710290
6.584785, 5.790547
6.570171, 5.825738
6.552316, 5.864834
6.536906, 5.887764
6.511299, 5.920503
6.474012, 5.960885
6.435327, 6.004990
6.408670, 6.033109
6.370721, 6.083168
6.348590, 6.142975
6.340522, 6.186336
6.334122, 6.261647
6.324293, 6.324278
6.319305, 6.365719
6.193659, 6.689682
6.178355, 6.729137
6.163050, 6.768591
6.149450, 6.811917
6.138735, 6.856048
6.129042, 6.883286
6.112124, 6.917434
6.090250, 6.964955
6.074168, 7.003472
6.066795, 7.032783
6.061169, 7.061284
6.064499, 7.098510
6.065703, 7.128777
416d1811-b116-464d-bcf1-7203ba607898
6.868583, 5.312833
6.935407, 5.367605
6.957856, 5.387940
6.976681, 5.404993
7.030866, 5.471315
7.079478, 5.504793
7.123398, 5.533222
7.183435, 5.573174
de80976a-26d6-411b-8b4f-f90ad4d76dd7
6.732209, 4.732595
6.709555, 4.737486
6.634747, 4.772047
6.579024, 4.797791
6.526417, 4.820424
6.383405, 4.880599
6.346252, 4.900283
6.324743, 4.909129
6.304109, 4.911942
6.260557, 4.924669
6.229575, 4.940732
92b1efe2-ceeb-441a-9e75-7c9076a1c581
6.938871, 5.755397
7.015159, 5.763707
7.056215, 5.778508
7.108849, 5.789778
7.152926, 5.792056
7.234873, 5.801562
e5019b99-e662-496e-bd64-835c70cd3d5c
6.977229, 6.050438
7.045933, 6.061691
7.161896, 6.081131
7.197238, 6.089518
7.222210, 6.096982
7.244849, 6.106873
7.264183, 6.118586
bccc8b27-5cd4-4d2a-b9bd-a014adf12dae
6.814623, 4.809201
6.994021, 5.007497
7.067793, 5.116336
7.155144, 5.277602
