main root
6.244285, 4.273154
6.275232, 4.444267
6.302549, 4.668868
6.317608, 4.853542
6.328326, 4.984988
6.335158, 5.094811
6.343573, 5.196012
6.342382, 5.282020
6.340976, 5.383615
6.337122, 5.510308
6.327208, 5.628080
6.306149, 5.710878
6.269663, 5.811398
6.258765, 5.962480
6.241647, 6.033599
6.233455, 6.080426
6.229931, 6.135310
6.225048, 6.211354
6.222649, 6.272091
6.221812, 6.345775
6.221356, 6.385989
6.229958, 6.496431
6.229732, 6.551373
6.232436, 6.622110
6.230688, 6.693939
6.231960, 6.764718
6.227235, 6.835028
6.227440, 6.898946
6.223153, 6.962201
6.218573, 7.029778
6.214812, 7.107399
6.208623, 7.192290
6.200778, 7.238152
6.197361, 7.267002
6.197557, 7.303520
6.202346, 7.358784
6.206731, 7.409394
6.208607, 7.465715
6.209034, 7.523502
6.212549, 7.594207
6.214764, 7.668892
6.215231, 7.735144
6.214201, 7.801388
6.214622, 7.870633
6.212022, 7.935390
6.208208, 7.993053
6.203738, 8.060639
6.202894, 8.141449
6.200705, 8.207666
6.197020, 8.273821
6.194665, 8.343028
6.190916, 8.409180
6.184264, 8.473643
6.180851, 8.535883
6.180430, 8.598214
6.176944, 8.671399
6.174123, 8.730598
6.169879, 8.788233
6.170436, 8.862194
6.167994, 8.935419
6.168912, 8.997740
6.171302, 9.058469
6.177074, 9.129016
6.181908, 9.188084
6.186741, 9.247150
6.191575, 9.306216
6.192317, 9.351998
6.193176, 9.404908
b7866466-2cb8-4412-87ce-b13b5cc1fe12
6.270195, 4.755923
6.211531, 4.774765
6.149696, 4.797973
