main root
7.408460, 4.625241
7.291708, 4.939476
7.277126, 5.012635
7.127952, 5.167485
7.036079, 5.220511
6.944100, 5.293639
6.860867, 5.383064
6.788632, 5.494656
6.696123, 5.663157
6.657899, 5.797911
6.599816, 6.004072
6.598625, 6.163527
6.586286, 6.635624
6.590448, 6.790699
6.600094, 6.881300
6.606919, 6.964005
6.597067, 7.020962
6.597953, 7.064463
6.600816, 7.131533
6.639394, 7.241279
6.670638, 7.411433
6.683713, 7.584288
6.707418, 7.687993
7038ccec-6578-418f-a92d-65f7621b5591
7.087497, 5.273129
7.095327, 5.339438
7.116490, 5.401203
7.124266, 5.451438
7.120111, 5.483638
7.140617, 5.506116
7.157641, 5.549213
7.225286, 5.654299
7.264017, 5.711703
7.317110, 5.813545
7.329643, 5.847300
7.347612, 5.899994
7.367869, 5.998999
7.382789, 6.064450
7.396973, 6.124034
7.438765, 6.219764
7.446358, 6.328947
7.463366, 6.434975
7.478599, 6.516874
7.491957, 6.600004
7.510151, 6.699901
7.532488, 6.798939
7.549253, 6.873267
7.567807, 6.948726
7.579853, 7.010252
a938d816-ef84-4bce-9d37-3debca96b291
7.205819, 5.134869
7.243990, 5.199061
7.272855, 5.241727
7.317634, 5.305244
7.339781, 5.347050
7.369550, 5.400043
7.398645, 5.457952
7.440892, 5.528697
7.472364, 5.581399
7.574345, 5.657093
7.632457, 5.710096
7.724424, 5.785410
7.804667, 5.851123
7.841007, 5.891759
7.889693, 5.948446
7.928045, 6.000447
8.005037, 6.070213
8.053114, 6.115798
8.082093, 6.149464
8.119949, 6.200322
8.166673, 6.255576
8.204079, 6.306765
8.258683, 6.363728
8.299205, 6.412489
8.344601, 6.464777
8.380559, 6.515326
8.410500, 6.552250
c39f853e-749b-44ad-9d65-a3f4e5ab82f5
7.328620, 5.046195
7.378122, 5.082323
7.412809, 5.127917
7.435199, 5.164763
7.466933, 5.214104
7.499029, 5.250176
7.539825, 5.300529
7.583450, 5.347239
7.627564, 5.396666
7.659276, 5.434444
7.689830, 5.473170
7.714740, 5.504744
7.905640, 5.653722
8.000842, 5.750368
8.024831, 5.778987
8.052004, 5.811389
8.062473, 5.837850
8.071806, 5.861464
8.086756, 5.871866
8.123251, 5.920953
8.155540, 5.961873
8.197499, 6.015048
8.236316, 6.061824
8.275355, 6.113558
8.311058, 6.160868
8.333641, 6.195762
8.355953, 6.235746
8.382795, 6.286921
8.402351, 6.330647
8.434456, 6.387767
8.459420, 6.438292
8.486741, 6.490209
8.538634, 6.599764
8.560254, 6.612894
8.646743, 6.711737
8.715963, 6.797272
8.771733, 6.869530
8.796793, 6.904448
8.812734, 6.946019
a3b3cec9-b96a-48fc-903c-95e7de3b2ca7
7.393521, 4.935697
7.473807, 5.034498
7.549856, 5.121391
7.587627, 5.151774
7.655353, 5.198153
7.724286, 5.242845
7.758030, 5.264723
7.911009, 5.316429
7.981191, 5.340151
8.073708, 5.393490
8.106864, 5.426427
8.136625, 5.451773
8.175568, 5.471175
8.268413, 5.487863
8.323066, 5.518409
8.375566, 5.559864
8.468589, 5.633319
8.545441, 5.683219
8.622607, 5.735833
8.666331, 5.765642
851f1c3b-a6af-4015-a562-f12cc4a7b4ef
7.393404, 4.924318
7.480214, 5.022513
7.563186, 5.120910
7.655397, 5.188166
7.748218, 5.294526
7.805321, 5.341639
7.891543, 5.405224
7.950080, 5.441927
7.998839, 5.476954
8.053652, 5.513609
8.105511, 5.549230
8.145524, 5.587608
8.213063, 5.638110
08274450-2a21-47e6-b65e-3ec23a84276c
7.314714, 4.814722
7.149921, 4.836675
7.066938, 4.826336
6.988438, 4.795914
6.952875, 4.780527
6.909639, 4.755205
6.840644, 4.725754
6.801723, 4.709140
6.762804, 4.692525
6.735519, 4.684128
6.695075, 4.671678
6.629517, 4.651531
6.592639, 4.635501
6.546022, 4.616869
6.518525, 4.607492
6.492585, 4.600225
94d7f175-3b2c-4e76-bdff-e6aea21c168f
6.528881, 6.267815
6.480492, 6.282684
6.407282, 6.312253
53fea071-3889-4acf-ae54-2484c0be34b7
6.775312, 5.356683
6.726653, 5.346850
6.632031, 5.335926
6.583642, 5.338808
6.536450, 5.340120
