main root
6.681246, 5.368976
6.672020, 5.532868
6.663711, 5.663573
6.621673, 5.829427
6.595683, 6.014088
6.565666, 6.236987
6.548508, 6.395089
6.535018, 6.537630
6.515773, 6.703412
6.513834, 6.898495
6.513714, 7.105280
6.503888, 7.250203
6.514106, 7.376930
6.515516, 7.545435
6.502133, 7.685894
6.686870, 7.870962
6.725856, 8.065416
6.780511, 8.215398
6.804182, 8.317174
6.829732, 8.415146
6.835382, 8.461212
3a37317c-d314-4481-bc91-524a03c41b0b
6.753334, 5.503170
6.833926, 5.530498
6.892900, 5.534861
6.939541, 5.541955
6.979855, 5.547821
7.001587, 5.554073
7.024338, 5.563724
7.059349, 5.581817
7.104990, 5.598653
7.148512, 5.611509
7.196509, 5.619435
7.245119, 5.621385
7.287037, 5.643065
7.306858, 5.638740
7.374186, 5.652565
7.424867, 5.667557
7.471551, 5.681366
2cbcf96f-241d-4070-b156-80c30418f0b8
6.555938, 7.183347
6.598292, 7.205156
6.624274, 7.234574
