main root
6.603858, 4.388069
6.578525, 4.630837
6.560859, 4.713603
6.532996, 4.803853
6.504909, 4.852047
6.548255, 4.898265
6.568127, 5.043079
6.592419, 5.158567
6.621322, 5.265138
6.653978, 5.361306
6.682690, 5.459014
6.708947, 5.548370
6.729349, 5.640185
6.743851, 5.724564
6.760214, 5.802103
6.770627, 5.873191
6.779108, 5.974875
6.784113, 6.059844
6.791138, 6.143817
6.796165, 6.228785
6.799121, 6.313853
6.802648, 6.415387
6.802200, 6.488656
6.792808, 6.555822
6.813753, 6.592775
6.814482, 6.696036
6.819342, 6.788661
6.826481, 6.867588
6.819870, 6.910800
6.810586, 6.971477
6.808875, 7.022239
6.809200, 7.101487
6.821535, 7.189610
6.821079, 7.251137
6.820388, 7.344273
6.818337, 7.418957
6.816246, 7.495123
6.813690, 7.588213
6.810143, 7.662850
6.807950, 7.740533
6.807200, 7.842071
6.805213, 7.908297
6.804634, 7.977544
6.801667, 8.079201
6.795027, 8.164562
6.790493, 8.242146
6.781827, 8.313476
6.769572, 8.414340
6.757771, 8.486649
6.747970, 8.565286
6.746347, 8.650920
6.736094, 8.717954
6.720859, 8.803655
6.710656, 8.843946
6.739540, 9.149236
6.734501, 9.207216
6.735104, 9.252144
6.734495, 9.318390
6.735413, 9.381279
6.740954, 9.453424
6.741320, 9.516821
6.774517, 9.546225
6.795125, 9.666511
6.822641, 9.764481
6.843654, 9.846968
6.854322, 9.922448
6.858729, 10.018150
8e950ffe-991b-4d11-bb41-1ef668ed669c
6.583298, 4.672996
6.689023, 4.864306
6.715124, 4.931850
6.736421, 4.969778
6.758150, 5.005417
cb3e42e7-a942-4a69-a621-daa6d4a770bf
6.597650, 4.525433
6.734014, 4.685169
6.773593, 4.731771
6.811795, 4.781436
6.868835, 4.825335
