main root
6.702074, 3.611517
7.004525, 4.412907
7.083801, 4.838827
7.115643, 4.969881
7.078829, 5.199647
6.955462, 5.471906
6.828947, 5.615032
6.582260, 5.956623
6.489407, 6.149845
6.285512, 6.828912
6.180243, 7.197937
6.080775, 7.874540
5.992578, 8.415168
5.995277, 9.046083
6.056922, 9.932394
6.032381, 10.455064
5.969327, 11.215185
5.944313, 11.742467
1691065a-2157-4d50-85ae-b49c045ecd33
6.453091, 6.256892
6.299929, 6.287387
6.128849, 6.310273
5.997282, 6.336648
5.842963, 6.340580
662d524e-792e-478f-9491-0bd50e0c744f
6.875277, 5.569167
6.604299, 5.560215
6.025851, 5.333365
822da9e8-81f7-462e-a31c-419ea6eb7368
7.025248, 4.485650
7.119417, 4.481490
7.264265, 4.446497
7.410270, 4.444892
7.720455, 4.374391
190aca26-70b4-4d0f-92fe-7fd311a0b6e5
6.809045, 3.774721
6.952959, 3.913413
7.090583, 4.014452
7.310489, 4.084475
7.415001, 4.121951
7.714703, 4.209137
7.847936, 4.273258
8.009107, 4.315275
8.111909, 4.330884
8.513837, 4.484477
1aaa7987-10d2-4fe5-a624-de8be36c2a55
6.856160, 3.734085
7.106745, 3.716107
7.343211, 3.725214
8.077198, 3.731450
8.280677, 3.735843
9.150518, 3.768580
9.461426, 3.764365
9f5a7594-29eb-47c1-911c-8ddaa4e44bbc
6.744202, 3.812097
6.521450, 3.978275
6.267450, 4.103159
6.052608, 4.177242
5.840941, 4.246033
5.635625, 4.268258
5.461030, 4.290662
5.340571, 4.319277
5.186800, 4.327960
c4ebd906-fd8c-473b-b62d-35653ba42066
6.729847, 3.808760
6.642100, 3.863975
6.547555, 3.922889
6.423378, 3.992033
6.215945, 4.064000
5.959475, 4.170892
5.836646, 4.188138
5.722408, 4.214283
5.511095, 4.215694
5.356046, 4.240880
cfa265bd-1f33-4afb-8b37-9d6487f55024
6.785901, 3.625848
6.877671, 3.661874
6.994878, 3.673122
7.248260, 3.761052
