main root
8.784166, 6.210300
8.819978, 6.007992
8.840086, 5.882348
8.843896, 5.752209
8.898284, 5.599886
8.957960, 5.488952
9.007774, 5.369759
9.063822, 5.258675
9.105576, 5.198995
9.163443, 5.141765
9.220204, 5.094529
9.440228, 5.021973
9.590945, 5.016079
9.667709, 5.029886
9.790792, 5.058423
9.900932, 5.092527
10.001417, 5.130236
10.095870, 5.167940
10.143110, 5.191633
10.179525, 5.203201
10.203576, 5.388211
10.214882, 5.440361
10.198075, 5.490293
10.175528, 5.552590
10.156264, 5.592618
10.124796, 5.647658
10.090621, 5.704416
10.057214, 5.768603
10.017394, 5.821633
9.956770, 5.847520
9.904303, 5.889670
471ed56b-654a-430a-96de-85b83afceda7
8.861266, 5.909766
8.918901, 5.933683
8.944603, 5.942492
8.958174, 5.967057
8.980826, 5.989248
9.012707, 6.024669
9.035342, 6.045343
edff7e63-280b-4c85-adc9-db808ac6576c
8.847900, 6.183791
8.896560, 6.353611
8.955354, 6.453967
