main root
6.984867, 4.433665
6.792588, 4.560422
6.761205, 4.643279
6.727916, 4.636611
6.657020, 4.709974
6.588017, 4.815173
6.541495, 4.904046
6.502875, 5.091030
6.498105, 5.222542
6.492580, 5.374840
6.491474, 5.519688
6.500512, 5.677976
6.499549, 5.805060
6.511292, 5.925572
6.515146, 6.051724
6.510597, 6.177852
6.508742, 6.287983
6.509147, 6.389527
6.501094, 6.491471
6.491644, 6.584384
6.483477, 6.685596
6.471074, 6.786688
6.461849, 6.879150
6.453876, 6.980376
6.448014, 7.081752
6.448495, 7.183314
6.446862, 7.284996
6.445231, 7.386588
6.445842, 7.479511
6.444328, 7.564618
6.443537, 7.609062
6.461491, 7.883873
6.466463, 7.959888
6.461756, 8.025443
6.461849, 8.107826
6.458943, 8.181013
6.458798, 8.260240
6.449709, 8.321098
6.443502, 8.403247
6.433045, 8.462262
6.419758, 8.537271
6.405681, 8.582442
6.383022, 8.655171
6.360368, 8.727903
6.337720, 8.800638
6.322951, 8.888362
6.305400, 8.956586
6.295040, 9.044946
6.280515, 9.091749
6.263857, 9.175746
6.249043, 9.250466
6.236586, 9.328707
6.227099, 9.407366
6.215368, 9.479664
6.208124, 9.561729
6.198713, 9.634367
6.188929, 9.709911
6.173976, 9.778747
6.164676, 9.863864
6.151056, 9.949564
6.144744, 9.989283
94af3d1a-3bf1-4d82-be64-26bb3ad8dacd
6.825767, 4.533342
6.865851, 4.599900
6.858634, 4.638633
6.874656, 4.816038
6.952314, 4.971584
6.947091, 5.086042
6.945049, 5.163629
6.943529, 5.220742
6.954446, 5.260538
6.968190, 5.373692
6.970217, 5.415207
02eded9c-61fd-4d86-87f0-fe71683ca219
6.704637, 4.719272
6.806381, 4.812406
6.884140, 4.883439
7.001562, 4.981242
7.066184, 5.003660
7.125971, 5.021230
7.188238, 5.069652
7.239203, 5.105498
7.287658, 5.139583
7.338203, 5.173308
7.385411, 5.206606
7.425855, 5.240629
abdd3b1d-6459-4e02-bf7b-e6b264bae3f1
6.473161, 5.068786
6.411930, 5.079186
6.347415, 5.085058
6.319271, 5.112133
6.248751, 5.137915
6.197751, 5.151780
f4a3c340-ca17-40f5-8dde-76f260bed2db
6.551230, 5.469264
6.603702, 5.483359
6.668102, 5.508408
6.738861, 5.531310
a9851a60-00bd-40d5-b6ae-b085ffb80143
6.481401, 5.797543
6.391613, 5.826110
