main root
5.882573, 4.836240
5.856050, 5.160370
5.856481, 5.373976
5.837612, 5.574927
5.829715, 5.731561
5.816982, 5.901765
5.826925, 6.077213
5.821099, 6.236159
5.810215, 6.391843
5.801492, 6.486476
5.790711, 6.535647
5.805708, 6.610124
5.806562, 6.705364
5.814009, 6.833077
5.755557, 7.010797
5.711733, 7.130806
5.664257, 7.275641
5.656663, 7.408587
5.654171, 7.557913
5.657453, 7.701944
5.667334, 7.804977
5.710300, 7.878768
5.718842, 7.922180
decd5bdf-2676-4887-abff-896730e01b2e
5.829583, 5.039506
5.680200, 4.993742
5.608982, 4.991470
5.550162, 4.997486
5.514990, 4.994091
5.470961, 4.988279
5.420309, 4.986440
5.365493, 4.989545
5.333797, 4.986844
5.293246, 4.981885
5.244487, 4.974416
5.196365, 4.967043
5.145904, 4.960660
f74c8d36-f04c-4ea5-9ecf-685e635c14f3
5.827028, 5.021193
5.715508, 5.080687
5.657740, 5.123702
5.632888, 5.138475
5.622659, 5.159987
5.592006, 5.189428
5.555870, 5.226210
5.527761, 5.263365
5.487478, 5.321573
5.453754, 5.370305
5.433277, 5.399894
5.419135, 5.430852
5.403903, 5.471399
9400511b-fe13-4ace-8c93-a55923b04a4f
5.796761, 5.301497
5.751475, 5.373043
5.736166, 5.402538
5.703000, 5.462255
5.691626, 5.484436
5.671032, 5.518018
5.657632, 5.545579
5.646521, 5.568410
5.638170, 5.599251
3d7d76f4-bb28-409a-899a-2819806c4acb
5.762494, 5.113969
5.744272, 5.071611
5.706846, 5.008693
5.618260, 4.968275
5.585290, 4.954644
5.545329, 4.939206
5.515908, 4.930672
5.475390, 4.918897
5.431168, 4.909141
5.389970, 4.900030
5.362564, 4.890881
5.343352, 4.898386
5.283735, 4.897002
5.255280, 4.899335
5.210351, 4.906021
5.168480, 4.912251
5.141263, 4.916300
5.111100, 4.926841
5.071137, 4.940807
5.007779, 4.957242
4.972070, 4.961866
4.920393, 4.970066
4.871460, 4.976317
4.802977, 4.986572
4.738495, 5.000770
4.668921, 5.020686
4.619075, 5.033398
4.567201, 5.052884
