main root
6.685208, 4.585105
6.697638, 4.929693
6.695489, 5.100006
6.691834, 5.222857
6.686697, 5.324431
6.681564, 5.425904
6.670521, 5.519303
6.664797, 5.603034
6.656331, 5.696040
6.652863, 5.779888
6.640569, 5.873540
6.619970, 5.981684
6.605143, 6.082133
6.580577, 6.161614
6.550996, 6.250200
6.520846, 6.347166
6.482509, 6.441970
6.453711, 6.530016
6.418056, 6.625416
6.385452, 6.712653
6.356953, 6.800924
6.322114, 6.888293
6.301508, 6.968524
6.282558, 7.050639
6.257173, 7.132979
6.233375, 7.231708
6.211418, 7.313947
6.181083, 7.411171
6.149184, 7.499278
6.121448, 7.567095
6.094239, 7.641532
6.064510, 7.705427
6.044309, 7.741752
6.056679, 7.781278
6.021982, 7.894612
5.988476, 7.982500
5.960300, 8.080158
5.933826, 8.187186
5.915170, 8.315065
5.899280, 8.423982
5.878909, 8.549077
5.861912, 8.666574
5.842878, 8.783421
5.819711, 8.899394
5.800213, 9.007801
5.777185, 9.123913
5.752091, 9.239599
5.726384, 9.338152
5.709160, 9.429184
5.693420, 9.512373
5.682831, 9.592489
5.670271, 9.664670
5.660241, 9.724090
534eaffd-8bca-48a4-9546-74d5f743585e
6.696752, 4.962610
6.621764, 5.023172
6.607585, 5.042534
6.577894, 5.085612
6.532034, 5.135095
4b1ac716-40b4-4aaf-9223-b72eeab28d37
6.634712, 4.798575
6.608527, 4.812026
6.593640, 4.812789
6.571109, 4.810947
ff81c42e-769d-45e5-a83f-ead2000f9017
6.751858, 4.845054
6.803999, 4.882983
6.903098, 4.933590
6.954325, 4.957349
0ea5fb8b-ccd9-49be-b8e2-6d750ef90a6a
6.735233, 5.050366
6.818385, 5.070157
