main root
6.943573, 3.945856
6.912382, 4.002497
6.897844, 4.115694
6.883829, 4.283505
6.869158, 4.462195
6.870383, 4.585968
6.875810, 4.708915
6.880664, 4.818871
6.886003, 4.916436
6.900481, 5.026098
6.917103, 5.152010
6.931348, 5.243835
6.942343, 5.328236
6.953279, 5.412189
6.967366, 5.504041
6.978214, 5.588460
6.987003, 5.673122
6.997763, 5.756699
7.006571, 5.841351
7.013314, 5.926197
7.022057, 6.010011
7.032859, 6.093587
7.041711, 6.178248
7.053934, 6.309534
7.058572, 6.468424
7.073430, 6.544922
7.089167, 6.636979
7.111327, 6.717373
7.131940, 6.799961
7.152479, 6.899719
7.166339, 7.009011
7.182292, 7.117985
7.190765, 7.219669
7.194998, 7.321424
7.196778, 7.414803
7.205054, 7.516025
7.209129, 7.617794
7.217041, 7.710209
7.218758, 7.804249
7.224434, 7.887981
7.226399, 7.961221
7.224705, 8.054906
7.223825, 8.103581
7.210202, 8.582792
7.199315, 8.649727
7.190820, 8.701957
7.208621, 8.894189
7.214543, 9.080706
7.215918, 9.190694
7.225846, 9.309790
7.232168, 9.436158
7.239783, 9.546034
7.243745, 9.664237
7.249550, 9.774226
7.254904, 9.875679
7.255635, 9.969377
7.257738, 10.047064
7.256728, 10.120330
7.259760, 10.207274
7.263153, 10.261603
7.295813, 10.441080
7.309455, 10.516034
7.313490, 10.571609
7.315806, 10.644825
7.312045, 10.715178
7.313638, 10.797553
7.309014, 10.867854
7.315179, 10.956608
7.326850, 11.038169
7.320759, 11.143666
7.322001, 11.226045
7.326191, 11.305167
7.330221, 11.381246
7.327960, 11.451662
7.334207, 11.537072
7.339766, 11.613054
7.338920, 11.683501
7.343924, 11.765741
7.345385, 11.838980
7.346908, 11.915151
7.345382, 11.988387
7.346729, 12.067611
7.338893, 12.134954
7.332955, 12.211857
7.332594, 12.294241
7.341200, 12.379441
7.342300, 12.449882
7.339124, 12.516027
7.337602, 12.547742
b75f6ac8-0a42-455f-b5e0-e8c7f7795b8a
6.826080, 4.211253
6.752466, 4.252088
6.705563, 4.309457
6.602852, 4.373056
6.538550, 4.411112
6.448825, 4.459299
6.381083, 4.497379
6.313518, 4.538794
6.220738, 4.598145
6.163677, 4.634646
6.107070, 4.669081
6.061862, 4.696582
5.961274, 4.778213
5.903750, 4.824897
5.862207, 4.815904
5.839457, 4.852407
5.748849, 4.911136
5.659948, 4.961196
5.582471, 4.995304
5.514264, 5.022060
5.441633, 5.053766
5.343147, 5.103686
5.284708, 5.128273
5.242937, 5.147469
5.204189, 5.170218
5.144180, 5.210656
5.106104, 5.241727
e2d7a289-53b9-4433-a51e-89a6848929e0
6.999494, 5.902541
6.916699, 6.028742
6.822425, 6.105043
6.770843, 6.141014
6.716103, 6.177250
6.681328, 6.205544
6.628325, 6.256387
6.579907, 6.298685
6.549620, 6.325143
840772a0-71ff-4747-9956-9317a56b7b53
7.005842, 3.933414
7.038007, 3.973195
7.065806, 4.013826
7.087011, 4.034772
7.106584, 4.054110
7.133117, 4.071910
7.162514, 4.084425
7.193735, 4.091212
7.236018, 4.094277
7.252562, 4.103060
7.238575, 4.155251
44196d01-fa01-4f48-a24a-4fbb9d7a582b
6.967917, 4.165276
7.026869, 4.155399
7.069468, 4.163333
7.124245, 4.176580
7.180047, 4.191615
7.238898, 4.204371
7.281184, 4.207411
7.352530, 4.199579
7.378557, 4.198228
7.476383, 4.198871
7.468514, 4.257144
7.477942, 4.282268
7.488656, 4.315082
7.502203, 4.342101
3d14683c-ee5e-43b6-809b-f7e0c0f4867a
6.830338, 4.005339
6.785083, 4.025309
6.721283, 4.063982
6.669548, 4.082595
6.605058, 4.093072
6.557938, 4.109825
6.501247, 4.124367
c7fe502f-5d6e-4072-b825-ac04fd450f23
7.223939, 7.063605
7.312101, 7.082291
7.359074, 7.104244
a661abc4-b09d-40f9-a3e8-f6ac323bb2e9
7.234781, 7.708195
7.267791, 7.731983
7.303281, 7.771338
3af43c03-fa3a-4214-9e54-5ef08e36e223
7.124251, 6.233567
7.158567, 6.252633
7.180769, 6.264970
7.200346, 6.260812
7.265816, 6.263702
7.303325, 6.263859
c699657a-dac6-4512-8397-a8184b05fef5
7.077492, 5.962744
7.180415, 5.964360
7.219690, 5.967971
7.268344, 5.966432
7.326136, 5.966101
7.376306, 5.964317
7.402362, 5.964889
21aae0e9-c5a5-4885-be44-229a00391eb2
7.006298, 4.950885
7.077501, 4.939993
7.119337, 4.933592
7.158667, 4.930600
7.203626, 4.924176
7.248063, 4.914800
7.289474, 4.906060
7.320060, 4.905724
7.353289, 4.903862
d9735823-ddb8-4fd4-acab-ff1f88af56c6
7.029302, 4.372724
7.068832, 4.390006
7.142577, 4.418972
7.207531, 4.441271
7.255279, 4.452915
