main root
6.534155, 4.965435
6.506458, 5.079646
6.485158, 5.257916
6.464025, 5.403794
6.444314, 5.554216
6.428648, 5.721666
6.406185, 5.875229
6.381231, 6.018613
6.351229, 6.151432
6.332268, 6.264153
6.293364, 6.408621
6.265565, 6.528685
6.221107, 6.679504
6.179644, 6.820167
6.121468, 6.974042
6.066872, 7.142102
6.020299, 7.312542
5.970604, 7.463419
5.943540, 7.552311
5.918494, 7.641792
5.901400, 7.742102
5.841162, 7.901955
5.821135, 7.959344
5.801608, 8.015304
5.775580, 8.085347
5.748178, 8.165042
5.733517, 8.216888
5.717626, 8.262079
5.695096, 8.339688
5.671493, 8.420996
5.652930, 8.474201
5.633408, 8.530158
5.619407, 8.597551
5.603869, 8.650267
5.586744, 8.718953
5.567220, 8.791077
5.548468, 8.854622
5.528287, 8.917721
5.514755, 8.979681
5.499095, 9.071112
5.494393, 9.116291
5.488003, 9.148795
5.479838, 9.190333
5.471674, 9.231872
5.463511, 9.273408
5.452987, 9.311431
5.443782, 9.355912
5.435205, 9.397366
5.426627, 9.438818
5.420374, 9.483809
5.414547, 9.525736
5.403614, 9.560911
5.410065, 9.578642
5.414028, 9.658122
5.418549, 9.718732
5.425190, 9.787655
5.428420, 9.852383
5.431374, 9.911575
5.427101, 9.946062
5.423717, 10.009883
5.418716, 10.075939
5.416361, 10.146696
5.418517, 10.216914
5.424650, 10.281526
5.425388, 10.320972
5.428911, 10.349305
5.437475, 10.393917
5.448960, 10.437867
5.459664, 10.478826
5.466715, 10.517645
5.479046, 10.577163
5.492789, 10.643491
5.508246, 10.718098
5.518499, 10.774964
5.527039, 10.839201
5.536530, 10.899238
5.543681, 10.963642
5.548569, 11.021229
5.555915, 11.090080
5.559808, 11.154776
5.564951, 11.215346
5.573203, 11.277138
5.582448, 11.335071
5.587027, 11.382751
4d99c9bd-4004-4e06-b081-ee30455001fb
6.570390, 4.984085
6.602633, 5.018066
6.628843, 5.060119
6.670860, 5.096931
6.721127, 5.124521
6.760088, 5.150988
6.796112, 5.180422
6.826778, 5.207410
6.854322, 5.235639
6.899941, 5.278107
6.947134, 5.313860
6.992229, 5.342390
7.063776, 5.387656
7.099553, 5.410291
7.131199, 5.433855
7.176640, 5.469555
7.207389, 5.497521
7.236045, 5.527628
7.263260, 5.562736
7.290186, 5.602355
7.323499, 5.651372
7.352642, 5.688929
7.385697, 5.721761
7.443997, 5.775447
7.506394, 5.826805
7.540931, 5.861047
7.572774, 5.896833
7.612176, 5.936612
7.637498, 5.962177
21bfaf98-7fc8-491f-966e-6b975e72240d
6.504632, 5.471259
6.556470, 5.480784
6.621067, 5.500219
6.665335, 5.510412
6.703000, 5.522156
6.765204, 5.536848
6.835221, 5.566553
6.910584, 5.607734
6.975420, 5.644868
7.044411, 5.675758
7.102272, 5.704945
7.157198, 5.730975
7.240132, 5.794887
7.284977, 5.831335
7.324399, 5.863375
7.370393, 5.900758
7.416389, 5.938140
7.462384, 5.975523
7.512590, 6.012471
7.562420, 6.047283
7.608572, 6.083177
7.646141, 6.116189
7.675832, 6.144270
7.708508, 6.179295
7.741719, 6.214892
7.765493, 6.238182
d695a70d-765a-48b7-a2b7-c2488206b6b4
6.513577, 5.063547
6.645304, 5.128678
6.711771, 5.179491
6.758820, 5.221443
6.805989, 5.263341
6.841701, 5.290979
6.861759, 5.314074
6.884995, 5.345481
6.905465, 5.368216
6.942024, 5.399873
6.963221, 5.428126
6.999993, 5.469660
7.025234, 5.502683
7.048502, 5.540522
7.073056, 5.583304
7.098342, 5.627366
7.131926, 5.679873
7.167994, 5.730708
7.202288, 5.779041
7.241403, 5.830872
dd484883-2d8e-452e-9381-b122f484c57c
6.404815, 5.622371
6.339652, 5.632461
6.293353, 5.641890
6.234290, 5.633050
6.203683, 5.631487
6.161468, 5.629321
6.119253, 5.627145
6.073885, 5.627804
6.025701, 5.634501
5.987652, 5.635257
5.945389, 5.636087
5.903126, 5.636907
5.868456, 5.640564
5.823754, 5.648281
5.782098, 5.655461
5.715508, 5.668446
d8f42897-c211-411e-8fc2-6ce14f74aed2
5.897393, 7.596747
5.845770, 7.659921
5.811184, 7.700006
5.773989, 7.737553
5.745695, 7.768239
