main root
6.344131, 5.749638
6.454677, 5.622450
6.609391, 5.637398
6.724208, 5.818265
6.775592, 5.988582
6.796176, 6.184717
6.820399, 6.353813
6.830823, 6.471222
6.848208, 6.571359
6.862845, 6.680412
6.888206, 6.806230
6.912039, 6.913765
6.922961, 6.982541
6.945984, 7.064389
6.955920, 7.116298
6.963797, 7.181337
6.964853, 7.260414
6.964353, 7.335126
6.965330, 7.412827
6.960266, 7.514734
6.950641, 7.557626
6.946214, 7.584199
6.945730, 7.614421
6.946389, 7.666736
6.951577, 7.721967
6.957957, 7.773895
6.962483, 7.823014
6.968773, 7.874953
6.973215, 7.924079
6.979415, 7.976030
6.983772, 8.025165
6.983390, 8.071692
6.981489, 8.120981
6.978093, 8.170191
6.976714, 8.211908
6.976553, 8.262111
6.980865, 8.317416
6.986422, 8.369439
6.990173, 8.418624
6.992430, 8.467900
6.996317, 8.520074
6.995282, 8.566591
6.994150, 8.617379
7.024309, 8.716187
7.036346, 8.785666
7.053378, 8.898161
7.065091, 9.031309
7.069874, 9.157567
7.077101, 9.293220
7.076397, 9.419567
7.075675, 9.548873
7.072868, 9.675587
7.063927, 9.793447
7.054961, 9.911641
7.046636, 10.021388
7.032882, 10.147179
7.025252, 10.274908
7.007704, 10.391748
6.988038, 10.508490
6.970399, 10.625892
6.948666, 10.742153
6.928441, 10.850344
6.904077, 10.957645
6.877656, 11.064453
6.849193, 11.179511
6.814747, 11.301272
6.778228, 11.422649
6.746049, 11.536924
6.716030, 11.677953
6.702852, 11.800575
6.693399, 11.927835
6.683991, 12.054491
6.665307, 12.163194
6.651379, 12.281591
6.639605, 12.399729
6.619519, 12.516171
6.602886, 12.625050
6.582924, 12.741744
6.569091, 12.860146
6.571943, 12.981196
6.553678, 13.103312
6.561853, 13.192882
6.567048, 13.249795
40ab5c42-5f4f-4ff8-85a7-a2c82a674f83
6.532033, 5.685367
6.595844, 5.753358
6.670628, 5.863890
6.709408, 5.985266
6.714269, 6.163127
6.716948, 6.291107
6.631491, 6.554603
6.561466, 6.666037
6.471828, 6.935533
6.442054, 7.009853
6.411296, 7.106244
6.384669, 7.223097
6.360632, 7.280979
6.313734, 7.371852
6.261400, 7.468643
6.220647, 7.559245
6.191010, 7.650903
6.164964, 7.731461
6.134238, 7.819650
6.094743, 7.913723
6.061967, 7.991792
6.019823, 8.075871
5.992434, 8.149397
5.963828, 8.256500
5.929356, 8.352780
5.890283, 8.455632
5.858125, 8.534441
5.826140, 8.612827
5.790955, 8.699057
5.761878, 8.787015
5.735303, 8.867408
5.710437, 8.937862
5.684354, 9.017995
5.664395, 9.074478
5.640751, 9.115337
bb80bcdd-68f2-4780-afe1-7bcf9c9ae6e0
6.531498, 5.714252
6.665003, 5.841580
6.676323, 6.045654
6.715359, 6.163248
6.699354, 6.361096
6.614624, 6.490530
6.592572, 6.588744
6.555240, 6.786869
6.556168, 6.958259
6.543493, 7.031424
6.530163, 7.123384
6.520130, 7.207056
6.510806, 7.284815
6.523649, 7.387997
6.537771, 7.451081
6.560754, 7.515778
6.582441, 7.585764
6.604370, 7.656528
6.622512, 7.694845
6.679415, 7.803470
6.698709, 7.853901
6.720981, 7.916303
6.749488, 7.982817
6.765258, 8.024879
e6c9f26b-3373-4482-b4c4-566573fefb13
6.577148, 5.596775
6.574047, 5.493969
6.745418, 5.440961
6.936922, 5.477648
7.051216, 5.568285
7.114029, 5.643473
7.431939, 5.946250
7.525650, 5.993781
7.653473, 6.052285
7.786931, 6.113368
7.902414, 6.166224
7.999699, 6.217732
8.075714, 6.253286
8.160080, 6.292745
8.208462, 6.326985
8.287924, 6.390995
8.365782, 6.456428
8.424459, 6.494689
8.505325, 6.539886
8.579881, 6.579179
8.667929, 6.630366
8.747594, 6.679112
8.801402, 6.719329
8.863914, 6.776409
8.920190, 6.827794
8.970529, 6.876605
8.996362, 6.901654
f091b7a5-39de-499d-8cd6-435bf3429f78
6.604501, 5.564835
6.643217, 5.513101
6.713740, 5.440557
6.979979, 5.507879
7.108044, 5.629903
7.247153, 5.844278
7.370123, 6.059565
7.512124, 6.253584
7.769349, 6.549375
7.904212, 6.668255
8.020894, 6.771093
8.091507, 6.828745
8.144293, 6.876813
8.185978, 6.929076
8.244514, 7.012640
8.307863, 7.092017
8.363394, 7.154948
8.420896, 7.207395
8.477473, 7.247613
8.556460, 7.296019
8.610241, 7.336273
8.652381, 7.378176
8.696446, 7.430437
8.743460, 7.488517
8.805856, 7.581057
32475d42-833b-49a7-ac1d-0c77ca4bd2b7
6.563793, 5.549460
6.671234, 5.481884
6.826901, 5.448132
7.002600, 5.524930
7.180517, 5.772966
7.344577, 6.022827
7.464752, 6.193720
7.593489, 6.352192
7.688404, 6.455480
7.850704, 6.708671
7.879330, 6.746122
7.932687, 6.803189
7.991041, 6.863976
8.052077, 6.921567
8.093266, 6.972778
8.145232, 7.032615
8.209323, 7.103184
8.242053, 7.139223
42be5d43-8708-42e8-ad12-b214155a65d8
6.650313, 5.639521
6.794937, 5.638825
6.926333, 5.685165
7.025225, 5.759471
7.134194, 5.970665
7.303760, 6.429828
7.332566, 6.542723
7.446032, 6.840153
7.462294, 6.942699
7.490374, 7.023156
44f6d84c-d72c-4aec-a077-765c4f197145
6.464300, 5.770033
6.672646, 5.743372
6.760633, 5.757333
6.868639, 5.763987
6.925344, 5.780792
7.037327, 5.844168
7.096087, 5.904370
7.164392, 6.186299
7.187168, 6.349195
7.227684, 6.461430
7.271294, 6.569802
7.310624, 6.639272
7.374777, 6.739744
7.456523, 6.853346
7.530092, 6.904966
7.630166, 7.029809
7.691405, 7.099479
7.746010, 7.148858
7.820030, 7.204449
7.880503, 7.255129
7.922870, 7.301611
7.969974, 7.357734
8.012635, 7.415550
8.062906, 7.483679
8.089719, 7.522537
8.109362, 7.564182
