main root
6.460363, 5.020785
6.463489, 5.357812
6.449955, 5.462878
6.434657, 5.596572
6.414951, 5.713114
6.409563, 5.808408
6.402873, 5.926747
6.399729, 6.019610
6.396865, 6.104223
6.402957, 6.189657
6.392382, 6.251800
6.381056, 6.300515
6.383411, 6.391538
6.397658, 6.479374
6.401275, 6.548403
6.404482, 6.650046
6.409212, 6.734178
6.424197, 6.816010
6.432164, 6.918234
6.436708, 7.003232
6.448456, 7.104118
6.448194, 7.191526
6.452121, 7.292986
6.456378, 7.402965
6.456402, 7.512998
6.458541, 7.623114
6.458402, 7.724810
6.466678, 7.844037
6.476414, 7.953754
6.485927, 8.037480
6.501852, 8.111373
6.507631, 8.203664
6.514764, 8.328127
6.521060, 8.437984
6.539178, 8.533968
6.571250, 8.664474
6.604576, 8.782431
6.617286, 8.850585
6.621831, 8.921110
6.626125, 9.064931
6905f821-0d0a-49b6-8f10-0a55426c163f
6.500945, 5.215612
6.547460, 5.220230
6.625163, 5.261874
6.700019, 5.297190
6.747724, 5.323004
6.811922, 5.337110
6.865467, 5.336614
36568a99-67a3-457d-bfcc-c29cab046f8b
6.510589, 5.288033
6.602056, 5.321054
6.677756, 5.381567
cdc145bb-c5ad-4fef-8660-f173be07fedc
6.462737, 5.053930
6.535536, 5.035237
6.574121, 5.047351
