main root
6.858005, 4.788111
6.859653, 5.164000
6.852298, 5.416845
6.852983, 5.646152
6.855815, 5.888836
6.836501, 6.041890
6.795948, 6.299815
6.764207, 6.450032
6.733153, 6.545937
6.679769, 6.683743
6.652836, 6.752156
6.631667, 6.834529
6.578174, 6.934381
6.546895, 7.006204
6.521399, 7.072246
6.497860, 7.137372
6.471177, 7.217305
6.455090, 7.265492
6.439003, 7.313680
6.413927, 7.384067
6.393011, 7.451698
6.372636, 7.512513
6.355488, 7.567085
6.298406, 7.694717
6.276583, 7.750840
6.256811, 7.809949
6.238011, 7.866151
6.222990, 7.929930
6.206062, 7.982215
6.185201, 8.046652
6.163657, 8.122916
6.140427, 8.212885
6.127727, 8.262073
6.078538, 8.446404
6.063257, 8.503674
6.046915, 8.559111
6.030800, 8.629652
6.011946, 8.712191
6.004769, 8.757048
5.995598, 8.795421
5.985756, 8.836595
5.971484, 8.870555
5.954302, 8.903713
5.957163, 8.923962
5.938352, 8.990067
5.927210, 9.034658
5.918170, 9.089331
5.913588, 9.144565
5.903921, 9.188681
5.892375, 9.248358
5.881882, 9.318360
5.874035, 9.360617
5.866058, 9.410851
5.829764, 9.548095
5.822170, 9.582663
5.813762, 9.613955
5.808228, 9.640319
5.806045, 9.672565
5.805152, 9.707948
5.802838, 9.740269
5.799034, 9.772448
5.793747, 9.804417
5.786990, 9.836106
5.780100, 9.861242
5.790774, 9.875931
5.762443, 10.094304
5.752236, 10.149703
5.740298, 10.206246
5.727461, 10.274286
5.713711, 10.339096
5.701962, 10.408899
5.694575, 10.488853
5.687564, 10.564736
5.681909, 10.642232
5.674211, 10.706575
5.668480, 10.767082
5.662540, 10.813917
5.657179, 10.868087
46d19c72-d7e8-4ef2-99f0-81f36a086b8d
6.851448, 5.512018
6.749344, 5.803900
6.725877, 5.908665
6.715516, 5.948069
6.704782, 5.988894
6.689712, 6.046210
6.680533, 6.098777
6.670099, 6.167229
6.657384, 6.230782
6.646932, 6.290657
6.632850, 6.353916
6.619973, 6.411763
6.608962, 6.447447
6.599601, 6.477786
6.544519, 6.631752
6.526503, 6.677669
6.518992, 6.709104
6.510511, 6.763923
6.505245, 6.817540
6.497284, 6.852656
6.486053, 6.902200
6.474078, 6.961793
6.460734, 7.028202
6.450232, 7.088069
6.434881, 7.149583
6.421491, 7.197057
6.408735, 7.247797
6.387304, 7.302351
6.370420, 7.353516
6.350895, 7.407908
6.333732, 7.455721
6.320520, 7.501387
6.310520, 7.535952
