main root
7.313072, 5.042098
7.240512, 5.114462
7.152122, 5.135338
7.088322, 5.170675
6.980880, 5.237346
6.834374, 5.384772
6.860457, 5.551180
6.887974, 5.658408
6.921488, 5.763464
6.968947, 5.891636
7.021381, 6.044057
7.050871, 6.162145
7.082372, 6.279558
7.125905, 6.409609
7.174548, 6.558026
7.234062, 6.699805
7.255231, 6.782470
7.260861, 6.878552
7.267813, 7.057716
7.282644, 7.218190
7.302054, 7.335504
7.343133, 7.429957
7.371312, 7.532806
7.400896, 7.672157
7.410021, 7.811372
7.409965, 7.967004
7.402148, 8.126145
7.396199, 8.292304
7.378643, 8.436033
7.379913, 8.566241
7.378210, 8.737440
7.362292, 8.874628
7.348680, 9.008497
7.358461, 9.111483
7.370675, 9.260984
7.365307, 9.420458
7.366561, 9.553282
7.368305, 9.678272
7.370103, 9.807355
7.364938, 9.961115
7.362937, 10.083412
7.365212, 10.202332
7.369433, 10.312387
7.369747, 10.430656
7.361573, 10.540522
7.341783, 10.665050
7.321120, 10.781617
7.306576, 10.899940
7.298335, 11.018867
7.294326, 11.137754
7.293298, 11.230666
7.292360, 11.315327
7.304661, 11.378280
7.302094, 11.464978
7.297410, 11.584417
7.299883, 11.652966
7.301976, 11.769547
7.308329, 11.888319
7.316323, 11.998171
7.323698, 12.099504
7.327458, 12.209480
7.335453, 12.319445
7.337092, 12.429520
7.340718, 12.530995
7.342235, 12.632686
7.343750, 12.734272
7.349338, 12.826861
7.354821, 12.917712
bda1a004-6851-4f9b-ab97-f9f9a9be9d53
6.844872, 5.327674
6.773378, 5.351407
6.723816, 5.372554
6.670408, 5.396934
6.618045, 5.417533
6.586816, 5.433022
6.541856, 5.458648
6.488197, 5.496110
6.440405, 5.525808
6.409845, 5.544784
6.390183, 5.564100
6.361930, 5.600037
6.315061, 5.625088
6.255108, 5.672982
6.214487, 5.700188
6.111102, 5.778238
6.045422, 5.822627
5.985104, 5.850746
5.918940, 5.874983
5.862889, 5.904474
5.814804, 5.933154
5.758973, 5.976911
5.698999, 6.023913
5.655291, 6.048661
5.578837, 6.087182
5.510787, 6.121469
5.444064, 6.151737
5.345468, 6.201109
5.277329, 6.235228
5.211196, 6.263323
5.115888, 6.299215
5.042832, 6.329927
4.971787, 6.361416
4.877972, 6.400685
4.817098, 6.422921
4.757938, 6.436563
4.700627, 6.456674
4.670079, 6.475324
4.612765, 6.508561
4.553085, 6.546631
4.507644, 6.564966
4.421274, 6.599813
4.354228, 6.623637
4.294872, 6.658135
4.238550, 6.701257
4.177214, 6.753873
4.120350, 6.790821
4.042256, 6.841564
3.978801, 6.881010
3.914569, 6.919176
3.824926, 6.967521
3.756643, 7.007748
3.692046, 7.042328
3.596912, 7.098057
3.529556, 7.142716
3.465206, 7.188975
3.422239, 7.219862
3.378903, 7.241930
76051513-3362-4fec-87d9-e5d9f0c96cac
7.362260, 5.125413
7.510509, 5.179345
7.701804, 5.202710
7.831871, 5.215155
7.914074, 5.240632
8.039847, 5.276036
8.168221, 5.304267
8.296524, 5.328985
8.420835, 5.363599
8.556967, 5.399835
8.714679, 5.433305
8.872407, 5.475158
9.027989, 5.501602
9.110698, 5.527735
9.226904, 5.571917
9.373243, 5.633688
9.456729, 5.667298
9.605437, 5.735500
9.745104, 5.801813
9.868403, 5.889234
9.992915, 5.967701
10.134167, 6.037341
10.275864, 6.120906
10.410923, 6.214831
10.539754, 6.309399
10.643589, 6.383015
fccba5a2-92c8-42bf-b102-7d166095a1a2
7.309180, 5.128735
7.433708, 5.135440
7.563577, 5.181819
7.632159, 5.195105
7.733527, 5.203969
7.844932, 5.215829
7.920061, 5.238681
8.034242, 5.271204
8.150465, 5.297727
8.266664, 5.322079
8.379681, 5.356542
8.494615, 5.387179
8.650147, 5.415915
8.815407, 5.463153
8.965742, 5.489214
9.096609, 5.522342
9.218248, 5.570184
9.339502, 5.611105
9.428093, 5.654573
9.526397, 5.710809
9.610501, 5.749254
9.693802, 5.791980
9.775087, 5.838424
9.858383, 5.878750
9.938618, 5.929278
10.041456, 5.989055
10.146350, 6.045145
10.286215, 6.129231
10.421082, 6.222265
10.543376, 6.311626
10.647381, 6.385023
10.720530, 6.452138
10.757514, 6.482007
590b9836-bae5-46bb-9b10-2c225ceb6fe4
6.941255, 5.318478
7.017012, 5.348088
7.082668, 5.342907
7.141272, 5.310312
7.224976, 5.286493
7.265389, 5.276163
7.330282, 5.253649
7.408495, 5.244398
7.455687, 5.243321
7.531775, 5.270368
7.596910, 5.284051
7.646884, 5.296527
7.723134, 5.314875
7.776780, 5.314899
7.833110, 5.321738
8.054193, 5.360914
8.132882, 5.377644
8.255131, 5.406028
8.333563, 5.432649
8.405722, 5.457140
8.479778, 5.480696
8.564247, 5.516442
8.630495, 5.547728
8.707366, 5.577408
8.797261, 5.615548
8.888971, 5.663651
8.989537, 5.709230
9.067130, 5.742120
9.145498, 5.773086
9.224243, 5.804201
9.302877, 5.828833
9.334328, 5.851233
9.387049, 5.892456
9.497471, 5.933684
9.557301, 5.965609
9.655447, 6.015580
9.733710, 6.043791
9.794914, 6.054716
9.863684, 6.081222
9.913022, 6.098635
9.949207, 6.116169
9.996923, 6.137630
10.045233, 6.157717
10.076501, 6.172340
10.116550, 6.196027
10.162325, 6.221363
10.204742, 6.246550
10.246371, 6.273011
10.291310, 6.299805
10.337000, 6.325303
10.379327, 6.350637
10.420866, 6.377243
10.461576, 6.405099
10.509746, 6.432617
10.534864, 6.452137
10.581279, 6.482521
10.621713, 6.510779
10.661268, 6.540252
10.704101, 6.570300
10.747774, 6.599110
10.788108, 6.627510
10.827562, 6.657121
10.870290, 6.687318
10.905520, 6.717714
10.954539, 6.750124
10.978949, 6.768058
c95d15b9-03a9-4362-aac8-c6760af38308
6.905052, 5.585411
6.999963, 5.593480
7.077567, 5.608246
7.137463, 5.606674
7.192794, 5.609042
7.259557, 5.618429
7.327629, 5.613150
7.385901, 5.612938
7.454732, 5.613975
7.533265, 5.622364
7.617760, 5.621347
7.701450, 5.631256
7.784825, 5.632773
7.857960, 5.637100
7.934020, 5.641600
8.008214, 5.654829
8.106382, 5.658308
8.161332, 5.655183
8.209668, 5.656623
8.261103, 5.661416
8.352163, 5.661596
8.416616, 5.663137
8.449902, 5.663928
8.499819, 5.662584
8.562484, 5.666391
8.626604, 5.674501
8.705676, 5.671899
8.807574, 5.662908
b18e27cb-e8c0-4bca-9d4e-cf1f14dc1142
7.024379, 5.879819
7.065076, 5.871280
7.114554, 5.865025
7.171589, 5.867698
7.208630, 5.875709
7.275963, 5.896400
7.313788, 5.901765
7.389203, 5.912467
7.436592, 5.916172
7.511659, 5.913040
7.632299, 5.910936
7.685784, 5.920581
7.769109, 5.935607
7.861188, 5.945801
7.944764, 5.948793
8.029378, 5.951822
8.122133, 5.950933
8.244091, 5.983008
8.325735, 6.008769
8.394644, 6.033650
8.448097, 6.046587
8.529381, 6.060100
8.607988, 6.070135
8.737512, 6.122954
8.815875, 6.148442
8.877017, 6.177772
8.945715, 6.210729
9.078094, 6.258808
9.151812, 6.296837
9.226483, 6.337694
9.300137, 6.380356
9.374072, 6.420785
9.449602, 6.457360
9.526182, 6.487792
9.593109, 6.517610
9.670618, 6.545590
9.742294, 6.571465
9.817802, 6.595538
9.880589, 6.618699
9.926392, 6.638784
9.966966, 6.663114
10.032315, 6.702304
10.093558, 6.742523
10.169691, 6.781776
10.237424, 6.816696
10.313220, 6.849036
10.387239, 6.877362
10.458407, 6.904598
10.529575, 6.931834
10.589148, 6.964249
10.652025, 7.001868
10.702488, 7.021592
10.819407, 7.072692
10.884191, 7.110239
10.948073, 7.148995
11.009111, 7.189526
11.085901, 7.237991
11.127070, 7.263975
8bd25805-edc4-41bf-935d-abb909d712aa
7.148508, 6.325756
7.209950, 6.351717
7.270905, 6.374515
7.338139, 6.399216
7.379882, 6.413520
7.407612, 6.421171
7.502092, 6.455303
7.540065, 6.472205
7.704925, 6.490464
7.777407, 6.507006
7.867967, 6.529833
7.931828, 6.547473
7.984277, 6.557303
8.084710, 6.586919
8.165205, 6.604417
8.237860, 6.621743
8.299335, 6.647173
8.389560, 6.677630
8.464549, 6.696377
8.545002, 6.707939
8.614943, 6.721016
8.657967, 6.726014
ea1a6238-fb02-467c-a7b3-71e4898d2da8
7.229122, 6.543322
7.261484, 6.519106
7.312055, 6.505486
7.350209, 6.486835
7.392571, 6.459126
7.466537, 6.407630
7.503819, 6.384710
7.533610, 6.369075
7.571084, 6.349409
7.607953, 6.326678
7.636445, 6.303837
7.665216, 6.275019
7.690633, 6.243203
7.721020, 6.205167
7.764302, 6.169041
7.800918, 6.146277
7.852213, 6.110863
7.901749, 6.073026
7.948847, 6.037049
7.996791, 5.994778
8.111155, 5.900685
8.129068, 5.884534
8.196785, 5.843201
8.247869, 5.810267
8.286121, 5.782044
8.334442, 5.742674
8.380386, 5.705240
853e0e43-cbae-42cd-bc98-48a66ab2a138
7.328794, 7.046687
7.402036, 7.054080
7.478657, 7.066871
7.531560, 7.083104
7.600470, 7.107706
7.697216, 7.133260
7.787883, 7.152856
7.878277, 7.178850
7.959812, 7.200137
8.041842, 7.219410
8.124392, 7.234545
8.240933, 7.252904
8.290330, 7.276465
8.326929, 7.282239
8.398659, 7.296605
8.444490, 7.296641
8.560485, 7.304980
8.661382, 7.324958
8.753094, 7.338829
8.845014, 7.356985
8.936380, 7.375032
9.011139, 7.389799
9.059536, 7.402410
9.107536, 7.421104
3d294803-ecc8-4c17-b7f8-2b1d3bbcfb1a
7.265006, 7.405758
7.230371, 7.483823
7.201467, 7.518753
7.167676, 7.559051
7.135841, 7.590031
7.094970, 7.623538
7.022926, 7.671873
6.978984, 7.701354
6.930829, 7.744474
6.874296, 7.791079
6.845314, 7.826609
6.796936, 7.883550
6.761622, 7.909100
6.688345, 7.954436
6.616345, 7.998983
6.551538, 8.039081
6.484792, 8.087419
6.421400, 8.142570
6.375823, 8.172301
6.304914, 8.218560
6.241966, 8.256050
6.161952, 8.303705
6.124803, 8.322345
6.101488, 8.344946
3c5a4fa2-9af1-4388-8012-39dda9ca56d4
7.183400, 5.043939
7.135236, 5.027624
7.082833, 5.008190
7.040481, 4.996496
7.004947, 4.965423
6.981602, 4.948986
6.956661, 4.935088
6.915608, 4.915637
6.873362, 4.898935
6.830107, 4.885053
6.799344, 4.868892
6.744855, 4.841958
6.683713, 4.797201
6.651818, 4.779418
6.599303, 4.756993
6.552602, 4.735423
6.525765, 4.721379
6.503694, 4.704761
6.465206, 4.673909
6.425569, 4.642135
6.399597, 4.619398
6.382044, 4.598063
6.347662, 4.558628
6.316388, 4.520481
6.279966, 4.480777
6.245563, 4.438845
6.218896, 4.401623
6.204104, 4.380975
