main root
7.051067, 3.979267
7.008574, 4.299885
6.973679, 4.463672
6.879162, 4.760536
6.828306, 4.913518
6.781972, 5.092903
6.734388, 5.244466
6.685320, 5.414722
6.644589, 5.556314
6.533488, 5.767646
6.489660, 5.869206
6.452082, 5.993372
6.401474, 6.117369
6.365948, 6.225255
6.351478, 6.308502
6.339630, 6.445655
6.330115, 6.506919
6.309166, 6.563982
d0c19db0-11c5-40ac-890b-355c2f9f6cd6
6.869137, 4.842609
6.933121, 4.895755
6.945858, 4.914117
6.963952, 4.940206
6.986756, 4.962586
7.035690, 5.009464
1d7107c8-f482-475b-b409-6ce57249a7ff
7.096423, 4.186521
7.171527, 4.264604
7.232647, 4.319416
7.280734, 4.370494
7.345495, 4.426084
7.403121, 4.475462
7.452255, 4.525448
7.506719, 4.572315
7.539484, 4.610383
