main root
5.645088, 4.903938
5.594367, 5.154567
5.558291, 5.374000
5.473552, 5.640867
5.421679, 5.825334
5.388948, 5.933904
5.206812, 6.246331
5.231956, 6.369468
5.264464, 6.475776
5.245063, 6.570684
5.180592, 6.700968
5.148150, 6.773276
5.120441, 6.819620
ff57a388-3d4b-4296-b7d3-3521e33f5fb1
5.700965, 4.910450
5.827453, 5.039356
5.924250, 5.083890
5.986376, 5.094516
6.028105, 5.101653
6.073288, 5.106345
6.105792, 5.112730
6.147332, 5.120891
6.185359, 5.131411
6.226161, 5.142700
6.270646, 5.151903
6.305027, 5.165129
6.344540, 5.180328
6.375983, 5.186007
6.417644, 5.193532
6.462783, 5.198644
6.506505, 5.202089
6.532327, 5.205624
6.572554, 5.224975
6.600985, 5.241973
6.646403, 5.269128
c8f9df77-7319-4c9e-babe-97a561f8042e
5.714748, 4.934275
5.722965, 4.990809
5.750595, 5.064869
5.773306, 5.109690
5.832890, 5.167565
5.903054, 5.214648
5.968155, 5.230808
6.008853, 5.245781
6.093672, 5.257658
6.149722, 5.269254
8825076f-07e1-4b01-8cee-c329a6704b47
5.554122, 5.398028
5.586926, 5.443584
5.634449, 5.495493
ff5aa0cf-ea2d-48a8-bb03-23f4c6acc426
5.543347, 5.457671
5.579226, 5.531256
5.598760, 5.576716
5.633748, 5.643221
5.653225, 5.680368
5.671930, 5.709722
5.702766, 5.746975
5.723226, 5.778733
5.748669, 5.820991
5.771338, 5.852838
