main root
6.573155, 4.763649
6.472692, 4.945881
6.280758, 5.172893
6.243851, 5.259327
6.151012, 5.422392
6.101084, 5.539576
6.038860, 5.696199
6.010928, 5.823626
5.963203, 5.994469
5.932199, 6.114645
5.894065, 6.245774
5.845529, 6.394669
5.797306, 6.549231
5.762632, 6.660364
5.747299, 6.724586
5.712004, 6.822180
5.704818, 6.915099
5.702096, 7.011146
5.684912, 7.185623
5.666962, 7.349556
5.661263, 7.440488
5.658218, 7.489076
5.631882, 7.637154
5.611270, 7.701742
5.629476, 7.805754
5.634982, 7.975604
5.632197, 8.085619
5.627298, 8.195507
5.619919, 8.313655
5.612530, 8.431956
5.613067, 8.524600
5.618811, 8.655591
5.625176, 8.760083
5.616925, 8.867556
5.607033, 8.968780
5.597587, 9.087133
5.596514, 9.206646
5.593277, 9.333348
5.583936, 9.451173
5.578747, 9.570007
5.569722, 9.679676
5.562084, 9.772495
5.554466, 9.846820
5.546049, 9.928940
5.541948, 9.968947
af79cf0b-c1d4-441e-8ffa-523f51d97374
6.430708, 4.962307
6.316752, 4.955591
6.245867, 4.937908
6.111914, 4.930724
6.029746, 4.930454
5.965903, 4.924257
5.896592, 4.911515
5.811239, 4.895823
5.771007, 4.885383
5.731822, 4.887586
5.629987, 4.880846
5.553971, 4.875812
5.474770, 4.873563
5.390922, 4.878670
5.320492, 4.876959
5.260516, 4.884477
5.221221, 4.898450
5.150348, 4.922065
5.098030, 4.935126
5.068315, 4.941002
4.957997, 4.960420
4.909346, 4.956826
4.888075, 4.976324
4.804498, 4.997896
4.727458, 5.013413
4.668992, 5.017555
4.595754, 5.019743
4.485747, 5.025146
4.349252, 5.040007
ae6c48a1-d156-4263-bc76-79fe96202728
6.520442, 5.007195
6.565132, 5.081080
6.595768, 5.131730
6.616989, 5.175490
6.634689, 5.208560
6.712951, 5.347168
6.740132, 5.404445
6.771164, 5.466345
6.803527, 5.527561
6.831138, 5.586192
6.852027, 5.644603
6.876073, 5.694064
6.891208, 5.738888
6.980116, 5.826961
6.995434, 5.846346
7.008293, 5.867444
7.030321, 5.903584
7.048236, 5.938725
7.071489, 5.977738
7.093160, 6.014094
7.114833, 6.050448
7.140612, 6.087839
7.164638, 6.122683
7.188664, 6.157526
7.216856, 6.193132
7.243130, 6.226314
7.269405, 6.259494
7.291476, 6.292185
7.319315, 6.328068
7.345262, 6.361507
7.367010, 6.394414
7.394495, 6.430570
7.409517, 6.455275
7.422716, 6.476978
7.504695, 6.560289
7.538615, 6.590490
7.554943, 6.609032
7.578690, 6.640527
7.608366, 6.674908
7.631801, 6.706636
7.656948, 6.740680
7.682097, 6.774722
7.707247, 6.808764
7.732398, 6.842804
7.765923, 6.878101
7.795071, 6.908788
7.828452, 6.939584
7.855331, 6.968451
7.888405, 6.999577
7.919229, 7.028581
7.958516, 7.057326
7.996857, 7.081669
8.036719, 7.103430
8.069808, 7.124901
8.101172, 7.148820
8.139025, 7.173918
8.172210, 7.209704
38d30f79-8547-4f51-8b3f-96142050adff
6.260416, 5.349844
6.310787, 5.397203
6.349734, 5.437931
6.389417, 5.464269
6.472840, 5.516449
6.501739, 5.545116
6.555816, 5.598762
6.625021, 5.658471
6.691198, 5.710090
6.749181, 5.757216
6.804102, 5.805711
6.872704, 5.869092
6.919905, 5.910663
6.951104, 5.947968
7.086729, 6.043211
7.449626, 6.413866
7.503019, 6.453582
7.557098, 6.493809
7.608444, 6.530137
7.646945, 6.567053
e179c44b-a69e-4db0-b1e9-47bb6286620f
6.098972, 5.390217
6.053591, 5.374127
5.994186, 5.362378
5.951499, 5.358293
5.927372, 5.352977
5.897954, 5.343430
5.861461, 5.328438
5.824254, 5.311536
5.778006, 5.290526
5.741281, 5.277131
5.697742, 5.266029
5.632106, 5.249293
5.583112, 5.238345
5.558324, 5.232806
5.444206, 5.220741
5.418947, 5.218070
5.405315, 5.228834
5.344436, 5.238435
5.305229, 5.241587
5.265775, 5.241756
5.224933, 5.240435
5.182621, 5.239066
5.121841, 5.238596
5.070143, 5.241191
5.032785, 5.244565
56e10b3a-5179-4f1f-8b43-1e0c7a62ae76
6.565679, 4.916215
6.652485, 5.210979
6.697636, 5.300996
6d71b945-d06f-4a11-9473-62225aead40f
5.970402, 6.347497
5.996912, 6.366726
6.040218, 6.401940
6.085730, 6.439053
6.127557, 6.469401
6.167601, 6.494858
6.209133, 6.517809
6.268629, 6.543940
6.322927, 6.566154
6.355481, 6.594688
07e539eb-42b8-4f28-9b6b-7de7b5d351ca
5.871932, 6.587078
5.918146, 6.614263
5.950580, 6.635232
5.982076, 6.646840
6.056460, 6.664683
6.117989, 6.682521
6.217454, 6.701162
13608288-2165-43de-a191-4a4f52a698ef
5.769638, 6.508745
5.691735, 6.517376
5.625424, 6.524722
5.557790, 6.533721
5.471089, 6.536888
5.416675, 6.544866
5.378715, 6.530534
