main root
7.192751, 5.132469
7.095734, 5.350824
7.023106, 5.485162
6.959916, 5.616363
6.886590, 5.773220
6.862921, 5.855527
6.837306, 5.976183
6.825975, 6.090630
6.819652, 6.218441
6.814155, 6.344595
6.815561, 6.458024
6.821254, 6.576829
6.829443, 6.703850
6.841301, 6.822204
6.856496, 6.931413
6.865354, 7.041142
6.879126, 7.159298
6.893829, 7.285443
6.912896, 7.394193
6.926302, 7.495153
6.934452, 7.588500
6.944629, 7.680866
6.957849, 7.781540
6.966872, 7.866179
6.986021, 7.965994
6.997505, 8.059344
7.016180, 8.159181
7.038990, 8.258116
7.057918, 8.349573
7.073130, 8.433315
7.090227, 8.515830
7.109350, 8.597902
7.128563, 8.680361
7.138219, 8.773989
7.144604, 8.859174
7.150862, 8.942665
7.159150, 9.025557
7.159488, 9.112315
7.164226, 9.176049
7.170503, 9.260483
7.168481, 9.314053
7.172002, 9.379481
7.173612, 9.437242
7.172423, 9.502038
7.169866, 9.559778
7.162582, 9.622759
7.156114, 9.691710
7.151138, 9.760781
7.147656, 9.829936
7.142832, 9.896014
7.140667, 9.966768
7.144136, 10.049105
7.148904, 10.126677
7.154644, 10.195685
7.160259, 10.263181
7.161941, 10.319509
7.165249, 10.380199
7.168937, 10.447840
7.172163, 10.507012
7.176965, 10.567597
7.182317, 10.635112
7.185390, 10.692815
7.187417, 10.759032
7.185888, 10.806904
7.183996, 10.866136
7.182104, 10.925369
7.175868, 10.979973
7.170104, 11.030442
7.160745, 11.086009
7.149674, 11.142727
7.137881, 11.210958
7.123904, 11.274250
7.108848, 11.328547
7.093010, 11.385661
7.076131, 11.440932
7.064652, 11.499016
7.046596, 11.590382
7.036031, 11.628396
7.024696, 11.669188
7.015445, 11.713664
7.006824, 11.755115
6.998205, 11.796566
6.989587, 11.838017
6.983293, 11.883008
6.979977, 11.928314
6.972736, 11.965732
6.963086, 12.015606
6.949455, 12.070290
6.935119, 12.127801
6.920783, 12.185313
6.906448, 12.242825
6.889932, 12.296708
6.870576, 12.349638
6.848438, 12.401462
6.826730, 12.459897
6.809777, 12.505533
6.792087, 12.553154
8d2d3eed-5034-43f2-81bb-d99f2d8bc3b4
7.128158, 5.474439
7.151152, 5.531636
7.178825, 5.584560
7.191575, 5.608945
7.203345, 5.631454
7.223650, 5.640434
7.240956, 5.652998
7.274323, 5.677223
7.322285, 5.712044
7.370247, 5.746865
7.422390, 5.781022
7.458969, 5.808563
7.489002, 5.833048
7.536513, 5.890121
7.574431, 5.935670
7.614011, 5.973856
7.656663, 6.015008
7.703549, 6.056085
7.743906, 6.095421
7.786346, 6.136787
7.814859, 6.170849
7.845357, 6.209613
7.878870, 6.249789
7.911409, 6.288799
7.949375, 6.334313
7.989449, 6.380018
8.022943, 6.418216
8.054284, 6.460772
8.084408, 6.501673
8.104490, 6.536511
8.127815, 6.579971
8.153863, 6.625341
8.191673, 6.685185
8.221266, 6.734824
8.245225, 6.777937
8.271937, 6.822923
8.297873, 6.866600
8.326831, 6.909506
8.353124, 6.953745
c6cfefde-6948-41c2-9cbe-cfc9e27390f5
7.098168, 8.693252
7.050810, 8.721204
6.985470, 8.759454
6.928893, 8.792689
6.878194, 8.824820
0ce79321-70ff-490c-87d5-cc559ded255d
7.158628, 8.625416
7.200900, 8.662811
7.251618, 8.707683
3fa815c2-347f-413d-9d2c-9a86b40962d3
7.192056, 9.332418
7.216925, 9.334758
7.227601, 9.335073
04eac01f-0b78-4afa-9b41-918a2dd31220
7.143967, 9.342638
7.125278, 9.345453
