main root
6.645901, 4.597396
6.723504, 5.069846
6.716970, 5.209873
6.726234, 5.326228
6.731066, 5.412203
6.735517, 5.470805
6.721047, 5.570721
6.727340, 5.663909
6.729975, 5.765719
6.726096, 5.859689
6.724021, 5.961206
6.718128, 6.046619
6.711716, 6.139532
6.712032, 6.221933
6.706315, 6.292166
6.694650, 6.361658
6.684494, 6.440250
6.664113, 6.548436
6.647596, 6.641366
6.638193, 6.711380
6.633071, 6.783441
6.625483, 6.827233
6.607849, 6.885174
6.590194, 6.937947
6.582939, 6.973707
6.577588, 7.022532
6.578172, 7.099619
6.574161, 7.162747
6.566696, 7.247535
6.563474, 7.318252
6.561915, 7.385364
6.565268, 7.434395
6.574241, 7.499809
6.588216, 7.568656
6.605720, 7.632320
6.636557, 7.704955
6.645769, 7.745803
6.662458, 7.813009
6.676969, 7.877658
6.686439, 7.940351
6.701667, 8.011094
6.735117, 8.290446
6.751749, 8.502257
6.751819, 8.541381
6.751894, 8.583383
6.754999, 8.645637
6.757950, 8.704827
6.760902, 8.764017
6.768457, 8.825356
6.779038, 8.886780
6.790828, 8.946410
6.807484, 9.015219
6.821428, 9.072824
6.837181, 9.131536
6.846679, 9.178489
6.858430, 9.236583
6.868418, 9.293506
6.878931, 9.344761
6.889138, 9.394526
6.897511, 9.450248
6.904615, 9.507593
6.905852, 9.554105
6.908739, 9.606342
6.912476, 9.673973
6.915746, 9.733146
6.934933, 9.834300
6.946380, 9.962548
6.946894, 10.001988
6.947444, 10.044307
6.950942, 10.083240
6.957978, 10.128105
6.964533, 10.169915
6.971087, 10.211727
6.981061, 10.256034
6.988568, 10.296194
6.994408, 10.343729
7.003303, 10.403858
7.013216, 10.470869
7.021888, 10.529493
7.030560, 10.588119
7.042632, 10.649266
7.054110, 10.707407
7.062073, 10.763202
7.078915, 10.828231
7.092248, 10.891654
7.106214, 10.950812
7.127176, 11.020065
7.143067, 11.082895
7.161235, 11.142520
7.172907, 11.196228
7.183693, 11.245864
7.196279, 11.303781
7.205304, 11.359406
7.214795, 11.417909
7.226004, 11.477650
7.235372, 11.527579
7.246301, 11.585832
7.257230, 11.644083
7.271653, 11.704725
7.281271, 11.758104
7.285914, 11.792310
7.287882, 11.840147
f5ae9f27-4950-4c2d-9f89-b9c4cf2df0e0
6.735013, 6.203947
6.764866, 6.214533
6.893642, 6.290706
6.950185, 6.325959
6.994291, 6.358747
7.033873, 6.393769
7.076673, 6.439946
7.141009, 6.517672
8415364c-2793-4e25-b4bf-ad3ce3eb1023
6.759693, 4.911533
6.809482, 4.916386
6.833400, 4.919970
6.986818, 4.995066
7.018300, 5.008531
7.040018, 5.019175
7.057153, 5.032294
7.085368, 5.051696
7.114535, 5.069632
7.140462, 5.087037
7.169828, 5.104647
7.200056, 5.120734
7.231063, 5.135259
7.252409, 5.146633
7.279360, 5.162406
7.297307, 5.177821
7.324388, 5.198778
7.352501, 5.218324
7.367455, 5.233884
7.392410, 5.257329
7.418529, 5.279472
7.441981, 5.297063
d84a5e3c-b34e-4113-9470-193795346ea2
6.659514, 4.722228
6.407012, 4.896141
6.372575, 4.918042
6.338279, 4.934534
6.293004, 4.959625
6.253542, 4.983207
6.217468, 5.009994
6.116105, 5.096326
6.083968, 5.123698
6.052170, 5.146820
6.017373, 5.175799
5.984742, 5.204921
5.964452, 5.219016
5.939503, 5.230882
5.892211, 5.256687
5.838395, 5.291168
5.781360, 5.327712
5.749704, 5.353326
5.696609, 5.400141
5.652286, 5.437225
5.613324, 5.469824
5.581918, 5.501957
5.543989, 5.534519
2dfeb2fd-c9d8-40e6-a6d9-ae2e6bcdfbaf
6.723926, 5.027672
6.606204, 5.096323
6.568790, 5.121313
6.539089, 5.132211
6.515084, 5.145599
6.449045, 5.188435
6.323031, 5.251678
6.258209, 5.274157
6.220214, 5.287330
6.194371, 5.299456
6.160358, 5.318717
6.129047, 5.336444
6.105815, 5.353034
6.079281, 5.375658
6.046743, 5.407330
6.016362, 5.441080
5.987827, 5.468305
5.957246, 5.495413
5.936782, 5.511554
5.897338, 5.533388
e16e05a8-0833-47b5-a131-23caedf94c8c
6.759265, 5.029427
6.814255, 5.058833
6.844713, 5.070905
6.877923, 5.091285
6.914012, 5.111162
6.933249, 5.119389
7.010421, 5.199201
7.027184, 5.218942
7.042743, 5.225309
7.070259, 5.238116
7.092685, 5.255158
7.116602, 5.271533
7.143715, 5.284730
7.171760, 5.300116
7.199020, 5.316853
7.227578, 5.334385
7.246912, 5.349766
7.270864, 5.372648
7.297240, 5.401985
7.329771, 5.433690
7.360086, 5.463236
7.390401, 5.492781
7.418599, 5.522353
7.448469, 5.551509
64da9ce3-2b63-40dd-be49-e252b57cad44
6.728874, 5.457207
6.695524, 5.472393
6.628688, 5.491955
6.623235, 5.511157
6.493518, 5.578743
6.442229, 5.602091
6.384500, 5.643035
6.362362, 5.666076
be9c0114-83cb-4736-a964-e4eccb6377ee
6.741751, 5.660791
6.772172, 5.671004
6.821105, 5.700544
6.855354, 5.719559
6.902956, 5.749411
6.938010, 5.776694
6.972227, 5.807120
7.002308, 5.843476
2fed4c52-689c-400c-89b6-8743db619a5e
6.739456, 5.855228
6.703493, 5.876032
6.609684, 5.904781
6.491950, 5.970180
6.418455, 6.033251
6.375408, 6.066230
6.349652, 6.089716
7a6e7aa8-823c-4a46-87fd-87d9d861aa36
6.722522, 8.149695
6.678861, 8.203926
ee700b2b-8ebd-4576-8fe1-d602156de34e
6.667485, 6.625872
6.590938, 6.647245
6.523330, 6.679174
