main root
6.244505, 5.435054
6.198891, 5.586536
6.104649, 5.939261
6.049289, 6.178641
6.014935, 6.412516
5.996659, 6.608044
5.988656, 6.762734
5.969769, 6.928504
5.964413, 7.046714
5.977405, 7.222017
5.972091, 7.388365
5.989445, 7.567937
5.988894, 7.730567
6.058833, 7.880367
6.085174, 7.986817
6.111612, 8.093655
6.137914, 8.217423
6.166068, 8.359386
6.180910, 8.508255
6.183557, 8.681143
6.208168, 8.828724
6.268097, 9.002179
6.399913, 9.205832
6.485825, 9.349754
6.558248, 9.498762
6.658511, 9.644754
6.675080, 9.772271
6.686803, 9.910769
6.745629, 10.078067
6.760544, 10.139238
6.770662, 10.204901
fc906820-5a74-4621-bae0-ea0ab8af5e8a
6.106396, 5.798336
5.994262, 5.887267
5.935289, 5.924048
5.890982, 5.945052
5.833916, 5.967414
5.772545, 5.988249
5.698514, 6.016542
5.639448, 6.042321
5.587857, 6.071369
5.507942, 6.118780
5.465299, 6.140598
5.413192, 6.165577
5.353523, 6.190861
5.298164, 6.215945
5.241948, 6.246345
5.184785, 6.270452
5.129734, 6.298541
5.068747, 6.331338
5.024043, 6.360477
4.968200, 6.400450
4.905198, 6.451069
4.852625, 6.491390
4.812867, 6.518108
4.762860, 6.555322
4.726893, 6.583952
c6f71093-dc00-480d-b4b7-3cf9a71f0e85
6.206846, 5.648202
6.409412, 5.773059
6.479075, 5.812966
6.515602, 5.835616
3368b0c0-b687-4be3-94fc-0b7249885f3a
6.173208, 5.742620
6.356213, 5.918766
6.536565, 6.047323
6.696440, 6.160250
6.732311, 6.194939
6.777163, 6.235935
6.833884, 6.290588
6.863524, 6.327463
6.904954, 6.386171
6.952321, 6.456890
6.997896, 6.541156
fd258797-4f15-4511-b0cb-4b2a390c06d3
6.170125, 5.768006
6.314646, 5.882419
6.327138, 6.004018
6.325377, 6.077040
6.320074, 6.114564
6.308243, 6.168241
6.290021, 6.250919
6.270884, 6.296026
6.256763, 6.336973
075c72db-5061-4a00-995d-26a46e6eb773
6.216632, 5.659226
6.362965, 5.849920
6.419318, 5.940504
6.512680, 6.024690
6.582795, 6.167637
6.591303, 6.210332
6.603512, 6.237982
6.619693, 6.263512
6.653085, 6.307808
6.685761, 6.348668
6.715385, 6.388108
6.743800, 6.428428
6.775149, 6.470314
6.807684, 6.511287
6.832164, 6.539708
af9f51a9-ea1c-4420-b7e8-0698f351f586
5.905809, 7.016746
5.846233, 7.054144
5.803595, 7.086131
5.756830, 7.118922
5.707552, 7.154509
5.661557, 7.185879
5.615046, 7.210831
