main root
6.133763, 5.682006
6.183392, 5.894511
6.257162, 6.104057
6.319593, 6.329936
6.381192, 6.491108
6.427384, 6.654777
6.564164, 6.870929
6.632473, 7.103694
6.692078, 7.306795
6.733886, 7.431401
6.782629, 7.579777
6.836697, 7.718042
6.889038, 7.829386
6.931360, 7.919418
6.948089, 7.962040
6.959472, 8.014335
3381ae65-7e23-4b0b-982b-214bd4f432d5
6.316133, 6.121400
6.441610, 6.161511
6.571386, 6.180209
1266699f-b19c-4985-9490-8c44be7505ad
6.396566, 6.320366
6.466451, 6.353943
6.496236, 6.379118
6.528075, 6.407989
6.554508, 6.445436
