main root
6.659715, 4.285141
6.625825, 4.545686
6.614568, 4.689145
6.617093, 4.814027
6.602860, 4.940277
6.604692, 5.033739
6.598792, 5.160942
6.606887, 5.258286
6.616139, 5.410175
6.624670, 5.515410
6.624471, 5.617676
6.622185, 5.711045
6.621815, 5.812589
6.627618, 5.903896
6.625638, 6.006145
6.636194, 6.116762
6.640898, 6.210339
6.644723, 6.286439
6.654481, 6.396267
6.654732, 6.466734
6.676928, 6.541504
6.691280, 6.674141
6.697121, 6.767213
6.688805, 6.837389
6.677946, 6.946998
6.677841, 7.033881
6.686143, 7.126085
6.694495, 7.218838
6.698698, 7.312441
6.700555, 7.387134
6.696261, 7.455358
6.636624, 7.680889
6.617279, 7.878266
6.603964, 7.970988
6.592842, 8.063243
6.576462, 8.163755
6.563597, 8.255786
6.543213, 8.355762
6.527093, 8.455999
6.512306, 8.547956
6.493291, 8.639702
6.470177, 8.730501
6.450298, 8.802526
6.435891, 8.877220
6.410668, 8.928256
6.367391, 9.122588
6.344014, 9.186236
6.326818, 9.241737
6.342183, 9.283490
6.324778, 9.402740
6.315559, 9.495037
6.306719, 9.604831
6.307023, 9.706465
6.298888, 9.816330
6.285666, 9.909451
6.275593, 10.010480
6.268469, 10.103131
6.258566, 10.204343
6.248215, 10.288832
6.235809, 10.373040
6.223469, 10.456802
6.206965, 10.580678
02c62bfc-d8a9-40f9-8de9-f74ea6cc4e45
6.600771, 6.434626
6.571232, 6.455137
6.522175, 6.491022
6.480738, 6.510693
054d9863-69bf-41e1-a481-f9dbd4ffcc39
6.674182, 6.360475
6.680522, 6.363979
6.733008, 6.383522
6.782214, 6.410933
