main root
7.113187, 5.753113
7.281457, 5.778699
7.432698, 5.922456
7.581670, 6.013799
7.735887, 6.188709
7.810873, 6.365653
7.859555, 6.527460
7.885148, 6.688656
7.929867, 6.927276
7.895559, 7.065474
7.873805, 7.203186
7.855117, 7.294548
7.826084, 7.394247
7.806127, 7.470286
7.737017, 7.570231
7.693961, 7.639791
7.660684, 7.687864
7.629170, 7.781181
7.606667, 7.857171
7.587049, 7.933958
7.568187, 8.007790
7.551485, 8.085261
7.540017, 8.166866
7.524317, 8.235566
7.505673, 8.326592
7.489750, 8.389416
7.470942, 8.451436
7.443915, 8.540560
7.420805, 8.611615
7.399156, 8.687851
7.369089, 8.793730
7.347243, 8.865183
7.320988, 8.930574
7.304510, 8.979644
7.301221, 9.074214
7.289698, 9.161082
7.277421, 9.279863
7.257279, 9.441124
7.223093, 9.580131
7.199561, 9.702246
7.185292, 9.820890
7.174243, 9.930480
7.166164, 10.031702
7.152554, 10.149192
7.131508, 10.257328
7.108414, 10.364908
7.089617, 10.482626
7.073596, 10.582964
7.060402, 10.692434
7.047141, 10.784885
7.030610, 10.885238
7.014094, 10.985493
7.004518, 11.095695
6.999197, 11.205822
6.991774, 11.315602
6.982804, 11.416903
6.990754, 11.518973
6.990846, 11.629140
6.984590, 11.739042
6.978816, 11.840473
6.972561, 11.950356
6.964196, 12.060073
6.962817, 12.161631
6.959101, 12.279957
6.953794, 12.381522
6.948493, 12.482985
6.946969, 12.593232
6.939105, 12.703038
6.934822, 12.821902
6.924521, 12.931508
6.917599, 13.050254
6.907952, 13.143455
6.891037, 13.234196
50389df1-b777-4772-8875-13f2f605bc6f
7.298753, 5.820053
7.215654, 5.908376
7.128235, 6.013917
7.029660, 6.165248
6.984203, 6.266417
6.958506, 6.316179
6.941973, 6.348081
6.932823, 6.378632
6.918919, 6.440713
6.902632, 6.492894
6.890446, 6.547008
6.875894, 6.591197
6.855235, 6.629994
6.839090, 6.742465
2ca43b27-aa52-411e-b526-ef6d1485cd62
6.981401, 5.859319
7.008218, 5.951532
7.057086, 6.008299
7.165982, 6.106427
7.353134, 6.291798
7.517529, 6.509147
7.626545, 6.557076
7.721890, 6.651662
7.833608, 6.790652
7.956218, 6.952736
8.085537, 7.088745
8.223995, 7.225174
8.428045, 7.400642
8.542580, 7.511201
8.647345, 7.591950
9.067755, 7.817806
9.157056, 7.890166
9.263137, 7.943628
9.698697, 8.162354
9.974004, 8.291891
10.058931, 8.329526
10.150246, 8.374618
10.233742, 8.415850
10.316524, 8.459075
10.391572, 8.498261
10.459118, 8.533530
10.555584, 8.589187
adc1b675-7ff5-4490-bfe4-280d4e134111
6.983885, 5.988215
6.945333, 6.018163
6.925801, 6.029544
6.904935, 6.038238
0e5933bf-a3b1-4cae-b964-d351a58b97da
7.124700, 6.151033
7.087128, 6.182836
7.051909, 6.219101
7.017011, 6.243761
6.989646, 6.270427
6.953291, 6.303765
6.923742, 6.328831
6.903853, 6.351590
6.887423, 6.374939
c06e4988-a6cd-437a-ba3d-4acf9da70069
7.054767, 5.802960
7.096893, 5.880912
7.136901, 5.932869
7.190482, 6.024933
7.219837, 6.095739
7.280247, 6.194751
7.366435, 6.313624
7.591353, 6.531867
7.911871, 6.897088
8.034116, 7.036386
8.169979, 7.175197
8.317929, 7.314261
8.480268, 7.437405
8.653996, 7.558563
8.910532, 7.740957
9.119917, 7.873550
9.623055, 8.118575
9.794146, 8.226236
9.850844, 8.312982
9.921824, 8.371039
9.988561, 8.420280
10.063506, 8.475579
10.154671, 8.537585
10.246909, 8.597762
10.334177, 8.649647
10.414226, 8.697239
10.496887, 8.739044
10.572433, 8.777251
10.638413, 8.812297
10.729066, 8.858053
10.781609, 8.889607
10.819574, 8.900186
10.863024, 8.921295
64c072d5-167a-4b32-9573-0d6f6e8375d2
7.211979, 5.786198
7.224207, 5.943984
7.225764, 6.101424
7.308067, 6.255098
7.425264, 6.375711
7.506887, 6.464086
7.628011, 6.559122
7.746066, 6.673452
7.829818, 6.786194
7.962818, 6.961685
8.086828, 7.090486
8.226144, 7.226051
8.364470, 7.356290
8.544713, 7.513891
8.651732, 7.597651
8.775511, 7.632028
8.980509, 7.702458
9.039272, 7.733266
9.122418, 7.774481
9.214320, 7.817676
9.291940, 7.849575
9.356566, 7.880988
9.407965, 7.905974
9.446769, 7.932819
9.557988, 7.974093
9.611326, 7.989082
9.636373, 8.000769
9.684339, 8.021482
9.736818, 8.039241
9.786774, 8.054548
9.837153, 8.068404
9.880550, 8.084980
9.926013, 8.103932
9.978717, 8.121020
10.019132, 8.135683
10.064907, 8.153868
10.110114, 8.173423
10.158650, 8.192769
10.205760, 8.211548
10.280834, 8.255614
10.404894, 8.283266
10.489971, 8.293024
10.559029, 8.306970
10.637230, 8.319706
10.705551, 8.336896
10.786696, 8.351136
10.847868, 8.374028
10.934628, 8.393710
11.041453, 8.420115
11.096934, 8.433827
490c2e70-3926-460b-ab86-3f300856df5f
7.274342, 6.300442
7.210005, 6.351033
7.157530, 6.380865
7.085789, 6.395781
7.064505, 6.406408
7.024932, 6.436628
1e5664f3-597c-4111-9069-bd24479c1e29
7.226080, 9.192681
7.147305, 9.215150
7.099418, 9.229507
7.030525, 9.244288
6.987970, 9.279180
6.919338, 9.305316
6.841707, 9.326593
6.767163, 9.348577
6.693056, 9.371990
6.611729, 9.402122
6.570047, 9.417564
6.519497, 9.425494
0731209f-f077-4c7f-80c9-4b85f3cc508f
7.192583, 9.400122
7.150779, 9.378152
7.106589, 9.368658
7.073028, 9.356231
7.043373, 9.341857
7.023567, 9.345630
6.961372, 9.334077
6.917670, 9.325959
1ec1cc95-b491-4d45-9eb0-57f5fd2e63f1
7.323359, 9.316738
7.407575, 9.358380
7.441615, 9.377261
7.497057, 9.401918
7.533804, 9.418261
639b8ff7-e480-4e36-a0d8-f12599611c42
7.338008, 9.095922
7.407031, 9.066099
7.422071, 9.039681
7.435045, 9.016108
7.469101, 8.950273
7.506875, 8.902888
7.532656, 8.877750
7.579557, 8.838292
7.632919, 8.820589
7.665173, 8.813043
7.717757, 8.807883
f37cfc6f-f222-425e-99ab-5dd7d48c88ac
7.193876, 10.119617
7.235451, 10.120314
7.280710, 10.125101
7.344955, 10.141390
06cb0498-aa37-4fe1-b3db-c981f56b03df
7.787451, 6.419399
7.671539, 6.471907
7.516767, 6.537928
7.329139, 6.566070
7.305701, 6.565045
7.261858, 6.564625
7.214084, 6.561174
7.154969, 6.556904
7.123302, 6.554617
7.075245, 6.589239
7.008005, 6.619118
6.870941, 6.637053
6.813142, 6.633639
f22fe316-d01e-4b6d-924c-1a365a1bd63b
7.464691, 6.560071
7.406144, 6.594808
7.392074, 6.597815
7.368391, 6.601339
7.354012, 6.611413
7.334677, 6.617648
1a9acf17-9364-440d-be46-d17020edaebd
7.469725, 5.998440
7.433559, 6.060185
7.402563, 6.105280
7.367119, 6.149096
7.351145, 6.168845
