main root
6.846159, 5.974935
6.920130, 6.166709
6.990262, 6.366289
7.062945, 6.592756
7.113829, 6.755512
7.138364, 6.869374
7.176929, 6.994012
7.201312, 7.101450
7.219446, 7.210036
7.233393, 7.293551
7.248734, 7.385416
7.262038, 7.477853
7.278595, 7.578040
7.288445, 7.663090
7.303284, 7.754651
7.314108, 7.847731
7.324865, 7.940243
7.337686, 8.032279
7.345450, 8.134019
7.360035, 8.216117
7.364148, 8.311416
7.374438, 8.403477
7.381828, 8.488274
7.390650, 8.589484
7.391755, 8.699649
7.388627, 8.809645
7.396065, 8.920249
7.401164, 9.082067
7.401071, 9.212112
7.392582, 9.338034
7.379887, 9.463932
7.371269, 9.591247
7.364768, 9.718369
7.352419, 9.835922
7.333795, 9.952633
7.308946, 10.068184
7.281998, 10.183459
7.258330, 10.325694
7.240441, 10.446038
7.227434, 10.519430
7.220386, 10.615692
7.208018, 10.808120
7.208184, 10.936467
7.204148, 11.062932
7.174653, 11.249855
7.178381, 11.464454
7.177399, 11.526361
7.173614, 11.576232
b7ba794e-91c8-4d48-8d7b-cf9e8d637847
6.939445, 6.244575
6.759949, 6.325210
6.650541, 6.365100
6.589360, 6.389641
6.330837, 6.542423
6.264729, 6.583230
6.201369, 6.617065
6.110680, 6.663094
6.037816, 6.704728
5.972211, 6.740490
5.933183, 6.761764
5f8e74ad-29e6-49f1-b041-65e4e376289c
7.005542, 6.426932
6.784975, 6.581539
6.665811, 6.639570
6.609823, 6.673508
6.527175, 6.703007
6.475041, 6.715272
6.415182, 6.732441
6.356220, 6.752480
6.298294, 6.775341
6.254687, 6.789346
6.211067, 6.792371
e3de76d3-a53f-4ac9-8ae7-b086ea748af6
7.027767, 6.590645
6.996905, 6.646823
6.970929, 6.693631
6.924524, 6.760906
6.859863, 6.813582
6.858046, 6.829518
6.752170, 7.011200
6.731942, 7.051859
6.711745, 7.085735
6.692279, 7.112535
6.692112, 7.128909
6.673042, 7.188584
6.656930, 7.233104
6.644709, 7.288863
6.616963, 7.349222
6.604735, 7.372238
8d4fecd7-14a1-448a-855d-4d41c106b546
7.139504, 6.879784
7.091626, 6.903394
7.028805, 6.910050
6.882717, 6.942145
6.825473, 6.945526
6.743862, 6.956361
6.674854, 6.957973
6.630433, 6.958994
6.552293, 6.980327
205f1e64-01d9-499d-9f51-2c8949f1ede1
7.389022, 8.443336
7.313295, 8.509110
7.281725, 8.532538
7.259632, 8.548906
7.239535, 8.561934
55084672-7f77-4445-ad31-101fc4d20133
6.861468, 6.174270
6.645799, 6.441816
6.618457, 6.482968
6.595993, 6.522253
6.554890, 6.557648
b27d5320-fea7-41f4-ab66-7553eb7b2d6a
6.894988, 6.224592
6.755789, 6.321103
6.594226, 6.376092
6.437880, 6.449148
6.305316, 6.489122
6.201542, 6.520415
6.109867, 6.541468
6.040912, 6.555176
6.006795, 6.560432
