main root
6.616744, 4.045415
6.634350, 4.210148
6.623537, 4.362220
6.612854, 4.528116
6.595782, 4.696887
6.572332, 4.824703
6.556091, 4.924943
6.533023, 5.040938
6.501231, 5.146560
6.467853, 5.242775
6.429799, 5.346010
6.388625, 5.439365
6.345659, 5.531543
6.300781, 5.622813
6.254016, 5.713128
6.197727, 5.798838
6.134334, 5.899209
6.081907, 5.986178
6.025751, 6.071137
5.968523, 6.165392
5.911400, 6.259477
5.857833, 6.355857
5.806182, 6.453146
5.762352, 6.544726
5.724147, 6.629424
5.689334, 6.706603
5.604939, 6.855025
5.571682, 6.930625
5.545465, 7.060919
5.572754, 7.205634
5.606855, 7.329819
5.625041, 7.435888
5.642963, 7.552904
5.651788, 7.652434
5.653181, 7.738584
5.654242, 7.804192
5.651399, 7.861577
5.585682, 8.074388
5.560286, 8.116047
5.547065, 8.137734
5.515252, 8.318229
5.500107, 8.369663
5.481341, 8.422804
5.462311, 8.476694
5.450330, 8.510625
5.442995, 8.540393
5.433197, 8.605188
5.424335, 8.663795
5.412965, 8.718994
5.396352, 8.769978
5.385204, 8.804193
5.371514, 8.897192
5.365410, 8.959229
5.356921, 9.014945
5.352735, 9.062300
5.351166, 9.114040
5.352270, 9.176367
5.356367, 9.238567
5.357078, 9.294920
5.351766, 9.348277
5.345896, 9.407257
5.340026, 9.466238
5.334156, 9.525218
5.330971, 9.587473
5.328701, 9.631865
5.288252, 9.767863
5.256526, 10.088572
5.247516, 10.179655
5.228280, 10.288140
5.206988, 10.396094
5.181058, 10.494777
5.151104, 10.592121
5.111333, 10.692595
5.063036, 10.791613
5.014784, 10.890540
4.968411, 10.990436
4.917829, 11.079307
4.871765, 11.160240
4.819864, 11.238673
4.777070, 11.310857
4.750084, 11.356377
4.729637, 11.403420
4.619326, 11.494542
4.586462, 11.508091
4.581233, 11.551881
4.530196, 11.625410
4.478847, 11.710509
4.424480, 11.816944
4.378133, 11.916981
4.329969, 12.015905
4.287433, 12.108104
4.248778, 12.201989
4.229926, 12.270005
4.208624, 12.378541
4.185362, 12.486081
4.166006, 12.560614
4.029286, 12.565650
3.943683, 12.564653
3.850770, 12.565674
f19d0c47-f272-46cb-8c96-4db44df891a6
5.714441, 6.733472
5.749962, 6.772176
5.795139, 6.828042
5.832746, 6.881686
5.860212, 6.928091
5.914286, 6.999205
5.956103, 7.041055
6.011622, 7.105391
6.085751, 7.175104
6.148535, 7.231303
6.198398, 7.289852
6.251988, 7.355978
6.298633, 7.413533
6.337307, 7.462520
d6ac57bc-8f1f-432c-81e6-2faabd418364
5.510415, 7.133516
5.442178, 7.151331
5.377973, 7.165717
5.270555, 7.204490
5.218216, 7.213836
5.140780, 7.230703
5.053037, 7.256311
4.973741, 7.283775
4.909586, 7.302827
4.848201, 7.315811
30128432-891c-4f08-8f4c-eebc09e37a7e
5.559995, 6.950855
5.493946, 6.944437
5.375543, 6.968783
5.347937, 6.969874
5.297175, 6.971881
5.236520, 6.975778
5.166131, 6.983299
5.104545, 6.992890
5.047235, 7.000300
5.005737, 7.002647
2a6e9ae6-6190-4dab-b3bc-3e4c9116acf1
5.602960, 7.772950
5.714523, 7.799564
5.786845, 7.818356
5.854450, 7.835922
5.908857, 7.849495
1917680b-0842-4cb6-b539-c680d154aaf7
5.635935, 7.399639
5.687484, 7.399332
5.729817, 7.399079
5.769175, 7.401839
5.828295, 7.405983
5.882110, 7.412756
5.916139, 7.418548
aa5337e3-c311-4599-abdb-d91a8ee6eaed
5.577395, 7.531399
5.531482, 7.553009
5.476103, 7.586185
