main root
6.925733, 4.991100
6.931168, 5.174253
6.964829, 5.317635
7.001259, 5.512853
7.037981, 5.691349
7.039826, 5.806838
7.052915, 5.912799
7.053595, 6.087415
7.078908, 6.198618
7.115872, 6.416946
7.150490, 6.646715
7.173656, 6.857305
7.203117, 7.012689
7.233139, 7.159682
7.264055, 7.310060
7.289059, 7.462237
7.301818, 7.627414
7.305960, 7.752681
7.324521, 7.848740
7.350806, 7.979024
7.377892, 8.123302
7.400772, 8.256475
7.432607, 8.397934
7.450475, 8.533265
7.458934, 8.661391
7.471526, 8.788381
7.484059, 8.914769
7.492359, 9.041035
7.502802, 9.167897
7.514644, 9.286021
7.534931, 9.403798
7.549425, 9.512871
7.559714, 9.622429
7.565783, 9.732297
7.569737, 9.842252
7.572779, 9.926870
7.572418, 10.000134
7.571960, 10.093259
7.571720, 10.141941
6d9ff895-0532-490e-9626-82f80d57b2ad
7.079161, 6.611219
7.031864, 6.676559
7.003128, 6.712077
6.979416, 6.745182
6.945791, 6.789554
6.925748, 6.808568
6.888897, 6.843530
6.845790, 6.888550
6.812214, 6.927947
6.781140, 6.971328
6.751195, 7.023820
6.725464, 7.065901
6.699956, 7.113358
6.673116, 7.169617
6.652152, 7.213555
6.626999, 7.252610
a34499a2-e08e-4f69-87c8-666aeb479256
6.993080, 6.142124
6.916871, 6.156693
6.882392, 6.167549
6.798699, 6.207132
6.711173, 6.241548
6.630076, 6.268980
6.555078, 6.299087
6.511065, 6.318991
6.485681, 6.335399
f8606df4-38ee-4c13-82a9-9bfa8ea9bb0d
7.105217, 5.867245
7.176198, 5.884135
7.215015, 5.899424
7.244446, 5.909563
7.286678, 5.922157
7.320805, 5.929324
7.361338, 5.933249
7.432025, 5.937087
7.491203, 5.940300
7.556684, 5.937859
7.606684, 5.938991
7.647476, 5.941411
7.688152, 5.945324
7.730765, 5.950927
7.761405, 5.959484
7.812174, 5.972109
7.863046, 5.981675
7.934211, 5.984963
7.972184, 5.980724
8.013717, 5.979100
8.067949, 5.979975
8.106640, 5.982096
8.132002, 5.983487
c4086703-cae6-4696-ae4a-78100b5f2014
7.116682, 5.704433
7.189910, 5.712010
7.260243, 5.719983
7.328813, 5.734149
7.408464, 5.744241
7.487377, 5.751227
7.566498, 5.755231
7.645714, 5.756247
7.761300, 5.767533
7.836133, 5.785259
7.918458, 5.806891
8.000579, 5.824181
8.059837, 5.845256
8.146145, 5.882649
8.208095, 5.900448
8.277631, 5.923541
8.366978, 5.939020
8.476466, 5.982587
8.568831, 6.033902
0546e8a9-ee98-489c-ad92-d1d85224475b
7.059609, 5.352474
7.148929, 5.316028
7.188799, 5.302162
7.226938, 5.292067
7.267860, 5.281235
7.308701, 5.273521
7.342866, 5.268590
7.417040, 5.272248
7.463005, 5.273015
7.541802, 5.260283
7.604026, 5.245681
7.642064, 5.238292
7.669680, 5.237502
7.719008, 5.237586
7.771306, 5.236182
7.822092, 5.234817
7.881338, 5.233225
7.920744, 5.235160
7.964595, 5.235815
8.040804, 5.248798
8.100957, 5.257528
8.154618, 5.262290
8.216898, 5.264813
8.259197, 5.266526
8.298381, 5.271109
8.353483, 5.279060
8.389897, 5.287339
8.423193, 5.296444
96d99d4a-8b61-41f2-8dce-21499c26d76b
7.031567, 5.008033
7.119921, 4.971087
7.174387, 4.945143
7.212532, 4.927290
7.250789, 4.909198
7.310181, 4.891494
7.341645, 4.886800
7.393147, 4.877604
7.446789, 4.863463
7.491733, 4.854712
7.538336, 4.847162
7.591874, 4.848061
7.614822, 4.852938
7.658004, 4.860584
7.694472, 4.862482
7.742007, 4.861958
7.816726, 4.851449
7.888893, 4.835253
7.914609, 4.831016
7.939293, 4.829982
7.978722, 4.831327
8.039500, 4.831903
8.111766, 4.828096
8.161080, 4.826997
8.206826, 4.828972
8.249675, 4.832319
8.324093, 4.853043
8.370600, 4.862887
8.433903, 4.871697
8.485908, 4.877424
8.539707, 4.880337
8.600465, 4.882128
8.669706, 4.882671
8.718994, 4.884554
8.766652, 4.889371
8.805493, 4.896305
8.848906, 4.902534
8.893683, 4.914904
3ccddc23-b4a6-4762-8c17-941fcdb84ba3
6.845300, 5.185834
6.737541, 5.136649
6.668403, 5.082152
6.613929, 5.068139
6.526267, 5.051773
6.504997, 5.043024
6.465715, 5.027379
6.414542, 5.003775
6.379754, 4.992674
6.331765, 4.982073
6.263849, 4.968603
6.223766, 4.957601
6.186621, 4.944302
6.144931, 4.932555
6.100682, 4.924752
6.030508, 4.915416
5.971753, 4.907599
5.909642, 4.902356
5.852203, 4.896004
5.810577, 4.892907
5.773090, 4.891618
5.746158, 4.892189
5.716369, 4.897312
5.661420, 4.912838
5.628859, 4.918928
5.595880, 4.922050
5.556431, 4.922778
5.512634, 4.925083
5.461900, 4.927754
5.419626, 4.929979
5.380185, 4.929058
5.348667, 4.934310
5.306911, 4.941267
5.268957, 4.950625
5.240050, 4.960835
5.217926, 4.965475
dee3a591-3bd7-4b65-8be8-661dddccde2a
6.828354, 5.103299
6.785714, 5.125841
6.687640, 5.142017
6.609525, 5.142621
6.531396, 5.155827
6.407620, 5.177370
6.291550, 5.204525
6.191504, 5.223587
6.100015, 5.241020
6.007899, 5.256430
5.905984, 5.264900
5.812762, 5.270538
5.730363, 5.275522
5.599438, 5.330587
5.520198, 5.361664
5.440811, 5.385984
5.340196, 5.405745
5.288195, 5.426524
5.216631, 5.457352
5.179437, 5.480149
5.136492, 5.516200
5.084350, 5.568209
5.036491, 5.633521
4.983283, 5.709691
4.940627, 5.781619
4.897439, 5.854444
4.849935, 5.934548
4.811457, 6.011803
4.779847, 6.089225
4.754082, 6.168788
4.732203, 6.249815
4.707924, 6.339729
4.687829, 6.430287
4.673593, 6.508251
4.650215, 6.561294
4.625458, 6.617464
4.611127, 6.680290
4.596433, 6.758170
4.589464, 6.843542
4.577784, 6.913038
4.568688, 7.005233
4.560392, 7.058835
320f90f8-cdc0-4a61-9b32-f06dd4ccebee
6.862233, 5.245100
6.818137, 5.277073
6.757581, 5.316626
6.706177, 5.337928
6.608656, 5.368702
6.503111, 5.399789
6.434738, 5.428748
6.353133, 5.472449
6.272228, 5.518161
6.207246, 5.547730
6.122716, 5.572525
6.075214, 5.595226
6.028130, 5.627053
5.956465, 5.685653
5.898097, 5.719796
5.805860, 5.763947
5.721850, 5.804161
5.667150, 5.839673
5.594409, 5.896929
5.521226, 5.954533
5.455477, 6.019669
5.388287, 6.074555
5.319185, 6.136437
5.252966, 6.201383
5.195932, 6.266158
5.151524, 6.329147
5.103424, 6.408324
5.061458, 6.481399
5.021304, 6.555481
4.982982, 6.630536
4.946520, 6.706510
4.909886, 6.782839
4.875511, 6.847546
4.835751, 6.931354
4.808411, 6.975013
4.789544, 7.037499
4fcca93d-34c8-4090-a828-86d9bad1bef1
6.909301, 5.395502
6.867439, 5.430832
6.800042, 5.478397
6.757666, 5.510474
6.677435, 5.576513
6.623045, 5.632180
6.562966, 5.702698
6.504353, 5.765101
6.440591, 5.832985
6.381913, 5.904674
6.319366, 5.974446
6.265416, 6.072569
6.188114, 6.132100
6.143056, 6.171811
6.074775, 6.234795
6.044467, 6.276857
5.994974, 6.345548
5.944218, 6.423188
5.895146, 6.502098
5.828631, 6.581019
5.769830, 6.663917
5.719651, 6.741930
5.669270, 6.820260
5.618890, 6.898586
5.575870, 6.954409
5.530440, 7.023167
5.487583, 7.082602
5.443014, 7.144416
5.397767, 7.202053
5.355647, 7.265403
5.315543, 7.339239
5.276768, 7.398086
5.235121, 7.468937
5.214741, 7.503608
317650d8-bcb0-419c-9a85-6c0631085919
6.963833, 5.685367
6.907162, 5.721542
6.841876, 5.756755
6.791176, 5.788375
6.737412, 5.815359
6.672533, 5.841878
6.570649, 5.883524
6.487478, 5.924338
6.422499, 5.948473
6.322440, 5.987972
6.143553, 6.080408
6.090997, 6.099365
6.005290, 6.134752
5.923299, 6.186917
5.849149, 6.221651
5.755209, 6.260985
5.667244, 6.293255
5.617564, 6.311482
5.558563, 6.346590
5.498007, 6.396557
5.454436, 6.418301
f786aff9-2f29-4616-853b-f5bde70c6204
6.974943, 5.843541
6.928145, 5.864343
6.871501, 5.899758
6.807081, 5.939573
6.756614, 5.977975
6.694855, 6.032494
6.572887, 6.091657
6.530421, 6.121476
6.466965, 6.171520
6.419761, 6.201123
6.318979, 6.246842
6.264968, 6.275989
6.190249, 6.330653
6.110966, 6.383412
6.023898, 6.423665
5.952733, 6.463420
