main root
7.038588, 4.265472
7.134490, 4.587107
7.160826, 4.745697
7.175753, 4.854849
7.190667, 4.963904
7.195157, 5.059203
7.186086, 5.213504
7.183984, 5.321405
7.196639, 5.432135
7.197072, 5.510228
7.195564, 5.620243
7.189940, 5.721929
7.184796, 5.814923
7.175426, 5.908155
7.163996, 6.000849
7.145236, 6.101136
7.120274, 6.200068
7.097487, 6.299028
7.066372, 6.396448
7.040111, 6.485583
7.007296, 6.581995
6.971833, 6.686185
6.928431, 6.787437
6.871104, 6.899858
6.814917, 7.000919
6.765369, 7.063494
6.686264, 7.156615
6.626174, 7.230620
6.596277, 7.264149
3ea95a6a-efc4-470e-8159-b6328e3a73ab
7.061184, 4.330065
7.020064, 4.385163
6.964884, 4.446690
62dceac1-12cc-4240-8d3b-c7e1b6eee626
7.190157, 4.987930
7.137841, 5.032215
7.090714, 5.077289
7.065091, 5.102924
