main root
6.336596, 4.997689
6.253456, 5.183788
6.245619, 5.298685
6.233813, 5.488017
6.242729, 5.684526
6.264167, 5.877572
6.288360, 6.097272
6.289136, 6.245164
6.271310, 6.422448
6.262217, 6.631978
6.274930, 6.825898
6.276434, 6.992322
6.278941, 7.163613
6.271090, 7.338744
6.269873, 7.504801
6.283095, 7.625247
6.293862, 7.739654
6.294245, 7.788808
6.290856, 7.839783
6.301354, 8.010735
6.298643, 8.064278
6.298485, 8.126605
6.296800, 8.201305
6.296734, 8.270556
6.295176, 8.336789
6.298015, 8.406981
6.303864, 8.477528
6.305314, 8.549363
6.306682, 8.617082
6.311274, 8.696198
6.314110, 8.770865
6.321336, 8.842867
6.326461, 8.908923
6.336526, 8.980590
6.345946, 9.047672
6.350807, 9.103808
6.352678, 9.160123
6.355559, 9.201763
6.356883, 9.485704
6.355277, 9.532833
6.357639, 9.585790
6.361039, 9.635802
6.362416, 9.682940
6.365047, 9.732999
6.368844, 9.782983
6.373805, 9.832866
6.383562, 9.885593
6.390723, 9.932525
6.399235, 9.998229
6.401230, 10.060229
6.406021, 10.116015
6.418282, 10.171335
6.438536, 10.253136
6.445308, 10.299167
6.451003, 10.348162
6.460623, 10.392052
6.473281, 10.442815
6.480129, 10.488835
6.495200, 10.559606
6.507530, 10.624696
6.518341, 10.673721
cb970130-efe7-41b5-89d0-fd5d8913e70f
6.260706, 5.261001
6.375577, 5.301338
6.440328, 5.359669
6.488581, 5.399104
6.551311, 5.434900
6.602774, 5.464263
6.658223, 5.507702
6.685176, 5.543146
6.817156, 5.604179
6.845978, 5.617504
6.894163, 5.660788
6.918860, 5.678950
6.960409, 5.698352
7.027212, 5.742254
7.081744, 5.779882
7.125636, 5.808349
7.170324, 5.835549
7.199006, 5.854758
7.299200, 5.936170
7.331607, 5.968949
7.352672, 5.994514
7.373273, 6.026575
7.402802, 6.069762
7.433557, 6.112091
7.463416, 6.153185
7.491237, 6.186383
7.523394, 6.217764
7.576100, 6.265017
7.622339, 6.304461
7.658878, 6.337598
7.698621, 6.371620
7.735101, 6.404818
7.772669, 6.439007
7.801865, 6.467600
7.830297, 6.501729
7.857544, 6.529760
007a5b1b-d59c-4756-b2fd-2b4428ee4552
6.298240, 5.663483
6.346772, 5.699989
6.368013, 5.727207
6.383636, 5.747230
6.527769, 5.792939
6.579387, 5.799886
6.636254, 5.826151
6.655344, 5.838263
6.674450, 5.853927
6.715606, 5.879924
6.741900, 5.900072
6.762060, 5.915522
6.848086, 5.941793
6.929235, 5.965075
6.969912, 5.976747
7.014289, 5.986370
7.057428, 5.994192
7.078941, 6.001135
7.101360, 6.011516
7.135800, 6.030762
7.164606, 6.053717
7.193642, 6.073029
7.218941, 6.086261
851be5ce-8eb1-4bbb-936d-4c8ace54d26f
6.241059, 5.750695
6.124653, 5.799482
6.078958, 5.813771
5.987362, 5.876897
5.971214, 5.877980
5.942021, 5.875375
5.925667, 5.883935
5.864064, 5.895340
5.819722, 5.909637
5.770493, 5.930229
5.731784, 5.949664
5.685159, 5.971399
5.560861, 6.021705
5.536499, 6.033162
5.527476, 6.046855
5.479324, 6.084580
5.454841, 6.099958
5.428897, 6.112719
5.392960, 6.125392
5.353037, 6.139469
5.327256, 6.151735
5.302409, 6.163557
5.276638, 6.182447
5.241851, 6.211658
5.209434, 6.238880
5.177016, 6.266102
5.125987, 6.310890
1b35eea8-288e-43fa-a9a7-30652658e84e
6.281643, 5.351825
6.366235, 5.363817
6.394244, 5.370849
6.413668, 5.381898
6.435797, 5.394443
6.448832, 5.416555
6.462623, 5.446396
6.476882, 5.470778
6.495979, 5.479135
6.542715, 5.519383
6.585936, 5.550679
6.644975, 5.589731
6.696483, 5.622008
6.726435, 5.644310
6.759994, 5.671163
6.863521, 5.766787
6.887519, 5.808152
6.904345, 5.831206
6.923301, 5.839540
6.940635, 5.852066
6.972535, 5.876962
7.018885, 5.907442
7.059254, 5.935780
7.102919, 5.964604
7.139401, 5.992273
7.171036, 6.018144
7.208254, 6.050517
7.244472, 6.084001
7.278103, 6.117133
7.313683, 6.154285
bf9d99e6-6322-4796-b8dc-cafc77349be6
6.282694, 5.834992
6.379799, 6.423395
6.387041, 6.494855
6.399640, 6.574657
6.411331, 6.675826
6.420521, 6.742323
6.415641, 6.791862
