main root
6.453711, 3.365764
6.513550, 3.740206
6.550105, 4.112502
6.576329, 4.505866
6.586071, 4.918393
6.553989, 5.231060
6.516760, 5.446375
6.484964, 5.586726
6.446127, 5.718568
6.416521, 5.841136
6.387338, 5.945884
6.227658, 6.459270
9f63b883-0421-49ab-8bab-fa2f72a03461
6.547989, 4.243238
6.346679, 4.257716
1d8b070b-5c67-4c2c-a262-1ea7492c3688
6.548981, 4.101396
6.701488, 4.101663
6.779990, 4.056082
a3004f32-10ba-465b-b48f-07af7b413bff
6.526001, 3.911353
6.428426, 3.950949
6.334015, 3.962413
6.281984, 3.969217
6.233415, 4.012322
3e47472e-a842-48fe-b47f-4ed7291e7594
6.497996, 3.691854
6.649976, 3.685042
6.712939, 3.688572
7b49b286-73bf-47a3-b274-5fbdf3a3911c
6.478284, 3.571737
6.374290, 3.598866
6.315610, 3.623551
6.288154, 3.638418
