main root
6.280088, 5.211740
6.212434, 5.376660
6.055800, 5.674525
6.018650, 5.755851
5.982015, 5.837924
5.947129, 5.924787
5.901252, 6.005289
5.852026, 6.081634
5.822636, 6.125780
5.797030, 6.185519
5.759716, 6.263569
5.732273, 6.348309
5.707945, 6.434502
5.702334, 6.482365
5.703358, 6.538923
5.716380, 6.606848
5.736581, 6.694100
5.755551, 6.760901
5.780885, 6.806947
5.831023, 6.880691
5.885325, 6.951721
5.908888, 7.020485
5.941973, 7.071800
6.013661, 7.167414
6.073784, 7.237102
6.176674, 7.346963
60027b95-18e7-48fa-bcf2-118da4c4f26d
6.197950, 5.300899
6.136544, 5.256006
6.082609, 5.202406
3ec5d040-2cc2-4a92-8a8a-cdd107ad0ef4
6.019907, 5.578919
5.970739, 5.562460
5.881563, 5.536919
5.800639, 5.500582
5.759902, 5.468351
7ecddb25-70ec-428d-a3c7-cec6f72dc8c1
5.903776, 5.786468
5.866164, 5.784864
5.813266, 5.783485
5.771353, 5.767513
