main root
6.636265, 4.304565
6.568986, 4.863220
6.531587, 5.047522
6.496422, 5.241008
6.451629, 5.454455
6.439108, 5.594808
6.444715, 5.717803
6.450789, 5.866664
6.445191, 5.935872
6.431336, 6.028894
6.430177, 6.107795
6.427708, 6.174001
6.426624, 6.243238
6.427467, 6.284970
6.419756, 6.332657
6.453680, 6.491765
6.456719, 6.541900
6.459796, 6.626956
6.465345, 6.697527
6.467434, 6.762301
6.472533, 6.855086
6.477826, 6.924127
6.481396, 6.990282
6.477767, 7.076963
6.473147, 7.151537
6.468436, 7.227590
6.464791, 7.320438
6.459510, 7.378666
6.461025, 7.436627
fd5bfc03-b78d-4524-801c-63c96fe06274
6.523567, 4.652433
6.493238, 4.678225
6.450469, 4.688740
6.368405, 4.697094
6.307538, 4.707802
6.252280, 4.714731
0e2e1baa-cfdb-4b35-be8b-8667dcb41a38
6.593337, 4.459442
6.451408, 4.501780
6.408880, 4.517590
6.384850, 4.523330
6.347000, 4.527755
6.303116, 4.537405
6.253289, 4.551428
6.223761, 4.558183
6.197875, 4.565639
