main root
7.406102, 5.374616
7.373495, 5.531029
7.359398, 5.702606
7.318042, 5.908052
7.301774, 6.065015
7.296313, 6.242332
7.305834, 6.402375
7.318830, 6.552980
7.343197, 6.675017
7.380553, 6.812071
7.407175, 6.968874
7.432635, 7.106408
7.444062, 7.231851
7.453118, 7.364376
7.453434, 7.514218
7.461523, 7.694758
7.479362, 7.878505
7.476134, 8.029799
7.484647, 8.147189
7.426343, 8.272957
7.404658, 8.351479
7.378893, 8.497757
7.355016, 8.642088
7.324986, 8.765052
7.282026, 8.925274
7.262024, 9.080127
7.235037, 9.232815
7.221603, 9.359437
7.195671, 9.484717
7.161924, 9.606315
7.127962, 9.728687
7.090099, 9.849416
7.059166, 9.955121
7.025873, 10.068891
6.992142, 10.191632
6.966698, 10.308101
6.941401, 10.423896
6.917910, 10.531428
6.888251, 10.637448
6.862274, 10.753803
6.840491, 10.870739
6.813203, 10.994297
6.785817, 11.118303
6.777168, 11.221375
6.769795, 11.354849
6.771118, 11.483192
6.764018, 11.609200
6.752710, 11.735229
6.749630, 11.863538
6.738213, 11.989220
6.718456, 12.113864
6.706701, 12.241674
6.695070, 12.368133
6.675175, 12.492755
6.647419, 12.599502
6.613593, 12.712828
6.585009, 12.837955
6.555107, 12.949987
6.564257, 13.006847
6.577362, 13.082421
835da9a1-585d-48bb-8508-baef7a5eb67d
7.323688, 5.364056
7.275849, 5.357183
7.179396, 5.378152
7.124849, 5.379531
7.074617, 5.390099
7.033189, 5.398816
7.003949, 5.408028
6.963634, 5.423867
6.922540, 5.443230
6.881380, 5.469241
6.823018, 5.481946
6.779364, 5.494512
6.738682, 5.506223
6.697986, 5.521053
6.658210, 5.535548
6.616647, 5.553881
6.579444, 5.567019
6.537700, 5.584935
6.498797, 5.601631
6.459894, 5.618328
6.419421, 5.638956
6.381702, 5.658181
6.343985, 5.677406
6.307575, 5.692606
6.280572, 5.707123
6.242066, 5.731224
6.206181, 5.753686
6.170297, 5.776147
6.136207, 5.797484
6.115627, 5.806834
6.085813, 5.809898
6.059416, 5.818136
6.001011, 5.838797
5.953177, 5.855719
5.895479, 5.879306
5.840618, 5.901732
5.785757, 5.924159
5.746893, 5.943280
5.708078, 5.969049
5.657445, 6.008055
5.611582, 6.035828
5.559371, 6.072695
5.494842, 6.125876
5.455842, 6.156079
5.415943, 6.185084
5.379659, 6.213313
5.350472, 6.241709
5.313943, 6.285600
5.290152, 6.304826
5.244278, 6.339973
5.190236, 6.383265
5.122532, 6.434844
5.083539, 6.455142
5.051060, 6.493467
4.989730, 6.551743
3ee8c5e9-0801-4abe-87bf-36affbc26b6b
7.336367, 5.304367
7.280855, 5.356863
7.199826, 5.385273
7.147964, 5.429672
7.116273, 5.452730
7.082754, 5.473518
7.038751, 5.497288
6.990284, 5.518364
6.943696, 5.538624
6.890122, 5.560289
6.828157, 5.583734
6.783972, 5.605252
6.732760, 5.627131
7e6019da-a121-4249-a67c-5d226ca80a8c
7.311054, 5.477934
7.258514, 5.532722
7.247273, 5.551753
7.205251, 5.613327
db1c70b4-2625-46e9-8897-c8e222a8037c
7.309576, 5.581496
7.267547, 5.578791
7.208974, 5.594258
7.156199, 5.598660
7.107695, 5.608089
7.068374, 5.615440
7.038970, 5.624102
6.998377, 5.636057
6.955756, 5.651730
6.919589, 5.658650
6.859003, 5.673291
6.800292, 5.689019
6.736984, 5.702879
6.680723, 5.721324
6.604495, 5.752617
6.533190, 5.783506
6.445342, 5.802396
6.383954, 5.820189
6.303620, 5.845632
6.256167, 5.859091
6.210362, 5.870528
6.182449, 5.882126
6.144503, 5.899512
6.105730, 5.922217
6.061358, 5.949935
6.017798, 5.978910
5.977170, 5.998744
5.921848, 6.030749
5.845748, 6.069983
5.809409, 6.085350
5.772008, 6.097918
5.736015, 6.113170
5.697036, 6.129688
5.656468, 6.150130
5.619988, 6.165161
5.579219, 6.185196
5.542591, 6.199861
5.503290, 6.215596
5.472148, 6.231288
5.433015, 6.254358
5.375724, 6.284659
ea6866fd-fe77-442b-b2ab-9ff4e2f02de1
7.438928, 8.043222
7.407437, 8.056450
7.358151, 8.083451
7.322211, 8.099730
7.297582, 8.114170
7.259995, 8.139679
7.225364, 8.161372
7.183261, 8.184214
7.130565, 8.214505
7.096250, 8.232504
58e6cacb-3c91-45fe-bd57-e94447ffe744
7.531981, 8.142624
7.571301, 8.146617
7.616702, 8.148219
7.646884, 8.150781
ecc6874c-0e8c-4d52-b8cc-b9b8b35a0885
7.514166, 8.174566
7.566538, 8.220017
7.593438, 8.252254
7.612879, 8.282563
7.635728, 8.318184
3abb6dcb-71e1-414c-bec7-3aa417d31bf0
7.338478, 8.869489
7.369526, 8.884172
7.385797, 8.898052
7.438181, 8.942164
