main root
6.673999, 4.826943
6.655641, 4.986764
6.620170, 5.135786
6.619810, 5.235171
6.613380, 5.438608
6.614908, 5.571447
6.614070, 5.712483
6.623396, 5.873049
6.625742, 6.021842
6.650043, 6.163041
6.663175, 6.325805
6.653048, 6.484261
6.643563, 6.665574
6.647492, 6.793445
6.660401, 6.945646
6.668272, 7.038441
6.671477, 7.111635
6.679293, 7.153303
6.705569, 7.236557
6.719113, 7.304336
6.735704, 7.387358
6.745556, 7.444299
6.756047, 7.529262
6.764980, 7.589387
6.771990, 7.646752
6.782259, 7.730792
6.784833, 7.801217
6.807711, 7.872692
6.840070, 7.968996
6.887171, 8.129092
6.910390, 8.278426
6.913542, 8.451289
6.936065, 8.647102
6.947852, 8.823363
6.950847, 8.991409
6.958893, 9.086546
6.969198, 9.159172
6.976385, 9.225246
6.976538, 9.241416
aecbc071-15c5-430f-85a4-b1651425cb70
6.738064, 4.887770
6.821512, 4.927494
6.911457, 4.962163
7.014977, 4.999798
7.127260, 5.038373
7.222734, 5.073411
7.320739, 5.100365
7.389712, 5.128112
7.525660, 5.245662
7.646229, 5.343277
7.743947, 5.409375
7.856973, 5.477298
7.943059, 5.521643
8.000818, 5.553729
8.048253, 5.595681
