main root
7.165179, 5.727494
7.333928, 5.749710
7.445178, 5.890360
7.520189, 6.076669
7.544999, 6.222337
7.549100, 6.640033
7.533171, 6.795144
7.523240, 6.912513
7.521016, 7.014056
7.520907, 7.115602
7.514494, 7.193402
7.467246, 7.316999
7.437013, 7.396085
7.413257, 7.474996
7.391288, 7.547965
7.381698, 7.590203
7.375433, 7.644844
7.377284, 7.733812
7.372758, 7.804139
7.363672, 7.875414
7.357187, 7.959091
7.358115, 8.024610
7.348330, 8.073542
7.337123, 8.129582
7.333245, 8.164237
7.331938, 8.229749
7.330757, 8.289001
7.322242, 8.340623
7.310577, 8.424081
7.303752, 8.494541
7.295876, 8.560324
7.283702, 8.644562
7.277818, 8.716685
7.270939, 8.782579
7.267906, 8.854876
7.272230, 8.930339
7.259018, 9.035409
7.249270, 9.100941
7.240565, 9.169638
7.226363, 9.222169
7.207632, 9.285720
7.195572, 9.363701
7.180587, 9.411640
7.165291, 9.485667
7.152747, 9.553765
7.146480, 9.629090
7.139495, 9.694972
7.131025, 9.760681
7.126247, 9.832887
7.117590, 9.895696
7.107065, 9.961107
7.095066, 10.026265
7.084000, 10.094621
7.064507, 10.149468
7.050006, 10.230494
7.041702, 10.302377
7.027356, 10.361368
7.016855, 10.436225
7.008720, 10.504992
6.994211, 10.563944
6.985692, 10.642394
6.971749, 10.701482
6.961757, 10.776404
6.954089, 10.845225
6.942623, 10.907582
6.936382, 10.982910
6.929422, 11.048798
6.928964, 11.124386
6.921116, 11.184587
6.921394, 11.263493
6.923135, 11.332716
6.920238, 11.396050
6.921424, 11.468404
6.917866, 11.525364
6.912242, 11.591375
6.907858, 11.660481
6.902171, 11.726489
6.894993, 11.792351
6.888981, 11.861335
6.889907, 11.936916
6.883164, 11.997252
6.879605, 12.069525
6.883380, 12.145017
6.843697, 12.207881
6.861364, 12.234811
6.853470, 12.352666
6.846114, 12.462493
6.840865, 12.572518
6.833118, 12.690640
6.821172, 12.808306
6.810054, 12.917813
6.798936, 13.027321
6.781383, 13.095469
0200bcb3-2bd7-4b60-a781-022bbe447ade
7.243975, 9.009594
7.139443, 9.030635
50389df1-b777-4772-8875-13f2f605bc6f
7.352047, 5.790709
7.270730, 5.880677
7.185440, 5.987946
7.089911, 6.141218
7.046486, 6.243275
7.021789, 6.293541
7.005897, 6.325768
6.997360, 6.356496
6.984701, 6.418842
6.969461, 6.471338
6.958359, 6.525685
6.944692, 6.570157
6.924814, 6.609359
6.910922, 6.722130
2ca43b27-aa52-411e-b526-ef6d1485cd62
7.035543, 5.836315
7.064198, 5.927972
7.114192, 5.983750
7.225028, 6.079681
7.415851, 6.261273
7.584560, 6.475292
7.694512, 6.521030
7.791730, 6.613691
7.906205, 6.750419
8.032032, 6.910018
8.164045, 7.043413
8.305204, 7.177046
8.512723, 7.348399
8.629445, 7.456645
8.735805, 7.535283
9.041601, 7.716830
9.251377, 7.823245
adc1b675-7ff5-4490-bfe4-280d4e134111
7.040604, 5.965136
7.002659, 5.995848
6.983359, 6.007618
6.962670, 6.016728
c06e4988-a6cd-437a-ba3d-4acf9da70069
7.107767, 5.778500
7.151444, 5.855594
7.192483, 5.906740
7.247894, 5.997714
7.278660, 6.067919
7.341038, 6.165704
7.429584, 6.282829
7.658823, 6.496531
7.986580, 6.855269
8.111588, 6.992093
8.250199, 7.128159
8.400901, 7.264237
8.565668, 7.384110
8.741786, 7.501769
9.001919, 7.678997
64c072d5-167a-4b32-9573-0d6f6e8375d2
7.264613, 5.758596
7.279994, 5.916107
7.284699, 6.073484
7.370059, 6.225481
7.489644, 6.343726
7.573018, 6.430452
7.696019, 6.523046
7.816336, 6.634992
7.902326, 6.746037
8.038810, 6.918833
8.165370, 7.045127
8.307370, 7.177881
8.448273, 7.305326
8.631632, 7.459291
8.740306, 7.540895
8.864747, 7.572789
9.071112, 7.639106
9.130479, 7.668732
9.214432, 7.708276
9.307179, 7.749624
9.385423, 7.779964
9.450664, 7.810079
9.502552, 7.834031
9.541885, 7.860097
490c2e70-3926-460b-ab86-3f300856df5f
7.337247, 6.271491
7.273935, 6.323359
7.222066, 6.354233
7.150639, 6.370581
7.129571, 6.381632
7.090611, 6.412638
