main root
6.879145, 4.636557
6.853774, 4.889502
6.841309, 5.013762
6.890062, 5.256598
6.907785, 5.429014
6.938839, 5.578995
6.944007, 5.716726
6.966643, 5.914891
6.978066, 6.036040
6.984522, 6.117494
6.968141, 6.211333
6.951433, 6.265147
6.930398, 6.425679
6.919522, 6.516996
6.902349, 6.625382
6.886539, 6.752009
6.866624, 6.860283
6.853425, 6.943505
6.850028, 7.012694
6.835290, 7.050162
6.820153, 7.397358
6.827214, 7.475948
6.794201, 7.545331
6.794414, 7.656899
6.775539, 7.782348
6.761331, 7.891003
6.748030, 8.008985
6.736438, 8.093306
6.725934, 8.158716
6.723847, 8.209464
5256829a-11c4-4101-b888-d533023242e3
6.800992, 4.857801
6.748121, 4.876242
6.715240, 4.886756
6.654968, 4.912327
6.595707, 4.947239
6.546930, 4.986411
6.510352, 5.004251
6.497285, 5.033637
6.483512, 5.068722
6.398243, 5.177573
6.324910, 5.240721
6.245260, 5.318079
6.189771, 5.370033
6.079157, 5.479662
5.954375, 5.640722
ea10b745-6162-4cfa-a3c1-decf8236cc3e
6.806530, 4.940859
6.761202, 4.956469
6.691816, 4.976703
6.610760, 5.042643
6.552100, 5.086505
6.489378, 5.133404
6.455961, 5.165867
5.981625, 5.596546
5.937482, 5.671499
5.906432, 5.718324
5.877179, 5.762383
5.864892, 5.799831
c55321e1-64ef-41d1-b0ee-49988790e381
6.862276, 4.729479
6.987019, 4.908403
7.024406, 4.959592
7.043120, 4.985229
7.062266, 5.006395
7.094843, 5.037962
7.127323, 5.067350
7.141929, 5.084604
7.158341, 5.103990
7.196197, 5.148716
7.223531, 5.173458
7.236569, 5.190791
7.248774, 5.215128
7.262216, 5.222963
7.302528, 5.268967
7.334389, 5.300786
7.376324, 5.342664
7.403543, 5.374076
7.420113, 5.397769
7.440204, 5.431722
7.461762, 5.468153
7.491943, 5.519156
7.514263, 5.548058
7.550805, 5.590479
7.587451, 5.630730
d734a992-80c3-43d3-ba4d-c571ef7e4435
6.836157, 5.111787
6.801709, 5.119701
6.775473, 5.144597
6.718041, 5.192793
6.639869, 5.254151
6.602084, 5.279965
6.559931, 5.327459
6.521200, 5.380069
6.486792, 5.431808
6.455743, 5.489360
6.416063, 5.504369
6.407605, 5.535122
6.354151, 5.605851
6.312661, 5.671069
6.286530, 5.712144
78830fdf-e90b-4adc-8422-fbe154d56501
6.883542, 4.989400
6.800586, 5.274661
6.787243, 5.317643
6.774274, 5.344180
6.762867, 5.370866
6.751966, 5.407717
6.741375, 5.438146
6.728156, 5.462378
6.702426, 5.509206
6.649807, 5.625624
6.627119, 5.705880
6.612505, 5.741072
6.594649, 5.780167
6.579240, 5.803097
6.553632, 5.835836
6.516346, 5.876219
6.477661, 5.920323
6.451003, 5.948442
6.413055, 5.998501
6.390924, 6.058308
6.382856, 6.101669
6.376455, 6.176980
6.366626, 6.239611
6.361638, 6.281052
416d1811-b116-464d-bcf1-7203ba607898
6.910917, 5.228167
6.977740, 5.282938
7.000189, 5.303274
7.019014, 5.320326
de80976a-26d6-411b-8b4f-f90ad4d76dd7
6.774542, 4.647928
6.751889, 4.652819
6.677081, 4.687380
6.621357, 4.713125
6.568750, 4.735757
