main root
7.164410, 4.309434
7.155793, 4.573461
7.140797, 4.753048
7.170984, 4.882111
7.185616, 5.069762
7.175872, 5.311291
7.179223, 5.494979
7.193310, 5.688467
7.182376, 5.901303
7.168642, 6.127472
7.173852, 6.241849
7.188208, 6.380734
7.194954, 6.446003
7.191307, 6.501618
7.205817, 6.622966
7.214516, 6.683101
7.222997, 6.741736
7.233905, 6.817151
7.248205, 6.895101
7.260211, 6.968849
7.277774, 7.050914
7.290187, 7.094609
7.297481, 7.131233
7.305748, 7.172749
7.314016, 7.214264
7.322285, 7.255780
7.330553, 7.297296
7.338821, 7.338812
7.347089, 7.380328
7.348317, 7.417141
7.349658, 7.457336
7.353596, 7.485613
7.359434, 7.527540
7.365272, 7.569467
7.371111, 7.611393
7.384043, 7.669255
f750a167-994f-4661-b2da-209406a1ac86
7.143178, 4.587044
7.027785, 4.595589
6.972852, 4.610189
6.874664, 4.636287
6.820969, 4.654911
6.770670, 4.666022
6.548027, 4.815321
6.483125, 4.866057
6.445799, 4.887643
6.377672, 4.933960
6.316266, 4.968470
6.262886, 5.003620
6.222226, 5.030394
862b71ff-5a98-40bf-92d3-696ac0cd1800
7.108526, 4.773366
7.079668, 4.822626
7.013733, 4.884809
6.975842, 4.927070
6.903170, 4.981657
6.869928, 5.002882
6.822135, 5.045830
6.786037, 5.076256
6.739649, 5.103000
6.716908, 5.112655
6.678732, 5.127236
6.632139, 5.143431
6.583235, 5.162013
6.543038, 5.182089
6.506389, 5.202066
6.462382, 5.227570
e0410191-e5f0-4f66-a74c-59a964c32f79
7.168603, 4.454767
7.433356, 4.332645
7.518109, 4.376683
7.524408, 4.398909
7.559734, 4.415262
7.588436, 4.430204
7.608937, 4.442573
7.624587, 4.439858
7.642321, 4.445936
7.675804, 4.455712
7.694756, 4.465808
7.730315, 4.479537
7.748348, 4.491192
7.776042, 4.503614
63d59471-09fe-43e7-8db3-8f5333221ce8
7.224621, 4.597799
7.336331, 4.631138
7.425424, 4.655737
7.520651, 4.699271
7.601223, 4.708976
7.643252, 4.714038
7.677311, 4.719648
7.750544, 4.754474
7.793445, 4.787736
7.816436, 4.807455
7332ccdb-d2af-4d8d-b94d-325326be365e
7.200637, 4.948879
7.293523, 4.960055
7.390531, 5.020646
7.418262, 5.032672
7.453377, 5.038112
7.500165, 5.048388
7.556269, 5.062244
7.625647, 5.076294
7.669834, 5.088297
7.719063, 5.103221
7.747580, 5.113429
bf10ff7c-3921-4a01-8a00-e8129918eed7
7.189101, 4.795100
7.269779, 4.799837
7.379409, 4.853409
7.403612, 4.863366
7.434916, 4.869770
7.470785, 4.880163
7.509591, 4.892966
7.539743, 4.902914
7.560082, 4.912776
ea47b0c0-439e-4421-b3bb-4394bd1c14c4
7.152329, 4.634548
6.984813, 4.733324
6.960475, 4.753789
6.941216, 4.768050
6.921736, 4.776906
6.890233, 4.792889
6.860761, 4.806182
6.829212, 4.822071
6.802852, 4.830301
6.795827, 4.843365
6.741526, 4.885504
6.713098, 4.907565
6d1085b0-217d-4732-814c-892916f6015c
7.097931, 4.953227
7.014368, 5.005877
6.977657, 5.032557
6.926253, 5.046951
6.916367, 5.061330
6.878264, 5.080560
6.834896, 5.097419
6.787550, 5.115824
6.731458, 5.139234
6.667340, 5.169239
6.627079, 5.188078
2f13050f-b830-4087-b85c-d76d62eda2ce
7.234767, 5.092700
7.270838, 5.112969
7.314064, 5.130382
7.361083, 5.142856
7.398297, 5.155817
7.442047, 5.167873
7.479136, 5.181190
7.518928, 5.195476
7.552976, 5.212471
7.602440, 5.233815
7.645219, 5.250644
7.684191, 5.276532
8f5e1e5c-f418-4f3d-a695-002398a9c9fa
7.220184, 4.531332
7.251003, 4.538184
7.286845, 4.562900
7.344296, 4.635470
7.412288, 4.659120
7.523382, 4.673107
