main root
6.364508, 5.198655
6.434105, 5.398697
6.459637, 5.628139
6.473315, 5.793179
6.476632, 5.943786
6.459587, 6.097384
6.442738, 6.267217
6.421709, 6.425430
6.410253, 6.574348
6.384982, 6.713746
6.365379, 6.833712
6.340164, 7.000890
6.309858, 7.201821
6.276908, 7.333084
6.239293, 7.465835
6.195792, 7.596453
6.134537, 7.778196
6.076601, 7.903702
5.977758, 8.082493
5.888137, 8.251931
5.827260, 8.411341
5.767838, 8.600544
5.728098, 8.776070
5.634244, 8.994209
5.616395, 9.075469
5.617480, 9.147683
f8642d4b-00f4-4b9b-94ba-6f7a3299f0f0
6.424104, 5.782154
6.385988, 5.836390
6.363910, 5.857480
6.364636, 5.879885
6.344437, 5.923155
06c8154d-e28a-40bb-8f76-2a63d9a02e2a
6.507638, 5.410160
6.610205, 5.375725
6.715364, 5.350808
6.878706, 5.359464
7.003315, 5.354097
7.111272, 5.355801
7.201464, 5.365665
7.291959, 5.381910
7.375446, 5.403218
7.430821, 5.417352
7.467822, 5.439792
9003e5c0-cee7-451b-81b7-a14be31b832f
6.522370, 5.922390
6.577674, 5.964563
6.595736, 5.984638
6.624529, 6.015506
6.664954, 6.058844
6.705380, 6.102182
6.750035, 6.145667
6.792495, 6.187014
6.834953, 6.228359
6.873179, 6.269761
6.914663, 6.305868
6.959366, 6.344777
7.008292, 6.383392
7.054811, 6.420109
7.095028, 6.457571
7.144591, 6.503739
7.187960, 6.544136
7.224982, 6.584759
7.274838, 6.635018
7.319796, 6.684591
7.353269, 6.728184
7.396617, 6.782180
7.434811, 6.834537
7.465554, 6.881761
7.504104, 6.932745
7.547053, 6.987065
7.588806, 7.032632
7.640911, 7.082852
7.691796, 7.129816
7.741573, 7.175758
7.780892, 7.216121
7.822244, 7.258572
7.857247, 7.300941
7.891708, 7.340301
7.907722, 7.360864
