main root
6.542668, 5.025424
6.491966, 5.284315
6.467870, 5.416867
6.441541, 5.549763
6.392675, 5.687718
6.341230, 5.815191
6.271670, 5.941268
6.246192, 6.006610
6.216062, 6.120444
6.201989, 6.194949
6.208848, 6.338649
6.190418, 6.421602
6.175022, 6.529713
6.171584, 6.613541
6.182634, 6.702735
6.192978, 6.820549
6.197084, 6.915694
6.197274, 6.968887
6.188466, 7.017089
6.184390, 7.074050
6.180160, 7.133140
6.205537, 7.282766
6.208437, 7.337318
6.198457, 7.428661
6.178690, 7.512330
6.140688, 7.640130
6.117159, 7.719256
6.101465, 7.756279
13ff1d43-7c04-4c32-903d-d3b860911244
6.587200, 5.099712
6.611252, 5.112257
6.735750, 5.196227
6.819989, 5.253044
6.873743, 5.292910
6.933877, 5.344363
7.010977, 5.399921
7.060060, 5.445661
7.125669, 5.512550
7.200238, 5.567547
7.240892, 5.612993
7.319936, 5.710331
7.342070, 5.757665
6e0d6fa6-6065-45d3-9b14-913aedd0c907
6.500789, 5.211474
6.384787, 5.174361
6.313868, 5.130887
6.211430, 5.150280
f45be2cc-6c6f-41b9-9577-90fc0656189a
6.463307, 5.479144
6.374266, 5.515700
6.316660, 5.549344
6.271302, 5.584053
6.209695, 5.638745
6.154544, 5.683711
6.097439, 5.712890
6.028311, 5.751567
5.960692, 5.792822
5.896455, 5.835514
5.843662, 5.877781
5.790808, 5.933517
5.749257, 5.976633
301d526e-55d3-4489-911a-1403c7869478
6.485737, 5.570401
6.573792, 5.664400
6.641872, 5.717061
6.708522, 5.776430
6.773861, 5.826610
6.806596, 5.863071
6.853943, 5.909090
