main root
6.477005, 4.788095
6.478652, 5.163984
6.471298, 5.416829
6.471984, 5.646135
6.474815, 5.888820
6.455501, 6.041874
6.414949, 6.299799
6.383207, 6.450016
6.352153, 6.545921
6.298769, 6.683726
6.271836, 6.752140
6.250667, 6.834513
6.197174, 6.934364
6.165895, 7.006187
6.140399, 7.072230
6.116861, 7.137356
6.090177, 7.217288
6.074090, 7.265476
6.058003, 7.313664
6.032928, 7.384050
6.012011, 7.451682
5.991637, 7.512497
5.974488, 7.567069
5.917406, 7.694700
5.895584, 7.750824
5.875811, 7.809933
5.857011, 7.866134
5.841990, 7.929913
5.825062, 7.982198
5.804201, 8.046636
5.782657, 8.122900
5.759427, 8.212868
5.746727, 8.262057
5.697538, 8.446388
5.682257, 8.503657
5.665915, 8.559094
5.649800, 8.629636
5.630946, 8.712174
5.623769, 8.757031
5.614598, 8.795404
5.604756, 8.836577
5.590484, 8.870539
5.573303, 8.903696
5.576163, 8.923945
5.557352, 8.990049
5.546210, 9.034642
5.537170, 9.089313
5.532588, 9.144547
5.522921, 9.188664
5.511376, 9.248341
5.500883, 9.318344
5.493035, 9.360600
5.485059, 9.410836
5.448764, 9.548079
5.441170, 9.582646
5.432762, 9.613939
5.427228, 9.640303
5.425046, 9.672548
5.424152, 9.707932
5.421839, 9.740253
5.418035, 9.772430
5.412748, 9.804400
5.405991, 9.836090
5.399100, 9.861225
5.409774, 9.875914
5.381443, 10.094287
5.371236, 10.149686
5.359298, 10.206229
5.346461, 10.274270
5.332712, 10.339080
5.320962, 10.408883
5.313575, 10.488836
5.306565, 10.564719
5.300909, 10.642216
5.293211, 10.706559
5.287480, 10.767066
5.281540, 10.813901
5.276180, 10.868071
5.284690, 10.976247
5.288957, 11.011373
5.287023, 11.032674
5.285317, 11.068019
5.282266, 11.100271
5.280427, 11.135610
5.274420, 11.164703
5.273392, 11.206704
5.268187, 11.235952
5.268313, 11.277966
5.266891, 11.301877
5.261042, 11.324600
5.255834, 11.362858
5.249989, 11.394721
5.245082, 11.429764
5.236566, 11.458225
5.231886, 11.499978
5.224156, 11.528662
5.220627, 11.570526
5.216418, 11.602647
5.213311, 11.637897
5.208979, 11.670001
5.205738, 11.705239
5.201283, 11.737327
5.195354, 11.769175
5.192752, 11.807695
5.189221, 11.837781
5.181341, 11.866425
5.177592, 11.908273
5.171255, 11.928702
5.162744, 11.951091
46d19c72-d7e8-4ef2-99f0-81f36a086b8d
6.470448, 5.512002
6.368344, 5.803884
6.344877, 5.908648
6.334517, 5.948052
6.323782, 5.988878
6.308713, 6.046193
6.299533, 6.098761
6.289099, 6.167212
6.276384, 6.230765
6.265932, 6.290640
6.251850, 6.353899
6.238973, 6.411746
6.227963, 6.447430
6.218602, 6.477769
6.163520, 6.631735
6.145504, 6.677652
6.137992, 6.709087
6.129511, 6.763906
6.124245, 6.817524
6.116284, 6.852640
6.105053, 6.902184
6.093078, 6.961777
6.079734, 7.028186
6.069232, 7.088052
6.053881, 7.149567
6.040491, 7.197041
6.027735, 7.247780
6.006304, 7.302335
5.989421, 7.353499
5.969895, 7.407891
5.952733, 7.455706
5.939521, 7.501370
5.929521, 7.535936
5.907688, 7.590301
5.884484, 7.676607
5.676788, 8.379655
2ff72e76-ea11-48d0-bf96-3f2c51299678
6.066701, 7.365986
6.111816, 7.385145
6.150734, 7.401672
6.187690, 7.418992
6.218135, 7.438219
6.247045, 7.454706
f759db56-f7f6-4e77-ae3c-18edaf5ed1e9
6.067777, 7.227878
5.998959, 7.222157
