main root
6.335213, 4.788388
6.298937, 5.231219
6.262062, 5.380710
6.225192, 5.623263
6.217084, 5.822429
6.267856, 5.944310
6.430412, 6.083600
6.500392, 6.135180
6.594744, 6.329778
6.606443, 6.360769
6.617530, 6.398587
6.625710, 6.437131
6.638049, 6.480804
6.641594, 6.515373
6.642616, 6.554753
6.646390, 6.585166
6.654927, 6.629719
6.662873, 6.671238
6.670811, 6.712758
6.675238, 6.751902
6.679978, 6.793907
6.688021, 6.838552
6.695506, 6.880156
6.702982, 6.921761
6.710460, 6.963376
6.714461, 7.002573
6.718841, 7.060199
6.721083, 7.109472
6.721830, 7.158793
6.725637, 7.212533
6.731425, 7.273039
6.737874, 7.340463
6.741884, 7.398116
6.747006, 7.450185
6.751979, 7.500743
6.756145, 7.558384
6.758208, 7.607669
6.760331, 7.658423
6.761251, 7.716205
6.760538, 7.765525
6.755380, 7.811766
6.753714, 7.867213
6.750228, 7.933375
6.743307, 7.979385
6.735752, 8.029618
6.726935, 8.088228
6.718120, 8.146839
6.710561, 8.207153
6.702138, 8.274365
6.693469, 8.331498
6.683339, 8.378313
6.673098, 8.439797
6.663361, 8.498258
6.656084, 8.560165
6.644564, 8.632524
6.635246, 8.691052
6.627170, 8.751301
6.618171, 8.818439
6.607728, 8.873811
6.594358, 8.928550
6.583592, 8.991556
6.570959, 9.056601
6.560412, 9.126605
6.548753, 9.183897
b0c0b184-c60b-4258-8b26-fd27e8f6fd6c
6.350040, 5.023028
6.511758, 5.233545
6.558340, 5.272676
6.607497, 5.334050
6.646590, 5.391721
6.660544, 5.420309
6.680825, 5.465272
6.697755, 5.510085
6.724488, 5.568142
6.746405, 5.619319
6.756343, 5.653928
6.770362, 5.702752
6.778442, 5.736312
6.784387, 5.761007
309a367d-c54b-4a38-a268-80aaf56a1994
6.363227, 5.109640
6.500312, 5.208453
6.642433, 5.251310
6.686854, 5.270843
6.729542, 5.286342
6.765488, 5.302579
6.807875, 5.323368
6.830372, 5.339403
6.858314, 5.357481
6.934950, 5.415551
6.968523, 5.440990
7.002096, 5.466429
7.049331, 5.502220
7.098664, 5.537723
7.141985, 5.567054
7.173208, 5.590003
7.195924, 5.612272
7.230084, 5.647855
7.269499, 5.684589
7.305070, 5.721780
