main root
6.781818, 5.388152
6.887896, 5.837305
6.898356, 5.973435
6.906497, 6.176183
6.925399, 6.338277
6.933637, 6.480499
6.927699, 6.589871
6.904151, 6.694288
6.859907, 6.853454
6.801111, 7.038448
6.753960, 7.180212
6.666573, 7.382609
6.625196, 7.494410
6.574458, 7.601119
6.505235, 7.723804
6.423341, 7.857575
6.376751, 7.925582
6.334887, 7.983418
6.284883, 8.165565
6.267705, 8.256402
6.246505, 8.312714
6.214586, 8.391611
6.184919, 8.470477
6.153024, 8.549384
6.127542, 8.629027
6.103849, 8.709891
6.082156, 8.791312
6.052651, 8.845664
6.029450, 8.910137
6.008004, 8.963608
5.987324, 9.004370
598e33b5-1b01-41ff-ba08-a24d38f4a4d4
6.883403, 5.702124
6.961837, 5.750097
7.013736, 5.785349
7.061924, 5.820334
7.094645, 5.834841
7.197982, 5.919585
7.234099, 5.953615
7.299500, 5.982459
7.366505, 6.012467
7.414248, 6.034306
7.519398, 6.062838
7.596166, 6.079016
7.651506, 6.098326
7.731452, 6.126223
7.807207, 6.149487
7.895850, 6.178908
7.962586, 6.198407
eb4cd3e0-4c6c-47f1-9cae-3dbe56eb71b4
6.891856, 5.948362
6.806010, 5.979922
6.661349, 6.042477
6.604095, 6.057499
6.528624, 6.080396
6.454076, 6.106141
6.366045, 6.136542
6.308321, 6.162809
6.267185, 6.165686
73aeef1d-a461-4b74-96b2-044d85bfa8d9
6.776688, 5.414423
6.718312, 5.575585
6.636122, 5.658552
6.594414, 5.698527
6.545559, 5.743280
6.495428, 5.793260
6.441479, 5.838593
6.377239, 5.931847
6.338048, 5.983460
6.302209, 6.030659
6.266658, 6.079956
6.227717, 6.139069
6.194258, 6.184418
6.160018, 6.238389
6.124659, 6.299712
6.105119, 6.336595
875ccaff-df01-4be5-89f9-a1f5177b4b01
6.753654, 5.441339
6.579255, 5.495463
6.505208, 5.544903
6.453449, 5.590262
6.418488, 5.584057
6.323151, 5.663882
6.181006, 5.768303
6.160116, 5.792568
6.115983, 5.841536
6.070525, 5.885179
6.031939, 5.932551
6.012955, 5.967614
5.994388, 6.004929
5.981695, 6.047099
5.965751, 6.115452
5.965243, 6.157157
30a9acea-ad81-4314-a344-ed3f88af9ccd
6.843024, 5.961596
6.644158, 6.098427
6.564979, 6.199352
6.537259, 6.231978
6.525489, 6.257529
6.506932, 6.308963
6.479694, 6.347334
6.465304, 6.369890
6.467102, 6.395431
6.433773, 6.464144
6.420088, 6.502340
6.408773, 6.537957
6.400712, 6.577722
6.391835, 6.628370
6.384302, 6.679234
6.378118, 6.730280
6.374980, 6.767519
6.374088, 6.794301
b86f593e-4fe0-48cd-9bf3-54f722ee6db4
6.915667, 6.068727
6.997902, 6.177517
7.032458, 6.241797
7.052660, 6.301902
7.063001, 6.334786
7.075602, 6.374857
7.082035, 6.410285
7.092852, 6.461475
7.094970, 6.493216
7.099946, 6.545296
7.116376, 6.622919
c50fc82b-6453-4bc6-af4d-e2bf0445bca1
6.961371, 6.633519
6.985736, 6.641553
7.062391, 6.665942
7.101993, 6.689019
