main root
6.701489, 4.409183
6.763127, 4.547904
6.787772, 4.813068
6.796663, 4.986443
6.797799, 5.177224
6.777057, 5.354009
6.771398, 5.528211
6.780505, 5.694951
6.802397, 5.892462
6.842350, 6.063324
6.869155, 6.222774
6.905507, 6.392976
6.944124, 6.625216
6.947213, 6.774551
6.942512, 6.955309
6.923915, 7.102002
6.907942, 7.263255
6.875975, 7.395925
6.858399, 7.495960
6.846080, 7.614841
6.825594, 7.738884
6.825606, 7.848420
6.825612, 7.907688
6.828614, 7.986879
6.829947, 8.061583
6.829633, 8.127836
6.830932, 8.169556
ee68697b-5278-45a4-8292-9a04537ad84b
6.830376, 4.516886
6.941656, 4.499733
6.997864, 4.517303
7.036938, 4.530109
7.073262, 4.544870
7.104544, 4.551160
7.132927, 4.553852
7.181344, 4.552469
7.236701, 4.557779
7.291661, 4.578353
7.339727, 4.605043
880ef0e7-019f-48d3-ae50-6884b42ef3a3
6.735714, 4.789961
6.571901, 4.774588
6.512990, 4.792646
6.464709, 4.799819
6.417166, 4.808366
6.368310, 4.807649
