main root
6.582833, 4.770967
6.381519, 5.258540
6.363670, 5.341396
6.360050, 5.452723
6.358900, 5.614562
6.357998, 5.741554
6.361291, 5.869120
6.368364, 5.979152
6.375425, 6.088992
6.387798, 6.215997
6.400112, 6.342404
6.407070, 6.435536
6.423055, 6.535911
6.440364, 6.644608
6.470264, 6.751636
6.499878, 6.857642
6.531547, 6.963137
6.560759, 7.060450
6.589480, 7.148812
6.611971, 7.231421
6.641828, 7.346785
6.667500, 7.437966
6.690778, 7.528406
6.710016, 7.628608
6.720922, 7.730288
6.728788, 7.823347
6.727796, 7.910101
6.728836, 8.003020
6.723578, 8.089025
6.727959, 8.190682
6.727497, 8.276299
6.720811, 8.362205
6.710814, 8.463414
6.702940, 8.564648
6.688715, 8.665689
6.670341, 8.765859
6.655649, 8.857614
6.639585, 8.957933
6.631205, 9.050186
6.629856, 9.133801
6.626410, 9.218852
6.625071, 9.303114
6.620565, 9.391679
6.616027, 9.451411
2b7f5c1d-d785-4d8b-9f39-43150f050525
6.619166, 4.871383
6.682197, 4.911091
6.715941, 4.934772
6.748877, 4.953816
6.777923, 4.969924
6.814933, 4.990449
6.850104, 5.009954
2f12ad95-2f54-4c70-83b1-82a669cf0b9d
6.450858, 4.966710
6.407444, 5.013585
6.370976, 5.059720
6.350060, 5.090431
a3347e9a-09ae-4042-9b59-abfad0f74f32
6.331588, 5.281836
6.304867, 5.285393
6.258577, 5.297539
