main root
6.800255, 4.532032
6.722686, 4.648102
6.646604, 4.862339
6.611494, 4.998685
6.591377, 5.102268
6.572858, 5.219761
6.557147, 5.346404
6.543779, 5.481531
6.539708, 5.587177
6.527181, 5.692397
6.525392, 5.796911
6.525770, 5.898451
6.530377, 5.999878
6.538784, 6.092250
6.545153, 6.185427
6.552081, 6.286792
6.558431, 6.379705
6.574396, 6.489155
6.589885, 6.580776
6.608894, 6.680530
6.632040, 6.779391
6.657130, 6.886559
6.673929, 6.995440
6.686513, 7.104755
6.707386, 7.230999
6.708849, 7.330383
6.714817, 7.449189
6.712747, 7.575379
6.716948, 7.703265
6.716613, 7.821529
6.716300, 7.931589
6.713841, 8.058310
6.709753, 8.159933
6.701436, 8.261437
6.689736, 8.330929
6.686954, 8.423464
6.673608, 8.517416
6.668016, 8.586696
6.675089, 8.655921
6.689094, 8.808279
6.681488, 8.885131
6.659813, 9.045574
6.661535, 9.126694
6.672649, 9.254574
6.684293, 9.364104
6.690842, 9.465734
6.692563, 9.538982
6.695883, 9.616623
6.696034, 9.669659
6.690182, 9.716605
6.690674, 9.955707
6.676384, 10.036861
6.668538, 10.098690
6.661080, 10.157477
6.658811, 10.222960
6.653873, 10.279088
6.651400, 10.341365
6.646179, 10.397467
6.638966, 10.442684
6.624663, 10.494349
6.610939, 10.555142
6.595633, 10.609369
6.583671, 10.673786
6.568444, 10.723000
6.552906, 10.783355
6.538133, 10.840744
6.521210, 10.894488
6.503412, 10.951011
6.487571, 11.011287
6.472510, 11.068598
6.457448, 11.125909
6.442387, 11.183220
6.429460, 11.244188
6.417170, 11.302158
6.407189, 11.363678
6.395226, 11.418738
6.387225, 11.483768
6.377384, 11.539247
6.374311, 11.608008
6.369661, 11.645062
6.355282, 11.687542
6.419919, 12.097364
6.420005, 12.136295
6.420141, 12.195535
6.417283, 12.251787
6.411447, 12.307809
6.405314, 12.366731
6.404524, 12.432229
6.397976, 12.479090
6.389784, 12.537759
6.384148, 12.599808
6.376083, 12.655552
6.370142, 12.717573
6.369886, 12.783072
6.363698, 12.836302
6.359490, 12.898463
6.355493, 12.957566
6.326324, 13.077889
6.302072, 13.207685
6.229480, 13.308112
6.134100, 13.353344
b25ce917-c6f1-4f63-8dbb-c07a15d2e0b6
6.756968, 4.644954
6.783791, 4.767447
6.799681, 4.834785
6.809248, 4.921407
6.824588, 5.003620
6.828088, 5.055012
6.833912, 5.112073
6.896794, 5.270871
6.918986, 5.339110
6.934979, 5.407643
6.957918, 5.515255
6.979450, 5.596370
6.997169, 5.668956
7.017562, 5.735007
7.036913, 5.777389
7.043423, 5.900365
7.061439, 6.017371
7.083280, 6.100194
7.101335, 6.266059
7.100910, 6.392429
7.114086, 6.511867
7.122442, 6.587610
7.127495, 6.660707
7.137127, 6.761482
7be6dd18-2635-4610-8415-54453529f167
6.690620, 4.764545
6.889617, 4.888749
6.966555, 4.968881
7.005006, 5.018041
7.049141, 5.084563
7.073448, 5.118494
7.160445, 5.204383
7.186298, 5.244629
7.223345, 5.307839
7.292585, 5.414389
7.318532, 5.465964
7.341374, 5.529824
7.365124, 5.600668
7.383178, 5.674092
7.393580, 5.710130
7.420937, 5.888113
7.427416, 5.950408
7.452274, 6.054751
7.486069, 6.138490
7.492059, 6.244789
7.492730, 6.330406
7.497662, 6.423028
7.498567, 6.496285
7.495616, 6.633318
cb36905d-6e28-479a-abd8-2226793c6bdf
6.654327, 4.729396
6.569992, 4.734237
6.405570, 4.782044
6.169965, 4.924487
6.105778, 4.984580
6.029457, 5.046648
5.978435, 5.082622
5.919293, 5.148379
5.874015, 5.183367
5.818345, 5.247450
5.774266, 5.291657
5.727276, 5.345436
5.683698, 5.366041
5.599918, 5.495666
5.565198, 5.558047
5.531181, 5.610368
5.496406, 5.655618
5.456736, 5.710041
5.379857, 5.793484
5.334352, 5.832143
5.282075, 5.894507
5.238800, 5.939471
5.192788, 5.994059
5.149391, 6.038905
5.112523, 6.072699
c4dc240b-4f11-41a9-afea-405a251e7c45
6.729689, 4.641230
6.546007, 4.691329
6.393726, 4.742677
6.308017, 4.811209
6.236461, 4.861135
6.203407, 4.881900
6.089814, 4.977542
5.990411, 5.051051
5.870787, 5.162206
5.829978, 5.208037
5.801260, 5.239338
5.764195, 5.284741
5.658878, 5.387206
5.553248, 5.538987
5.482399, 5.647244
5.358522, 5.777541
5.271343, 5.872119
5.220083, 5.932748
5.173210, 5.990649
69acfee9-ba8f-4956-b357-fbca34ae51dc
6.561077, 5.608141
6.622557, 5.639171
6.651262, 5.664581
6.715172, 5.673149
6.724143, 5.694825
6.750201, 5.721107
6.796132, 5.763164
6.817235, 5.796691
6.848752, 5.846788
6.884387, 5.897831
6.926593, 5.947850
6.962661, 5.992915
6.993340, 6.038435
7.028382, 6.089975
7.197968, 6.324209
7.235740, 6.365789
7.290208, 6.407242
7.350358, 6.458305
7.390381, 6.500561
7.443749, 6.568970
7.488521, 6.628792
7.527896, 6.688896
7.566981, 6.746738
a70a5eea-13a0-486f-92f4-731d7e426d51
6.692738, 8.421657
6.633824, 8.437281
6.592861, 8.460085
6.447103, 8.542057
6.423746, 8.553308
6.403028, 8.558144
6.368237, 8.567650
6.331727, 8.582130
6.300402, 8.592788
6.266716, 8.605676
6.235263, 8.615952
6.199508, 8.632202
6.170229, 8.640418
6.131747, 8.658836
6.101227, 8.671623
6.068508, 8.686799
6.046264, 8.695305
6.025214, 8.698392
9c0549c0-40c4-402c-a1a3-8f4a8f67731d
6.702787, 6.903315
6.732269, 6.909573
6.762746, 6.912973
6.870541, 6.928075
6.912452, 6.933947
6.956054, 6.938544
6.990193, 6.943648
7.018191, 6.950862
7.053718, 6.964651
7.103015, 6.982179
7.148720, 6.995253
7.197745, 7.010834
e43d7b99-f3de-4453-91aa-0c551e3f542b
6.622879, 6.636755
6.566118, 6.658533
6.518694, 6.676126
6.433996, 6.700067
6.369582, 6.720974
6.347399, 6.724938
6.337248, 6.741317
6.292051, 6.774755
6.269617, 6.793213
5a8f1d0f-a366-4f26-8348-25728b185300
6.669600, 4.974934
6.734569, 5.024713
6.887512, 5.086266
6.954440, 5.105662
d43f153b-fbbd-44b0-b76c-935a2c4d5870
6.618800, 5.186600
6.696415, 5.229072
6.775571, 5.298015
6.861221, 5.351896
6.907997, 5.405033
3eebe1ca-b024-4cdc-ac17-6349d51ef5b7
6.760633, 8.758766
6.821785, 8.775441
6.898978, 8.793388
6.988535, 8.822802
ebebb4e0-7950-42b6-9574-2388a938831e
6.548817, 5.111745
6.494008, 5.113228
6.432384, 5.092677
6.391881, 5.074437
6.354535, 5.062966
