main root
7.121405, 5.882142
7.088858, 6.162911
7.000533, 6.401956
6.969502, 6.548716
6.929417, 6.673666
6.910255, 6.763512
6.888011, 6.917135
6.854498, 7.046652
6.829129, 7.191713
6.825733, 7.332254
6.803074, 7.483420
6.780087, 7.650780
6.759632, 7.784357
6.733100, 7.916262
6.720609, 7.988884
6.731621, 8.101302
6.743341, 8.165091
6.726444, 8.283105
6.707958, 8.338302
6.679840, 8.389270
6.644183, 8.438413
6.633761, 8.480831
6.611106, 8.546557
6.590383, 8.600313
6.576984, 8.647952
6.582867, 8.789660
6.582125, 8.843897
6.575414, 8.897079
6.575782, 8.965902
6.579112, 9.028135
6.582281, 9.087305
6.594900, 9.154960
6.594006, 9.243705
6.590449, 9.299933
6.589506, 9.362244
6.588772, 9.410925
6.577323, 9.460453
6.585662, 9.580030
6.602566, 9.650253
6.609288, 9.741894
6.613626, 9.800990
6.614761, 9.857319
6.612904, 9.913628
6.613847, 9.975941
6.614522, 10.020389
6.596006, 10.102988
6.583049, 10.160810
6.565563, 10.211482
6.548089, 10.271305
6.531478, 10.328184
6.514869, 10.385063
6.498263, 10.441944
6.484282, 10.500520
6.462338, 10.546371
db27b6d9-4494-4660-9135-f3b998a0fd00
7.133713, 6.080706
7.369831, 6.212603
7.468086, 6.262641
7.524272, 6.286534
7.570354, 6.333689
7.587459, 6.351847
7.683029, 6.419940
7.715207, 6.458110
7.755864, 6.515633
7.840651, 6.593002
7.872160, 6.634804
8.054585, 6.883235
8.073790, 6.956879
8.091701, 7.001044
8.100966, 7.035838
4860fc86-960f-43f1-8bff-c140cd6817a1
7.147796, 5.922521
7.255702, 6.018878
7.316653, 6.060090
7.392378, 6.118913
7.427900, 6.144612
7.462188, 6.169417
7.513422, 6.199092
7.547212, 6.228980
7.672752, 6.309857
7.712475, 6.331885
7.739876, 6.350502
7.774889, 6.374290
7.809903, 6.398077
7.840758, 6.422656
7.869660, 6.449504
7.907585, 6.476565
7.934788, 6.497815
8.031857, 6.572412
8.065079, 6.598017
8.090990, 6.614282
8.130610, 6.635686
8.171621, 6.654439
8.205853, 6.673384
8.255674, 6.702667
8.312017, 6.737518
8.355220, 6.764242
8.384281, 6.780458
947cff7e-5dc2-4550-a7dd-732254339fce
6.982314, 6.262963
6.934845, 6.268547
6.805093, 6.329112
6.754753, 6.349306
6.709141, 6.354976
6.594911, 6.356282
6.548230, 6.354793
6.487277, 6.368043
6.417459, 6.400791
6.390145, 6.423520
6.253038, 6.502241
6.203121, 6.520545
6.133380, 6.542926
6.057004, 6.581376
54982c69-0a3e-4193-8115-5e44630e388b
7.154889, 6.176744
7.276642, 6.260937
7.292870, 6.273737
7.319760, 6.300669
7.340941, 6.326128
7.359602, 6.332460
7.379964, 6.344111
7.416680, 6.365108
7.468473, 6.400524
7.591990, 6.466464
7.621238, 6.488864
7.654850, 6.514607
7.696855, 6.539236
7.729280, 6.561718
7.777986, 6.595489
7.826692, 6.629260
7.859741, 6.652175
8.089150, 6.851359
8.118187, 6.874820
8.170789, 6.903851
8.199899, 6.925045
8.246099, 6.958684
8.283790, 6.991522
24ea6120-8dfc-4584-aaa3-0815ce141c15
6.705388, 7.881220
6.656828, 7.888430
6.631704, 7.892159
6.547337, 7.956164
6.448282, 7.989863
6.375341, 8.019422
6.317265, 8.032566
038ec755-4ef0-428c-905f-325aa4defd63
6.763475, 8.154927
6.810418, 8.158018
6.851736, 8.178168
6.892352, 8.201468
d569ac23-19b3-4994-988d-06588b4d2c4b
6.744753, 8.409797
6.772626, 8.418798
6.790210, 8.433417
6.805005, 8.451595
6.817359, 8.450278
6.837770, 8.463699
6.862844, 8.478388
6.878626, 8.492828
