main root
6.561867, 4.441579
6.563334, 4.718086
6.589354, 4.891775
6.615593, 5.119200
6.644425, 5.279185
6.660237, 5.423730
6.664404, 5.557759
6.665972, 5.676129
6.667543, 5.794648
6.675534, 5.922363
6.682936, 6.040659
6.689809, 6.150510
6.692451, 6.260517
6.689184, 6.386827
6.678649, 6.514005
6.667204, 6.626546
6.648968, 6.743321
6.638195, 6.874108
6.640575, 6.998041
6.638877, 7.127810
6.638230, 7.260708
6.633547, 7.408217
6.624314, 7.569931
6.613068, 7.730954
6.603629, 7.866096
6.595960, 7.975894
6.591587, 8.068709
6.587602, 8.153282
6.586864, 8.232528
6.586253, 8.298141
6.594846, 8.564897
6.594130, 8.674101
6.591293, 8.784089
6.590788, 8.885636
6.583937, 8.987433
6.577114, 9.088806
6.566631, 9.181916
6.556211, 9.274467
6.543674, 9.367015
6.528085, 9.451199
6.515349, 9.543080
6.502562, 9.635329
6.485544, 9.727468
6.468628, 9.819047
6.451713, 9.910625
6.432684, 10.002066
6.417553, 10.084958
6.404465, 10.168205
6.392888, 10.269073
6.384387, 10.361602
6.380848, 10.445450
6.374809, 10.538653
6.371432, 10.622853
6.365951, 10.707788
6.366787, 10.791408
6.365566, 10.876513
6.366431, 10.960772
6.367300, 11.045440
6.364545, 11.121823
36fff943-7aff-4bd0-aaff-939d04854077
6.493915, 4.602514
6.358473, 4.702693
bb65f380-57dc-4b87-b381-1938cc0090f8
6.593426, 5.835470
6.635734, 5.779293
