main root
6.669522, 4.931208
6.628151, 5.186209
6.592854, 5.385214
6.548806, 5.593667
6.528369, 5.708210
6.475814, 5.902656
6.433530, 6.067331
6.383475, 6.238035
6.351051, 6.366106
6.326324, 6.513038
6.303220, 6.637669
6.287746, 6.755870
6.272360, 6.873403
6.255874, 6.999331
6.249949, 7.109789
6.241990, 7.245644
6.237935, 7.351038
6.238113, 7.456558
6.244626, 7.584355
6.246427, 7.702604
6.256570, 7.812744
6.260327, 7.922758
6.270715, 8.041512
6.280978, 8.185617
6.289085, 8.299456
6.298108, 8.426141
6.291501, 8.550988
6.295044, 8.643207
6.290803, 8.753289
6.286567, 8.863268
6.273329, 8.988778
6.267793, 9.081365
6.257006, 9.190874
6.258819, 9.301990
6.262993, 9.429212
6.256310, 9.547169
6.249603, 9.665518
6.232014, 9.790377
6.221675, 9.909140
6.215035, 9.997263
6.198942, 10.098251
6.182171, 10.190127
6.161831, 10.289767
6.145687, 10.390002
6.128763, 10.481853
6.107662, 10.573151
6.084587, 10.663652
6.063669, 10.745697
6.040657, 10.835949
6.011358, 10.925320
5.990759, 11.028790
5.968356, 11.119774
5.948186, 11.210485
5.936543, 11.311573
5.918588, 11.412010
5.905805, 11.495298
5.892962, 11.578980
5.883063, 11.671206
5.877358, 11.763783
5.877971, 11.856421
5.863797, 11.946343
5.854843, 12.029790
5.841897, 12.133163
5.826092, 12.225526
5.816722, 12.317685
5.791078, 12.456770
5.773191, 12.565454
5.762990, 12.666512
5.751085, 12.784447
5.744231, 12.894487
5.748808, 13.023632
5.746608, 13.139392
5.738409, 13.225012
8b92c317-3c18-4085-812e-a5d3d3ca369c
6.699095, 5.459462
6.795835, 5.489391
6.885664, 5.520240
6.961428, 5.547495
7.015212, 5.568434
7.070388, 5.589901
7.125570, 5.611357
7.200508, 5.658828
7.262921, 5.687719
7.312681, 5.714037
7.365024, 5.741706
7.417373, 5.769363
7.465682, 5.798258
7.512396, 5.829669
7.573997, 5.860253
7.623020, 5.887920
7.678666, 5.915873
7.731577, 5.942437
7.788514, 5.967658
7.842651, 5.991625
7.879365, 6.011138
7.917703, 6.041668
7.976646, 6.077109
8.014276, 6.103214
8.058764, 6.137703
8.105563, 6.173968
8.152370, 6.210224
8.203386, 6.245935
8.256064, 6.279141
8.302028, 6.311638
8.350378, 6.345808
8.398736, 6.379967
8.447101, 6.414115
8.489198, 6.449335
8.530361, 6.487694
8.562032, 6.509041
8.598103, 6.527940
e550e159-ec65-405b-9ce0-e4daf3027fbd
6.609405, 5.683203
6.654593, 5.724280
6.714075, 5.780607
6.735770, 5.803408
6.759428, 5.821960
6.787352, 5.842135
6.816048, 5.861197
6.845472, 5.879114
6.875579, 5.895859
6.906321, 5.911407
6.942053, 5.924287
6.960382, 5.935518
6.986714, 5.953242
7.016421, 5.971262
7.051055, 5.986855
7.083374, 5.999610
7.116259, 6.010826
7.149636, 6.020479
7.179723, 6.030592
7.213141, 6.040097
7.237934, 6.048559
7.267509, 6.060085
7.296565, 6.072863
7.328994, 6.085335
7.350950, 6.095231
7.368354, 6.107847
7.388919, 6.122755
b6da511e-84a0-40d3-a038-3248b4169bf6
6.443431, 6.194149
6.508829, 6.247810
6.547523, 6.275318
6.621396, 6.301058
6.651104, 6.311663
6.682700, 6.316409
6.731360, 6.317663
6.770598, 6.321670
6.832837, 6.325015
6.890441, 6.329610
6.959567, 6.333624
7.022945, 6.331307
7.080732, 6.330691
7.132165, 6.331641
7.165094, 6.335244
7.214396, 6.343648
7.254760, 6.353566
9777c650-3542-4562-bb60-815392026ba4
6.354233, 6.599767
6.415622, 6.611430
6.460339, 6.617370
6.503932, 6.621651
6.547646, 6.624439
6.599643, 6.637224
6.626853, 6.646998
6.662864, 6.663112
6.718942, 6.686566
6.765825, 6.701308
6.816161, 6.715566
6.864849, 6.727801
6.889719, 6.735594
a8253db8-eb01-41ee-9090-d2b5f98299d4
5.908417, 11.232738
5.886014, 11.239923
5.853306, 11.247526
5.825445, 11.258594
697cefcd-0784-405e-b6e4-bb175b256fdd
6.201323, 10.303903
6.236955, 10.312560
6.260080, 10.320480
6.312878, 10.340913
6.371923, 10.360847
6.413602, 10.368600
ba0a1299-370b-4254-8fe4-1f81e3ca8b25
6.269944, 9.861516
6.311904, 9.885675
6.348738, 9.915169
57b71478-0b43-45f6-b057-1060b9635e54
6.294967, 9.647766
6.327077, 9.663806
6.352803, 9.675758
6.377341, 9.686801
6.408420, 9.694221
41e508e6-bc4a-4b69-8369-e317040c192c
6.337300, 8.707967
6.378260, 8.720249
6.423426, 8.733334
6.472581, 8.754567
6.540567, 8.785566
6.616180, 8.826880
6.673595, 8.859958
6.730087, 8.880411
6.791864, 8.904370
6.870094, 8.939158
6.922270, 8.964000
6.975865, 8.987859
7.014817, 9.015575
c1b97ec7-00a9-4e96-a637-42432e31be45
6.337573, 8.430666
6.373265, 8.434370
6.428485, 8.441422
6.485301, 8.450212
6.569174, 8.467386
6.625475, 8.480441
6.681418, 8.494950
6.763476, 8.514091
6.833036, 8.527243
6.897844, 8.541019
6.953729, 8.555018
7.003718, 8.572170
05b44c8f-b2c0-44d9-b516-30059a0f76e9
6.211467, 7.035636
6.174440, 7.060778
6.127756, 7.082268
6.100382, 7.091574
6.075265, 7.098531
6.004607, 7.101181
5.956724, 7.099981
5.910384, 7.104809
5.851438, 7.110950
5.793823, 7.115447
5.743177, 7.119401
5.686841, 7.120795
5.643062, 7.123376
5.594463, 7.126242
5.531108, 7.145078
5.450209, 7.195773
5.408010, 7.225750
5.373809, 7.257388
5.347230, 7.286053
6bf4038f-df50-4e88-80ec-8528ce3f1698
6.303521, 6.375401
6.243907, 6.385602
6.185353, 6.382146
6.127351, 6.375618
6.089320, 6.386568
6.006095, 6.406215
5.931936, 6.423719
5.874539, 6.451107
5.811209, 6.473033
5.732277, 6.502555
5.667961, 6.528210
5.607556, 6.547471
5.536227, 6.581214
5.475715, 6.608184
5.413092, 6.637734
5.356128, 6.654683
5.290203, 6.675859
5.224751, 6.698456
5.174102, 6.723859
5.112226, 6.758242
5.054765, 6.785035
5.005545, 6.805697
2900b4bb-d7ed-4a47-932a-9f9d6e5d1053
6.441234, 5.795106
6.394030, 5.787999
6.355895, 5.787549
6.322789, 5.801837
6.231801, 5.845698
6.151284, 5.891517
6.093536, 5.920935
6.035145, 5.945641
5.976230, 5.975447
5.917678, 6.005067
5.829740, 6.074434
5.785210, 6.094303
5.731106, 6.118438
5.677002, 6.142570
5.621382, 6.170653
5.568497, 6.197350
5.536376, 6.213561
0ea6349c-82e1-4e2e-b536-35f6e390d573
6.362700, 6.091766
6.303286, 6.083415
6.260641, 6.075176
6.206437, 6.063046
6.152139, 6.072399
6.118867, 6.072307
6.021382, 6.081858
5.958239, 6.083496
5.899881, 6.092425
5.804007, 6.133356
5.735505, 6.159347
5.665998, 6.182518
5.584247, 6.225546
5.529945, 6.243980
5.455919, 6.272270
5.383013, 6.303336
5.281754, 6.346484
5.208490, 6.384211
5.147036, 6.414174
5.097702, 6.438758
41f1597e-fac0-474a-8cc2-501181a7c203
6.532788, 4.927532
6.441537, 4.929119
6.370806, 4.939707
6.316963, 4.950080
6.254128, 4.972844
6.205970, 4.987629
6.154262, 5.009294
6.106686, 5.061060
6.057164, 5.083939
5.984694, 5.124262
5.894818, 5.171849
5.803971, 5.217555
5.701122, 5.285481
5.615631, 5.334459
5.531060, 5.370721
5.452037, 5.402349
5.375764, 5.437343
5.303562, 5.477054
5.243960, 5.494463
5.172851, 5.512114
5.133561, 5.528036
5.093547, 5.561708
5.027196, 5.595635
4.953567, 5.636347
4.890225, 5.669612
4.799569, 5.710766
4.739716, 5.747955
4.675955, 5.784049
4.610775, 5.817506
4.540393, 5.860362
4.476310, 5.895877
4.409663, 5.932815
4.340681, 5.977890
4.276892, 6.019570
4.213104, 6.061251
4.149315, 6.102931
4.084224, 6.150826
4.032328, 6.183436
3.973305, 6.215114
3.915459, 6.241064
3.868359, 6.263833
3.822626, 6.285943
3.768574, 6.313735
3.708340, 6.344707
3.653049, 6.379869
3.604824, 6.410537
3.561608, 6.434365
4dab1fa5-60fd-47ed-b4e8-59720b3a0c0f
6.570832, 5.052928
6.447533, 5.014081
6.399485, 5.013344
6.353182, 5.023659
6.317459, 5.043793
6.292641, 5.049173
6.261613, 5.055895
6.230138, 5.068837
6.190185, 5.086883
6.153862, 5.098361
6.103467, 5.117426
6.053339, 5.141191
5.954960, 5.194090
5.777153, 5.305954
5.674631, 5.372338
5.585812, 5.423298
5.548759, 5.445885
5.512611, 5.467921
5.477460, 5.485843
5.424663, 5.512763
5.372515, 5.537670
5.327381, 5.557569
5.280130, 5.580037
5.234251, 5.601852
5.180016, 5.629298
5.118258, 5.663905
5.068278, 5.686765
5.021343, 5.709879
4.976454, 5.730317
4.930221, 5.751367
4.876282, 5.775925
4.823085, 5.798501
4.777115, 5.816384
4.730627, 5.832862
4.681834, 5.851746
4.618669, 5.876192
4.561947, 5.904563
4.508941, 5.931076
4.454598, 5.961606
4.402927, 5.990633
4.351256, 6.019660
4.300728, 6.044609
4.244870, 6.078870
4.195335, 6.105740
4.143239, 6.134000
4.092347, 6.158201
4.034571, 6.195620
4.004368, 6.215181
25564835-8a1c-470e-b678-0e4d5570e83a
6.522488, 5.336025
6.465399, 5.321247
6.424248, 5.316479
6.371699, 5.314141
6.335789, 5.312506
6.310454, 5.311315
6.294686, 5.324122
6.214334, 5.348291
6.156104, 5.375809
6.117511, 5.393962
6.079931, 5.409984
6.053094, 5.416545
6.005804, 5.428106
5.981270, 5.431021
5.949467, 5.430279
5.898682, 5.429094
5.851182, 5.430981
5.812354, 5.435518
5.748237, 5.449039
5.677144, 5.459444
5.628144, 5.465102
5.582673, 5.471859
5.556715, 5.474204
5.462118, 5.520746
5.379650, 5.564360
5.265979, 5.622757
5.177599, 5.665073
5.073093, 5.718692
4.994194, 5.766466
4.940798, 5.800162
4.911036, 5.824326
4.892192, 5.831915
4.861969, 5.842406
4.837089, 5.852561
4.811146, 5.867931
4.781811, 5.886979
4.753246, 5.907387
4.733607, 5.915977
4.702099, 5.931459
4.671309, 5.948325
4.642487, 5.962477
4.611692, 5.979336
4.581676, 5.997546
4.552499, 6.017070
4.525042, 6.033720
4.495861, 6.053238
4.468400, 6.069880
4.438206, 6.093502
4.412056, 6.112138
4.385101, 6.129588
4.361539, 6.146697
4.344136, 6.153543
