main root
6.717150, 4.195079
6.358642, 4.236146
6.114051, 4.465658
6.046514, 4.581410
6.024579, 4.682715
6.030523, 4.821108
6.044277, 4.895521
6.072138, 5.011429
6.106076, 5.107367
6.135378, 5.221830
6.166662, 5.318449
6.190003, 5.418008
6.215250, 5.507259
6.236681, 5.598476
6.246030, 5.693780
6.261334, 5.785153
6.269394, 5.870945
6.277316, 5.955240
6.282813, 6.029752
6.292393, 6.130836
6.300380, 6.215120
6.310831, 6.293679
6.291587, 6.361769
6.289408, 6.427397
6.292662, 6.509742
6.287899, 6.578703
6.279966, 6.663451
6.273654, 6.730885
6.267342, 6.798320
6.262942, 6.877445
6.259884, 6.970312
6.259103, 7.039554
6.251612, 7.150368
6.225095, 7.348496
6.213715, 7.449314
6.214993, 7.551137
6.222393, 7.633360
6.192749, 7.693618
6.179892, 7.796878
6.168150, 7.861877
6.147145, 8.057007
6.140530, 8.084580
6.129454, 8.115197
6.113456, 8.157563
6.096868, 8.199699
6.078003, 8.237719
6.056921, 8.276841
6.032215, 8.319535
6.016375, 8.358860
5.998415, 8.427483
5.981813, 8.467272
5.952471, 8.537595
5.925635, 8.578590
5.928862, 8.619967
af3af97d-461b-4a47-8789-578ebc87d0aa
6.560021, 4.270783
6.547477, 4.377799
6.484744, 4.432562
6.439671, 4.479905
6.371273, 4.532211
6.348849, 4.553172
6.122864, 4.759511
5.994376, 4.890503
5.940995, 4.940640
5.914503, 4.973732
5.879717, 5.026760
5.844169, 5.063233
93b169e0-b000-4435-9743-1e44a8c0d9ed
6.714584, 4.278410
6.697573, 4.335556
6.627289, 4.500595
6.434019, 4.752638
6.405055, 4.786590
6.377590, 4.818785
6.350117, 4.850990
6.322309, 4.878974
6.304406, 4.896991
6.286522, 4.921359
6ce54683-e2f4-4c58-aa92-e83c6b469847
6.280337, 4.313498
6.295165, 4.338330
6.452667, 4.660285
c1136a07-cc4a-4a5e-8c8d-f3d00c7b0e66
6.330064, 6.327111
6.358358, 6.360383
6.386056, 6.397574
6.408820, 6.436111
6.423417, 6.458413
6.443168, 6.480885
6.472879, 6.508296
6.500006, 6.525180
7744be5e-37aa-427a-bff7-1cfadac65917
6.195481, 5.710854
6.163180, 5.721038
