main root
6.680402, 4.975826
6.633828, 5.181902
6.576596, 5.357716
6.549793, 5.471527
6.526653, 5.588196
6.512668, 5.691328
6.503404, 5.775083
6.498310, 5.858853
6.490880, 5.931744
6.483152, 6.007553
6.469892, 6.116777
6.461797, 6.200653
6.457874, 6.284478
6.451408, 6.377654
6.449742, 6.461563
6.447893, 6.554673
6.441830, 6.648172
6.444260, 6.740707
6.444609, 6.834102
6.444925, 6.918768
6.447375, 7.011657
6.452166, 7.113082
6.454110, 7.198181
6.469107, 7.298992
6.478719, 7.392195
6.490342, 7.484392
6.503048, 7.585192
6.521027, 7.693973
6.549459, 7.801118
6.575519, 7.899325
6.597435, 7.990115
6.615384, 8.073314
6.637115, 8.154369
6.653351, 8.247420
6.680645, 8.354607
6.701648, 8.445607
6.724494, 8.544600
6.741444, 8.636750
6.763448, 8.744679
6.785801, 8.843734
6.810213, 8.942303
6.830570, 9.042095
6.844230, 9.151408
6.851400, 9.242712
6.857290, 9.290846
6.935815, 9.531016
6.974228, 9.636758
7.004164, 9.763924
7.033669, 9.906447
7.069712, 10.080552
7.090093, 10.171585
7.097869, 10.225120
157295d4-a1c3-4920-ab36-15164b924546
6.633067, 5.323339
6.664555, 5.343870
6.692182, 5.356406
6.816084, 5.453741
6.853551, 5.479355
6.888469, 5.503216
6.927552, 5.526289
6.968076, 5.546725
7.009862, 5.564436
7.048805, 5.580932
7.077989, 5.599796
7.109349, 5.623640
7.138806, 5.642288
7.178650, 5.663980
7.215776, 5.684201
7.252896, 5.704430
7.294073, 5.723470
7.336425, 5.739755
7.375904, 5.754926
7.401600, 5.764791
7.455075, 5.802920
7.493689, 5.826765
7.538878, 5.864790
443ad228-7056-40e2-bed9-b455bf0528d6
6.644245, 5.195463
6.708664, 5.207136
6.753758, 5.212255
6.790416, 5.219418
6.825742, 5.226313
6.847172, 5.233535
6.944281, 5.283980
6.984649, 5.327981
7.017483, 5.359346
7.046560, 5.387125
7.107535, 5.408838
7.197455, 5.449368
7.275349, 5.479932
7.342403, 5.509458
7.394707, 5.532489
7.435244, 5.556881
c8dc1af0-b715-4684-8b6f-0290d9f61c26
6.600040, 5.382666
6.668615, 5.395846
6.695637, 5.401040
6.783321, 5.357104
6.808335, 5.346617
6.836012, 5.338259
6.896048, 5.324274
8a3e13ed-7679-4433-8e65-8fc9399d8719
6.539990, 5.638769
6.590626, 5.662723
6.632087, 5.687631
6.668237, 5.697126
e95f709e-9cfa-4449-a5dc-175a829a7f35
6.516609, 5.846098
6.553630, 5.850062
6.611284, 5.853546
b8315528-1dfe-47a8-bc5d-59dc5a462c78
6.467587, 6.063670
6.508441, 6.076303
6.551709, 6.104891
