main root
5.498738, 4.894856
5.614090, 5.035708
5.676313, 5.122935
5.751763, 5.234756
5.838087, 5.388143
5.933114, 5.573873
5.982657, 5.771437
6.034076, 5.976483
6.093634, 6.185501
6.173825, 6.353666
6.205260, 6.565150
6.187347, 6.718230
6.133265, 6.964624
6.279654, 7.185873
6.309639, 7.239329
6.332282, 7.299603
6.344985, 7.358946
6.350810, 7.420840
6.313961, 7.476765
6.325254, 7.560040
6.332036, 7.673610
6.363658, 7.745933
6.400946, 7.886347
6.439789, 8.076260
6.469621, 8.222116
6.511362, 8.375068
6.547256, 8.522222
6.577350, 8.645597
6.607446, 8.768983
6.635439, 8.892605
6.660281, 9.017036
6.682399, 9.127821
6.706032, 9.235391
6.727570, 9.343286
6.744467, 9.460259
6.761413, 9.577573
6.775047, 9.686760
6.781275, 9.804752
6.796413, 9.932205
6.807158, 10.058277
6.813714, 10.184644
6.815185, 10.294677
6.816882, 10.421659
6.816476, 10.548411
6.818206, 10.667125
6.815709, 10.785360
6.807042, 10.895097
6.795618, 11.012931
6.786161, 11.137959
6.772854, 11.258018
6.754747, 11.383255
6.738616, 11.509507
6.713348, 11.641410
6.697358, 11.774188
6.671555, 11.900852
6.656026, 12.019359
6.639525, 12.145289
6.615181, 12.278037
6.599761, 12.408595
6.582471, 12.577848
6.557157, 12.681531
6.538282, 12.802183
6.521597, 12.908835
e0f03606-e4fe-40d9-aa9d-b87cff3e89d9
5.472864, 4.935824
5.328620, 5.221594
5.277014, 5.269403
5.243544, 5.305612
5.197276, 5.344591
5.145611, 5.419003
5.096054, 5.460371
5.036158, 5.503037
4.886817, 5.567731
4.799934, 5.587009
4.686748, 5.594940
4.607331, 5.590395
4.458348, 5.558710
4.411385, 5.516679
4.361994, 5.500726
4.278311, 5.468296
4.192006, 5.432593
4.123780, 5.415816
4.023830, 5.397772
3.924442, 5.375530
3.833558, 5.355191
3.726665, 5.337775
3.643265, 5.328390
3.562584, 5.323827
3.483353, 5.322345
3.416564, 5.318103
20fa0d0f-4771-414a-a55e-1ab7c4b5d74f
5.803051, 5.300353
5.989376, 5.326929
6.117897, 5.324090
6.205432, 5.330604
6.265830, 5.344509
6.297843, 5.358022
6.350485, 5.381868
6.412180, 5.409814
6.489518, 5.438274
6.557121, 5.464747
6.592692, 5.483499
6.632014, 5.504227
6.670057, 5.536777
6.708990, 5.583155
6.732470, 5.622764
6.773809, 5.671954
6.801529, 5.711915
6.833587, 5.726339
6.901038, 5.787802
6.961349, 5.832713
7.013977, 5.871903
7.098101, 5.888338
7.155459, 5.901034
7.162724, 5.887302
5bcf10dc-ba39-4d7b-8c0c-8cf8ff9a4f18
5.775887, 5.458230
5.725706, 5.537184
5.667434, 5.609113
5.628092, 5.671030
5.585491, 5.707721
5.564854, 5.722822
5.557345, 5.746509
5.516599, 5.801578
5.483222, 5.851640
5.451312, 5.904810
5.421963, 5.959437
5.397092, 6.021542
5.373253, 6.060936
5.339197, 6.122997
5.300264, 6.207063
5.270341, 6.264553
5.238047, 6.336324
5.205276, 6.401861
5.186181, 6.453437
5.165167, 6.518821
5.151518, 6.610199
5.134271, 6.664886
5.112329, 6.739436
5.100443, 6.863170
5.087604, 6.933281
92193457-14a8-4c45-9869-c59837e4fc6d
5.868290, 5.410979
5.989161, 5.427127
6.055822, 5.464689
6.109991, 5.513836
6.178659, 5.535737
6.234208, 5.570250
6.279117, 5.598186
6.306564, 5.611769
6.338991, 5.624510
6.405641, 5.641048
6.449264, 5.654958
6.494039, 5.673946
6.548561, 5.701945
6.600885, 5.733864
6.672446, 5.779946
6.717225, 5.807003
6.752484, 5.835302
6.792103, 5.867100
6.851526, 5.914794
6.886192, 5.942617
6.907295, 5.978046
17c996b4-f1ac-4c17-b255-b36e9d61297e
6.006531, 5.853907
6.211052, 6.055586
6.256307, 6.096230
6.298470, 6.125236
6.335966, 6.146649
6.380820, 6.174484
6.405402, 6.191259
6.446258, 6.216620
6.478085, 6.239904
6.502765, 6.254253
6.541622, 6.273384
6.583597, 6.290712
6.622713, 6.306860
6.685518, 6.347541
6.738338, 6.426174
6.819807, 6.475668
6.853646, 6.486801
6.915249, 6.497615
6.973975, 6.509443
7.025963, 6.526547
05592560-b2e7-4f64-bff9-18cd8561cf13
6.147446, 7.066357
6.106797, 7.098320
6.077028, 7.118643
6.067071, 7.137559
6.021503, 7.171332
5.986726, 7.191519
5.942246, 7.219067
5.898572, 7.247877
5.856658, 7.280904
5.820998, 7.314722
5.779585, 7.351931
5950148d-e2e1-4112-9aed-8cb14c16e25b
6.480593, 8.252403
6.351729, 8.278340
6.286326, 8.290481
6.234005, 8.310212
6.186425, 8.320272
57a23415-5d6e-42de-837b-5b5702545475
6.411356, 7.776232
6.507212, 7.735247
6.532202, 7.730700
b1c8328e-932c-4da6-bb6d-4370bd824dda
6.342453, 7.857327
6.267160, 7.864374
6.219390, 7.859790
6.196897, 7.853122
6.162736, 7.846116
