main root
7.142492, 6.017268
7.216464, 6.209042
7.286595, 6.408622
7.359279, 6.635089
7.410162, 6.797845
7.434697, 6.911707
7.473262, 7.036346
7.497645, 7.143784
7.515779, 7.252369
7.529726, 7.335884
7.545067, 7.427750
7.558371, 7.520186
7.574928, 7.620373
7.584778, 7.705423
7.599617, 7.796984
7.610441, 7.890064
7.621199, 7.982577
7.634019, 8.074612
7.641784, 8.176352
7.656369, 8.258450
7.660482, 8.353749
7.670771, 8.445810
7.678162, 8.530607
7.686983, 8.631818
7.688088, 8.741982
7.684960, 8.851978
7.692398, 8.962583
7.697497, 9.124400
7.697404, 9.254446
7.688916, 9.380367
7.676220, 9.506265
7.667602, 9.633580
7.661101, 9.760702
7.648753, 9.878256
7.630128, 9.994966
7.605279, 10.110518
7.578331, 10.225792
7.554663, 10.368028
7.536774, 10.488372
7.523767, 10.561764
7.507467, 10.619434
b7ba794e-91c8-4d48-8d7b-cf9e8d637847
7.235778, 6.286909
7.056283, 6.367543
6.946874, 6.407433
6.885694, 6.431974
5f8e74ad-29e6-49f1-b041-65e4e376289c
7.301876, 6.469265
7.081309, 6.623872
e3de76d3-a53f-4ac9-8ae7-b086ea748af6
7.324101, 6.632978
7.293238, 6.689157
7.267263, 6.735964
7.220857, 6.803239
8d4fecd7-14a1-448a-855d-4d41c106b546
7.435838, 6.922117
7.387960, 6.945727
7.373056, 6.966655
