main root
7.370233, 5.041900
7.324807, 5.227807
7.308182, 5.375015
7.322948, 5.496257
7.296336, 5.667741
7.318476, 5.811280
7.335535, 5.951723
7.352289, 6.092967
7.361300, 6.238598
7.383425, 6.374186
7.400218, 6.437691
7.358715, 6.550113
7.334319, 6.646735
7.315656, 6.746573
7.278143, 6.843643
7.289097, 6.967582
7.273559, 7.030179
7.248644, 7.096829
badd32ce-cb15-466d-8986-3aea80b19422
7.227086, 5.310991
7.154333, 5.334508
7.068260, 5.381608
7.047329, 5.393781
7.023622, 5.413843
6.999023, 5.438690
10ee5e89-2ff0-4821-9fef-87a6eaede83d
7.361327, 5.325528
7.409159, 5.371725
7.467982, 5.452670
7.512971, 5.525135
7.556088, 5.598518
7.583607, 5.665822
7.615650, 5.744188
7.631424, 5.794630
7.644495, 5.851390
a23674b1-a731-4e24-a6df-d456c912441d
7.242396, 5.429284
7.177911, 5.463273
7.125899, 5.521235
7.082185, 5.567552
7.041381, 5.606423
6.998467, 5.647305
6.955553, 5.688187
6.912640, 5.729069
6.869521, 5.778415
6.830049, 5.802567
