main root
6.272536, 4.787023
6.222322, 5.067562
6.178042, 5.193504
6.155994, 5.299820
6.143318, 5.425257
6.159118, 5.562082
6.191466, 5.757327
6.236364, 5.932557
6.280668, 6.073181
6.334394, 6.223255
6.389663, 6.335792
6.461415, 6.468178
6.530921, 6.580409
6.583390, 6.677185
6.626853, 6.761776
6.654737, 6.873697
6.671749, 6.959381
6.685764, 7.029970
6.746287, 7.351285
6.755720, 7.417541
6.759690, 7.487897
6.763983, 7.563978
6.774591, 7.645698
6.781046, 7.718682
6.781082, 7.787040
6.778128, 7.860251
6.769314, 7.930166
6.759784, 8.005770
6.750254, 8.081373
6.751108, 8.170355
6.751840, 8.246552
6.749550, 8.319787
6.747168, 8.395951
6.739057, 8.463828
6.730014, 8.539490
6.723587, 8.618480
6.725632, 8.704111
6.733576, 8.786130
6.737454, 8.826160
6.788514, 9.063100
6.811680, 9.142180
6.814222, 9.182807
6.828503, 9.267262
6.834307, 9.337491
6.843814, 9.416170
6.849623, 9.489209
6.858888, 9.567918
6.867795, 9.643598
6.876704, 9.719276
6.878223, 9.783402
6.876965, 9.856660
6.875658, 9.932851
6.874351, 10.009041
6.867160, 10.079141
6.864729, 10.161513
6.862479, 10.237679
6.863133, 10.316929
6.866779, 10.396095
6.864027, 10.466511
6.863925, 10.545760
6.857849, 10.615966
6.859447, 10.701602
6.857821, 10.774852
6.864910, 10.860213
6.858294, 10.925210
6.854322, 10.993771
6.857137, 11.048695
6.866782, 11.119898
6.874980, 11.158120
b2e8312d-7efc-40f0-9f68-0de559464285
6.138459, 4.878411
5.938983, 4.907220
5.846834, 4.920528
5.755724, 4.937937
5.680875, 4.952238
5.638994, 4.963288
5.416189, 5.074132
5.346616, 5.112087
5.220162, 5.143962
5.071717, 5.213595
4.987427, 5.253134
4.905321, 5.296295
4.837872, 5.331752
4.769166, 5.371252
4.712280, 5.403956
35c16d21-dc99-466e-8513-1c0aacb8dfd3
6.629922, 6.722626
6.723041, 6.734945
8e1856ce-0f63-45b5-b64d-89f89c3d3031
6.154626, 5.264557
5.999032, 5.302782
5.974366, 5.308842
5.892334, 5.387958
5.857446, 5.413289
5.811532, 5.444775
5.764080, 5.466042
e6335f7f-3ec0-4936-a686-f5c550db27bf
6.251225, 5.135262
6.308186, 5.181697
6.343989, 5.226839
6.362814, 5.234822
6.414757, 5.274722
6.452384, 5.299851
6.469356, 5.314785
1de15e43-e879-42af-adbc-8713c7710fec
6.197582, 5.076648
6.062489, 5.193297
5.960633, 5.276822
