main root
7.492958, 4.619164
7.425838, 4.841987
7.383226, 4.972967
7.334017, 5.090319
7.296523, 5.280754
7.267381, 5.359302
7.249257, 5.444640
7.222273, 5.551322
7.209695, 5.652422
7.194014, 5.761328
7.179533, 5.861891
7.170491, 5.954204
7.163063, 6.030041
7.156533, 6.140106
7.149211, 6.213005
7.146178, 6.273145
7.136662, 6.342964
7.153986, 6.380349
7.156973, 6.515603
7.172847, 6.635988
7.185511, 6.748210
7.201090, 6.848534
7.217424, 6.940013
7.232305, 7.023359
7.252735, 7.113842
7.273245, 7.204684
7.285757, 7.298300
7.310859, 7.406261
7.324261, 7.491372
7.329500, 7.577974
7.342792, 7.660295
7.343042, 7.741021
7.339151, 7.850987
7.346975, 7.926740
7.353221, 8.028398
7.356308, 8.103053
7.364727, 8.204232
7.374277, 8.282908
7.385125, 8.359860
7.393056, 8.461577
7.400154, 8.579750
7.410459, 8.680758
7.424048, 8.772508
7.431769, 8.882409
7.430103, 9.008489
7.434860, 9.127612
7.446636, 9.203676
7.478536, 9.313008
7.520443, 9.451837
7.539669, 9.544691
7.557817, 9.653213
7.568478, 9.762659
7.534503, 10.110620
7.513584, 10.259302
7.490951, 10.374728
7.462138, 10.488768
7.431097, 10.603009
7.395285, 10.686539
7.339771, 10.800034
7.289512, 10.907586
7.250401, 11.001275
7.206396, 11.084846
7.147852, 11.199241
cc46fce0-7aa6-48b4-810a-16598807fb71
7.467259, 4.913557
7.535250, 4.940382
7.629908, 4.996599
7.667202, 5.025711
69477500-6720-4ae3-ade5-494d424b63ad
7.468735, 4.892624
7.540829, 5.014433
7.557478, 5.041257
