main root
6.423662, 4.123686
6.341606, 4.355067
6.310723, 4.474886
6.275446, 4.629778
6.247105, 4.744720
6.259485, 4.826703
6.241209, 4.944561
6.222401, 5.065852
6.202938, 5.191362
6.198567, 5.302404
6.190013, 5.412114
6.171853, 5.537003
6.161734, 5.664954
6.149649, 5.791131
6.138348, 5.909127
6.120048, 6.034141
6.117319, 6.154748
6.110098, 6.289382
6.106313, 6.399459
6.107055, 6.500982
6.107860, 6.611050
6.108541, 6.704183
6.106082, 6.777412
6.109308, 6.859756
6.113265, 6.922529
6.117575, 7.030057
6.121747, 7.201237
6.110103, 7.326637
6.094232, 7.452128
6.076699, 7.595284
6.067693, 7.668818
6.062841, 7.733083
a6d49b3d-c44d-413c-8c2c-54f634929412
6.287048, 4.323511
6.233423, 4.306608
6.136219, 4.280676
6.057611, 4.305999
6.013009, 4.317536
5.970069, 4.316738
da20f60f-6945-4467-8d2b-05b7b636e956
6.256294, 4.546223
6.222990, 4.561860
6.148089, 4.555451
2d86c1ac-77d4-4d04-b407-0bcce3bc35e5
6.195519, 4.607438
6.309515, 4.510325
