main root
5.940321, 4.534675
5.833657, 4.701008
5.731113, 4.863110
5.685065, 4.967377
5.633230, 5.087287
5.595880, 5.195004
5.563783, 5.300492
5.527725, 5.404457
5.493641, 5.509191
5.458127, 5.604647
5.425640, 5.710170
5.399838, 5.808360
5.376168, 5.898428
5.354592, 5.988810
5.331001, 6.087635
5.313577, 6.178739
5.298192, 6.270382
5.281371, 6.370585
5.270178, 6.462668
5.258940, 6.555122
5.249818, 6.647598
5.239401, 6.732078
5.231151, 6.815937
5.224965, 6.899984
5.214553, 6.984961
5.205285, 7.060599
5.190804, 7.129567
5.180212, 7.209159
5.172732, 7.288058
5.170936, 7.370447
5.163422, 7.440517
5.155299, 7.516287
5.147176, 7.592056
5.139055, 7.667826
5.130934, 7.743596
5.125471, 7.822660
5.120218, 7.898683
5.114965, 7.974705
5.109713, 8.050727
5.104460, 8.126749
5.101988, 8.205964
5.099612, 8.282131
5.097237, 8.358298
5.097762, 8.437550
5.102787, 8.518211
5.096417, 8.584462
5.084289, 8.666385
5.059253, 8.734961
5.018367, 8.828445
4.983563, 8.923861
4.943629, 9.053960
4.921327, 9.148198
4.903943, 9.230659
4.888595, 9.313518
4.866826, 9.396886
4.845433, 9.478810
4.836253, 9.530616
4.829372, 9.582494
5f12239c-6fc6-4258-b152-7ac3bb2c963a
5.911604, 4.674029
5.952961, 4.726401
5.995965, 4.777726
