main root
6.630294, 4.502415
6.516861, 4.703058
6.458179, 4.824065
6.437461, 4.967950
6.427809, 5.117328
6.407043, 5.279846
6.369519, 5.452001
6.345882, 5.598365
6.314212, 5.721559
6.278222, 5.895172
6.262061, 6.004400
6.262633, 6.116200
6.263369, 6.260140
6.251616, 6.348191
6.211906, 6.519887
6.194219, 6.688701
6.165077, 6.810334
6.133164, 6.956788
6.107574, 7.084076
6.091128, 7.214272
6.078344, 7.332311
6.075976, 7.452145
6.073969, 7.553723
6.063337, 7.663382
6.051082, 7.789784
6.032059, 7.898294
6.000021, 8.020247
5.967905, 8.134190
5.939720, 8.249743
5.915680, 8.357231
5.883744, 8.471025
5.849730, 8.584413
5.817645, 8.698717
5.790187, 8.796533
5.780277, 8.870986
5.770843, 8.989818
5.764919, 9.091185
5.746295, 9.192346
5.726366, 9.300591
5.699338, 9.424204
5.662240, 9.544723
5.616713, 9.671348
5.568892, 9.788568
5.525016, 9.901694
5.476027, 10.028005
5.433824, 10.148433
5.397502, 10.271121
5.370711, 10.369068
5.337448, 10.482682
5.306845, 10.579679
5.280355, 10.677699
5.260911, 10.757712
5.246153, 10.821765
5.234067, 10.874158
7de18478-3f4e-4292-a243-d764354f621f
6.540632, 4.451352
6.479590, 4.438083
6.355084, 4.408467
6.278135, 4.404510
6.221807, 4.398111
6.152950, 4.390717
6.087250, 4.382156
6.021762, 4.372114
5.950078, 4.367179
5.881424, 4.365453
5.832387, 4.368711
5.797877, 4.369504
804e5f75-52a1-475f-9e63-b70510635828
6.523164, 4.544774
6.460956, 4.471235
6.425652, 4.423488
6.395591, 4.392033
6.336643, 4.414354
6.268971, 4.447616
6.239194, 4.486789
63aa5530-5390-48f7-9088-f415403532f9
6.511434, 4.541401
6.393568, 4.534221
6.344006, 4.505630
6.299703, 4.483205
6.235223, 4.488418
6.190770, 4.503134
6.119232, 4.518751
6.015021, 4.533968
5.923554, 4.550325
5.839596, 4.552447
5.740138, 4.561310
5.657625, 4.574910
5.579195, 4.596245
5.491665, 4.626594
5.411675, 4.654329
5.323679, 4.684839
5.250247, 4.721431
5.162352, 4.772321
5.072166, 4.819647
4.973768, 4.868895
4.884949, 4.918078
4.802243, 4.961473
4.716489, 5.016022
4.640561, 5.069306
4.565727, 5.124392
4.481272, 5.181307
4.392265, 5.246393
4.289753, 5.321354
4.198503, 5.382837
4.107220, 5.444343
4.017081, 5.507628
3.937771, 5.571065
3.863964, 5.640934
3.794711, 5.703595
3.744350, 5.746366
5052dba0-6ca8-4fac-89d5-6938202b587d
6.429354, 4.751825
6.395335, 4.774504
6.338494, 4.767128
6.322677, 4.731653
6.279985, 4.735626
6.261092, 4.765023
6.246466, 4.806233
6.212821, 4.843246
6.172566, 4.871215
6.120035, 4.921596
6.018599, 4.967645
5.936179, 4.999977
5.817752, 5.077836
5.760075, 5.154054
5.704980, 5.200207
5.673045, 5.222514
5.642998, 5.247504
5.610493, 5.274526
5.588945, 5.296318
5.563671, 5.326127
5.536326, 5.358362
5.508974, 5.390591
5.481616, 5.422827
5.455075, 5.447161
5.417813, 5.477264
5.371489, 5.516612
5.320038, 5.558352
5.267984, 5.610218
5.220006, 5.655910
5.170750, 5.711086
5.119229, 5.775118
5.082529, 5.825505
5.048620, 5.879688
5.011039, 5.947557
4.984081, 6.005512
4.956906, 6.053287
4.922858, 6.110118
4.886505, 6.162060
4.847667, 6.217552
4.804712, 6.284147
4.761178, 6.337833
4.713041, 6.418881
4.674130, 6.484396
4.635743, 6.551959
4.602847, 6.612887
4.577100, 6.657423
4.546434, 6.702130
91b96a44-7716-4551-b40f-674d073f865d
6.395546, 4.847105
6.300253, 4.883838
6.108897, 4.926713
5.980015, 4.983574
5.856491, 5.052175
5.721361, 5.123221
5.676409, 5.155737
5.613660, 5.208388
5.571542, 5.226149
5.502946, 5.251823
5.452091, 5.280441
5.384562, 5.321874
5.318646, 5.365823
5.254434, 5.412230
5.193366, 5.452668
5.130693, 5.490572
5.066522, 5.525882
4.998601, 5.566666
4.932265, 5.609989
4.872913, 5.652327
4.828287, 5.693612
