main root
6.599430, 4.970807
6.580209, 5.240603
6.545251, 5.359293
6.469964, 5.573705
6.412194, 5.721106
6.374385, 5.829156
6.341991, 5.934545
6.298894, 6.053320
6.274678, 6.152486
6.255685, 6.248068
6.247029, 6.335054
6.247491, 6.436426
6.252254, 6.555284
6.264871, 6.658800
6.294867, 6.766060
6.331164, 6.888063
6.373338, 6.983088
6.424831, 7.093924
6.467640, 7.186065
6.515958, 7.285043
6.573867, 7.389241
6.629526, 7.493733
6.715141, 7.627152
6.769199, 7.731097
6.792194, 7.832047
6.836556, 8.017311
6.872153, 8.183782
6.891629, 8.274860
6.901803, 8.329596
6.933577, 8.467127
6.945220, 8.583188
6.973980, 8.700806
7.002137, 8.815952
7.044922, 8.937892
7.091109, 9.056844
7.109639, 9.162564
7.173016, 9.340207
7.192662, 9.404181
7.202366, 9.466071
7.257385, 9.651010
7.269740, 9.695241
7.277663, 9.737595
7.288843, 9.785263
7.294980, 9.827912
7.304147, 9.876008
7.311989, 9.921259
7.319071, 9.966633
7.328812, 10.014615
7.333664, 10.057430
7.344693, 10.108418
7.352281, 10.147137
7.356843, 10.189984
7.360938, 10.235724
7.367515, 10.284245
7.368114, 10.316678
7.368194, 10.362601
7.370502, 10.411509
7.378160, 10.463111
7.384140, 10.508644
7.396073, 10.559430
7.387497, 10.600176
7.458849, 10.870860
7.473466, 10.917589
7.478271, 10.955581
7.489960, 11.006420
7.499499, 11.051343
7.511833, 11.098726
7.519003, 11.141213
7.529336, 11.189072
7.531159, 11.229529
7.544955, 11.286858
7.551340, 11.329471
7.564189, 11.380029
7.578393, 11.426885
7.583511, 11.467058
7.589412, 11.513371
7.610983, 11.591783
7.626102, 11.638351
7.629857, 11.662106
7.643114, 11.712561
7.654037, 11.757165
7.664211, 11.801949
7.673634, 11.846895
7.682301, 11.891993
7.693716, 11.939606
7.703673, 11.984438
7.709305, 12.027158
7.717903, 12.075360
7.725208, 12.120700
7.731753, 12.166156
7.744314, 12.216787
7.754624, 12.261539
7.764182, 12.306458
7.776535, 12.353835
7.787377, 12.398461
7.794942, 12.432861
7.793114, 12.476584
d67f39ec-a71c-4bf5-b477-df43c1c9d820
6.585236, 5.225407
6.719047, 5.312712
6.737978, 5.338742
6.758697, 5.372319
6.785047, 5.409322
6.805429, 5.443105
6.835516, 5.481386
6.859575, 5.514419
6.912486, 5.559099
6.954532, 5.615945
6.978461, 5.655849
6.998772, 5.680990
7.016840, 5.700971
7.041271, 5.704776
7.060223, 5.721838
7.087428, 5.744279
7.104955, 5.760640
7.123289, 5.783859
7.149311, 5.809523
7.321192, 6.004523
7.373056, 6.049433
7.397057, 6.070218
7.500263, 6.097297
7.550313, 6.144691
7.601776, 6.185158
7.652526, 6.221242
7.704961, 6.254833
7.750686, 6.287663
7.798785, 6.322184
7.842533, 6.349880
7.947735, 6.497203
7.991165, 6.552870
8.015770, 6.596627
8.028220, 6.618766
8.074340, 6.630505
8.131760, 6.645116
8.175304, 6.659281
8.209781, 6.673641
8.242997, 6.690714
8.274069, 6.720837
a39873c5-720e-49e0-a77f-1015d1da03ce
6.570166, 5.336647
6.669973, 5.396446
6.722329, 5.445036
6.763370, 5.474958
6.824940, 5.519847
6.894875, 5.563426
6.982505, 5.651537
7.032765, 5.693582
7.060534, 5.722667
7.095615, 5.759411
7.129233, 5.794623
7.158355, 5.833484
7.375660, 5.931583
7.414242, 5.949000
7.448864, 5.967913
7.490077, 5.987013
7.524509, 6.006270
7.569602, 6.024629
7.589226, 6.035851
7.615970, 6.058042
7.656978, 6.084287
7.688497, 6.108013
7.726510, 6.132878
7.761937, 6.156050
7.801507, 6.178354
7.834307, 6.200277
7.873653, 6.222974
7.893400, 6.237821
7.913703, 6.253084
8.056676, 6.300773
8.125499, 6.343224
8.194357, 6.395433
8.268572, 6.451705
8.341699, 6.509791
8.406856, 6.550952
8.488368, 6.594980
8.581509, 6.635674
8.665604, 6.677006
8.733991, 6.710618
8.804382, 6.743548
8.866826, 6.775095
8.896933, 6.791982
9.025680, 6.875429
9.097843, 6.912371
9.182241, 6.950850
9.267639, 6.987473
9.352008, 7.028233
9.458270, 7.095891
9.642565, 7.153950
9.764585, 7.190189
9.878204, 7.223934
9.965992, 7.258784
10.036816, 7.286899
10.095860, 7.311948
10.148987, 7.339929
d8b03926-f0fa-4589-9269-64a3ee024294
6.609631, 5.446710
6.643175, 5.511134
6.649155, 5.533419
6.662953, 5.539674
6.715248, 5.591262
6.751799, 5.650039
6.776912, 5.698925
6.800124, 5.744111
6.820597, 5.777413
7.077187, 5.968529
7.118346, 6.019734
7.151266, 6.065468
7.181713, 6.112889
7.215798, 6.163209
7.247258, 6.204315
7.287812, 6.247452
7.328410, 6.290636
7.369004, 6.333816
7.411715, 6.377062
7.440832, 6.408674
7.465355, 6.444135
7.503229, 6.493639
7.555684, 6.547915
7.589156, 6.573934
7.649320, 6.620702
7.708462, 6.673745
7.834613, 6.809653
7.856123, 6.828428
7.875920, 6.829783
7.932409, 6.851531
7.959982, 6.858939
7.995514, 6.859187
8.017900, 6.862337
8.048461, 6.871171
8.097259, 6.885278
8.156045, 6.900714
8.203348, 6.914683
8.268137, 6.932255
8.386637, 6.997203
8.425089, 7.023400
8.475674, 7.029318
8.573792, 7.046171
8.648517, 7.059007
8.713187, 7.070115
8.748651, 7.076207
efd87154-c033-46d9-9c4d-489d28d30660
6.471485, 5.505564
6.382060, 5.499619
6.241064, 5.464654
6.192747, 5.466297
6.121018, 5.464244
6.063946, 5.468959
6.016987, 5.464129
5.785907, 5.418758
5.699641, 5.426225
5.604626, 5.421718
5.569779, 5.423063
5.496505, 5.409999
5.445801, 5.407041
5.186149, 5.382800
5.123882, 5.379992
5.064679, 5.377321
5.008601, 5.371794
4.951726, 5.366188
4.891580, 5.363267
4.844048, 5.363955
4.781839, 5.367849
4.718490, 5.376313
4.682484, 5.376593
4.624158, 5.371758
91d8fada-6565-407b-805e-2d3b4f5421d5
6.432870, 5.674511
6.586821, 5.729030
6.682537, 5.787177
6.725310, 5.820100
6.753902, 5.842039
6.786723, 5.855836
6.841722, 5.878895
6.896742, 5.901902
6.935815, 5.913373
7.134645, 5.954287
7.200007, 5.961681
7.284846, 5.989336
7.341424, 6.007836
7.397985, 6.026389
7.454529, 6.044994
7.505457, 6.066479
7.546462, 6.086967
7.579223, 6.094969
7.801775, 6.190308
8.069708, 6.349544
8.297223, 6.399724
8.355701, 6.404949
8.382466, 6.411837
8.433438, 6.423399
8.458899, 6.435293
4c18f07b-27e3-4383-b3b4-7fe23a10ecff
6.323501, 6.726165
6.389922, 6.711655
6.432912, 6.708392
6.477234, 6.705026
6.619101, 6.650136
6.720359, 6.657959
6.802743, 6.658314
6.875916, 6.661618
6.941074, 6.675048
7.011803, 6.680456
7.068787, 6.684813
7.116154, 6.695832
7.244714, 6.739197
7.332492, 6.728891
7.502521, 6.711175
7.785586, 6.672185
84af2439-2954-4472-ac19-a3fc9e776247
6.355509, 5.945794
6.416111, 5.990503
6.467035, 6.018610
6.509001, 6.043329
6.537506, 6.065330
6.577719, 6.096368
6.623807, 6.128161
6.670127, 6.154658
6.730959, 6.187732
6.771528, 6.213197
6.799941, 6.232799
6.946573, 6.258134
6.971958, 6.264039
7.002087, 6.266440
7.017630, 6.293005
7.065412, 6.322753
7.177811, 6.355164
7.259500, 6.374402
7.307407, 6.388760
7.351938, 6.408132
7.609648, 6.479369
7.677764, 6.493738
7.734290, 6.499214
7.811576, 6.500450
7.894664, 6.493483
8.009473, 6.487069
aea520bf-5fa4-4adc-825e-44d51d36a3c9
6.395472, 5.850314
6.432838, 5.894408
6.458207, 5.936734
6.435015, 6.132924
6.445985, 6.238193
6.449513, 6.338064
6.455646, 6.393863
8e493539-32f6-4f32-8c52-5e1c49fbdbaa
6.521944, 5.341106
6.381818, 5.337106
6.327313, 5.356081
6.285537, 5.373804
6.250819, 5.391795
6.231708, 5.385034
6.183337, 5.391424
6.149518, 5.399056
6.056586, 5.413557
5.993440, 5.426440
5.946240, 5.427211
5.752057, 5.392792
5.708988, 5.388199
5.672291, 5.381275
5.644979, 5.406259
5.524896, 5.398730
5.461508, 5.400754
5.416200, 5.393607
5.220518, 5.408209
4.995216, 5.392813
10f1bbe3-ae15-4154-af3d-a6fb3ba0329f
6.395408, 6.843528
6.445052, 6.850138
6.505121, 6.873237
6.530763, 6.881494
6.615412, 6.926705
6.641077, 6.945502
6.666095, 6.940152
6.730665, 6.959422
6.806824, 6.962098
6.871742, 6.945579
6.913738, 6.936437
6.966696, 6.933728
8eea0ef2-903c-4506-b1f7-6af9ae61b9a8
6.293637, 6.835186
6.245868, 6.867628
6.165580, 6.909529
6.091855, 6.950343
6.042808, 6.972753
6.004597, 6.985278
5.907025, 7.029032
5.805574, 7.036252
5.735901, 7.041212
5.676182, 7.037669
5.647066, 7.068737
5.605154, 7.082501
47e62c8e-0632-4ed4-89d5-4e8188987d64
6.592369, 7.507527
6.537003, 7.530586
6.506204, 7.538549
6.458099, 7.549441
6.412876, 7.556611
6.374400, 7.561196
6.327948, 7.560806
6.191866, 7.586615
6.138485, 7.599449
6.098482, 7.607527
6.058209, 7.614134
6.009313, 7.620637
5.957667, 7.629017
5.908758, 7.635437
5.875989, 7.641248
e8f9b1a4-5a84-447c-9d90-f3acc9dcd26a
6.557433, 7.183967
6.590447, 7.150862
6.614200, 7.134350
6.656868, 7.118578
6.680693, 7.109772
6.733785, 7.102745
6.808611, 7.059789
6.868442, 7.020034
7.008813, 6.889194
41677bd2-0e11-47c0-88e4-0b32ae7b3fcb
6.831848, 7.745255
6.900356, 7.746144
6.995709, 7.758375
7.081379, 7.745090
7.161684, 7.726580
7.238185, 7.705875
7.309637, 7.689639
7.365366, 7.676976
59af72f1-906b-46bb-92b4-2fca73370817
6.316069, 6.738620
6.401516, 6.776808
6.414413, 6.814446
6.441569, 7.051984
5bc3b08a-7cb6-4d7a-8b23-b57aad5afd4a
6.468895, 5.421427
6.342071, 5.413311
6.227042, 5.414516
6.031954, 5.396681
5.894488, 5.467156
5.674871, 5.565054
5.640833, 5.573366
5.608563, 5.571712
5.596135, 5.600489
5.500686, 5.636174
5.413654, 5.675888
3da4caef-7509-4d32-836a-93b1be332068
6.754150, 5.061972
6.251796, 5.080044
6.098362, 5.063229
6.059643, 5.055965
6.031195, 5.053665
5.982601, 5.055743
5.944653, 5.052871
5.901340, 5.052596
5.862630, 5.050853
5.829444, 5.056851
5.777917, 5.070728
5.738028, 5.083021
5.710786, 5.096115
5.664298, 5.120122
5.621088, 5.137383
5.576713, 5.153496
5.550150, 5.167919
5.501897, 5.204338
5.441133, 5.234073
5.399382, 5.241703
238f8e06-539e-4a60-b1fc-26bcc36a462f
6.978830, 8.728493
7.073882, 8.746420
7.146368, 8.764373
7.215740, 8.781836
3c915568-8b37-4d9f-99ef-fd2f653ef08d
6.829374, 8.252129
6.537678, 8.380589
f2512cf0-b051-492c-a27a-e8f2964402dd
6.787929, 7.984837
6.734371, 7.989159
6.708973, 7.989526
6.550063, 8.024072
6.481965, 8.035250
6.406987, 8.037218
6.331656, 8.039100
6.286802, 8.043899
d87ef273-a42f-49c0-a589-e1f68f8745ab
6.737370, 7.506947
6.818215, 7.491163
6.925082, 7.486597
6.984362, 7.475761
7.038749, 7.459404
7.115748, 7.429621
7.150688, 7.420919
a3422591-f7ed-4776-9a05-7ac4936d2cd1
6.574815, 5.171033
6.450144, 5.131309
6.371719, 5.107229
6.072011, 5.092700
6.009795, 5.097787
5.967616, 5.101236
5.925435, 5.104685
5.885243, 5.103466
5.837554, 5.099026
5.762250, 5.107048
5.700656, 5.116619
5.663415, 5.119378
5.632556, 5.127667
5.603796, 5.141591
5.546978, 5.177415
5.496844, 5.209024
5.460648, 5.226538
5.410469, 5.243088
