main root
6.100607, 2.776608
6.043083, 3.005667
6.611698, 4.037488
6.791123, 4.684194
6.749546, 5.145985
6.533428, 5.619591
6.169345, 6.197380
5.511777, 7.067731
5.287211, 7.497938
5.042015, 8.324716
fb50c373-f2db-409b-8cd3-5783147d5325
6.217218, 3.256876
6.682895, 3.140466
3bd077cf-4d98-4dec-a0d0-533be1ba3de5
6.219899, 3.259821
5.729404, 3.599438
f91271ee-dd6f-481f-8a05-b89802af26eb
6.039991, 3.008022
6.347368, 3.388665
6.486188, 3.573388
8cf31cc9-21ac-4c2a-9e81-ca1c13c89927
6.039991, 3.008022
6.258733, 3.180393
6.660657, 3.370950
7.194828, 3.625988
