main root
6.489186, 5.055930
6.518093, 5.212606
6.548330, 5.445425
6.552759, 5.570509
6.568839, 5.733120
6.596178, 5.883132
6.639512, 6.048488
6.664561, 6.185067
6.695462, 6.324960
6.713984, 6.428442
6.718813, 6.515460
6.712684, 6.633496
6.700647, 6.742912
6.680247, 6.863732
6.640239, 7.002589
6.615174, 7.095550
6.582463, 7.200616
6.551747, 7.306389
6.519309, 7.402925
6.499943, 7.486972
6.480589, 7.557637
6.459064, 7.613566
6.473237, 7.652003
6.472537, 7.782064
6.476222, 7.883531
6.487976, 7.975354
6.487463, 8.070742
6.478542, 8.164774
6.469746, 8.257492
6.440151, 8.302181
6.392234, 8.374536
6.363541, 8.433103
6.336794, 8.497256
6.324545, 8.570367
6.319723, 8.662794
6.302194, 8.756559
6.273202, 8.877365
6.235346, 8.981459
6.182537, 9.095950
6.157733, 9.248672
6.156323, 9.395625
6.144160, 9.491727
6.123638, 9.603377
6.091988, 9.717211
6.064209, 9.832871
6.040549, 9.940450
6.021157, 10.058084
6.004632, 10.158329
6.001725, 10.227685
6.004160, 10.320291
6.006386, 10.404928
6.002079, 10.468927
6.009523, 10.528531
04312559-d77b-4564-814c-086acce3c301
6.600172, 5.301627
6.715072, 5.347539
6.749369, 5.363205
6.797733, 5.383164
6.844688, 5.402542
6.879911, 5.420316
6.910026, 5.437189
6.932185, 5.449604
