main root
6.832534, 4.831970
6.815101, 5.086200
6.803643, 5.161946
6.788280, 5.277626
6.766490, 5.421577
6.746310, 5.540815
6.716271, 5.655083
6.698655, 5.798432
6.666342, 5.924054
6.638639, 6.048610
6.605301, 6.189433
6.570193, 6.337732
6.539539, 6.488575
6.507932, 6.624752
6.467327, 6.781564
6.439420, 6.906089
6.413640, 7.030729
6.395725, 7.148593
6.369360, 7.271512
6.353899, 7.373870
6.340828, 7.474565
6.321429, 7.591236
6.299220, 7.699002
6.277003, 7.806808
6.264528, 7.898604
6.248739, 7.999069
6.226661, 8.098682
6.206759, 8.198256
6.181489, 8.313910
6.160240, 8.430938
6.144720, 8.540095
6.125053, 8.648359
6.099166, 8.755352
6.075273, 8.854104
6.047346, 8.960527
6.017261, 9.075179
5.993388, 9.182828
5.967504, 9.289774
5.941529, 9.388099
5.917645, 9.486793
5.902543, 9.585172
5.892641, 9.677397
5.880582, 9.770005
5.871762, 9.853805
5.864007, 9.927481
5.863213, 10.082855
5.829941, 10.296194
5.808821, 10.404148
5.791819, 10.513097
5.776928, 10.622235
5.765039, 10.740587
5.754039, 10.850103
5.751436, 10.960691
5.750960, 11.070837
5.744122, 11.188826
5.736126, 11.290215
5.728140, 11.391499
5.719487, 11.501225
5.717149, 11.611622
5.714997, 11.713192
5.719348, 11.805734
5.723325, 11.890308
5.720644, 11.960723
5.721669, 12.012476
5.732897, 12.050256
5.776908, 12.222849
5.799374, 12.298807
5.807348, 12.380207
5.818052, 12.458692
5.824981, 12.531590
5.835459, 12.610105
5.842179, 12.683025
5.849176, 12.758863
5.862692, 12.840113
5.868311, 12.910316
5.880841, 12.991724
5.885607, 13.061989
5.900335, 13.146328
5.893576, 13.194627
5.907189, 13.243016
c962be66-5091-43fb-8844-74227af8d2b0
6.863419, 5.140475
6.872737, 5.182322
6.913578, 5.239954
6.955486, 5.279642
6.997415, 5.322692
7.024603, 5.345504
7.079688, 5.377605
7.159145, 5.401924
7.188714, 5.419367
7.238705, 5.448207
7.267394, 5.460656
7.308280, 5.471870
f92284a6-a325-489e-abf0-68a55fc1ee97
6.825871, 4.976572
6.901947, 5.086951
6.988572, 5.198010
db208f70-52cb-44d0-9070-b5ebf3b5fd48
6.740733, 5.191956
6.722491, 5.200293
6.665647, 5.232858
6.620268, 5.231446
6.593607, 5.251428
6.544061, 5.269151
6.451503, 5.319550
6.416598, 5.337373
6.374095, 5.345651
6.286187, 5.343178
6.233881, 5.336109
6.158727, 5.360892
6.107238, 5.369991
6.050041, 5.385647
6593f7ce-15b8-4fc6-8681-e7c3442e26ef
6.782569, 4.863849
6.642946, 4.941892
6.589127, 4.961685
6.524739, 4.986976
6.464302, 5.005905
6.398754, 5.028021
6.337511, 5.047120
6.302166, 5.059726
6.203156, 5.106810
6.152246, 5.129378
6.092156, 5.130650
6.064752, 5.149361
6.017407, 5.169758
5.959089, 5.177318
5.899185, 5.179047
5.861762, 5.198722
5.818779, 5.207625
ebc66ab3-4511-438a-8768-f9b33fa94d22
6.714148, 5.623249
6.674905, 5.641215
6.614975, 5.667733
6.565842, 5.670656
6.512881, 5.660793
