main root
7.232765, 5.310392
7.494110, 5.497090
7.640023, 5.573722
7.731166, 5.628466
7.847704, 5.833792
7.939316, 5.987770
8.025872, 6.137320
8.112369, 6.303565
8.161268, 6.402133
8.206421, 6.493149
8.257257, 6.590863
8.300472, 6.683091
8.349110, 6.781905
8.393977, 6.873059
8.444510, 6.970932
8.487433, 7.063289
8.524880, 7.148853
8.559895, 7.244687
8.596723, 7.339322
8.631598, 7.452208
8.655933, 7.559653
8.686476, 7.665766
8.699260, 7.715593
8.700382, 7.760192
8.664826, 7.831109
8.647891, 7.888968
8.647864, 7.926343
8.656792, 8.003058
8.643084, 8.071095
8.623361, 8.126384
8.594841, 8.188510
8.560108, 8.249823
8.510310, 8.329193
8.469339, 8.391678
8.428419, 8.459546
8.383206, 8.538631
8.356763, 8.593243
8.327018, 8.651619
71137320-47cb-4c2f-af9a-a136ba56046f
7.222077, 5.405438
7.077882, 5.471058
7.009848, 5.519774
6.978084, 5.537541
6.939695, 5.557804
6.849119, 5.590730
6.814142, 5.605508
3eb2cbf5-4644-48ff-9015-c43fa723e60d
7.274357, 5.427159
7.214229, 5.612646
7.194306, 5.678963
7.116096, 5.767425
7502bbb5-d64e-407c-a3ab-c88ff856404b
7.459795, 5.528883
7.454085, 5.593764
7.471021, 5.624717
7.498893, 5.730056
7.505388, 5.805551
7.504883, 5.852073
7.505975, 5.889568
7.511394, 5.921431
7.534709, 6.002960
1c6a0adb-6f7e-48c6-b06f-789769237317
7.436809, 5.457570
7.482918, 5.374632
