main root
5.669841, 4.963601
5.779467, 5.108953
5.838152, 5.198598
5.909072, 5.313347
5.989191, 5.470063
6.076716, 5.659446
6.118319, 5.858832
6.161497, 6.065770
6.212649, 6.277003
6.275959, 6.493514
6.276539, 6.701903
6.245338, 6.862424
6.221091, 7.057087
6.358515, 7.284013
6.386339, 7.338625
6.406555, 7.399756
6.416874, 7.459561
6.420219, 7.521638
6.409993, 7.578026
6.432826, 7.598604
6.469622, 7.696926
6.487585, 7.799235
6.502994, 7.899540
6.539167, 7.995713
6.561201, 8.096349
6.598650, 8.239931
6.632841, 8.371018
6.675292, 8.525658
6.706363, 8.660457
6.737175, 8.775346
6.765687, 8.881659
6.789811, 8.971609
6.808024, 9.063883
6.828325, 9.145311
6.841316, 9.215984
6.857006, 9.301337
6.859281, 9.359018
e0f03606-e4fe-40d9-aa9d-b87cff3e89d9
5.664919, 5.048006
5.484962, 5.239264
5.388461, 5.316608
5.343157, 5.345239
5.125306, 5.555078
20fa0d0f-4771-414a-a55e-1ab7c4b5d74f
5.957694, 5.380942
6.142808, 5.414949
6.252068, 5.456655
6.285698, 5.469482
6.305579, 5.480259
6.323863, 5.493564
6.353881, 5.519100
6.386098, 5.546495
6.422541, 5.573544
6.456506, 5.598742
6.494665, 5.623311
6.534364, 5.645302
6.571362, 5.665787
6.608365, 5.686265
6.649441, 5.705564
6.678189, 5.719061
6.703108, 5.730752
6.727883, 5.745670
6.760009, 5.768499
6.798661, 5.792283
6.826226, 5.805721
5bcf10dc-ba39-4d7b-8c0c-8cf8ff9a4f18
5.911666, 5.470240
5.756700, 5.670841
5.714073, 5.705501
5.668319, 5.740774
5.625595, 5.779379
5.579622, 5.828989
5.538061, 5.878243
5.501919, 5.930358
5.450705, 6.007895
5.422286, 6.048207
5.392656, 6.087637
5.363032, 6.134532
5.336834, 6.181607
5.306854, 6.229325
5.276268, 6.283635
5.247752, 6.337317
5.221688, 6.380001
5.192391, 6.422311
5.027751, 6.450590
92193457-14a8-4c45-9869-c59837e4fc6d
6.018458, 5.494090
6.130964, 5.527024
6.176555, 5.583594
6.209488, 5.629229
6.239929, 5.676547
6.276782, 5.722849
6.300993, 5.743677
6.345311, 5.777870
6.406870, 5.812131
6.444964, 5.840185
6.495707, 5.879412
6.570001, 5.960293
6.590862, 5.989642
6.628019, 6.044499
6.661844, 6.099775
6.700512, 6.162966
6.727896, 6.210218
17c996b4-f1ac-4c17-b255-b36e9d61297e
6.138876, 5.942190
6.330950, 6.180666
6.371682, 6.210331
6.405892, 6.235246
6.440102, 6.260160
6.478695, 6.291969
6.503195, 6.312163
