main root
7.116255, 5.227109
7.168081, 5.426998
7.176951, 5.502659
7.181334, 5.635730
7.184653, 5.798908
7.200441, 5.963296
7.216087, 6.105602
7.233273, 6.223300
7.240967, 6.305059
7.243456, 6.353961
7.239726, 6.408563
7.341374, 6.521281
7.379269, 6.563703
7.408495, 6.587837
7.458885, 6.623622
7.492454, 6.693316
7.507715, 6.744613
7.493341, 6.940893
7.489476, 6.993668
7.489614, 7.032759
7.495824, 7.095874
7.504899, 7.157538
7.508432, 7.212388
7.514376, 7.281373
7.520191, 7.348854
7.522038, 7.405174
7.523982, 7.464413
7.524381, 7.522199
7.524849, 7.589930
7.526765, 7.650677
7.530443, 7.719819
7.535615, 7.788868
7.540675, 7.856413
7.545102, 7.915514
7.549055, 7.968283
7.551426, 7.999944
7.575939, 8.131844
7.578435, 8.169855
7.578023, 8.209289
7.580694, 8.239825
7.584379, 8.281980
7.591307, 8.326859
7.594348, 8.366179
7.598917, 8.425272
7.603487, 8.484364
7.608057, 8.543456
7.612627, 8.602549
7.617197, 8.661639
7.621766, 8.720731
7.626336, 8.779818
7.630905, 8.838904
7.638689, 8.900744
7.647763, 8.960842
7.652765, 9.024051
7.662939, 9.095687
7.669078, 9.160211
7.676324, 9.220559
7.684399, 9.287809
7.687378, 9.337734
7.691764, 9.390530
d76de480-a1ac-475f-a673-bc51a1eadb26
7.161029, 5.433080
7.087047, 5.454344
7.035729, 5.456027
7.003108, 5.464583
6.912545, 5.522076
6.877740, 5.540627
6.840393, 5.560531
6.810489, 5.571381
6.764531, 5.584871
6.714775, 5.604157
6.649905, 5.632510
6.594869, 5.652169
4cd617c0-f303-450e-90ad-b9b4c0390cd3
7.187212, 5.305839
7.267091, 5.323302
7.393669, 5.351132
7.441984, 5.355586
7.469425, 5.358079
7.490367, 5.365955
7.541407, 5.375516
7.565004, 5.382944
7.605230, 5.395566
7.629511, 5.403145
