main root
6.732261, 4.885996
6.565124, 5.248006
6.489264, 5.399411
6.470718, 5.530531
6.435909, 5.657196
6.415697, 5.746590
6.401067, 5.875986
6.384214, 6.006408
6.369025, 6.123963
6.352750, 6.249917
6.342619, 6.377476
6.337414, 6.496307
6.336821, 6.606566
6.334113, 6.716566
6.333300, 6.835286
6.326258, 6.937079
6.325594, 7.038636
6.324929, 7.140236
6.324319, 7.233365
6.319499, 7.326946
6.313837, 7.436873
6.310287, 7.546954
6.304894, 7.648506
6.298610, 7.766874
6.298123, 7.894832
6.297672, 8.013365
6.301484, 8.123559
6.298940, 8.233609
6.298510, 8.343746
6.300156, 8.462457
6.303912, 8.581121
6.303433, 8.699391
6.305103, 8.809518
6.302253, 8.895082
6.300350, 8.952201
6.289263, 8.998514
6.275210, 9.183875
6.276248, 9.249393
6.271105, 9.302758
6.270807, 9.368284
6.264576, 9.421534
6.262938, 9.487037
6.255623, 9.540149
6.255208, 9.608978
6.248900, 9.662219
6.244550, 9.724398
6.243189, 9.786711
6.241897, 9.845963
6.237678, 9.902155
6.236003, 9.964462
6.234410, 10.023706
6.232818, 10.082951
6.228313, 10.139120
6.220832, 10.194972
6.220673, 10.263803
6.217548, 10.320066
6.217085, 10.382394
6.216645, 10.441657
6.213235, 10.497904
6.215262, 10.563396
6.193154, 10.605289
56f92c14-9186-4a2e-8007-367fd6d2ad73
6.691345, 5.111269
6.736861, 5.159522
6.754565, 5.180731
6.785011, 5.219540
6.816368, 5.259509
6.850109, 5.295242
6.892252, 5.339873
6.916166, 5.363018
6.930313, 5.546650
6.949762, 5.659604
6.949755, 5.726920
6.949750, 5.767039
6.946753, 5.804164
6.946950, 5.857527
6.945224, 5.907661
ebec6459-bb32-439a-8519-8dca15f035c4
6.616480, 5.306481
6.656682, 5.325505
6.691201, 5.340184
6.799801, 5.374455
6.860023, 5.390309
6.913625, 5.407503
6.970008, 5.425575
7.022630, 5.445572
7.074120, 5.468328
7.126289, 5.493021
7.183924, 5.515333
7.227464, 5.537003
02a9afe2-6cc6-44ac-b885-b1e0b47c4725
6.740533, 5.004313
6.777281, 5.029198
6.793797, 5.042787
6.892044, 5.099052
6.952462, 5.122208
6.999940, 5.142009
7.044904, 5.147787
7.113367, 5.169039
c78531a4-43e9-4157-8264-e29980e56bd0
6.352235, 6.694481
6.399472, 6.711646
6.435495, 6.729514
6.478890, 6.754378
2d37cc70-c5ea-4973-ab77-2dc2ac08ebf9
6.761572, 4.922575
6.993874, 5.116917
7.051394, 5.142601
20a3d481-94fd-41c3-8018-38ab9d24c3eb
6.535741, 5.524911
6.601342, 5.536977
6.667500, 5.537200
6.774301, 5.543316
4348d00f-7f7a-4693-bcb1-0de68b44fa07
6.537623, 5.373078
6.410492, 5.363557
6.342737, 5.374631
6.262775, 5.393806
6.196632, 5.398891
6.131385, 5.412916
6.054144, 5.427367
6.014613, 5.434763
b33c6a85-9cb7-493c-bbf5-082f081b4c40
6.413500, 5.753100
6.376840, 5.753370
6.305672, 5.758384
6.258557, 5.764705
