main root
7.127031, 5.345549
7.322008, 5.585491
7.335127, 5.735907
7.361598, 5.949293
7.368829, 6.107125
7.364521, 6.287266
7.345106, 6.469876
7.330596, 6.632678
7.299732, 6.813645
7.284455, 7.016458
7.261237, 7.186649
7.246889, 7.336547
7.238068, 7.472501
7.225689, 7.598420
7.209573, 7.742240
7.192727, 7.885913
7.171215, 7.996748
7.146110, 8.103882
7.120659, 8.194056
7.090634, 8.287104
7.052469, 8.535352
7.044177, 8.620625
7.024182, 8.762001
7.001180, 8.894844
6.981535, 9.020609
6.976831, 9.168223
6.960946, 9.273592
6.939979, 9.398591
6.927369, 9.499338
6.910111, 9.564921
6.911125, 9.633990
6.908351, 9.691522
d184ce0e-af4e-49f9-8954-e95c8200d955
7.266510, 5.505345
7.459384, 5.419145
7.569037, 5.379933
32cef910-4b13-413a-ac0d-28d2b0932f5e
7.261653, 5.500969
7.389845, 5.478360
7.406838, 5.497453
7.435888, 5.547248
eaad9fac-6cd9-4255-97df-2819124caed0
7.393370, 5.596670
7.450811, 5.622978
7.474818, 5.624412
7.506478, 5.626336
7.565080, 5.616297
964e79c2-14dc-4345-8503-695c05c8900f
7.342609, 5.622828
7.460545, 5.654322
7.491481, 5.763942
7.489089, 5.778017
7.492263, 5.800980
7.493983, 5.824809
41ec8a3f-817c-4db4-b634-80d19a989c06
7.419954, 5.784758
7.433590, 5.806318
7.452080, 5.841153
7.472959, 5.877296
7.487709, 5.899837
