main root
7.330710, 4.386665
6.972041, 4.379048
6.829326, 4.628337
6.752730, 4.927446
6.720477, 5.130199
6.675676, 5.378694
6.678553, 5.507921
6.675376, 5.744441
6.664689, 5.959269
6.678663, 6.124490
6.694409, 6.360737
6.706493, 6.510274
6.717664, 6.674071
6.730339, 6.859913
6.734642, 7.063028
6.738325, 7.236864
6.750114, 7.398331
6.772935, 7.513911
6.792402, 7.651894
6.805668, 7.715812
6.820354, 7.781045
63b8bf70-c641-44fe-be5a-ee859851654d
7.403298, 4.262559
7.555594, 4.175372
7.691354, 4.203539
7.792448, 4.289882
7.973537, 4.439675
8.006426, 4.466672
8.039053, 4.493629
8.086848, 4.531177
8.146415, 4.572260
8.204257, 4.610337
8.262903, 4.647151
8.301799, 4.675101
8.347839, 4.710028
8.386213, 4.741017
8.423631, 4.773159
8.462166, 4.806261
8.507127, 4.844882
8.552088, 4.883503
8.599160, 4.921965
8.638501, 4.954110
8.684396, 4.991611
8.728180, 5.029319
8.767262, 5.066928
8.789892, 5.094936
8.819712, 5.134223
8.842854, 5.172139
8.878142, 5.229952
8.911074, 5.281034
8.938598, 5.323729
8.975770, 5.373104
9.020705, 5.427812
9.075390, 5.487318
9.125446, 5.537363
9.167355, 5.579264
9.207149, 5.621168
9.237899, 5.657895
9.273842, 5.703156
9.303330, 5.742696
9.331604, 5.783108
9.362806, 5.825097
9.391008, 5.865557
9.417972, 5.906857
9.445742, 5.949392
9.467727, 5.983067
9.496151, 6.027122
d2738e31-0078-41c3-a922-76b3eeb5f62f
6.853766, 4.322233
6.769752, 4.300169
6.688931, 4.318327
6.598420, 4.316822
6.487955, 4.326051
6.402988, 4.331068
6.301563, 4.337057
6.236061, 4.340925
6.167764, 4.356953
6.089121, 4.381558
6.022289, 4.393059
5.943169, 4.422546
5.890430, 4.453425
5.799343, 4.499406
5.719824, 4.532577
5.675745, 4.559953
5.597938, 4.610752
5.540788, 4.649851
5.495944, 4.685972
93c25710-aabb-4549-b65b-ada3d747caf4
6.810087, 4.459768
6.669929, 4.542166
6.541405, 4.609646
6.412866, 4.663055
6.342497, 4.692295
6.307652, 4.710014
6.247852, 4.743784
6.195818, 4.780042
6.133298, 4.823609
6.070034, 4.871344
6.008618, 4.921433
5.948282, 4.982229
5.894540, 5.019383
5.833379, 5.054387
5.778652, 5.078810
5.651829, 5.179977
5.566879, 5.236917
5.493615, 5.293620
5.440053, 5.335075
5.385956, 5.380730
5.342280, 5.417589
5.302671, 5.450575
0dfa9e3b-b485-409f-be8f-c3691c8f5fd7
6.653627, 5.008219
6.529379, 5.054066
6.431377, 5.104823
6.365017, 5.135822
6.293106, 5.176026
6.226614, 5.213206
6.167950, 5.239154
6.096756, 5.273924
6.029682, 5.303355
5.929691, 5.353766
5.876201, 5.390343
7b9eb7b1-c5fa-4cf2-b315-84c6b5ac5d28
7.448895, 4.403456
7.558832, 4.467445
7.858340, 4.744390
8.042690, 4.979479
8.089161, 5.033889
8.119965, 5.062984
8.150653, 5.091970
8.177110, 5.121078
8.212747, 5.164736
8.243909, 5.210012
8.272708, 5.251856
8.306311, 5.300677
8.335750, 5.348730
8.364652, 5.398773
8.390057, 5.442760
8.415607, 5.492984
8.442480, 5.545806
8.465325, 5.597315
8.491327, 5.652249
8.520308, 5.713474
8.539683, 5.764905
8.557592, 5.812442
8.574632, 5.866161
8.592551, 5.922655
8.610470, 5.979148
8.624631, 6.033694
8.643173, 6.093205
8.658929, 6.148802
8.679245, 6.215003
8.700986, 6.280747
8.716938, 6.328983
8.735544, 6.385248
8.750369, 6.439611
8.762286, 6.494686
8.774819, 6.552611
8.783794, 6.608241
8.793234, 6.666748
8.800958, 6.724025
8.807747, 6.774374
8.813984, 6.831823
8.819467, 6.882323
8.820916, 6.937266
8.823791, 6.989507
8.826583, 7.040232
8.828263, 7.097996
8.828201, 7.147321
8.825147, 7.195121
8.822583, 7.235256
c241c6d4-bda8-493b-b600-b804ac6a1795
7.056967, 4.457700
7.230287, 4.441330
7.468101, 4.576218
7.594974, 4.652368
7.840063, 4.842298
7.964283, 4.923701
8.046705, 5.050557
8.089866, 5.090574
8.119182, 5.120033
8.144903, 5.144192
8.167384, 5.167383
8.195127, 5.191700
8.212138, 5.208580
8.215329, 5.226529
8.225625, 5.236698
8.240969, 5.256061
8.260954, 5.288510
8.289654, 5.332256
8.317521, 5.374733
8.340743, 5.410130
8.354015, 5.435815
8.373448, 5.473427
8.390039, 5.502277
8.404746, 5.524847
8.434197, 5.531376
8.446938, 5.553586
8.463565, 5.588585
8.485581, 5.627663
8.499336, 5.657922
8.510616, 5.693586
8.519255, 5.731240
8.528370, 5.758152
8.545361, 5.799372
8.567086, 5.840296
8.575903, 5.866479
8.592113, 5.914620
8.607234, 5.968903
8.623136, 6.025993
8.640884, 6.084131
8.651980, 6.130732
8.671117, 6.191718
8.693272, 6.257320
8.709528, 6.305458
8.728494, 6.361615
8.743665, 6.415894
8.757776, 6.471941
8.766545, 6.519029
8.779140, 6.578493
8.789628, 6.642452
8.799219, 6.700944
8.803653, 6.755730
8.810975, 6.809112
8.817343, 6.866546
8.821288, 6.915713
8.823738, 6.964980
8.824694, 7.014303
8.827203, 7.066567
8.828072, 7.115884
8.827444, 7.165207
8.825321, 7.214491
8.822525, 7.244652
eeec4049-798a-46bb-8fdd-2c8b0d1c29df
6.784277, 4.859022
6.889237, 4.949056
6.944112, 5.030909
6.986525, 5.094180
7.033087, 5.158272
7.068365, 5.201746
7.097910, 5.233412
7.162564, 5.289549
7.252919, 5.373723
7.317279, 5.442306
7.396182, 5.516559
a071b1d5-ac94-4f66-a70a-ac7dc09c8557
6.775646, 5.215006
6.872552, 5.278982
6.908576, 5.302439
6.959040, 5.335639
6.985616, 5.357669
7.005845, 5.378325
7.031230, 5.408525
7.058471, 5.440932
7.089929, 5.473705
7.137316, 5.516589
7.172867, 5.550779
7.209482, 5.585994
7.247965, 5.627157
7.274758, 5.658009
7.304626, 5.690118
7.324903, 5.716311
7.339647, 5.737802
646519cd-6378-49e2-9d87-38b7973da987
6.751903, 4.639730
6.697747, 4.640404
6.611019, 4.671296
6.511172, 4.729978
6.409353, 4.803983
6.310286, 4.907200
6.222981, 5.035147
6.182173, 5.157682
6.117372, 5.321014
6.101482, 5.347809
6.076736, 5.393908
6.053930, 5.442722
6.021678, 5.511755
6.008267, 5.558138
5.988151, 5.611545
5.979325, 5.639224
