main root
7.626541, 4.600450
7.526607, 4.884162
7.447041, 5.116072
7.418873, 5.261703
7.357388, 5.447119
7.316525, 5.637010
7.266462, 5.919777
7.212565, 6.066422
7.118113, 6.281312
7.020821, 6.491064
6.979632, 6.638927
6.960037, 6.782395
6.922403, 6.918783
7.043543, 7.073980
7.053296, 7.160857
7.072072, 7.224600
7.110272, 7.306614
7.122469, 7.354072
7.143260, 7.428952
7.161574, 7.510419
7.170997, 7.565982
7.179181, 7.623189
7.187079, 7.688975
7.190161, 7.752306
7.195020, 7.821384
7.194979, 7.884782
7.193439, 7.951021
7.190404, 8.017203
7.185873, 8.083302
7.179851, 8.149280
7.172340, 8.215105
7.163343, 8.280742
7.155425, 8.349537
7.147852, 8.433467
7.141765, 8.500924
7.136438, 8.559955
7.129755, 8.617360
7.120608, 8.682983
7.108706, 8.746692
7.098301, 8.826837
7.081067, 8.911259
7.070905, 8.961036
7.054496, 9.033927
7.039622, 9.100004
7.021755, 9.172560
7.005559, 9.238332
6.987337, 9.312328
6.969116, 9.386325
6.954181, 9.465756
6.936418, 9.549005
6.926969, 9.600462
6.918996, 9.652168
6.910970, 9.694392
6.903866, 9.747799
6.897343, 9.829915
6.894005, 9.872074
6.887929, 9.911013
6.881417, 9.952798
6.874915, 9.994586
6.865924, 10.032956
6.851808, 10.066915
6.843668, 10.094270
6.840448, 10.126048
6.838853, 10.171383
6.834473, 10.210533
6.829763, 10.252543
6.825044, 10.294549
6.820315, 10.336554
6.815577, 10.378558
6.813467, 10.423871
6.811492, 10.466096
6.809508, 10.508321
6.810365, 10.553676
6.811154, 10.595941
6.808884, 10.635266
6.806439, 10.677467
6.806800, 10.722829
6.807127, 10.765099
6.813478, 10.813310
6.815631, 10.852645
6.817931, 10.894854
6.820222, 10.937064
6.822505, 10.979275
6.827928, 11.024312
6.832984, 11.066290
6.833043, 11.104347
6.833123, 11.155147
6.834716, 11.215912
6.838729, 11.254796
cfcffa6e-6c4b-45c2-874a-ad5d9cebe6cb
6.931133, 6.459903
6.866700, 6.462496
6.824415, 6.464199
6.769501, 6.461915
6.717185, 6.461238
6.664872, 6.462058
6.611135, 6.465894
6.549244, 6.473313
6.488577, 6.485107
6.433452, 6.493020
6.364580, 6.518814
6.327579, 6.527876
6.288671, 6.534323
6.258686, 6.545356
6.218973, 6.559967
6.154617, 6.583678
6.127486, 6.588888
6.077598, 6.598470
6.020585, 6.607895
5.970467, 6.616181
5.913227, 6.624127
5.864186, 6.629424
5.812353, 6.636528
5.762025, 6.643426
5.704124, 6.652873
5.668611, 6.658666
6cd5052b-776f-44f9-a5ff-684578772823
7.593493, 4.661549
7.454430, 4.709940
7.385661, 4.737967
7.309286, 4.761084
7.267789, 4.793753
7.225128, 4.810156
7.177670, 4.830194
7.146816, 4.838534
7.101765, 4.846242
7.048849, 4.860028
7.013020, 4.864901
6.962228, 4.873494
6.914192, 4.880279
6.853260, 4.902665
6.820506, 4.877901
6.644395, 4.886168
6.549236, 4.908106
6.428763, 4.918856
6.285403, 4.931648
6.158661, 4.949281
6.041624, 4.971953
5.926665, 5.007118
5.804501, 5.040096
5.697238, 5.064668
5.613420, 5.098975
5.529258, 5.137967
5.415937, 5.197410
5.308422, 5.239584
5.188651, 5.279799
5.079509, 5.331317
4.922828, 5.395827
4.821402, 5.430719
4.724570, 5.461795
4.644990, 5.489512
4.565037, 5.517359
4.502758, 5.532709
4.443715, 5.558051
4.352447, 5.610131
4.290728, 5.631563
4.191959, 5.677060
4.095330, 5.730890
3.983873, 5.785771
3.895331, 5.811798
3.763376, 5.854927
3.642293, 5.881250
3.535131, 5.906712
3.419485, 5.932021
3.304254, 5.961559
3.196698, 5.984761
3.105657, 6.004400
3.013944, 6.022032
2.932413, 6.041930
2.877177, 6.049247
2.819571, 6.062919
bcd36e5b-fc5a-495f-bb06-fd27ba8757fc
7.602051, 4.852817
7.748035, 4.948122
7.830120, 4.980532
7.913402, 5.026981
7.998009, 5.064537
8.083130, 5.102320
8.185554, 5.143153
8.332065, 5.225827
8.456716, 5.284185
8.561972, 5.338122
8.654853, 5.397605
8.748726, 5.455211
8.843516, 5.525756
8.942790, 5.591748
9.064331, 5.652427
9.170888, 5.715028
9.266919, 5.768991
9.354529, 5.820648
9.425392, 5.869654
9.493370, 5.921707
9.592747, 6.000236
9.688618, 6.076978
9.782625, 6.135965
9.875863, 6.194470
9.987459, 6.257058
10.081401, 6.329096
10.148559, 6.346029
10.321113, 6.442723
10.432170, 6.514540
10.525796, 6.572565
10.613209, 6.624250
10.686084, 6.667339
10.751676, 6.706122
10.806108, 6.740045
54141e4b-ac95-4462-8158-156852702f01
7.556562, 4.942416
7.637380, 4.983256
7.702837, 5.035132
7.775808, 5.092961
7.852162, 5.145420
7.937036, 5.201167
8.021956, 5.256943
8.097882, 5.311845
8.180649, 5.384747
8.275680, 5.457207
8.376677, 5.534216
8.479156, 5.609714
8.575976, 5.678422
8.668566, 5.751888
8.792277, 5.852323
8.863358, 5.920909
8.939548, 6.000304
9.042786, 6.080594
9.114333, 6.154993
9.199768, 6.237745
9.292652, 6.324789
9.401076, 6.421693
9.511872, 6.495411
9.602693, 6.571045
9.703392, 6.649443
9.773560, 6.712068
9.835661, 6.770274
9.895214, 6.831775
9.958187, 6.909486
10.016119, 6.981243
10.074684, 7.063883
10.130066, 7.149349
10.174168, 7.232877
10.243369, 7.341460
10.307080, 7.441426
10.363308, 7.545354
10.425716, 7.656292
10.485754, 7.758713
10.545700, 7.860980
10.611876, 7.969721
10.662926, 8.057675
10.703847, 8.132313
10.744547, 8.206546
10.775082, 8.271577
10.797491, 8.324278
10.813062, 8.371660
