main root
6.082255, 6.061111
6.005819, 6.326505
5.957015, 6.450606
6.037249, 6.584467
6.049372, 6.731754
6.181236, 6.946681
6.406464, 7.137105
6.483582, 7.222815
6.550363, 7.309454
6.610693, 7.409611
6.601965, 7.509599
6.597975, 7.615769
6.598380, 7.735426
6.588120, 7.830437
6.575100, 7.931306
6.556146, 7.997158
6.532605, 8.063951
6.503500, 8.124297
6.461650, 8.252058
6.458857, 8.316821
6.450966, 8.350287
6.444775, 8.400650
6.433687, 8.438043
6.426669, 8.491695
6.417000, 8.515953
6.410152, 8.580415
6.400178, 8.613319
6.392835, 8.666928
6.388912, 8.714284
6.384790, 8.758550
6.382916, 8.806026
6.384099, 8.840386
4859c04d-d9cd-4aa5-8688-e6447cbcfa86
5.969636, 6.147871
5.713166, 6.155117
5.665716, 6.161872
5.626347, 6.164452
5.581315, 6.170402
5.536773, 6.179307
5.497610, 6.184083
5.455586, 6.189208
5.392840, 6.201384
5.338209, 6.207411
5.290056, 6.217241
5.222529, 6.232553
5.172987, 6.243786
5.128509, 6.255407
5.081277, 6.254845
4.852114, 6.340134
4.814255, 6.351020
4.787802, 6.361732
4.746966, 6.381488
4.708909, 6.399889
4.669452, 6.422291
4.634372, 6.437046
4.587549, 6.456739
4.534520, 6.475797
4.481639, 6.493210
4.446300, 6.500119
4.396443, 6.509867
4.339465, 6.519482
4.286921, 6.531384
4.227988, 6.546269
4.160152, 6.566491
4.102347, 6.585284
4.047998, 6.602953
629a3fb2-616c-4107-ab8d-d44ee3e319fb
5.998817, 6.291693
5.907289, 6.318165
5.854423, 6.356585
5.757383, 6.405981
5.618879, 6.428386
5.532750, 6.425206
5.482545, 6.413493
7a4ca89c-40ad-4b18-afd7-42677ee87870
5.920179, 6.415440
5.810587, 6.413954
5.774011, 6.427464
5.728315, 6.440572
5.650047, 6.470533
5.593940, 6.486435
5.521464, 6.495337
5.378504, 6.518957
5.307305, 6.540317
5.244459, 6.559167
5.143468, 6.616937
5.091454, 6.639821
4.957123, 6.707059
4.912373, 6.727783
4.872038, 6.746461
4.816341, 6.786797
4.776877, 6.806137
4.736067, 6.814465
4.701979, 6.819892
4.673167, 6.829025
4.621827, 6.850007
4.573993, 6.871171
4.529835, 6.885796
4.482571, 6.899873
4.436921, 6.911906
4.411295, 6.920206
19d1f2b6-bea2-446c-aa91-dfa5912f21aa
6.119222, 6.573112
6.221648, 6.601041
6.287790, 6.625282
6.337469, 6.643495
6.449460, 6.660220
6.536343, 6.661089
6.594700, 6.664666
6.649142, 6.676018
6.855037, 6.721312
6.918738, 6.744524
6.979967, 6.757280
7.051006, 6.775140
7.181857, 6.803445
7.258403, 6.833875
bf254068-49c7-4ce8-b4d2-a62dcf5efdf7
5.965493, 6.659190
5.861314, 6.722364
5.759051, 6.746205
5.682485, 6.753407
5.598190, 6.761337
5.523680, 6.766842
5.439381, 6.782948
5.323965, 6.823364
5.253893, 6.844732
5.188981, 6.852008
5.162133, 6.881116
5.071122, 6.929374
4.993634, 6.965768
4.906016, 6.999948
4.830578, 7.036054
4.765962, 7.075278
4.726860, 7.090259
4.673321, 7.117685
4798b442-d02f-4936-a067-c634a02f2b47
6.082930, 6.983176
5.978847, 7.124963
5.956284, 7.149218
5.939138, 7.172047
5.941163, 7.196207
5.929545, 7.221593
5.913446, 7.245709
5.899727, 7.268755
5.887966, 7.338692
5.877983, 7.374466
1bd2b4f6-0b7c-4aff-8678-22c53bb7c013
6.499343, 7.200751
6.544589, 7.184169
6.577999, 7.173651
6.620913, 7.161399
d087eee6-6d19-4895-bc82-af4f52a32d03
6.117526, 6.140481
6.246387, 6.216997
6.283182, 6.240054
6.304526, 6.258191
6.334940, 6.289926
6.365541, 6.324678
6.383794, 6.343834
6.412711, 6.363996
6.452264, 6.391572
6.482476, 6.418108
6.531256, 6.462948
6.572218, 6.504667
6.609509, 6.546920
6.648728, 6.591358
6.690058, 6.635925
6.729099, 6.678023
