main root
6.982472, 4.635672
7.027693, 5.135090
7.030617, 5.349952
7.016946, 5.585875
7.035108, 5.698124
7.059092, 5.853294
7.068175, 5.946456
7.056356, 6.044519
7.036568, 6.226260
7.023737, 6.344100
7.009991, 6.470349
7.008875, 6.584480
7.017485, 6.692440
7.029631, 6.894927
7.026836, 6.948307
7.021429, 6.993746
7.023639, 7.025588
7.031754, 7.056457
7.058004, 7.115106
7.078194, 7.167542
7.095622, 7.221137
7.119606, 7.280376
7.130802, 7.316002
7.140983, 7.353389
7.149179, 7.400559
7.176774, 7.546471
7.181137, 7.585666
7.185817, 7.627722
7.193801, 7.672423
7.204715, 7.716503
7.207131, 7.751169
7.209655, 7.808899
7.214173, 7.877999
7.215410, 7.942791
7.213491, 7.999110
7.211474, 8.058346
7.212345, 8.120675
7.219481, 8.202769
7.224459, 8.277317
7.233751, 8.349087
7.242447, 8.416254
7.251733, 8.476320
7.267205, 8.547007
7.279906, 8.612030
7.289643, 8.661885
7.293841, 8.698992
7.295536, 8.753926
7.302313, 8.814329
7.303707, 8.853694
7.307769, 8.884068
7.311967, 8.915529
7.322053, 8.945847
7.344294, 9.055166
7.349202, 9.094298
7.351124, 9.133692
7.358717, 9.197147
7.361773, 9.260479
7.364221, 9.311223
7.365510, 9.368993
7.370080, 9.439629
7.375496, 9.500169
7.378283, 9.564910
7.380831, 9.624126
7.380260, 9.680472
7.381141, 9.741244
7.382123, 9.808978
7.379945, 9.865289
7.382050, 9.927057
7.381872, 9.965805
7.383246, 9.992709
7.386111, 10.019494
5bb3793e-c8b1-41a2-b9a4-05b46dda84a4
6.948245, 4.802001
6.849674, 4.817001
6.820728, 4.815262
6.795373, 4.813739
6.751069, 4.860095
6.728063, 4.882161
6.704032, 4.907440
6.685024, 4.925426
6.666629, 4.940925
6.647493, 4.945398
455335bb-2a2b-4883-9584-8a213e900300
6.983407, 4.882101
6.880962, 4.929780
6.849412, 4.945606
6.814250, 4.956542
6.789997, 4.964085
6.726868, 5.045472
6.710533, 5.071416
6.681995, 5.074585
6.598115, 5.133331
6.545137, 5.160317
6.338872, 5.332008
6.270367, 5.394504
6.196790, 5.453085
6.140522, 5.495234
6.090235, 5.523225
5.937752, 5.614074
5.872816, 5.675413
5.712590, 5.774485
5.627398, 5.848266
5.562959, 5.912467
5.518239, 5.959949
5.481420, 6.004588
fe0944a2-498c-4bc7-8d09-94327f17ee2d
6.942497, 4.971838
6.863961, 5.012974
6.851100, 5.022525
6.810366, 5.052774
6.775608, 5.072993
6.719225, 5.098865
6.648495, 5.134613
6.599563, 5.149283
6.552970, 5.169501
6.510639, 5.191132
6.459163, 5.214074
6.404273, 5.240176
6.355775, 5.264896
6.308657, 5.285596
6.005968, 5.488875
5.977320, 5.502705
5.940003, 5.519060
5.900061, 5.534928
5.873940, 5.550137
5.828423, 5.581838
5.785620, 5.617119
5.747031, 5.643109
5.703682, 5.677717
5.650749, 5.719976
5.604430, 5.756956
5.563076, 5.789971
5.521081, 5.819717
5.376729, 5.911405
5.341918, 5.929970
5.303967, 5.956995
5.269134, 5.983637
5.241392, 5.999203
5.197091, 6.024061
5.144260, 6.057136
5.092131, 6.096836
5.030938, 6.147201
4.985382, 6.182758
4.933137, 6.227332
4.896102, 6.258930
4.858334, 6.290827
baca888c-cba4-4968-9b77-e027110a76f0
6.964032, 5.208797
6.885603, 5.250482
6.848166, 5.270217
6.811354, 5.287928
6.765581, 5.309952
6.725527, 5.329225
6.678762, 5.346885
6.558383, 5.463068
6.500908, 5.495904
6.459195, 5.518013
6.433006, 5.526811
6.385796, 5.541092
6.338173, 5.553935
6.287013, 5.570833
6.214659, 5.594729
6.168432, 5.609996
6.140400, 5.622407
5.948007, 5.685167
5.485250, 5.876431
