main root
6.741875, 5.434694
6.633013, 5.697509
6.573699, 5.830412
6.510811, 5.961662
6.448616, 6.091463
6.418336, 6.217133
6.384621, 6.357060
6.337383, 6.469061
6.281447, 6.601680
6.238207, 6.734594
6.215730, 6.884071
6.174474, 7.019062
6.126075, 7.157210
6.109822, 7.301210
6.120670, 7.415684
6.167148, 7.628641
6.166675, 7.715094
6.173584, 7.846938
6.189975, 7.966669
6.195229, 8.141378
6.255495, 8.316690
6.290629, 8.457202
6.313593, 8.531701
6.327957, 8.598609
fd38cd07-a120-472c-8d18-d2c8e336f389
6.547860, 5.811679
6.197304, 6.038008
6.069192, 6.148052
6.010932, 6.188332
5.883388, 6.301117
5.506443, 6.615880
5.416731, 6.702406
5.348091, 6.765687
5.298379, 6.809483
5.265025, 6.838866
9cb010ba-c058-4f59-83ce-51af742315dc
6.596746, 5.736900
6.273789, 6.001624
5.947554, 6.241448
5.772284, 6.391390
5.433029, 6.577926
5.398258, 6.593902
5.329839, 6.623692
5.269639, 6.654906
126c03fd-6723-4948-a7b9-69490cb79e86
6.522033, 6.104179
6.560594, 6.182484
6.570478, 6.212720
6.583630, 6.252948
6.598270, 6.307367
6.616056, 6.350429
6.640636, 6.406021
6.673947, 6.470259
6.711238, 6.549413
69e0be97-0284-4cd1-84d2-a856acb61cf3
6.540361, 5.821359
6.401688, 5.815289
6.344785, 5.802162
6.300404, 5.785778
6.198850, 5.819183
6.106208, 5.890749
6.056937, 5.923648
5.993904, 5.987355
5.851316, 6.111830
5.800836, 6.153789
5.749355, 6.194515
5.697885, 6.225571
5.663415, 6.234026
5.652921, 6.285970
5.578248, 6.338562
5.484562, 6.412289
5.419641, 6.466017
5.375613, 6.502454
5.326601, 6.535420
8cc1d035-d263-42c4-8588-d57eeda078f6
6.629799, 5.508964
6.495729, 5.507287
6.419541, 5.506332
6.362083, 5.510103
6.331243, 5.483449
6.324012, 5.442528
6.298852, 5.409886
6.283347, 5.389768
6.206779, 5.378352
6.168375, 5.369589
6.146399, 5.376586
6.065506, 5.378641
6.028245, 5.380911
6.002346, 5.380815
5.969608, 5.388003
5.941723, 5.395481
5.925773, 5.415128
5.898995, 5.426984
5.868384, 5.435619
5.855419, 5.456976
5.789300, 5.503430
5.759129, 5.528287
5.712776, 5.572292
5.658219, 5.607389
5.615307, 5.621948
