main root
6.694237, 4.396561
6.717472, 4.644157
6.733500, 4.815684
6.732391, 4.982647
6.734222, 5.136077
6.739969, 5.266439
6.744817, 5.376396
6.753897, 5.486286
6.760848, 5.596102
6.772568, 5.714470
6.783414, 5.824005
6.790037, 5.933835
6.799813, 6.026070
6.809305, 6.135694
6.811255, 6.264324
6.819202, 6.369541
6.831060, 6.470379
6.832468, 6.572909
6.840432, 6.691855
6.841058, 6.826163
6.845852, 6.953686
6.859056, 7.081349
6.873863, 7.224521
6.900799, 7.355512
6.907750, 7.462074
6.904121, 7.619532
6.888392, 7.764020
6.868787, 7.905807
6.840377, 8.059455
6.805987, 8.212039
6.792039, 8.302718
6.788405, 8.367261
6.779314, 8.422233
6.790144, 8.599339
6.787808, 8.659224
6.781964, 8.732258
6.770565, 8.799659
6.757859, 8.874792
6.747608, 8.953378
6.735171, 9.025583
6.732004, 9.114511
6.729292, 9.190663
6.723698, 9.263718
6.717879, 9.339693
6.714816, 9.418882
6.698281, 9.505343
43a0306e-239b-471f-bba7-980d83ee822f
6.774913, 4.698573
6.803794, 4.734539
6.855143, 4.793387
6.899674, 4.844421
6.940751, 4.889220
6.983602, 4.931527
7.030105, 4.998962
7.103469, 5.048202
7.134453, 5.072605
7.162812, 5.087320
7.202395, 5.106175
7.231063, 5.119827
7.250008, 5.132162
7.285477, 5.155254
7.325090, 5.177469
7.348704, 5.194148
7.370206, 5.196547
7.412225, 5.201235
7.457561, 5.203272
7.493549, 5.210882
7.542010, 5.215010
7.595718, 5.222589
7.656091, 5.229598
7.708208, 5.234142
7.734975, 5.240983
7.765736, 5.248845
94515b02-f138-473e-8b16-62db74ac9c3c
6.693071, 4.547911
6.582419, 4.664910
6.543482, 4.690930
6.484412, 4.722922
6.417909, 4.756581
6.359414, 4.787800
6.239863, 4.805569
6.211348, 4.813878
6.164394, 4.828635
6.119717, 4.840622
6.074573, 4.850702
6.026773, 4.862435
5.981423, 4.871548
5.953366, 4.881292
5.908894, 4.900999
5.862801, 4.925828
5.819968, 4.950074
5.797864, 4.962586
2478a51b-8a7a-46f9-ac3f-3d274d1d45e4
6.878094, 7.148935
6.814744, 7.193941
b8d8c3ad-9192-4b87-bf80-9c4305d2f3ab
6.819900, 6.667500
6.761327, 6.727752
6.734047, 6.760244
250387ec-e9d2-40f0-ba23-133aead0d93b
6.778733, 5.985769
6.735129, 6.006043
6.679932, 6.035009
6.641832, 6.051621
6.589050, 6.071369
6.530030, 6.099842
6.495901, 6.111321
20941da7-098e-48c4-ad83-249baed6341d
6.723304, 4.717234
6.606206, 4.816876
6.545656, 4.884512
6.518595, 4.910196
6.500063, 4.931861
6.483878, 4.955332
6.470979, 4.984518
6.455460, 5.026944
6.440968, 5.066457
6.431792, 5.100059
6.422795, 5.144370
6.413297, 5.176105
