main root
7.131261, 4.764607
7.101811, 4.960642
7.065727, 5.083960
7.007330, 5.253759
6.951495, 5.416361
6.930138, 5.575550
6.933276, 5.659532
6.954881, 5.806049
6.980298, 5.964363
7.012001, 6.110990
7.065376, 6.278687
7.097580, 6.397549
7.107791, 6.649837
7.095008, 6.799460
7.069315, 6.977342
7.041103, 7.131320
6.955198, 7.324673
6.910960, 7.425868
6.897596, 7.472107
6.884708, 7.543045
be5e137b-6425-49c7-b006-1ded7d7bc920
7.191690, 4.943440
7.250976, 4.975855
7.315191, 5.009733
7.367758, 5.023301
da2515a6-80b6-40d0-a352-9a897d1d204c
7.133167, 5.118100
7.189065, 5.145685
7.243896, 5.164875
7.315502, 5.182118
7.397197, 5.220552
7.445618, 5.253258
7.490765, 5.276527
2a801b64-f54e-49cb-9758-e1f0ae2346c9
6.878867, 5.452522
6.853279, 5.455176
6.781714, 5.466304
6.737935, 5.473994
