main root
7.090833, 4.449233
7.041240, 4.639773
7.014475, 4.812231
6.993849, 4.950163
6.967952, 5.109492
6.935697, 5.256638
6.918754, 5.431613
6.903820, 5.625643
6.899579, 5.788100
6.895066, 5.919273
6.905924, 6.086818
6.917581, 6.266611
6.946956, 6.458621
6.976039, 6.596643
7.017298, 6.793051
7.077580, 6.993824
7.136842, 7.208469
7.160658, 7.407687
7.197928, 7.600174
7.218375, 7.738558
7.244867, 7.889704
7.257227, 8.055177
7.285240, 8.210153
7.295768, 8.360076
7.309571, 8.487833
7.321082, 8.621464
7.319879, 8.772529
7.330312, 8.930421
7.325653, 9.114245
7.329455, 9.330529
7.330086, 9.511723
7.335157, 9.735854
7.340905, 9.898873
7.349230, 10.042758
7.349407, 10.155616
7.351681, 10.257128
7.353578, 10.341774
7.358344, 10.420877
7.359633, 10.492018
54d19d23-b176-4bdb-9fbb-f3bb38aa0f6a
6.994645, 4.539604
6.916079, 4.593563
6.872822, 4.607890
6.830491, 4.625568
6.798848, 4.635391
6.760432, 4.644192
6.714713, 4.660818
6.680090, 4.662251
6.637049, 4.668840
6.588703, 4.676571
6.546913, 4.683254
6.513866, 4.685504
6.475353, 4.705712
6.431506, 4.734286
6.415374, 4.743590
6.399682, 4.763548
6.368839, 4.795514
6.337861, 4.821153
6.285878, 4.862235
6.254570, 4.885069
6.198357, 4.953225
6.161791, 4.995209
6.130451, 5.042827
6.119479, 5.078556
6.108903, 5.138493
6.100773, 5.210401
6.094461, 5.252914
26ace098-6028-4ad0-8b4b-0696f2a9084c
7.084274, 4.777194
7.154313, 4.803187
7.226947, 4.819518
7.302434, 4.845114
7.370399, 4.874862
7.472982, 4.933581
7.553806, 4.979845
7.657029, 5.021862
7.718954, 5.065964
7.871982, 5.134666
7.978817, 5.166394
8.073052, 5.207619
8.178388, 5.242151
8.272016, 5.283975
8.362413, 5.331304
8.458810, 5.365059
8.551581, 5.408752
8.686976, 5.464115
8.830243, 5.517681
8.927755, 5.558660
8.994092, 5.589784
9.040156, 5.609744
9.086742, 5.631561
658b5c23-de41-4006-b6ea-07cec46576b6
7.041053, 5.008095
7.117166, 5.049981
7.153362, 5.078442
7.203513, 5.112599
7.258737, 5.144780
7.319303, 5.178341
7.372628, 5.211311
7.420974, 5.242964
7.456091, 5.267744
7.476845, 5.282388
36c6b27a-fba4-44a0-baab-65f8f164bfd6
6.980917, 5.344588
7.070560, 5.358246
7.161226, 5.375155
7.244346, 5.381762
7.329003, 5.390572
7.413011, 5.397229
7.531849, 5.402413
7.624461, 5.400137
7.725511, 5.389192
7.821789, 5.395689
7.878245, 5.386849
7.981804, 5.379201
8.036034, 5.378198
8.075123, 5.369990
02433115-65a3-45d2-ab66-9f86a41d41e5
7.185134, 4.445566
7.292221, 4.508790
7.347420, 4.532936
7.379351, 4.548761
7.441553, 4.577772
7.484826, 4.607125
7.538367, 4.645093
7.576176, 4.673577
7.623576, 4.714743
7.669929, 4.758965
7.726862, 4.805005
7.777695, 4.853812
7.841129, 4.906418
7.911655, 4.967638
7.960694, 5.012189
8.008714, 5.057836
8.042052, 5.086666
8.067599, 5.102821
9f2aee47-5cf3-4895-b863-6eb58d4653a6
7.188164, 4.450748
7.323722, 4.470446
7.397248, 4.484193
7.455533, 4.503144
7.497551, 4.513659
7.536562, 4.523422
7.572094, 4.523058
7.599399, 4.527268
7.649607, 4.535011
7.708183, 4.544044
7.761636, 4.556830
7.814650, 4.566434
7.874704, 4.575792
7.924895, 4.583613
7.971289, 4.592357
7.997246, 4.601818
8.044970, 4.619213
8.096817, 4.641296
8.151344, 4.664522
8.205867, 4.687746
8.266300, 4.706979
8.322771, 4.724952
8.375489, 4.744872
8.430933, 4.765822
8.482513, 4.788511
8.538734, 4.811606
8.585727, 4.830911
8.638592, 4.854245
8.683089, 4.875523
8.730911, 4.896730
8.771419, 4.919608
8.817687, 4.944018
8.883657, 4.973748
8.945404, 5.001574
8.995485, 5.027426
9.048826, 5.046540
9.106845, 5.072101
9.174753, 5.097112
9.234467, 5.122294
9.289082, 5.145327
9.335878, 5.166686
9.362780, 5.180610
9.385337, 5.192286
fb12f50d-865a-4999-9713-457e1471fcfe
6.891208, 6.563589
6.830203, 6.558833
6.796382, 6.552439
6.765806, 6.543661
6.737506, 6.537092
