main root
6.073112, 5.250813
6.017637, 5.502726
5.993415, 5.703498
5.989817, 5.887472
5.977842, 6.051987
5.962148, 6.208691
5.919678, 6.395123
5.908123, 6.530590
5.908923, 6.741117
5.903879, 6.941876
5.899920, 7.099483
5.891637, 7.233339
5.898362, 7.355596
5.911996, 7.550546
5.930892, 7.704126
5.954208, 7.869684
5.963553, 8.036743
5.960211, 8.193459
5.960556, 8.365815
5.979550, 8.504054
6.009833, 8.650448
6.046230, 8.796555
6.074751, 8.928313
6.083031, 9.036572
6.092070, 9.154755
6.104692, 9.264290
6.112882, 9.390379
6.127194, 9.522437
6.142082, 9.640226
6.144259, 9.758400
6.150519, 9.868485
6.161953, 9.995584
6.186023, 10.122561
6.198015, 10.263713
6.214400, 10.381797
6.235134, 10.516045
6.243558, 10.644221
6.255245, 10.757578
6.264037, 10.883802
6.279202, 11.010871
6.295363, 11.128485
6.315724, 11.245677
6.339579, 11.370707
6.359689, 11.487370
6.376948, 11.587491
6.390738, 11.679864
6.411979, 11.779178
6.429688, 11.861976
6.437202, 11.911422
6.440538, 11.969740
ef25a209-fbfb-4cda-90ce-546988cdad45
5.905350, 5.255678
5.820251, 5.281378
5.770776, 5.298905
5.702074, 5.311966
5.618677, 5.332754
5.540331, 5.362032
5.456503, 5.394667
5.355496, 5.440867
5.193811, 5.483087
5.103699, 5.506619
5.034299, 5.531263
4.967767, 5.561491
4.896899, 5.605078
4.838823, 5.631058
4.782357, 5.647101
4.691163, 5.668637
4.632850, 5.686731
4.514023, 5.764401
4.456685, 5.791969
4.389235, 5.815063
4.299307, 5.841406
4.210748, 5.869540
4.133145, 5.900721
4.054586, 5.932286
3.985540, 5.956801
3.910092, 5.989943
3.841093, 6.018618
3.769111, 6.051773
3.696965, 6.091596
3.631426, 6.124353
3.563263, 6.158422
3.463021, 6.203793
3.395094, 6.231251
3.333515, 6.270219
3.297674, 6.299985
3.237883, 6.361314
3.192051, 6.406180
3.156843, 6.437269
313d4f46-e2f7-4636-969a-94443ae4053b
5.920735, 5.454419
5.858363, 5.431510
5.798576, 5.423983
5.731359, 5.446343
5.658486, 5.478127
5.555672, 5.515533
5.448897, 5.572615
5.312672, 5.606324
5.212873, 5.626661
5.168427, 5.646451
5.094779, 5.686054
5.033596, 5.726017
4.984616, 5.767918
4.926384, 5.821673
4.870055, 5.881818
4.830501, 5.876364
4.807034, 5.913164
4.714664, 5.963205
4.666076, 6.001556
4.589070, 6.067727
4.516938, 6.124163
4.457848, 6.157041
4.379732, 6.193386
4.300448, 6.225700
4.247656, 6.256303
4.188600, 6.300261
4.138855, 6.342532
4.060891, 6.443214
4.030905, 6.495486
3.990776, 6.553408
3.990112, 6.594761
3.956550, 6.681281
3.931348, 6.791831
3.923423, 6.883716
3.921064, 6.982515
3.927550, 7.065469
3.943124, 7.156721
3.962861, 7.247355
3.988693, 7.336322
4.023051, 7.431897
4.049566, 7.530663
4.073713, 7.620610
4.104444, 7.724863
4.137065, 7.835529
4.156751, 7.907607
4.176827, 7.981114
4.199398, 8.071739
4.211163, 8.118979
dc265f76-8d6d-4ed8-8d51-747a20eea9d7
5.901913, 5.720157
5.842682, 5.775279
5.801649, 5.802752
5.713936, 5.841922
5.623154, 5.884780
5.513731, 5.929439
5.410423, 5.987553
5.318554, 6.031952
5.270072, 6.062432
5.213203, 6.107982
5.145013, 6.170685
5.064268, 6.233439
4.989254, 6.289074
4.943165, 6.336424
4.878580, 6.414907
4.817628, 6.485665
4.754979, 6.545683
4.684478, 6.607397
4.633424, 6.660474
4.591513, 6.710029
4.557549, 6.769456
4.506554, 6.867211
4.465450, 6.950553
4.432097, 7.027557
4.389008, 7.111163
4.352255, 7.187000
4.300194, 7.275027
4.259300, 7.332410
4.219634, 7.388856
4.197967, 7.430101
4.176423, 7.496863
4.154951, 7.573145
4.137410, 7.652030
4.104677, 7.732357
4.070348, 7.825586
4.032338, 7.916584
3.992376, 8.001341
3.956666, 8.086945
3.916743, 8.171719
3.882130, 8.234679
3.847192, 8.307551
3.813223, 8.373510
3.796102, 8.403484
4667157a-0ba5-4ff9-92f5-bd36de733e3a
5.878773, 6.192552
5.790069, 6.199374
5.736289, 6.209463
5.648154, 6.219014
5.577724, 6.221277
5.492877, 6.232987
5.422504, 6.236657
5.340742, 6.246913
5.270331, 6.249712
5.214505, 6.259420
5.163250, 6.272628
5.132505, 6.280551
d0567dfd-4f59-4ecb-be48-c9152d9a11a1
6.099061, 5.458931
6.197263, 5.502693
6.283250, 5.547885
6.399931, 5.592973
6.543932, 5.634965
6.635323, 5.714889
6.726012, 5.740469
6.784743, 5.774377
6.851254, 5.812446
6.919346, 5.849852
6.993597, 5.885814
7.066176, 5.917641
7.139905, 5.946702
7.179374, 5.967086
7.219524, 6.002984
7.270690, 6.037380
7.335104, 6.073080
7.397281, 6.095447
7.492879, 6.129837
7.579535, 6.165482
7.663924, 6.207017
7.739356, 6.246456
7.813797, 6.287716
7.884200, 6.319625
7.953557, 6.341953
8.043045, 6.366343
8.132245, 6.395014
8.209964, 6.435552
8.297142, 6.473867
8.370179, 6.499171
8.451298, 6.518496
8.527225, 6.538746
8.573638, 6.561857
8.648341, 6.603688
8.708719, 6.642644
8.770203, 6.684780
8.797804, 6.705510
aeb12de0-d243-42c2-bb62-dbdc99d70d5d
6.184333, 5.348739
6.243679, 5.381053
6.315545, 5.410575
6.481631, 5.518941
6.537245, 5.595715
6.644098, 5.717658
6.739112, 5.847646
6.805578, 5.922300
6.871922, 5.990459
6.933260, 6.038398
6.998081, 6.094324
7.049444, 6.144567
7.095448, 6.197946
7.164030, 6.284005
7.222494, 6.377739
7.271239, 6.439900
7.375056, 6.524656
7.508647, 6.623198
7.552301, 6.666557
7.595932, 6.718843
7.637758, 6.760186
7.677890, 6.800365
7.712515, 6.822837
7.783442, 6.861300
7.789701, 6.903122
7.823988, 6.923512
7.877516, 7.022352
7.925342, 7.101826
7.960524, 7.166096
7.989994, 7.207464
8.027328, 7.254712
8.068546, 7.297216
8.125829, 7.351987
8.209277, 7.440956
8.252945, 7.496736
8.288393, 7.549302
8.324184, 7.605053
8.350485, 7.646021
8.364870, 7.687335
00007b1f-cb86-405b-bdfb-80caddfe8acb
6.099180, 5.695669
6.176081, 5.746881
6.228603, 5.778304
6.312406, 5.820538
6.411615, 5.870662
6.521433, 5.933137
6.626839, 5.988248
6.696932, 6.034389
6.768969, 6.096921
6.822288, 6.147168
6.892127, 6.189240
6.949780, 6.213487
7.016100, 6.244626
7.085075, 6.277012
7.138124, 6.315145
7.187460, 6.361670
7.225973, 6.414444
7.256359, 6.451004
7.283575, 6.479065
7.349324, 6.533957
7.381688, 6.574624
7.402542, 6.620722
7.430578, 6.702825
7.458761, 6.791865
7.480613, 6.874650
7.498461, 6.966989
7.518440, 7.048501
7.536637, 7.140413
7.552707, 7.232411
7.569245, 7.315039
7.587811, 7.397236
7.600677, 7.482430
7.609344, 7.567598
7.617059, 7.643406
7.623981, 7.753218
7.628774, 7.829270
7.640016, 7.919937
7.655875, 8.093226
7.661199, 8.165866
7.659682, 8.260283
7.656079, 8.353609
7.650043, 8.455124
7.641897, 8.556498
7.633014, 8.641149
7.628391, 8.724945
7.623260, 8.817945
7.616017, 8.911059
7.603907, 9.012185
7.590717, 9.104638
7.585396, 9.185980
7.588259, 9.269310
7.584686, 9.339689
7.586498, 9.422074
7.590224, 9.495856
7.589112, 9.533182
ed31c1a2-6087-4bb3-8907-749db2e3a839
5.883575, 7.455801
5.793189, 7.545146
5.745132, 7.588690
5.677052, 7.643116
5.632917, 7.668785
5.566227, 7.695404
5.488753, 7.728561
5.426487, 7.755209
5.384836, 7.774662
aec47e9d-9d31-4096-9486-309e174cd56b
6.023814, 6.093881
6.124836, 6.169212
6.216965, 6.250076
6.269290, 6.301978
6.320937, 6.356960
6.376927, 6.397875
6.448771, 6.442555
6.553276, 6.516361
6.626443, 6.586162
6.692206, 6.637435
6.767866, 6.691090
6.821771, 6.737054
6.864386, 6.784293
6.921153, 6.859780
6.979526, 6.922461
6.982853, 6.970647
7.014842, 6.992753
7.063785, 7.057897
7.116042, 7.123998
7.175370, 7.182324
7.227762, 7.242556
7.268459, 7.301981
7.316275, 7.382969
7.364030, 7.451616
7.407996, 7.525712
7.452768, 7.597104
7.496221, 7.670294
7.544145, 7.738828
7.585381, 7.815891
