main root
6.544715, 4.915781
6.553043, 5.113754
6.571773, 5.350074
6.576859, 5.568429
6.563364, 5.728716
6.548274, 5.904242
6.526932, 6.056697
6.513410, 6.183583
6.508357, 6.323890
6.504092, 6.442342
6.512441, 6.562268
6.517036, 6.688723
6.518089, 6.831846
6.510844, 6.950639
6.491354, 7.066374
6.462746, 7.185565
6.418479, 7.314727
6.386431, 7.434216
6.351570, 7.556087
6.312229, 7.686683
6.276715, 7.806533
6.226547, 7.924186
6.187550, 8.037155
6.129674, 8.166709
6.062957, 8.308808
5.980254, 8.460530
5.926549, 8.580718
5.889455, 8.699601
5.841230, 8.811748
5.792878, 8.929503
5.751633, 9.041061
5.701962, 9.157244
5.653343, 9.272397
5.610399, 9.395668
5.558508, 9.512759
5.501805, 9.655946
5.461954, 9.768036
5.438908, 9.877073
5.408926, 10.008834
5.392625, 10.109074
5.372116, 10.208836
5.354074, 10.317609
5.342299, 10.427395
5.329658, 10.545257
5.320231, 10.672523
5.309995, 10.782077
5.289978, 10.882642
5.284572, 10.963470
5.271445, 11.064653
5.258913, 11.158549
5.273205, 11.230907
5.299072, 11.329122
5.295812, 11.393847
5.302441, 11.513880
5.294371, 11.645432
5.293215, 11.767512
5.296093, 11.888171
5.312826, 12.063510
5.316948, 12.173518
5.336188, 12.292613
5.340324, 12.410815
5.358182, 12.539315
5.370271, 12.656961
5.377722, 12.750051
5.378714, 12.868210
5.377521, 12.978234
5.380760, 13.062098
5.377489, 13.132494
5.379654, 13.214875
5.369089, 13.268817
8d1fd431-2413-4e1c-8c9a-11c0b9cbb934
6.472018, 4.874656
6.438790, 4.819836
6.428030, 4.797178
6.415286, 4.762077
6.402756, 4.723180
6.392436, 4.696023
e282abd8-1f9c-4b0c-9c09-51f63f20ff4f
6.644297, 4.983836
6.754989, 4.965700
6.828320, 4.941133
6.933775, 4.916384
6.972970, 4.910158
7.003053, 4.899395
7.042728, 4.882023
7.084579, 4.857163
7.119919, 4.839652
7.174382, 4.809326
7.226741, 4.778458
7.286149, 4.739959
7.335002, 4.711867
7.386377, 4.682324
7.427478, 4.662143
7.462210, 4.648424
7.501024, 4.637920
7.549010, 4.626485
7.596210, 4.618316
7.657050, 4.604746
7.712103, 4.587867
7.779842, 4.562401
7.844115, 4.536639
7.906159, 4.513383
7.968708, 4.491536
8.014827, 4.478599
8.068784, 4.468126
8.118655, 4.458446
8.176836, 4.447154
8.231755, 4.438019
8.273140, 4.434170
8.324478, 4.430898
18f96d5e-baf2-4c17-ab9c-a8895076a3d5
6.477393, 5.031827
6.321279, 5.062357
6.211046, 5.085025
6.026525, 5.093078
5.898232, 5.115488
5.801797, 5.110397
5.689979, 5.118395
5.555861, 5.121588
5.460513, 5.130086
b932b051-c9bf-4415-91bf-7b33cc99b063
6.667236, 5.088463
6.763124, 5.097697
6.888808, 5.079465
6.938214, 5.068974
6.994106, 5.051040
7.045328, 5.029878
7.093039, 5.008534
7.127491, 4.998030
7.173036, 4.988836
7.209470, 4.979967
7.239642, 4.964931
7.265614, 4.948644
7.293556, 4.958578
7.333373, 4.971135
7.357596, 4.978775
7.418036, 4.952013
7.503829, 4.925010
7.536196, 4.917961
7.591814, 4.908912
7.651549, 4.897676
7.701475, 4.888286
7.777000, 4.879576
7.807485, 4.882086
7.869782, 4.884213
7.929019, 4.886235
7.991348, 4.885367
8.050612, 4.884542
8.086398, 4.888534
8.135232, 4.895489
8.183832, 4.903922
8.228648, 4.907141
8.280914, 4.909394
8.334791, 4.908721
8.394056, 4.907979
8.453322, 4.907239
8.511111, 4.908012
8.581876, 4.905967
8.639664, 4.905795
8.690467, 4.905642
8.749738, 4.905466
8.807516, 4.906789
8.858307, 4.907953
8.917557, 4.909311
8.954701, 4.913156
6602e66a-2004-4bea-9f68-2052fe77ab7b
6.760626, 5.118453
6.764864, 5.147178
6.769822, 5.185556
6.783365, 5.274929
6.798423, 5.337077
6.802521, 5.360614
6.814355, 5.370859
6.822450, 5.387588
6.841963, 5.427540
6.845672, 5.440830
4c73c4c9-f492-47ff-8057-ad59ada3e658
6.648892, 5.215534
6.809836, 5.244512
6.873860, 5.249567
6.914936, 5.250357
6.996169, 5.245730
7.076816, 5.234941
7.157267, 5.213717
7.242893, 5.199707
7.327208, 5.188014
7.444493, 5.169617
7.543657, 5.147639
7.644459, 5.131798
7.745234, 5.118103
7.846635, 5.108592
7.918337, 5.112430
8.019723, 5.122094
8.112403, 5.128815
8.196033, 5.128642
8.282414, 5.136758
8.375217, 5.149704
8.467405, 5.164688
8.566639, 5.189390
8.652247, 5.199860
8.736124, 5.208030
8.837120, 5.219991
8.920666, 5.223621
9.004914, 5.225205
9.088798, 5.222635
9.182491, 5.223972
9.276232, 5.231621
9.377399, 5.241998
9.462045, 5.254850
9.518938, 5.265002
9.564433, 5.271600
7b6f9bac-3ec3-4e3b-a8d6-865fa6f3fad2
6.473742, 5.306244
6.403507, 5.326253
6.333335, 5.338378
6.240567, 5.352850
6.140535, 5.370315
6.023962, 5.392809
5.906879, 5.408955
5.821388, 5.429264
5.734354, 5.460749
5.640819, 5.483339
5.524277, 5.502802
5.431835, 5.516108
5.349462, 5.532157
5.305225, 5.536200
5.252450, 5.535409
d02a69f2-7413-407b-be2e-75043937a436
6.456132, 6.273811
6.373881, 6.288567
6.333305, 6.298984
6.265911, 6.309755
6.215635, 6.320479
6.170121, 6.332901
6.094498, 6.359395
5.970649, 6.400371
5.863702, 6.426840
5.774034, 6.451199
5.695180, 6.479067
5.610989, 6.500024
5.522085, 6.526489
5.431172, 6.549163
5.338588, 6.565750
5.256027, 6.582647
5.173917, 6.601570
5.093168, 6.624434
5.001157, 6.643930
4.920014, 6.665362
4.863777, 6.678668
4.819409, 6.690702
8acf9d84-b437-4757-b7ba-b61c6424b4b3
6.567698, 6.166004
6.637134, 6.182723
6.711670, 6.192890
6.780108, 6.200634
6.855328, 6.201531
6.921169, 6.203735
6.990040, 6.204462
7.058909, 6.203613
7.121830, 6.207248
7.190664, 6.209645
7.256440, 6.213352
7.331589, 6.210014
7.397450, 6.208506
7.460405, 6.211475
7.532391, 6.210296
7.598269, 6.210633
7.661117, 6.215365
7.723339, 6.223052
efda2474-02e0-4988-8706-f6dc699f3e93
6.590630, 6.811460
6.629597, 6.813486
6.701224, 6.820481
6.776346, 6.829021
6.861692, 6.845112
6.944994, 6.867149
7.026844, 6.888801
7.093196, 6.912547
7.166616, 6.932463
7.243837, 6.950306
7.319609, 6.964743
7.383409, 6.973850
7.442569, 6.976246
7.521822, 6.976460
7.564503, 6.982564
7.611002, 6.990724
7c244762-b2c9-4e40-b166-b9a9cdd1bf41
6.565900, 6.997700
6.627747, 7.027272
6.667156, 7.044424
6.725854, 7.077053
6.759784, 7.075558
6.844622, 7.109350
6.909514, 7.135198
6.946831, 7.146840
2819ece4-ed3b-4985-baa9-e3662865d0e2
6.478901, 7.244385
6.546144, 7.237588
6.593616, 7.212177
6.617875, 7.199191
6.627066, 7.183900
6.639623, 7.160006
6.657831, 7.153951
6.724217, 7.097269
079699c2-4688-43f4-ac9d-2447fe9aa54f
6.362341, 7.372319
6.317984, 7.363878
6.231363, 7.358093
6.162004, 7.347115
6.089632, 7.338653
6.014203, 7.329794
5.928811, 7.328769
5.855860, 7.324899
5.779941, 7.320908
5.716673, 7.294467
5.676077, 7.296955
5.623171, 7.282585
bb4c7b7a-4a13-4d35-9aa2-0de7d1bad5e6
6.132481, 8.319863
6.167819, 8.339722
6.198884, 8.361543
6.231449, 8.386335
6.263240, 8.411480
6.305186, 8.442748
6.348012, 8.472805
6.383337, 8.503083
6.426126, 8.535818
6.466905, 8.572667
6.510936, 8.606403
6.544968, 8.638135
6.608554, 8.688118
