main root
5.854199, 2.246942
5.945466, 3.076801
5.843462, 3.563340
5.661206, 4.016015
5.639371, 4.391819
5.713887, 4.680616
6.125633, 5.470878
6.390578, 5.844456
6.061552, 6.206227
5.831073, 6.546393
162a24f0-0591-4615-922b-d9ede807f450
5.933416, 2.944609
5.467340, 3.080193
84bb968a-35b0-4d7f-ad7d-ef9c62769fe0
5.934738, 3.235358
6.075877, 3.522130
6.331361, 3.650110
6.666057, 3.874547
87a6dbb3-80c7-49f5-a29f-93c44ca344ce
5.874644, 3.465723
6.102255, 3.917918
6.080856, 4.172280
577e415d-753e-4110-a2fa-b65b3ba257bc
5.798629, 3.666758
5.614491, 3.852720
5.185236, 4.072480
798b294e-fd0e-404c-8879-b330cab086e6
6.124385, 5.460808
5.763142, 5.937171
2cd3845c-b5f8-4992-b84b-f0af3945db30
6.371181, 5.837062
6.548860, 6.591158
55cadd66-b69e-4820-b518-892e5a9973f7
6.362700, 5.846233
6.427569, 6.308562
6.416549, 6.804278
fb45c3b1-d6d9-4295-98b8-86a076b6ecb3
5.931685, 3.008058
5.752852, 3.219662
5.580945, 3.393722
5.400897, 3.458233
5.345201, 3.535339
