main root
7.132189, 4.722996
7.115645, 4.914079
7.154407, 5.207620
7.188807, 5.567863
7.187349, 5.756116
7.164432, 5.927958
7.132390, 6.101354
7.085967, 6.232857
6.999777, 6.407703
6.911271, 6.587248
6.815396, 6.768877
6.715072, 6.936439
6.645309, 7.118586
6.572904, 7.295845
6.484241, 7.523789
6.421342, 7.726364
6.352742, 7.946648
6.286330, 8.161161
6.236035, 8.329550
6.187996, 8.447071
6.139945, 8.564625
6.115253, 8.647265
6.085419, 8.768858
64dd07fc-4c05-438c-aca1-e80cb1bf903a
7.201965, 5.118061
7.311378, 5.147527
7.390546, 5.162575
7.493001, 5.178649
7.585977, 5.204708
7.675989, 5.227751
7.774868, 5.250880
7.871770, 5.284409
7.967781, 5.317629
8.048771, 5.336696
8.157531, 5.355778
8.257603, 5.373336
8.318767, 5.387107
8.376802, 5.406734
5a316c2f-20f6-4fb2-8c1c-c5b9b857a589
7.052418, 5.178731
6.980867, 5.206925
6.897120, 5.232465
6.809370, 5.258656
6.695787, 5.292559
6.604884, 5.315302
6.514540, 5.337904
6.427156, 5.368440
6.337408, 5.395345
6.249862, 5.425982
6.156452, 5.445300
6.050536, 5.478008
5.937279, 5.512982
5.815575, 5.548368
5.739406, 5.561823
5.630396, 5.576780
5.517596, 5.592097
82213851-67af-44d8-ae54-1653e0317959
7.079507, 4.988681
6.909292, 4.982441
6.856293, 4.971419
6.817523, 4.966414
6.791909, 4.961599
c11a8b76-2619-4e31-baf6-80936760a291
7.216502, 4.963136
7.364864, 4.978402
7.437005, 4.992777
7aa4dab1-fb4d-439e-858b-f0cf4758e5c1
7.054755, 4.760772
6.920881, 4.746748
6.863185, 4.735117
6.807002, 4.720332
6.781677, 4.714346
6.749812, 4.712363
6.721310, 4.713569
6.676290, 4.718447
6.634342, 4.722970
6.587061, 4.734091
6.549312, 4.738357
6.498836, 4.744061
6.435987, 4.755681
6.376826, 4.765097
6.342081, 4.764565
6.299754, 4.763917
6.254388, 4.766215
6.212110, 4.768356
6.171252, 4.768928
6.128924, 4.769519
6.066713, 4.773383
6.006161, 4.778643
5.955551, 4.783039
5.921064, 4.784533
5.894257, 4.787192
