main root
7.068801, 5.424384
7.039554, 5.547706
6.958325, 5.783761
6.927835, 5.939796
6.891781, 6.137762
6.862919, 6.317560
6.827952, 6.493635
6.794057, 6.653854
6.743179, 6.797650
6.687343, 6.961705
6.621874, 7.154060
6.538835, 7.334435
6.479439, 7.508638
6.425412, 7.660746
6.377119, 7.821495
6.340640, 7.993802
6.311917, 8.159510
6.291459, 8.326107
6.271803, 8.452659
6.248542, 8.521402
6.194186, 8.665708
6.153925, 8.790422
6.120696, 8.918193
6.096590, 9.044251
6.062425, 9.175737
6.023225, 9.284734
5.973472, 9.391902
5.925404, 9.500451
5.869681, 9.634759
5.820208, 9.754001
5.766031, 9.868148
5.716412, 9.990487
5.679746, 10.114406
5.645649, 10.237041
5.608708, 10.357096
5.574574, 10.482281
5.538357, 10.583181
5.499613, 10.660048
5.439930, 10.744740
5.364865, 10.840291
5.290086, 10.932064
5.200336, 11.032300
5.124207, 11.137338
5.056413, 11.220208
4.997192, 11.276120
4.903053, 11.347590
4.799781, 11.420721
4.693148, 11.488514
4.607598, 11.547903
4.553697, 11.585320
4.526112, 11.611758
b7b14885-41c7-42fd-b515-e6b99cd348d5
7.073750, 5.729811
7.174986, 5.752359
7.234971, 5.768030
7.345779, 5.784122
7.445068, 5.809732
7.545264, 5.826837
7.653766, 5.845361
7.730811, 5.873423
7.851820, 5.912266
7.944287, 5.941948
8.033384, 5.968338
8.129230, 6.003345
8.224006, 6.040213
8.302915, 6.070909
8.389717, 6.104675
8.475969, 6.140485
8.566115, 6.189362
8.659191, 6.230204
8.745099, 6.265604
8.840503, 6.300342
8.928517, 6.330150
9.024744, 6.362739
9.113403, 6.390544
9.208676, 6.427073
9.302172, 6.467452
9.390138, 6.496278
9.477777, 6.529425
9.564891, 6.562372
9.653048, 6.591216
9.741564, 6.620178
9.829653, 6.651213
9.924843, 6.686991
10.018606, 6.726753
10.122572, 6.763946
10.221415, 6.788075
10.319682, 6.814241
10.417394, 6.842448
10.515014, 6.870629
10.618839, 6.907208
10.712776, 6.947032
10.803305, 6.994601
10.884215, 7.041869
10.982604, 7.091995
11.074916, 7.134277
11.175918, 7.178213
11.265228, 7.228596
11.352752, 7.280400
11.446239, 7.320986
11.548099, 7.362900
11.658670, 7.406117
11.754001, 7.441104
11.847414, 7.482148
11.942774, 7.517116
12.037512, 7.554110
d9ed44f0-2e10-492d-90ea-483605807791
7.144550, 5.577007
7.194233, 5.600157
7.217256, 5.610885
7.236300, 5.623063
7.263697, 5.647688
7.290958, 5.676214
7.311179, 5.684032
7.346742, 5.700992
7.388908, 5.717774
7.428204, 5.733404
7.463615, 5.750700
7.513627, 5.765124
7.552269, 5.776268
baacc397-a032-4220-ba7f-72fc4617faa3
6.989998, 5.992330
7.015603, 5.995277
7.056976, 5.990098
7.090476, 5.984395
7.110619, 5.987039
7.142517, 5.992735
7.169256, 5.995992
7.199470, 5.995147
7.231865, 5.995739
7.260901, 5.994773
7.287733, 5.992383
7.322821, 5.987756
7.350580, 5.981077
22627eb7-8679-42d6-89b4-02ba2b9bf584
6.923246, 5.514838
6.882543, 5.467246
6.845401, 5.411569
6.695842, 5.324210
6.632319, 5.284498
6.611584, 5.268776
6.593281, 5.271287
6.534531, 5.257083
6.490824, 5.243436
6.438000, 5.223807
6.386292, 5.201399
6.339601, 5.186059
6.271475, 5.166828
6.219082, 5.156703
6.151151, 5.146625
6.092006, 5.143902
6.031242, 5.142604
5.980453, 5.141519
5.919671, 5.141717
5.867378, 5.143384
5.819502, 5.141915
5.757183, 5.142999
5.696459, 5.145551
5.644954, 5.150712
5.589813, 5.163758
5.507425, 5.183251
5.466228, 5.192998
5.412837, 5.202554
5.372375, 5.208275
5.324619, 5.212004
5.265527, 5.216619
5.224698, 5.218305
5.182400, 5.220052
5.121746, 5.224056
5.059141, 5.234190
4.982682, 5.248082
4.916036, 5.260191
4.857721, 5.270787
4.798201, 5.283123
4.730713, 5.298638
4.663574, 5.315609
4.596827, 5.334025
4.532576, 5.350200
4.483312, 5.362601
4.426930, 5.375252
4.375102, 5.389949
4.316021, 5.409813
4.259847, 5.428700
4.202726, 5.449485
4.139072, 5.472647
4.092029, 5.484987
4.043960, 5.496048
3.993328, 5.509235
3.946311, 5.518387
3.905940, 5.524720
3.856998, 5.530883
3.807896, 5.535558
3.760019, 5.537108
3.716260, 5.540023
3.665573, 5.543400
3.605041, 5.548933
3.553095, 5.555183
3.501349, 5.562917
3.433104, 5.574630
3.381817, 5.584951
3.332015, 5.594973
3.272738, 5.608428
3.222068, 5.621466
3.171792, 5.635946
3.104660, 5.658397
3.033336, 5.680671
2.984843, 5.695816
2.931218, 5.707858
2.879388, 5.722566
2.822374, 5.738744
2.766389, 5.753075
2.698612, 5.773514
2.624658, 5.797379
2.560201, 5.818179
2.501865, 5.840149
2.449019, 5.855254
2.400170, 5.869216
2.343190, 5.885501
2.287238, 5.899937
2.239128, 5.910802
2.189576, 5.921994
2.134029, 5.931471
2.075609, 5.941438
2.019635, 5.947952
1.960767, 5.954802
1.899273, 5.964971
1.842035, 5.972919
1.773670, 5.983924
1.706799, 5.994688
1.645804, 6.007538
1.587807, 6.019756
1.529816, 6.031974
1.470668, 6.045964
1.403644, 6.063355
1.339158, 6.078542
1.288596, 6.091987
1.240565, 6.103211
1.191095, 6.114771
1.153050, 6.122124
1.100802, 6.135273
f9875a07-e2ac-4e4f-9b82-86adb44bc167
6.739288, 5.314050
6.762302, 5.286650
6.771521, 5.270685
6.778536, 5.249515
6.771990, 5.191196
6.762303, 5.145164
6.748297, 5.093139
6.735275, 5.039010
6.727003, 4.991831
6.717960, 4.948916
6.709667, 4.909564
6.700965, 4.861011
3db00701-490c-4138-bb29-581da6d0beb2
6.972635, 5.393253
6.877152, 5.388917
6.699223, 5.371249
6.605257, 5.370187
6.516067, 5.359446
6.431268, 5.339970
6.327163, 5.303033
6.232079, 5.285012
6.091570, 5.253381
6.030759, 5.246181
5.976548, 5.241270
5.934083, 5.229908
4e4c3388-4f29-49ab-b461-b0e821dc67b8
6.900841, 5.683971
6.821750, 5.673653
6.770020, 5.686674
6.744242, 5.701486
6.693509, 5.731451
6.642751, 5.761370
6.597694, 5.786192
6.515999, 5.800824
6.467276, 5.826276
6.411038, 5.845521
6.371404, 5.868576
6.334065, 5.886831
6.286373, 5.933798
6.231970, 6.002080
6.195223, 6.041545
6.158861, 6.071811
6.113308, 6.109728
6.068139, 6.143430
6.024204, 6.185548
5.973647, 6.240234
5.944220, 6.278174
5.907896, 6.325008
5.883249, 6.356788
5.867447, 6.386933
5.841823, 6.445487
5.815749, 6.493870
5.783618, 6.553494
5.747470, 6.620569
5.703289, 6.702549
5.662281, 6.753408
5.646154, 6.799523
5.617229, 6.852619
5.581131, 6.932471
5.530776, 7.012818
5.477703, 7.089257
5.424830, 7.165100
5.364348, 7.236858
5.311706, 7.312089
5.266175, 7.391820
5.200844, 7.463839
5.135346, 7.560666
5.070538, 7.671462
5.017711, 7.749279
4.962437, 7.834466
4.907138, 7.919690
4.858335, 7.998766
4.804975, 8.085228
4.757976, 8.165386
4.712181, 8.256037
4.670213, 8.348496
4.633729, 8.433962
4.587909, 8.525134
4.544212, 8.616793
4.500491, 8.708506
4.470417, 8.796029
4.429297, 8.889664
4.388868, 8.992252
4.350457, 9.095489
4.321058, 9.192699
4.295742, 9.291025
4.266261, 9.397040
4.236982, 9.494435
4.205684, 9.591200
4.174418, 9.687865
4.147831, 9.776898
4.116711, 9.873721
4.089696, 9.971594
4.056555, 10.060042
4.023878, 10.147251
3.995306, 10.235496
3.957409, 10.338800
3.921470, 10.442912
3.894391, 10.540802
3.869362, 10.639214
3.848494, 10.721268
3.825538, 10.811530
3.808874, 10.902658
3.797876, 10.985854
3.787890, 11.061395
3.776616, 11.135256
3.765438, 11.208491
3.758116, 11.246542
18332d60-e28c-4d89-bc43-5cf1a0ec481e
6.871009, 5.890679
6.819806, 5.856117
6.763591, 5.828778
6.704650, 5.807782
6.647611, 5.793188
6.483310, 5.781448
6.448953, 5.773988
6.370834, 5.755986
6.347885, 5.749154
6.332991, 5.753343
6.273427, 5.748862
6.240754, 5.743403
6.202443, 5.733966
6.163149, 5.722746
6.116152, 5.707770
6.065870, 5.693317
6.015197, 5.680310
5.964171, 5.668756
5.914626, 5.657538
5.875128, 5.647060
5.828934, 5.641000
5.756740, 5.628509
5.700069, 5.617186
5.671324, 5.612969
5.638213, 5.609623
5.608024, 5.611085
5.557287, 5.613543
5.525614, 5.610581
5.476662, 5.604501
5.444293, 5.597464
5.404709, 5.587327
5.360059, 5.578983
5.301795, 5.568096
5.243538, 5.557209
5.207089, 5.554966
5.136313, 5.553609
5.078579, 5.551005
5.030950, 5.545860
4.985562, 5.543968
4.943263, 5.542205
4.880933, 5.542602
4.821667, 5.542980
4.762403, 5.543358
4.715208, 5.542162
4.672676, 5.535096
4.630919, 5.528158
4.599599, 5.522953
4.571100, 5.521251
4.525679, 5.521536
4.477401, 5.527826
4.439298, 5.528263
4.389138, 5.530335
4.341327, 5.527823
0224488d-7478-418c-9f17-c0be528d4fed
6.854436, 5.981673
6.798041, 6.017465
6.765099, 6.058666
6.724368, 6.088064
6.641022, 6.124543
6.587125, 6.151400
6.547770, 6.179373
6.484603, 6.229778
6.439223, 6.271735
6.389239, 6.324065
6.336133, 6.388669
6.303873, 6.427915
6.272231, 6.473479
6.241375, 6.504792
6.184098, 6.559236
6.142825, 6.607940
6.023246, 6.727976
5.885773, 6.816443
5.807456, 6.866842
5.744276, 6.903939
5.677504, 6.946618
5.594645, 6.998294
5.505862, 7.072640
5.452280, 7.147054
5.376588, 7.249480
5.292990, 7.365688
5.075345, 7.544033
5.043267, 7.561778
4.974683, 7.614145
4.900654, 7.670668
4.822456, 7.719788
4.739631, 7.764362
4.653376, 7.817989
4.570639, 7.876900
4.500388, 7.913939
4.409460, 7.959487
4.314547, 7.997569
4.226103, 8.028522
4.140037, 8.063100
4.053613, 8.097821
3.968201, 8.134403
3.893990, 8.172956
3.820191, 8.213633
3.759108, 8.252427
3.710980, 8.268810
3.659952, 8.287762
3.627543, 8.304587
0597ab48-b501-4b40-b30f-7a19e5f198fb
5.837767, 6.811433
5.802364, 6.812923
5.756045, 6.810379
5.708475, 6.804768
5.671688, 6.800429
5.578630, 6.794887
5.537012, 6.793213
5.499392, 6.787206
5.457605, 6.780531
5.414466, 6.776669
5.375379, 6.776172
5.347868, 6.775820
5.316409, 6.781403
5.269890, 6.795741
5.243506, 6.797608
5.208939, 6.794053
5.188440, 6.806859
cc92eef9-67e4-4752-a988-3710a0afe8cd
6.851158, 6.345635
6.744406, 6.387617
6.693774, 6.435759
6.688096, 6.448855
6.659931, 6.468765
6.626839, 6.484816
6.592429, 6.514117
6.552246, 6.531928
6.508248, 6.547575
6.457274, 6.572319
6.393801, 6.594227
6.362292, 6.600910
6.286618, 6.618488
6.216895, 6.628535
6.127657, 6.645351
6.044679, 6.709286
5.953899, 6.779152
12b7c72d-9415-441d-b4fc-6548e96c2850
6.453231, 7.409054
6.410459, 7.377983
6.394475, 7.357395
6.379234, 7.352948
6.362275, 7.341762
6.340221, 7.321838
6.324202, 7.321383
6.304384, 7.312269
6.267688, 7.300344
6.237395, 7.288934
6.199945, 7.279634
6.161668, 7.274763
6.126431, 7.271795
6.107588, 7.264200
6.078178, 7.257194
