main root
6.449638, 4.722334
6.561590, 4.880531
6.625912, 5.006113
6.684936, 5.153843
6.741377, 5.357405
6.798912, 5.548394
6.835004, 5.684016
6.860139, 5.803032
6.878335, 5.919822
6.890043, 6.044356
6.912062, 6.190119
6.915270, 6.309748
6.924789, 6.428580
6.930798, 6.530100
6.935802, 6.614620
6.941305, 6.707587
6.944723, 6.800925
6.946814, 6.858036
6.978315, 6.989375
6.987052, 7.038621
6.987879, 7.077541
6.983162, 7.137287
6.974419, 7.210020
6.970557, 7.292322
6.964140, 7.365298
6.965627, 7.450926
6.966952, 7.527103
6.977413, 7.612102
6.983129, 7.683029
6.985519, 7.749911
6.982044, 7.820283
6.981130, 7.899516
6.977294, 7.972672
6.963390, 8.037744
6.954633, 8.093041
6.950830, 8.136185
6.961911, 8.209997
6.954221, 8.473275
6.943409, 8.559342
6.925805, 8.631574
6.897408, 8.694885
6.829183, 8.800822
6.765276, 8.911685
6.692137, 9.004765
6.614510, 9.166896
6.570594, 9.330904
6.560485, 9.409561
6.551749, 9.510718
6.541620, 9.603557
6.522156, 9.703946
6.510760, 9.795881
6.502454, 9.879740
6.496214, 9.963779
6.496244, 10.047407
6.494188, 10.096515
e168ce02-1cc1-44e3-831f-165f922520da
6.975318, 6.650296
7.001584, 6.656925
7.073278, 6.690088
c05e39a1-eb8e-494f-9af1-1f514ac2f974
6.927683, 6.733019
6.887633, 6.747933
a9491e5b-f852-42da-8128-d3eb5429fcb7
6.580329, 4.905452
6.518034, 4.996659
6.484124, 5.028893
