main root
6.702911, 5.142165
6.546552, 5.482970
6.474589, 5.699970
6.426684, 5.857548
6.379487, 6.036949
6.334253, 6.208888
6.296658, 6.371506
6.265196, 6.565279
6.242376, 6.745096
6.238401, 6.939702
6.246309, 7.159377
6.267855, 7.345309
6.310761, 7.515712
6.344003, 7.671019
6.367837, 7.831010
6.387721, 8.009411
6.386683, 8.110392
6.373008, 8.248737
6.350708, 8.394281
6.322031, 8.548240
6.310785, 8.698985
6.307047, 8.859526
6.310069, 9.028106
6.315074, 9.192347
6.332404, 9.371604
6.336195, 9.518521
6.339998, 9.665902
6.344348, 9.837038
6.349767, 9.980018
6.357074, 10.149244
6.354089, 10.282470
6.344601, 10.386462
6.327895, 10.476379
6.316683, 10.536731
6.291080, 10.580428
609b7eeb-9cab-4dd7-a9e1-71d34554b0ae
6.764341, 5.245511
6.941356, 5.253978
7.033771, 5.242588
7.127169, 5.232808
7.228234, 5.222447
7.337090, 5.202781
7.431767, 5.196362
7.532240, 5.181070
7.625412, 5.171145
7.720316, 5.171611
7.821708, 5.165764
7.922542, 5.153594
8.005924, 5.141440
8.069156, 5.136762
8.112103, 5.135085
002a562a-dd31-47dc-9eee-cc074892b911
6.836771, 5.056718
6.951174, 5.116650
7.270573, 5.479936
7.363322, 5.611836
7.380143, 5.681209
7.446914, 5.776442
7.515373, 5.879277
7.600972, 5.962482
7.653821, 6.056397
7.671150, 6.147123
7.803788, 6.223206
7.846179, 6.229323
33da49a2-f0ce-4f9f-9667-2ef87d8c64da
6.692715, 5.365752
6.764903, 5.356253
6.936864, 5.343122
7.040046, 5.337797
7.186553, 5.312762
7.285163, 5.292823
7.325062, 5.286591
7.366393, 5.281155
7.422580, 5.276784
7.480296, 5.273797
7.531749, 5.268135
7.584112, 5.257858
7.652933, 5.241299
7.745275, 5.237558
7.799508, 5.238357
7.849382, 5.242085
acca7828-5ded-4bb4-922f-e985243d53ea
6.760683, 5.243184
6.976628, 5.390355
7.139594, 5.459179
7.325026, 5.490433
7.456275, 5.526621
7.624661, 5.552123
7.730731, 5.545376
7.884891, 5.545843
8.052248, 5.572512
8.190721, 5.576321
8.317853, 5.573953
8.462165, 5.565712
8.582843, 5.565152
8.684619, 5.568910
8.802143, 5.580893
8.912724, 5.583660
9.022861, 5.584299
9.139929, 5.601859
9.244343, 5.606821
9.361980, 5.601852
9.487648, 5.589715
9.592539, 5.579583
9.685244, 5.570630
9.759740, 5.564938
9.821184, 5.562364
9.878073, 5.566631
c3822fad-7a3e-4296-96c2-ed1c4589d5dc
6.590373, 5.604830
6.661048, 5.628830
6.745865, 5.626634
6.825792, 5.611367
6.957003, 5.611360
6.998120, 5.611791
7.037203, 5.614918
7.074300, 5.608878
7.113401, 5.605544
7.172451, 5.600509
7.231506, 5.595473
7.287834, 5.593675
7.344177, 5.594871
7.408019, 5.591736
7.475668, 5.588414
7.537710, 5.582370
7.599390, 5.573353
7.655508, 5.568174
7.714529, 5.562727
7.776254, 5.554023
7.829852, 5.552512
7.883283, 5.556994
7.935879, 5.567414
7.994021, 5.578932
8.052161, 5.590449
8.099281, 5.596732
8.154265, 5.598022
8.213519, 5.599412
8.278900, 5.594956
8.338035, 5.590926
8.397169, 5.586894
8.456304, 5.582861
8.521003, 5.572447
8.586960, 5.552735
8.639849, 5.550395
8.701917, 5.544654
8.760933, 5.539197
8.822655, 5.530487
8.877525, 5.527277
8.935979, 5.517860
8.985742, 5.512876
9.041279, 5.507802
1cbc8040-bc30-42d9-ae7e-a2198bd0c0a2
6.641501, 5.499078
6.778868, 5.550510
6.833610, 5.579244
6.944071, 5.641971
7.021854, 5.672860
7.097882, 5.691872
7.144970, 5.698068
7.166869, 5.703808
7.187831, 5.712358
7.209456, 5.724372
7.240594, 5.745051
7.271584, 5.769179
7.304870, 5.795049
7.333926, 5.821422
7.360832, 5.849937
7.378210, 5.868409
7.400850, 5.871552
7.466725, 5.905013
7.504649, 5.929546
7.529534, 5.944110
7.566889, 5.957541
7.611402, 5.975358
7.659145, 5.993080
7.715551, 6.005813
7.744432, 6.010584
7.752878, 6.048136
7.801909, 6.078058
7.901256, 6.153458
8.002423, 6.230239
8.076119, 6.270234
8.157973, 6.314655
8.237438, 6.364960
8.321148, 6.422959
8.394688, 6.481588
8.458962, 6.538134
8.525247, 6.604853
8.583744, 6.666675
8.641932, 6.728171
8.680202, 6.783920
8.732601, 6.871460
8.791876, 6.954015
8.841480, 7.033921
8.900337, 7.116700
8.957536, 7.200798
9.012971, 7.286062
9.064887, 7.373674
9.112368, 7.453801
9.149164, 7.518833
9.197393, 7.608364
9.223439, 7.666177
9.245897, 7.705095
9.265929, 7.736810
486e2499-88eb-4e5f-b0ea-65432ec5c845
6.445833, 6.027979
6.486631, 6.081874
6.537607, 6.135755
6.561878, 6.166185
6.592657, 6.199536
6.621344, 6.230607
6.658497, 6.262011
6.695313, 6.313865
6.723950, 6.349045
6.756958, 6.382483
6.780977, 6.411077
6.810182, 6.448170
6.837402, 6.487582
6.869002, 6.535971
6.906952, 6.591344
6.926082, 6.649805
6.941881, 6.698088
6.953246, 6.742443
6.959585, 6.779244
6.963246, 6.809312
6.971052, 6.861044
6.978632, 6.911275
6.987475, 6.969875
6.994107, 7.013827
6.987207, 7.101188
6.978250, 7.157551
6.973847, 7.194801
e6844c91-878b-4afc-bb82-afbc192448ae
6.336581, 6.434605
6.382949, 6.479945
6.413924, 6.518730
6.431364, 6.550343
6.443633, 6.572583
6.493844, 6.608543
6.523400, 6.633533
6.571439, 6.639551
6.640617, 6.665617
6.690239, 6.687514
6.724986, 6.707754
6.764650, 6.740453
5611faea-570f-4fdf-a637-cf020c30f298
6.309467, 6.859833
6.417857, 6.996623
6.479582, 7.065271
6.507885, 7.096749
6.534074, 7.128114
6.558952, 7.164915
6.587402, 7.206999
6.624751, 7.256901
6.660262, 7.304349
6.691583, 7.351193
6.728675, 7.401284
6.759740, 7.440720
6.807192, 7.485825
6.866765, 7.524036
6.914870, 7.554890
6.958059, 7.593222
6.989784, 7.638185
7.019779, 7.685889
7.049265, 7.735596
7.074212, 7.780583
09274cf6-2460-4b39-9e45-4b470eb1574b
6.198287, 7.028519
6.055068, 7.023740
5.974609, 7.006266
5.926291, 6.993513
5.892773, 6.983648
5.868000, 6.971417
5.824135, 6.953098
5.787014, 6.940840
5.757105, 6.934115
