main root
6.682117, 5.310785
6.943462, 5.497482
7.089375, 5.574114
7.180519, 5.628859
7.297056, 5.834185
7.388668, 5.988162
7.475224, 6.137713
7.561721, 6.303958
7.610620, 6.402526
7.655773, 6.493542
7.706610, 6.591256
7.749825, 6.683484
7.798462, 6.782298
7.843329, 6.873452
7.893862, 6.971325
7.936786, 7.063682
7.974233, 7.149246
8.009247, 7.245079
8.046075, 7.339715
8.080951, 7.452601
8.105286, 7.560046
8.135828, 7.666158
8.148613, 7.715985
8.149734, 7.760585
8.114178, 7.831502
8.097243, 7.889360
8.097217, 7.926736
8.106144, 8.003450
8.092435, 8.071488
8.072712, 8.126776
8.044193, 8.188902
8.009460, 8.250215
7.959662, 8.329586
7.918692, 8.392071
7.877772, 8.459939
7.832559, 8.539024
7.806115, 8.593636
7.776370, 8.652011
7.703856, 8.831808
7.675363, 8.902455
7.644386, 8.967258
7.596689, 9.057228
7.570660, 9.099930
7.547211, 9.155643
7.520846, 9.233714
7.503042, 9.319187
7.484426, 9.364513
7.453114, 9.451827
7.428295, 9.525471
7.405838, 9.601479
7.376835, 9.692172
7.362326, 9.732629
7.359784, 9.799505
7.358650, 9.868743
7.347550, 9.906777
7.343709, 10.018317
7.318742, 10.099305
7.301754, 10.169647
7.291429, 10.218775
7.266335, 10.245710
7.253402, 10.452933
7.250062, 10.530478
7.243573, 10.631973
7.239252, 10.699570
7.236329, 10.768757
7.234158, 10.870270
7.234173, 10.939517
7.232691, 11.005755
7.227152, 11.067877
7.216646, 11.118307
71137320-47cb-4c2f-af9a-a136ba56046f
6.671430, 5.405831
6.527234, 5.471450
6.459199, 5.520167
6.427436, 5.537934
6.389048, 5.558197
6.298471, 5.591123
6.263494, 5.605900
6.202300, 5.629828
6.138750, 5.659971
6.100510, 5.673628
6.041531, 5.690395
5.971268, 5.721721
5.913738, 5.742938
5.849616, 5.771843
5.790676, 5.797254
5.731326, 5.821695
5.665070, 5.860788
5.611375, 5.884296
5.547537, 5.920893
5.490229, 5.955982
5.433956, 5.992710
5.379636, 6.026904
5.333850, 6.044915
5.190579, 6.144317
5.126379, 6.199972
5.070955, 6.228214
5.010093, 6.255697
4.958485, 6.295753
4.898463, 6.345937
4.841432, 6.385617
4.778875, 6.432605
4.719259, 6.473453
4.655550, 6.524361
4.598099, 6.558775
4.501603, 6.611643
4.422367, 6.659853
4.344096, 6.709938
4.271304, 6.754054
4.198897, 6.797936
4.135750, 6.829206
4.094563, 6.852940
4.031844, 6.895990
3.967473, 6.947434
3.925901, 6.982573
3.649796, 7.153983
3.586043, 7.190033
3.518602, 7.231601
3.455711, 7.263326
3.402039, 7.297102
3.336627, 7.341796
3.274515, 7.380605
3.210865, 7.416840
3.143545, 7.458604
3.078815, 7.498758
3.013116, 7.543029
2.949945, 7.585593
2.886771, 7.628152
2.824405, 7.666552
2.758560, 7.710605
2.696070, 7.748805
2.631077, 7.788530
2.565881, 7.835392
2.504026, 7.879845
2.441484, 7.928474
2.380822, 7.979427
2.322125, 8.032634
2.265685, 8.083789
2.209242, 8.134946
2.153214, 8.177648
2.065676, 8.244365
1.970285, 8.313302
3eb2cbf5-4644-48ff-9015-c43fa723e60d
6.723710, 5.427552
6.663582, 5.613038
6.643658, 5.679356
6.565448, 5.767817
6.494415, 5.844400
6.424244, 5.916941
6.350450, 5.987144
6.284591, 6.052701
6.226352, 6.113598
6.169624, 6.175917
6.116268, 6.240693
6.067823, 6.299505
6.019175, 6.356212
5.961569, 6.426608
5.934050, 6.467325
5.789650, 6.615943
5.728097, 6.685332
5.661102, 6.751346
5.607822, 6.815490
5.543012, 6.883641
5.488252, 6.947242
5.427486, 7.017820
5.368464, 7.089595
5.312817, 7.154004
5.261157, 7.220140
5.198415, 7.290213
5.143766, 7.354356
5.087002, 7.417785
5.025055, 7.477675
4.965936, 7.537716
4.904758, 7.596892
4.857595, 7.642512
4.814857, 7.676027
4.615121, 7.824434
4.546144, 7.886167
4.476748, 7.948275
4.405775, 8.008971
4.327123, 8.073451
4.255565, 8.145791
4.180998, 8.215158
4.120839, 8.285486
4.053135, 8.361381
3.987131, 8.438547
3.919433, 8.514441
3.855064, 8.592957
3.796015, 8.664983
3.738744, 8.738158
3.686564, 8.804829
3.632772, 8.880387
3.576903, 8.955235
3.531999, 9.025793
3.480610, 9.094955
3.435866, 9.165605
3.390568, 9.237130
3.348870, 9.297374
3.316344, 9.344364
3.299789, 9.378799
3.288834, 9.415403
7502bbb5-d64e-407c-a3ab-c88ff856404b
6.909147, 5.529276
6.903438, 5.594157
6.920373, 5.625109
6.948245, 5.730449
6.954740, 5.805944
6.954236, 5.852465
6.955327, 5.889961
6.960747, 5.921824
6.984061, 6.003352
7.012609, 6.095145
7.027103, 6.156868
7.044386, 6.223922
7.063115, 6.290587
7.083279, 6.356832
7.101135, 6.420633
7.112012, 6.481708
7.124511, 6.543350
7.139641, 6.580315
7.209078, 6.841212
7.235999, 6.919015
7.230890, 6.993950
7.253049, 7.102828
7.288604, 7.238139
7.301340, 7.319914
7.319903, 7.400204
7.316618, 7.445795
7.313727, 7.485908
7.339588, 7.603832
7.352347, 7.675984
7.360450, 7.745965
7.423630, 8.153504
7.428552, 8.239275
7.429757, 8.312533
7.431011, 8.388723
7.432265, 8.464912
7.430476, 8.538158
7.434816, 8.605657
7.442888, 8.684497
7.447368, 8.757629
7.448855, 8.830882
7.454981, 8.911465
7.463969, 8.990202
7.462862, 9.033300
7.460906, 9.109476
7.453120, 9.179512
7.452633, 9.265165
7.449226, 9.338355
7.448533, 9.417604
7.447867, 9.493800
7.444234, 9.566979
7.443295, 9.646222
7.442393, 9.722416
7.434095, 9.791040
7.441382, 9.880370
7.438669, 10.013076
1c6a0adb-6f7e-48c6-b06f-789769237317
6.886161, 5.457962
7.115437, 5.694285
7.215218, 5.838350
7.256689, 5.872119
7.502664, 6.079104
7.585022, 6.123603
7.673249, 6.184330
7.829840, 6.284144
7.911072, 6.343443
7.996678, 6.398080
8.068802, 6.441651
8.143398, 6.479447
8.220042, 6.513631
8.281728, 6.547700
8.360827, 6.598595
8.413939, 6.634549
8.460676, 6.671611
8.683278, 6.820624
8.720532, 6.841207
8.751267, 6.860889
8.788931, 6.880711
8.820059, 6.899767
8.849885, 6.920801
8.882455, 6.943004
8.901904, 6.959125
8.932648, 6.983794
8.963781, 7.007971
8.982194, 7.025266
9.007119, 7.051925
9.030264, 7.080145
9.068380, 7.111470
9.099232, 7.136010
9.126262, 7.160534
9.160100, 7.186348
9.187621, 7.210319
9.217752, 7.235734
9.248283, 7.260666
9.274994, 7.285535
9.304265, 7.311935
9.333957, 7.337866
9.359832, 7.363607
9.392449, 7.390948
9.418841, 7.416157
9.447775, 7.442927
9.481361, 7.469070
9.506436, 7.491587
9.536181, 7.517454
9.562110, 7.543139
9.586319, 7.570450
9.621386, 7.600040
9.638099, 7.621155
9.671464, 7.652650
9.696325, 7.679371
9.727859, 7.707952
9.748041, 7.729438
9.762087, 7.747848
d2bb7321-19dc-4446-ba10-911f3585a10a
7.323149, 5.844966
7.322311, 6.110503
7.333874, 6.170338
7.336245, 6.206268
7.339017, 6.248300
7.345407, 6.299668
7.361536, 6.344480
7.373949, 6.396638
7.373248, 6.445417
7.366497, 6.498603
7.394732, 6.579269
7.403581, 6.649797
7.400116, 6.694493
7.424421, 6.727620
7.460268, 6.829548
7.471530, 6.929615
7.475555, 6.992177
7.488918, 7.060554
7.502027, 7.096438
7.539682, 7.173344
7.561166, 7.237643
7.602119, 7.340186
7.637058, 7.416484
7.670766, 7.486500
7.701821, 7.554454
7.732745, 7.617035
7.751890, 7.670775
7.848410, 7.850962
7.880338, 7.916904
7.930229, 8.015093
7.970239, 8.089256
8.010436, 8.163768
8.047698, 8.250560
8.084441, 8.336144
8.106637, 8.403022
8.128206, 8.449005
8.172509, 8.522306
8.199592, 8.584478
8.249435, 8.683004
8.285999, 8.759874
8.324058, 8.835058
8.360633, 8.911905
8.393637, 8.990900
8.424969, 9.062010
8.451745, 9.130204
8.489987, 9.233389
8.507017, 9.292266
8.531535, 9.350656
