main root
6.649153, 5.305130
6.568313, 5.432858
6.483507, 5.567461
6.419059, 5.676371
6.392187, 5.856554
6.403974, 5.945175
6.437288, 6.116332
6.490196, 6.264229
6.571587, 6.479728
6.641335, 6.644492
6.692531, 6.749174
6.761223, 6.859237
6.816462, 6.963685
6.869893, 7.078188
6.912081, 7.188557
6.941574, 7.277495
6.974734, 7.364126
6.992597, 7.451983
7.004969, 7.559674
7.010641, 7.645963
6.961493, 7.821682
6.934945, 7.950282
6.917399, 8.035273
6.807493, 8.175030
6.773547, 8.239796
6.722100, 8.347042
6.670721, 8.463856
6.634707, 8.561504
6.612261, 8.665042
6.585123, 8.780268
6.578286, 8.864514
6.571488, 8.974442
6.563102, 9.075793
6.541143, 9.161608
6.518023, 9.260491
6.484505, 9.357398
6.455346, 9.454644
6.428597, 9.543852
6.405030, 9.651918
6.387742, 9.760983
6.378141, 9.862089
6.360084, 9.962749
6.347864, 10.054692
6.325002, 10.162460
6.301461, 10.253161
6.275970, 10.343005
6.259193, 10.424925
6.240091, 10.507867
6.216857, 10.590268
6.194110, 10.659907
6.190601, 10.709209
16a23cdc-7e30-4abc-a110-ab27c17276d3
6.476810, 5.452856
6.406083, 5.442261
6.348322, 5.445681
6.312393, 5.443310
6.264367, 5.435641
6.180303, 5.411718
6.143100, 5.396461
6.110069, 5.404329
6.025917, 5.393971
5.965486, 5.395581
5.904779, 5.398697
5.852676, 5.393878
5.768600, 5.388184
5.684694, 5.386659
5.611550, 5.382336
5.532313, 5.380651
5.449480, 5.385239
5.400871, 5.387932
b5933804-e78e-48fd-9d65-9109ee97b62c
6.510091, 5.635305
6.547838, 5.697913
6.578062, 5.719646
6.639136, 5.757959
6.702504, 5.792343
6.771974, 5.821456
6.818895, 5.842681
6.873412, 5.905839
6.905941, 5.936741
6.961075, 5.983005
7.018952, 6.025785
7.070983, 6.066176
7.126244, 6.107255
7.173974, 6.148404
7.229247, 6.192102
7.282121, 6.233906
7.316953, 6.269488
7.349228, 6.314316
7.371790, 6.355900
7.396995, 6.411769
7.417063, 6.466341
7.425721, 6.511565
7.435737, 6.585939
7.438314, 6.638728
7.432515, 6.748088
