main root
6.604000, 3.035300
6.607707, 4.079895
6.570308, 4.622890
6.397330, 5.133511
6.026241, 5.692331
5.723079, 6.309002
5.609637, 6.701113
df080265-9503-44e5-92a8-6bf0bc96557b
6.596591, 3.445933
6.299550, 3.671843
b150a684-8a26-4a61-b816-7183f281b236
6.608233, 3.067050
6.414367, 3.079326
6.273559, 3.069770
6.130233, 3.085319
72a5e11c-67ad-4cbd-876b-3f199cb41a01
6.595662, 3.591376
6.268082, 3.583769
6.191002, 3.587117
6.114854, 3.623566
6.072902, 3.638944
5.988577, 3.657584
295e6060-7ac0-4288-a7be-932d91e511e2
6.606117, 3.632200
6.420006, 3.606150
6.327075, 3.607683
6.220962, 3.645946
