main root
7.153535, 4.408197
7.158997, 4.701526
7.148345, 4.811472
7.133529, 4.920501
7.116432, 5.024099
7.111280, 5.081285
7.126227, 5.151193
7.134543, 5.250807
7.133133, 5.361090
7.133949, 5.462635
7.118011, 5.579939
7.115727, 5.691047
7.100779, 5.800502
7.083799, 5.909213
7.060863, 6.043674
7.045036, 6.161562
7.028300, 6.270305
7.018509, 6.389411
7.015805, 6.499801
7.000773, 6.595182
6.981436, 6.660188
6.964141, 6.728834
6.960599, 6.843595
6.951014, 6.885230
6.931828, 6.938957
6.943471, 7.044248
6.941962, 7.098645
6.941538, 7.167878
6.939641, 7.234092
6.939156, 7.303324
6.934225, 7.366523
6.930337, 7.435647
6.927948, 7.504840
6.924169, 7.570973
6.918900, 7.637005
6.914889, 7.706124
6.909561, 7.772149
6.908231, 7.844489
6.908457, 7.913723
6.910122, 7.963900
6.935550, 8.212547
6.944083, 8.281253
6.944034, 8.317263
6.945440, 8.386484
6.939184, 8.446860
6.938880, 8.522437
6.937119, 8.588655
6.936780, 8.657888
6.934960, 8.724106
6.937468, 8.796412
6.938270, 8.862649
6.937575, 8.928886
6.938350, 8.998117
6.943650, 9.070272
6.947010, 9.136427
6.952020, 9.205481
6.958524, 9.274409
6.959995, 9.337782
6.963098, 9.406946
6.961450, 9.470314
6.964064, 9.542620
6.968064, 9.611738
6.970400, 9.677937
6.970569, 9.725148
6.987006, 9.853445
6.995035, 10.037540
6.995585, 10.147271
7.000369, 10.257422
6.996680, 10.367527
6.992994, 10.477534
6.993534, 10.587788
6.992055, 10.714521
6.992299, 10.866285
6.990612, 11.002677
6.989354, 11.104260
6.986933, 11.178938
6.987359, 11.258184
6.983484, 11.320062
6.977377, 11.369699
6.962117, 11.690195
6.959303, 11.749379
6.953647, 11.805429
6.947700, 11.864379
6.941757, 11.923329
6.938494, 11.985558
6.935395, 12.044726
6.929466, 12.100750
6.923235, 12.159671
6.914345, 12.215301
6.904999, 12.273808
6.895657, 12.332315
6.888802, 12.394254
6.879554, 12.423414
6.863594, 12.483649
6.848422, 12.540925
6.839635, 12.609178
6.821323, 12.666221
6.799355, 12.705321
6.770335, 12.756979
6.744419, 12.803122
6.713120, 12.846631
6.591300, 12.932833
090f5d82-0ce7-4e44-bfee-7da18583ed33
7.212865, 4.482425
7.425437, 4.582512
7.537357, 4.635698
7.723622, 4.727165
7.911178, 4.777885
7.960960, 4.797564
7.996217, 4.801858
8.054975, 4.809013
8.113750, 4.816160
8.169190, 4.825902
8.227507, 4.836136
8.272006, 4.846971
8.329536, 4.860964
8.379836, 4.879348
8.443127, 4.896091
8.481044, 4.913862
8.539876, 4.938842
8.715261, 4.966501
8.763510, 4.983207
8.809125, 4.992668
8.867133, 5.004703
8.921603, 5.019062
8.986202, 5.029907
9.037731, 5.044630
9.102094, 5.056796
9.158562, 5.068992
9.198451, 5.080670
9.254846, 5.101277
9.716656, 5.266094
9.764485, 5.283164
9.987218, 5.325386
10.035362, 5.336038
10.083159, 5.348149
10.134203, 5.359542
10.185551, 5.369473
10.233653, 5.380304
10.284983, 5.390330
10.336578, 5.398887
10.373067, 5.400384
aea84371-fe27-43aa-8d9e-cd0563727385
7.214340, 4.465582
7.719585, 4.686231
7.908034, 4.718633
7.998958, 4.732210
8.096703, 4.750771
8.179806, 4.777323
8.260911, 4.798883
8.303869, 4.810302
8.388525, 4.821423
8.464802, 4.841606
8.555205, 4.861111
8.622662, 4.884203
8.708734, 4.922492
8.796145, 4.952102
8.937291, 5.000555
9.182086, 5.074032
9.364121, 5.128149
9.574626, 5.209034
9.830874, 5.277396
10.072325, 5.332227
bd442ec5-8537-466c-8f26-cbedc368d375
7.220045, 4.818396
7.286567, 4.829404
7.321648, 4.842204
7.365602, 4.863020
7.424905, 4.891103
7.453600, 4.904693
7.472569, 4.916988
7.595714, 4.975462
7.620521, 4.987283
7.647391, 4.996811
7.678927, 5.001683
7.720555, 5.008113
7.758769, 5.017044
7.814679, 5.031650
7.882040, 5.047700
7.953340, 5.060072
7.991942, 5.071328
8.040714, 5.085548
8.075611, 5.098842
8.123268, 5.123401
8.179979, 5.149259
8.227961, 5.176072
8.289124, 5.208537
8.326673, 5.226772
8.392605, 5.266138
8.417054, 5.274044
8.453502, 5.288988
8.500432, 5.301757
8.537554, 5.314961
8.587657, 5.337547
8.653416, 5.362265
8.722608, 5.383477
8.781761, 5.406307
8.821218, 5.419930
8.870458, 5.424262
8.922051, 5.439037
9.064390, 5.500862
9.128460, 5.528689
9.164709, 5.527677
9.223329, 5.543499
9.313471, 5.565650
9.395943, 5.579509
9.495321, 5.602645
9.561286, 5.618002
9.600455, 5.627121
942288f7-38e4-410a-9905-304de4fc66c6
7.128006, 4.620095
7.072425, 4.694082
7.056277, 4.708103
7.024400, 4.735778
6.984739, 4.766248
6.938290, 4.798158
6.890208, 4.827558
6.847186, 4.859127
6.811348, 4.885423
6.684159, 4.973759
6.617767, 4.996035
6.351699, 5.146882
6.270535, 5.182293
6.230185, 5.203165
6.195149, 5.214548
6.158820, 5.223203
6.131892, 5.232697
6.117649, 5.252613
6.058529, 5.287096
6.019702, 5.311129
5.980548, 5.340293
5.944654, 5.368520
5.924487, 5.385902
5.905091, 5.404596
5.853108, 5.478276
5.752665, 5.563247
5.726642, 5.587225
5.701831, 5.608054
5.675349, 5.636150
5.652066, 5.658673
5.627698, 5.684332
5.610261, 5.704868
b0a21c0d-5e06-4e15-85e8-5e671c36f843
7.135831, 4.478256
7.077427, 4.544301
7.044078, 4.572974
7.009898, 4.608285
6.976037, 4.643266
6.901656, 4.734911
6.862992, 4.768299
6.818910, 4.796479
6.776071, 4.830969
6.722632, 4.879759
6.678419, 4.911701
6.637576, 4.939363
6.598467, 4.960430
6.574280, 4.978558
6.553056, 5.000078
6.517397, 5.038366
6.482848, 5.077660
6.450522, 5.134821
6.405717, 5.177208
6.368870, 5.210006
6.341623, 5.240271
6.307964, 5.284369
6.272911, 5.315988
6.186486, 5.382709
6.153533, 5.404363
6.131449, 5.422453
6.110963, 5.446968
6.083452, 5.475216
6.053986, 5.509756
6.026524, 5.541943
5.999059, 5.574126
5.971591, 5.606307
5.944120, 5.638485
5.926586, 5.663627
5.904324, 5.700778
5.890062, 5.736226
5f1b168f-dd26-497d-8fa0-c3d8f3480816
7.135414, 4.895292
7.079938, 4.933484
7.059378, 4.942839
7.023548, 4.992308
6.912955, 5.172118
6.894359, 5.190925
6.864793, 5.229396
6.829040, 5.235294
6.822548, 5.255602
6.776364, 5.300637
6.750495, 5.334222
6.709827, 5.398417
6.685598, 5.468587
6.667195, 5.540225
6.645532, 5.606513
6.633997, 5.646627
6.580634, 5.731269
6.554359, 5.809759
6.532071, 5.892536
6b34ca64-05b2-4d98-9cdf-ba3481caa097
7.037504, 6.613800
7.076213, 6.630598
7.125090, 6.654070
7.223046, 6.699812
7.248200, 6.726932
7.273692, 6.721067
7.315830, 6.737677
7.376787, 6.770741
7.443937, 6.805461
7.501394, 6.833118
7.660678, 6.870776
7.711898, 6.881343
7.766938, 6.888109
7.787334, 6.920343
7.847020, 6.936886
7.960466, 6.970518
8.087304, 7.002152
8.167400, 7.022127
8.204607, 7.032949
bcfe2e43-0ba7-48df-8a64-7a08a5027ab3
7.048848, 6.311578
7.119573, 6.329659
7.195625, 6.344170
7.249747, 6.362717
7.403473, 6.380458
7.472421, 6.394459
7.514723, 6.396958
7.555912, 6.402408
7.599573, 6.391576
7.645396, 6.390493
acc6860b-d9bc-4405-8cca-28c0928a1db7
6.880493, 6.881986
6.801679, 6.888539
6.749349, 6.900589
6.705359, 6.906112
6.655841, 6.913837
6.587665, 6.925986
6.519772, 6.939606
6.467347, 6.956229
6.366152, 6.994481
6.288998, 7.007216
6.228077, 7.020309
6.172450, 7.029208
6.116430, 7.035142
6.057512, 7.041389
5.993273, 7.054223
5.951405, 7.054957
5.913779, 7.061604
523aab8b-8796-405d-b0f1-507992a3c1fa
6.871759, 7.070063
6.818389, 7.081114
6.757707, 7.106251
6.712397, 7.121780
6.659546, 7.144640
6.598542, 7.172657
6.565108, 7.189660
6.397632, 7.272902
6.337673, 7.301037
6.284024, 7.312984
6.225886, 7.315194
6.187964, 7.341704
6.071755, 7.387067
6.032048, 7.399354
5.982706, 7.414267
80039335-8503-4e26-940c-8f5d6b9236df
7.103711, 4.384424
7.002372, 4.436881
6.980514, 4.457188
6.943631, 4.487365
6.912506, 4.512833
6.807380, 4.668596
6.789619, 4.694920
6.748156, 4.746132
6.698964, 4.789986
6.677454, 4.825210
6.639984, 4.890031
10715ef3-8414-4360-b7de-b3aadad4bab5
6.979481, 8.443625
7.043417, 8.449997
7.077911, 8.448713
7.132587, 8.439373
86830c47-387a-41a7-90bf-4fe09b0fda82
6.888064, 8.828825
6.841066, 8.847667
73a89443-fa16-4ed2-8c70-e3834ca868cd
6.941845, 7.941343
7.052900, 7.976623
7.084425, 7.977199
7.131017, 7.993058
7.164214, 7.996740
7.216486, 7.999525
7.265682, 8.002147
7.310069, 8.004512
7.359421, 8.007389
adaeab5a-e15c-4a68-9979-d0e8c454c650
6.870401, 7.797789
6.663267, 7.861300
1dfc92a0-ac6e-4081-92b8-54de8db10f07
6.959611, 7.564438
7.035692, 7.629339
7.080916, 7.663816
7.110600, 7.671520
7.154333, 7.675033
f90ffbc8-cb9b-4cfb-a690-1f8b6be59a45
6.966508, 7.256421
7.050675, 7.258702
7.148574, 7.282507
7.209328, 7.279900
7.289402, 7.290978
7.330109, 7.292077
f0541ce7-af65-4a41-b021-98054f1cb59d
7.164716, 5.529424
7.199503, 5.539388
7.262934, 5.574479
