main root
6.997693, 4.822119
7.012935, 5.017735
7.026024, 5.185717
7.051530, 5.356366
7.097443, 5.571804
7.130876, 5.718794
7.154565, 5.876419
7.169948, 6.021154
7.189218, 6.182993
7.205312, 6.335201
7.219401, 6.487608
7.233981, 6.622656
7.241744, 6.785848
7.250687, 6.932013
7.254751, 7.066771
7.256473, 7.193512
7.254130, 7.328308
7.255594, 7.470736
7.250592, 7.596991
7.252920, 7.698531
7.246798, 7.800614
7.242444, 7.927329
7.217632, 8.165062
7.205847, 8.257710
7.188753, 8.392099
7.157192, 8.556368
7.072194, 8.700300
7.041697, 8.768584
7.023298, 8.835571
7.007433, 8.925277
6.998634, 9.035773
6.981409, 9.092203
6.952365, 9.187353
6.950582, 9.286496
6.984492, 9.425413
6.988088, 9.475620
6.983844, 9.534168
6.969444, 9.587363
6.932582, 9.683051
6.914301, 9.753582
6.900967, 9.821796
6.895170, 9.892012
bc2351de-81ad-48b0-94c0-0090919abd25
7.021178, 5.114231
7.080855, 5.111826
7.136970, 5.126497
7.190274, 5.154717
7.276297, 5.206923
7.318661, 5.239651
7.347142, 5.254103
7.375687, 5.265245
7.416944, 5.274937
7.478154, 5.286253
7.539836, 5.294626
7.581372, 5.298752
2b9c5110-5c89-406c-b3a6-f27153e61c60
7.020000, 5.158660
6.940307, 5.173201
6.865036, 5.193901
6.772892, 5.215542
6.732848, 5.223409
6.699900, 5.226832
6.660460, 5.227919
6.604127, 5.226477
6.547948, 5.222045
6.490470, 5.216009
6.447184, 5.214473
6.405029, 5.218969
6.362380, 5.226527
c111341c-767b-424a-9ef0-09240372261b
7.050573, 5.508534
6.993023, 5.532614
6.942143, 5.558485
6.898639, 5.567937
