main root
6.853766, 4.754033
6.744073, 4.918801
6.677734, 5.027812
6.640892, 5.070201
6.590203, 5.154882
6.548395, 5.269628
6.516512, 5.357137
6.492858, 5.446638
6.485811, 5.539154
6.459699, 5.632702
6.445759, 5.739302
6.430932, 5.852698
6.426745, 5.981867
6.418452, 6.108127
6.407022, 6.217576
6.404134, 6.346307
6.403971, 6.471703
6.412241, 6.593633
6.421804, 6.703363
6.432095, 6.821451
6.442387, 6.939538
6.460586, 7.051641
6.489221, 7.149412
6.522071, 7.232418
6.561718, 7.315481
6.586202, 7.361960
6.597681, 7.407062
70a3b18f-4817-4067-a4e1-453432407cbb
6.643055, 5.068075
6.573065, 5.077151
6.544644, 5.080887
6.491310, 5.085877
e848ce3c-a169-45a8-ad8b-8b86b290a16a
6.732754, 5.019428
6.787477, 5.054780
6.819531, 5.080456
b90f896f-61b8-4f28-a63e-3f82febfc446
6.593523, 5.205515
6.651840, 5.220533
6.686266, 5.234597
6.722223, 5.248949
6.738529, 5.256089
