main root
6.788876, 4.873276
6.870497, 5.034199
6.893642, 5.234747
6.820525, 5.550293
6.768723, 5.705006
6.769644, 5.883510
6.764278, 6.066866
6.765579, 6.235033
6.759880, 6.430011
6.763357, 6.593464
6.771713, 6.787762
6.791597, 6.916605
6.802269, 7.025577
6.809016, 7.073341
6.811348, 7.268153
6.822259, 7.314587
6.835840, 7.399627
6.847191, 7.483934
6.860467, 7.567099
6.879748, 7.648416
6.897361, 7.731635
6.900380, 7.795909
6.894094, 7.883039
6.899563, 7.951335
6.913257, 8.069497
6.921917, 8.162488
6.926823, 8.215178
6.927657, 8.323102
6.930477, 8.415977
6.934073, 8.534446
6.927396, 8.660365
6.923216, 8.779008
6.908454, 8.901671
6.881978, 9.026101
6.852994, 9.152249
6.828468, 9.268414
6.803981, 9.384397
6.781245, 9.492077
6.764113, 9.583405
6.744270, 9.666687
6.726119, 9.742872
6.705770, 9.800656
6.671174, 9.889263
6.663940, 9.936147
6.649240, 10.017893
6.629161, 10.117597
6.611192, 10.217539
6.586125, 10.333115
6.566909, 10.441682
6.543576, 10.549225
6.523831, 10.640234
6.508295, 10.731684
6.488469, 10.823267
6.472975, 10.914721
6.461646, 11.006782
6.456620, 11.099281
6.455341, 11.200810
6.456274, 11.293730
6.459408, 11.395230
6.460432, 11.496927
6.461285, 11.581588
6.455920, 11.675483
6.451090, 11.760008
6.441108, 11.829769
6.432853, 11.908594
6.426461, 11.969645
c68e2444-4907-46e2-8769-5b56aef72235
6.981392, 5.082482
7.092928, 5.159124
7.142841, 5.182832
7.174352, 5.201281
7.210667, 5.216554
7.283249, 5.260580
7.343448, 5.293044
7.443508, 5.354916
7.472868, 5.360678
7.570599, 5.379303
7.672384, 5.443258
7.783253, 5.493559
7.929754, 5.560027
8.081323, 5.597292
8.168341, 5.631492
8.315505, 5.711345
8.458427, 5.781904
8.596013, 5.843086
8.721892, 5.910625
8.857084, 5.993858
8.991018, 6.075504
9.104744, 6.152147
9.217958, 6.241131
9.317808, 6.324939
9.393764, 6.404924
9.478886, 6.510435
9.564388, 6.609746
9.660270, 6.715076
9.753516, 6.823669
9.847295, 6.932882
9.939201, 7.043096
10.016800, 7.152444
10.091381, 7.264749
10.155784, 7.361730
10.197923, 7.432365
240ef5a5-8fff-4201-9b31-b61055102315
6.872165, 5.131791
6.807592, 5.148098
6.754633, 5.157157
6.680100, 5.203888
6.449818, 5.245582
6.366856, 5.283635
6.294925, 5.325089
6.242539, 5.356029
6.158521, 5.398322
6.086828, 5.439146
6.037225, 5.474654
6.001955, 5.512654
5.946166, 5.575808
5.910063, 5.629206
5.866583, 5.688171
5.846492, 5.725503
5.822632, 5.776154
5.805121, 5.820347
5.782095, 5.902841
5.759530, 5.972542
5.736060, 6.045033
5.727999, 6.147683
5.704528, 6.181596
5.676819, 6.221608
5.672306, 6.257465
5.627141, 6.352577
5.597295, 6.429385
5.564579, 6.488788
5.530882, 6.549974
5.517922, 6.585918
5.497480, 6.669094
5.476005, 6.737660
5.445635, 6.834620
5.424819, 6.911092
5.403753, 6.982783
5.377160, 7.080789
5.346537, 7.161966
5.322257, 7.239051
5.298386, 7.309857
5.263899, 7.405531
5.241473, 7.486088
5.220878, 7.567803
5.202300, 7.649999
5.187866, 7.732675
5.169736, 7.824288
5.155416, 7.907334
5.138912, 7.990836
5.124613, 8.073881
5.110246, 8.157322
5.092431, 8.225499
5.080122, 8.284445
5.071501, 8.369661
5.061154, 8.442195
5.050394, 8.517630
5.044713, 8.599836
5.036680, 8.672662
5.030972, 8.751705
5.032410, 8.835709
5.026103, 8.904544
5.018377, 8.988853
5.010650, 9.056786
5.001555, 9.110259
516888f7-ab2c-4fbd-9ad3-de1631fd40b5
6.894030, 5.240113
6.984497, 5.268895
7.030096, 5.275307
7.091184, 5.279014
7.214683, 5.313174
7.315706, 5.344474
7.422378, 5.350816
7.537129, 5.380604
7.644533, 5.430799
7.790279, 5.498914
7.936788, 5.562861
8.088881, 5.597947
8.167245, 5.630912
8.296423, 5.705343
8.431582, 5.766942
8.570252, 5.830141
8.697473, 5.894954
8.824992, 5.973774
8.958063, 6.052556
9.077983, 6.133167
9.184481, 6.215555
9.281481, 6.297497
9.386198, 6.396719
9.475031, 6.506584
9.563892, 6.609847
9.659748, 6.715200
9.747235, 6.815739
9.842099, 6.927773
9.940577, 7.044076
10.022427, 7.159983
10.093815, 7.264714
10.153321, 7.359507
10.197457, 7.431720
bb046d48-2ede-4afe-abeb-ec4afa9ff24b
6.933111, 5.466139
6.985613, 5.505749
7.082851, 5.592220
7.153714, 5.638295
7.268401, 5.697839
7.348021, 5.748658
7.410469, 5.788516
7.478898, 5.814039
7.515306, 5.839665
7.611974, 5.865622
7.743867, 5.893936
7.806790, 5.922819
7.852654, 5.952106
7.919419, 5.992281
7.970967, 5.997098
8.041711, 6.021636
8.120409, 6.065599
8.173841, 6.105138
8.233004, 6.150781
8.288308, 6.193447
8.325196, 6.214344
8.403740, 6.248517
8.504046, 6.318644
8.558153, 6.363779
8.613900, 6.408331
8.650177, 6.447435
16b4019f-ed9a-46d7-be02-3e09a44cc3d0
6.874238, 5.749185
6.907916, 5.783713
6.967025, 5.867908
7.005944, 5.923345
7.046774, 5.968480
7.101183, 5.994041
7.145213, 6.031571
7.209260, 6.062540
7.252594, 6.082327
7.296257, 6.104420
7.358623, 6.144805
7.412218, 6.188427
7.479846, 6.238125
7.520396, 6.269781
7.571678, 6.290643
7.676410, 6.346566
7.752061, 6.398950
7.823334, 6.443257
7.883925, 6.484448
7.951099, 6.526495
8.027079, 6.576550
8.066510, 6.609696
8.111389, 6.649377
8.147792, 6.690243
b9165080-004a-4ad0-890d-a35e9bb31842
6.877817, 4.908286
7.013636, 4.931308
7.093811, 4.940212
7.158651, 4.946984
7.224713, 4.961423
7.292006, 4.982260
7.338804, 4.999889
7.449459, 5.010028
7.536035, 5.042326
b726b288-4730-4b0d-90ec-fc5fc4783b8f
6.956223, 5.452768
7.225738, 5.661858
7.330583, 5.726483
7.475559, 5.806865
7.717850, 5.936684
7.768360, 5.994080
7.826920, 6.051248
7.890938, 6.105047
7.953924, 6.149852
8.026344, 6.191189
8.088441, 6.230080
8.150959, 6.271000
8.207218, 6.312880
8.241288, 6.345707
8.287697, 6.398733
8.350463, 6.467259
8.391983, 6.517019
8.414134, 6.550576
8.458199, 6.593417
8.508606, 6.646596
8.572673, 6.714187
8.616628, 6.769263
8.664156, 6.828819
8.729434, 6.917399
8.776732, 6.979057
8.827306, 7.040069
8.900881, 7.122195
8.958070, 7.179301
9.009877, 7.233149
9.070042, 7.301784
9.105526, 7.353615
9.146491, 7.416101
9.205646, 7.498617
9.247954, 7.560203
9.289021, 7.622624
9.319536, 7.674177
4ec66ede-57e8-4666-892c-e6e13e00a949
6.777312, 7.153684
6.674461, 7.168124
6.637022, 7.168740
6.602673, 7.171012
6.581316, 7.168137
6.547014, 7.165242
6.512610, 7.164053
6.481285, 7.161683
6.443663, 7.163550
6.412248, 7.163822
6.384733, 7.164060
6.360817, 7.162770
0998799e-cb5a-459d-b585-46991baae18f
6.711958, 6.776827
6.612442, 6.752161
6.573539, 6.726737
6.538710, 6.701694
6.525911, 6.692846
6.491132, 6.668804
6.437188, 6.624774
6.383186, 6.565836
6.360991, 6.539398
6.338335, 6.519392
6.304507, 6.503499
6.237381, 6.450510
ed5ac8b5-6a21-41c6-98f3-f54ed5c36467
6.659817, 5.712733
6.588258, 5.745485
6.542189, 5.767482
6.451780, 5.820068
6.415564, 5.834337
6.341292, 5.870037
6.272615, 5.903046
6.207438, 5.926070
6.139751, 5.953155
6.036483, 6.014327
5.981078, 6.043668
10b4aedc-ab21-463d-9cd4-07a6895fec78
6.740009, 5.451124
6.596555, 5.503551
6.516793, 5.525729
6.453494, 5.541821
6.394331, 5.562629
6.358762, 5.577952
6.287593, 5.614760
6.225695, 5.646391
6.098082, 5.747293
5.977401, 5.813352
5.919991, 5.855016
5.870311, 5.891070
5.794350, 5.956856
5.732569, 6.070212
5.676985, 6.110710
5.651350, 6.136452
5.622966, 6.162818
5.611933, 6.197635
5.590771, 6.244598
5.565857, 6.311388
5.537371, 6.353497
5.508058, 6.399078
5.487582, 6.438784
5.458981, 6.503534
5.434322, 6.569886
5.414718, 6.639827
5.391610, 6.694540
5.360745, 6.772950
5.338400, 6.837889
486ad2e9-ad67-408a-b203-2bd425dfcfd0
6.811388, 5.362110
6.658915, 5.319254
6.681526, 5.217290
6.640344, 5.141008
6.611371, 5.122335
6.592151, 5.108113
6.574834, 5.110137
6.550912, 5.111432
6.518541, 5.111692
6.483224, 5.113479
6.448015, 5.116766
6.424069, 5.117507
6.400124, 5.116756
6.376272, 5.114518
6.357504, 5.106743
6.332129, 5.091362
6.313423, 5.094359
6.245683, 5.065504
6.152597, 5.049773
6.101867, 5.047272
6.044309, 5.048930
5.973698, 5.053957
5.914578, 5.058166
5.854074, 5.063975
5.794145, 5.063714
5.751809, 5.063529
5.710980, 5.061853
5.671797, 5.057250
5.639382, 5.050427
5.619133, 5.056625
5.554985, 5.057986
5.528939, 5.057041
5.502005, 5.057562
