main root
7.433912, 3.956950
7.252080, 4.246129
7.185578, 4.292360
7.163258, 4.304483
7.015005, 4.613441
6.987473, 4.656977
6.943026, 4.704860
6.890084, 4.731095
6.867325, 4.742373
6.742572, 4.983158
6.666189, 5.118260
6.612038, 5.214040
6.552928, 5.327124
6.503791, 5.425694
6.456557, 5.525190
6.423005, 5.605704
6.403543, 5.775731
6.387044, 5.901409
6.371616, 6.018930
6.363563, 6.129045
6.345804, 6.267258
6.341908, 6.396427
6.338589, 6.506448
6.335781, 6.599541
6.335083, 6.692463
6.334447, 6.777132
6.330983, 6.839730
6.329704, 6.900901
2f8d3df3-a95d-45e5-bb6c-2f13bf1e044f
7.418794, 4.062732
7.478707, 4.195016
7.530266, 4.251331
7.577063, 4.296301
7.640124, 4.344448
7.680086, 4.376841
063befe8-0610-463c-adc2-82d4ac67152e
7.207646, 4.330538
7.280812, 4.433528
7.330780, 4.493006
7.383693, 4.543096
7.439026, 4.595477
7.483604, 4.637676
7.514187, 4.679504
4c3db3b6-5186-4abb-8332-67f6f38cad05
7.152619, 4.401225
7.232043, 4.509465
7.238701, 4.528659
7.252880, 4.555495
36c83aeb-9e24-4230-a5ed-969c2ba90618
7.081349, 4.502119
7.133835, 4.573838
7.164556, 4.651079
7.188572, 4.699783
7.204385, 4.728861
