main root
6.789372, 5.217318
6.667752, 5.423346
6.581645, 5.634739
6.517635, 5.933896
6.466741, 6.148920
6.385296, 6.412039
6.329654, 6.522340
6.291896, 6.657624
6.278170, 6.781558
6.290920, 7.048194
6.316490, 7.221133
6.341693, 7.390532
6.350122, 7.544620
6.351945, 7.732004
6.374568, 7.826966
6.415843, 8.012337
6.427624, 8.142262
6.430622, 8.275701
6.459733, 8.421622
6.456175, 8.499391
6.426905, 8.641916
6.421678, 8.759630
6.408338, 8.922513
6.416107, 9.101559
6.395412, 9.299725
6.390384, 9.503730
6.381364, 9.735623
6.385204, 9.853261
6.389579, 9.922769
6.385497, 9.977030
1460746c-a1e1-4320-817f-82151c3878aa
6.649432, 5.280898
6.572951, 5.182908
6.507892, 5.124015
6.500027, 5.188580
6.488060, 5.244403
6.465900, 5.282361
6.444738, 5.323383
f7c34dd3-8ce2-46fc-8042-6948cd4efc0c
6.616700, 5.499100
6.502400, 5.643033
6.414070, 5.685288
6.329381, 5.752454
6.241765, 5.773874
6.181533, 5.761953
6.312891, 5.922883
6.471536, 6.111745
6.539105, 6.323629
6.588085, 6.431942
6.594879, 6.474310
6.654960, 6.538910
6.708499, 6.590362
6.821704, 6.684555
6.879552, 6.739355
930d1fff-2736-4af2-9a56-0ddea873add2
6.640212, 5.468499
6.530248, 5.527732
6.483807, 5.582192
6.430961, 5.672563
6.356316, 5.742756
6.304992, 5.850550
6.255646, 5.976901
6.223763, 6.067871
6.204461, 6.122949
6.159560, 6.201858
6.104039, 6.298635
6.069398, 6.349399
6.036561, 6.425487
6.014136, 6.495582
5.992070, 6.554733
5.970937, 6.598536
5.896562, 6.669037
5.861116, 6.706761
8d9d175f-e4ee-45bd-92b2-7e7b357dcdb5
6.735233, 5.359400
6.817573, 5.507865
6.802325, 5.624645
6.769606, 5.709098
6.710067, 5.800541
6.702378, 5.818248
6.674414, 5.853696
6.637957, 5.902326
6.602409, 5.949744
6.550763, 5.996423
f8199932-c2af-4ac5-8d56-9b7ec030e319
6.857598, 5.325019
6.984658, 5.328407
7.080244, 5.330658
7.132817, 5.334066
7.188848, 5.340092
7.266264, 5.346911
7.323674, 5.356133
7.360701, 5.368144
7.413688, 5.393200
7.473510, 5.419196
7.523528, 5.448846
eef7380e-b5ce-4b44-b7ab-7d8c752e1e85
6.783673, 5.412605
6.904617, 5.488048
7.010039, 5.528824
7.090995, 5.549998
7.146728, 5.567669
7.194887, 5.589778
7.250673, 5.615387
7.296956, 5.649647
7.325877, 5.671055
7.377698, 5.705689
7.435275, 5.736970
7.445048, 5.779250
848296db-f861-4ae0-89e8-61896c7ef419
6.300874, 6.581247
6.177992, 6.630038
6.111458, 6.673205
6.076839, 6.692096
6.041537, 6.711357
6.018046, 6.727580
5.991159, 6.749783
5.958126, 6.780941
5.927218, 6.814206
5.898411, 6.845206
5.873918, 6.871563
5.856782, 6.894396
5.842729, 6.923089
5.824115, 6.961093
5.805498, 6.999095
5.786880, 7.037096
5.769630, 7.079102
5.753552, 7.118246
5.737473, 7.157389
5.721391, 7.196532
5.703677, 7.231767
5.684667, 7.269575
5.666321, 7.309393
5.646413, 7.341872
5.631303, 7.375118
8d33d15e-41ba-453a-9d7d-2f12998aa29b
6.354171, 6.750051
6.473217, 6.740906
6.571667, 6.729970
6.657791, 6.724543
6.683141, 6.722945
6.696382, 6.708665
6.733489, 6.679411
6.758179, 6.661810
6.798644, 6.641793
6.898723, 6.630608
c0a696f0-8fe6-428b-9b1a-5052000bba42
6.336773, 6.735227
6.460753, 6.741468
6.545198, 6.768996
6.611718, 6.783941
