main root
5.412494, 3.133117
5.243735, 3.696211
5.402840, 4.146680
5.392988, 4.804301
5.352955, 5.134397
5.361568, 5.477415
5.384326, 6.427933
5.479672, 6.941366
5.549241, 7.467085
5.668911, 8.251415
5.716389, 8.624293
5.743965, 8.948266
5.837645, 9.436048
5.897814, 9.750181
5.972827, 10.345003
6.020147, 10.650502
6.042277, 11.055685
6.029627, 11.317033
5.895348, 11.534151
5.648848, 11.646051
7256479e-14ff-4770-8948-a4c3f62a3ae5
5.500472, 6.854666
5.793900, 6.855164
18c0e70e-1da7-4279-b3fc-358eb63704f5
5.441929, 6.701665
5.330334, 6.741142
5.189151, 6.751815
5.096767, 6.738851
cba8eea3-58a7-408b-97d1-9eb3b7ddafa6
5.397330, 6.475156
5.312449, 6.503196
4.931045, 6.505757
b19f7d35-9097-4a7b-87fb-35b06b831502
5.336774, 6.339812
5.246173, 6.390839
5.159175, 6.369147
5.046912, 6.331534
4.954211, 6.314590
a4f32223-0bf2-430c-bf78-daac3b4aa431
5.391140, 6.083088
5.602763, 6.146862
5.738469, 6.159014
8af99274-e1f4-48af-80f9-c6bd9139f4a5
5.363612, 5.508624
5.256698, 5.571603
5.122389, 5.561743
4.904316, 5.501216
4.745112, 5.472118
4.604681, 5.445836
4.413703, 5.411726
4.261447, 5.404162
4.142885, 5.400919
1a38baae-c049-41ad-a922-9f1073a62f54
5.410452, 4.633058
5.303366, 4.602762
5.164679, 4.584203
4.950042, 4.531720
4.819217, 4.497884
4.694268, 4.471722
4.614070, 4.462995
4.458958, 4.417062
4.318265, 4.389392
4.238922, 4.361114
8532bc5c-e95d-4f51-b78e-3a530b058dbe
5.267432, 3.813658
5.051388, 3.923465
4.720941, 4.081284
4.399843, 4.247154
3.907713, 4.477762
3.735939, 4.565267
3.192412, 4.764529
2.995988, 4.831734
2.837476, 4.882522
2.282386, 5.088190
1.979134, 5.158548
d631805f-580f-441f-a1e2-590a762b1c67
4.921252, 3.848012
4.891334, 3.936564
4.683614, 4.199437
4.560970, 4.351858
4.409690, 4.496532
4.275791, 4.607469
4.177070, 4.708453
4.053464, 4.818703
3.933415, 4.948556
2efe1343-0775-49cc-9276-252efbfcbaaf
5.418684, 4.279512
5.525752, 4.560588
5.568782, 4.672739
5.621379, 4.888272
5.721368, 5.127935
5.870008, 5.439609
5.931392, 5.536664
6.060021, 5.687944
6.179767, 5.856980
6.273800, 5.962650
6.330369, 6.115418
c25aacf6-4123-486e-ac19-61f2930dfe23
5.408200, 4.222958
5.557908, 4.464099
5.656791, 4.640161
5.733116, 4.749748
5.789403, 4.886672
5.905078, 5.025837
6.042946, 5.195455
6.126172, 5.314079
21c66462-0eeb-4ef8-9fb9-912068c2fe96
5.431397, 4.047602
5.758721, 4.110889
5.897303, 4.127152
6.174338, 4.171699
6.570632, 4.214935
6.828769, 4.233743
7.044807, 4.276253
7.195675, 4.290345
7221f026-0fab-468f-b6ef-4f52d7964c31
5.262034, 3.653367
5.432280, 3.863578
5.492158, 3.927129
5.536328, 3.992229
5.814877, 4.189767
5.973906, 4.330771
6.206779, 4.478823
6.500753, 4.688493
6.898381, 4.950865
7.085356, 5.046127
7.197725, 5.107384
826ad742-974f-42ad-87da-e48a403e660b
5.219323, 3.566617
5.060604, 3.586076
4.684093, 3.629030
4.585579, 3.648938
4.389678, 3.728684
4.185157, 3.789204
4.033830, 3.837824
