main root
6.184794, 5.687689
6.034329, 5.922950
5.917982, 6.064157
5.858470, 6.254035
5.812122, 6.445737
5.776437, 6.602053
5.742982, 6.767239
5.719776, 6.892394
5.692037, 7.007281
5.680171, 7.118353
5.660860, 7.262430
5.628957, 7.369873
5.652773, 7.431582
5.685319, 7.527657
5.713563, 7.601706
5.721005, 7.699647
5.726778, 7.775631
5.732551, 7.851616
5.744747, 7.933116
5.756024, 8.008481
5.767300, 8.083845
5.785383, 8.164246
5.798524, 8.236328
5.815674, 8.313705
5.832164, 8.388103
5.848653, 8.462502
5.875852, 8.543724
5.900048, 8.615984
5.924244, 8.688243
5.952229, 8.762391
5.971420, 8.830199
5.992172, 8.903522
6.024008, 8.983039
6.049015, 9.013284
6.026446, 9.072515
6.095770, 9.286126
6.177367, 9.501752
6.212615, 9.612798
6.236381, 9.694526
6.250466, 9.750389
6.252728, 9.798141
34cb6172-9ce2-4e9a-aecf-56914770b8c9
6.100988, 5.655665
6.039780, 5.655085
5.979719, 5.668098
5.927453, 5.680585
5.892770, 5.662040
5.887444, 5.602040
5.812932, 5.535156
5.794030, 5.518188
5.736752, 5.513064
5.676077, 5.501524
5.621378, 5.488069
5.590551, 5.480483
5.559482, 5.487100
5.495995, 5.482813
5.436538, 5.490703
5.416341, 5.512008
5.341150, 5.537800
5.269868, 5.562251
5.207244, 5.572076
5.170007, 5.574888
5.126981, 5.572134
5.066248, 5.569747
5.001803, 5.570209
4.944430, 5.575111
4.854776, 5.591263
4.798862, 5.598295
4.734863, 5.612377
4.679260, 5.621546
4.622014, 5.629470
4.559017, 5.645744
4.477970, 5.668823
4.436249, 5.679146
4.405032, 5.696120
de95fae5-b25c-404c-89d2-23e47824fa1a
5.965486, 5.909795
5.878057, 5.878289
5.803365, 5.866988
5.724279, 5.889068
5.654520, 5.938479
5.606704, 5.979694
5.572522, 6.008345
5.533609, 6.046459
5.498271, 6.075096
5.461347, 6.091250
5.438077, 6.101430
5.390683, 6.157947
5.357889, 6.185063
5.319928, 6.214224
5.280631, 6.244411
5.221145, 6.313498
5.101241, 6.409278
5.019718, 6.485498
4.913812, 6.561507
4.817297, 6.621510
4.714973, 6.671284
4.650868, 6.698795
4.438356, 6.938974
4.306157, 7.041279
4.162178, 7.163402
4.034079, 7.271996
86eefbd3-4423-4723-b322-19c78bf95a43
5.845794, 6.095995
5.707951, 6.143626
5.596194, 6.216307
5.498146, 6.280682
5.261384, 6.478824
5.175108, 6.540245
5.029277, 6.630206
4.835431, 6.667979
4.704441, 6.732384
4.454205, 6.929800
4.227438, 7.108328
4.120837, 7.194925
4.050454, 7.257293
3.968087, 7.341500
3.903850, 7.398847
9418ce94-647f-4999-a0df-4800a8aeb5d8
5.877685, 6.086710
5.646036, 6.181095
5.441609, 6.334114
5.303254, 6.452346
4.846022, 6.859070
4.763916, 6.927525
4.684173, 6.991771
4.613513, 7.056712
4.536663, 7.150267
4.474670, 7.206479
4.375765, 7.279115
4.273396, 7.354295
4.217610, 7.409923
4.128972, 7.501274
4.073578, 7.564321
4.023420, 7.623674
3.989619, 7.668310
5103f8ad-e845-41a6-8ce1-e149c4694030
5.786967, 6.743700
5.838173, 6.776291
5.873749, 6.855884
5.891040, 6.903642
5.908052, 6.964091
5.931253, 7.030296
5.955272, 7.094590
5.984572, 7.160187
5.996519, 7.201613
6.015780, 7.273802
6.023739, 7.327762
6.029334, 7.394120
6.024724, 7.495446
6.032267, 7.599732
6.028589, 7.656981
