main root
6.833104, 4.357533
6.788404, 4.559742
6.736018, 4.690809
6.687117, 4.803843
6.663254, 4.867208
6.705185, 4.990608
6.669193, 5.096713
6.654501, 5.198974
6.632533, 5.366458
6.612891, 5.500159
6.594916, 5.650247
6.575403, 5.803995
6.554414, 5.959508
6.541051, 6.103007
6.529556, 6.271160
6.513489, 6.405178
6.502103, 6.535357
6.496095, 6.652233
6.499538, 6.748863
6.505274, 6.825784
6.509245, 6.885530
6.554017, 7.048545
6.569368, 7.116445
6.599235, 7.248540
6.601616, 7.482225
6.611297, 7.605824
6.616751, 7.675461
6.615937, 7.739809
6.585605, 8.040648
6.587192, 8.138628
6.610311, 8.266533
6.620319, 8.416130
6.635821, 8.585611
6.647042, 8.729898
6.654919, 8.831190
6.654356, 8.963236
6.756246, 9.320090
6.772113, 9.429607
6.787303, 9.563561
6.792267, 9.699297
6.786807, 9.840742
6.775487, 9.971215
6.768819, 10.072545
6.770247, 10.145607
6.771116, 10.190048
6.782784, 10.401038
6.783838, 10.474302
6.784932, 10.550496
6.792096, 10.632589
6.798721, 10.708504
6.805345, 10.784419
6.818455, 10.865778
6.823715, 10.936051
6.832610, 11.014805
6.841163, 11.090527
6.856337, 11.171527
6.863380, 11.241645
6.874275, 11.320144
6.881374, 11.393071
6.885488, 11.466228
6.896079, 11.547951
6.899166, 11.618353
6.914992, 11.705923
6.928543, 11.780910
6.920020, 11.835237
58d4444b-b55c-419d-b1cd-c720e844f856
6.724692, 4.730421
6.643046, 4.760795
6.550970, 4.763400
6.422156, 4.787285
6.366746, 4.805134
6.290374, 4.836031
6.214800, 4.876300
6.145105, 4.920225
6.082536, 4.952583
6.028015, 4.980774
5.993485, 5.005361
5.941376, 5.053489
5.894472, 5.082513
5.787918, 5.172504
5.752944, 5.209280
5.689313, 5.259023
5.654004, 5.286046
5.617861, 5.316900
5.583415, 5.349640
5.550873, 5.379940
5.518022, 5.409903
5.484864, 5.439527
5.451166, 5.473034
5.419328, 5.499826
5.384288, 5.536540
5.359233, 5.553459
5.319714, 5.590433
5.296691, 5.607247
5.260518, 5.633100
5.224079, 5.658579
5.187380, 5.683682
5.150425, 5.708409
5.112395, 5.736906
5.077142, 5.759010
5.036392, 5.794621
5.002896, 5.819312
4.966836, 5.845325
4.929158, 5.879324
4.896060, 5.904542
4.858717, 5.943711
4.827504, 5.967112
4.789258, 6.010180
4.770949, 6.030111
4.588738, 6.228256
4.554980, 6.274188
4.510977, 6.340989
4.459743, 6.418768
4.417824, 6.482405
4.374199, 6.537750
4.330959, 6.592608
4.296577, 6.645901
4.256159, 6.714074
4.217820, 6.781673
4.178455, 6.835913
4.115264, 6.915778
4.068471, 6.979744
4.023154, 7.039157
3.963270, 7.121157
3.922997, 7.173766
3.881824, 7.227550
3.827024, 7.302596
3.756971, 7.384507
3.631393, 7.585635
3.592942, 7.658518
3.556135, 7.721871
3.515687, 7.779574
3.471214, 7.837802
3.443672, 7.868934
3.394506, 7.972636
3.365416, 8.051458
3.333718, 8.111412
3.292753, 8.202474
3.264215, 8.281076
3.239508, 8.361279
3.216249, 8.451072
3.192896, 8.541228
3.167448, 8.631087
3.142266, 8.712392
3.119322, 8.793481
3.098383, 8.875106
3.079457, 8.957223
3.060442, 9.039727
3.037423, 9.130240
3.018670, 9.212394
2.997711, 9.294891
2.974748, 9.376852
2.956130, 9.458684
2.937571, 9.549732
2.922777, 9.632693
2.905798, 9.716100
2.893142, 9.799063
2.877889, 9.869275
2.859422, 9.940179
2.844501, 10.021222
2.836708, 10.104877
2.822882, 10.172605
2.804678, 10.261783
2.795788, 10.305335
a960abf7-9df7-4082-8c65-413a365ed0f6
6.824692, 4.520203
6.876427, 4.580523
6.907131, 4.615737
6.946902, 4.649961
6.985916, 4.681557
7.022249, 4.714952
7.286893, 4.985944
7.323702, 5.054503
7.339674, 5.090580
7.355955, 5.127354
7.370187, 5.152106
7.395378, 5.189909
7.414702, 5.224308
7.435437, 5.261217
7.459210, 5.297423
7.482446, 5.332811
7.505681, 5.368199
7.533061, 5.404448
7.554386, 5.437644
7.573132, 5.472362
7.597302, 5.510825
7.623955, 5.547612
7.648792, 5.581894
7.681992, 5.617513
7.710856, 5.648481
7.739722, 5.679450
7.768587, 5.710418
7.793221, 5.741239
7.819654, 5.774309
7.850293, 5.807848
7.863195, 5.826411
7.879565, 5.855208
86d7abef-b19a-4db8-b372-3f9bed6c380d
6.596788, 5.490063
6.717154, 5.695211
6.740522, 5.747225
6.749922, 5.782779
6.756402, 5.807328
6.776232, 5.817486
6.816332, 5.893523
6.849463, 5.959555
6.871531, 6.008160
6.885297, 6.040430
6.894436, 6.084606
6.915081, 6.161012
6.928868, 6.212088
6.939693, 6.240755
6.964447, 6.297866
6.991905, 6.353727
7.013518, 6.394300
94b40be0-988d-41e1-a434-c26966771fe1
6.758211, 4.544880
6.807829, 4.705432
6.814967, 4.838209
6.812490, 4.892152
6.803318, 4.928737
6.794510, 4.957718
6.786274, 4.989964
6.778449, 5.026649
6.776607, 5.056818
6.778621, 5.097489
6.782702, 5.149647
6.781838, 5.196165
6.773827, 5.224520
6.791288, 5.243149
6.798666, 5.283712
6.793720, 5.458598
6.787465, 5.520937
6.779362, 5.586688
6.772380, 5.655575
6.773734, 5.716421
6.779592, 5.777945
2fdf3b8f-6208-4759-8a44-033c272c73ce
6.833368, 4.523246
6.920035, 4.829076
6.935591, 4.889326
6.938882, 4.926018
6.957873, 4.947801
6.973036, 4.971342
6.985341, 4.992382
6.996728, 5.013932
7.014049, 5.073308
7.213148, 5.462102
7.233735, 5.504603
7.257372, 5.548941
7.278658, 5.591097
7.303025, 5.635039
7.325005, 5.676838
7.346053, 5.719116
7.374187, 5.764541
7.398156, 5.805232
7.429412, 5.848565
7.442345, 5.873401
7.471295, 5.918307
7.500134, 5.959452
7.526375, 5.998716
7.555890, 6.039379
7.580537, 6.075119
7.595343, 6.103708
7.620159, 6.147397
7.646648, 6.190093
7.658596, 6.211338
7.858827, 6.337358
91f55b53-5f88-4167-930e-321b7fcff686
6.553481, 6.396486
6.581648, 6.398344
6.612292, 6.397362
6.797684, 6.344666
6.867005, 6.339421
7.020842, 6.317501
7.075703, 6.314221
7.117240, 6.305739
7.183979, 6.302525
7.240330, 6.302808
7.271747, 6.296980
7.332416, 6.282682
7.385648, 6.276288
7.416097, 6.266600
7.479382, 6.235473
7.557508, 6.220781
7.649382, 6.218690
7.711557, 6.214281
7.743227, 6.212035
0499ae4f-1734-482a-a415-a1b6b9d0771e
6.792131, 4.690034
6.885853, 4.784865
6.939210, 4.808952
7.022160, 4.851011
7.076095, 4.868922
7.154689, 4.995803
7.321190, 5.135840
7.521382, 5.259842
7.567648, 5.292022
7.594407, 5.306984
7.679063, 5.339999
7.732346, 5.362384
7.783071, 5.386941
7.822890, 5.409545
7.876120, 5.430787
d79ec3fd-6729-4a30-b7f4-434122345ca6
6.514933, 6.987124
6.443583, 7.018264
6.412923, 7.026747
6.372135, 7.038032
6.323221, 7.048459
6.267565, 7.057263
6.210270, 7.064810
6.159904, 7.071445
6.118744, 7.078377
6.026197, 7.100916
5.988378, 7.105505
5.948980, 7.107268
5.903849, 7.112282
5.859143, 7.120260
5.818692, 7.125959
5.769662, 7.131355
5.719167, 7.136913
5.658930, 7.145048
5.594369, 7.150747
5.532614, 7.159203
5.475172, 7.165558
5.427326, 7.167840
5.366708, 7.172230
5.300536, 7.175520
5.251220, 7.176475
5.196027, 7.182034
5.145484, 7.187124
5.083836, 7.196341
5.023961, 7.206808
4.962278, 7.219109
4.936468, 7.222730
fe4c05fe-61b4-4f2e-9711-6204b9cae7f4
6.498167, 6.659033
6.393909, 6.671692
6.330513, 6.661786
6.282034, 6.652695
6.249749, 6.651209
6.194313, 6.653153
6.144991, 6.653385
6.097171, 6.650615
6.036439, 6.654593
5.990651, 6.654592
5.937693, 6.653045
5.838379, 6.672149
5.800421, 6.674877
5.761028, 6.674699
5.726280, 6.677525
5.678657, 6.687406
5.646908, 6.689406
5.597606, 6.691014
5.546834, 6.692669
5.486152, 6.696145
5.418529, 6.700018
5.359361, 6.703407
5.301602, 6.705216
5.253726, 6.703721
5.211416, 6.702400
5.169106, 6.701078
5.108899, 6.702193
5.045233, 6.707862
4.977767, 6.713870
4.917374, 6.720751
4.861909, 6.725563
82700833-1df3-4185-89ee-3381cb4f0947
6.625907, 6.684424
6.675967, 6.938433
6.796079, 7.127363
6.818678, 7.162909
6.841276, 7.198455
6.875139, 7.248930
6.912875, 7.305178
6.943819, 7.353988
6.966888, 7.395970
6.997464, 7.448503
7.067809, 7.584926
7.113308, 7.679657
7.127419, 7.716087
7.136518, 7.739738
7.149431, 7.765130
7.171608, 7.802263
7.197168, 7.839337
7.221008, 7.873916
7.244929, 7.908511
7.261311, 7.937363
7.278048, 7.972783
7.297986, 8.011471
7.313113, 8.047490
7.326789, 8.072478
7.355001, 8.111675
7.390880, 8.171026
7.403330, 8.200300
7.423212, 8.247049
7.450118, 8.295016
890fc343-3164-496e-9afe-ad25d10317f7
6.684258, 7.395631
6.717932, 7.404904
6.740780, 7.414301
6.764271, 7.423962
6.888497, 7.467512
6.928443, 7.481517
6.956227, 7.488087
7.004626, 7.493379
7.078129, 7.489523
7.181195, 7.501220
7.236752, 7.510537
7.288285, 7.525254
7.322140, 7.528702
7.389286, 7.528017
7.436275, 7.533524
7.495580, 7.541981
7.545386, 7.555131
e838b12b-305a-49be-b6b9-5451821623bc
6.894869, 4.688022
7.077926, 4.806980
7.188679, 4.841523
7.259544, 4.865193
7.355914, 4.897383
7.443369, 4.931029
7.516462, 4.959150
7.613280, 5.020337
7.661040, 5.054061
93d89871-2a95-4d16-8d1a-f249489acad9
6.541179, 8.104709
6.500991, 8.120805
6.440264, 8.141904
6.378620, 8.160152
6.290137, 8.188539
6.225638, 8.209232
6.159205, 8.233690
6.112570, 8.248617
738ff6e0-22e5-49ce-9a79-c0a024a5c9c0
6.688280, 7.843924
6.750698, 7.862979
6.797173, 7.884993
6.852412, 7.916124
6.890267, 7.928867
6.950559, 7.950743
7.060695, 7.960729
7.126530, 7.968200
7.208553, 7.977510
7.250169, 7.980726
380917ba-c88c-43f4-b2cf-cf444c17ad8d
6.571382, 7.552824
6.507601, 7.530671
6.486590, 7.526679
6.465139, 7.519553
6.446715, 7.525721
6.425461, 7.528101
6.386035, 7.529505
6.355651, 7.533580
6.313696, 7.539209
6.267888, 7.549884
6.245562, 7.548940
6.220185, 7.547867
6.188574, 7.552523
6.146691, 7.558692
6.108567, 7.567332
6.084924, 7.571156
719efa60-91ec-4786-a435-c6679436caf8
6.581893, 6.788304
6.689545, 6.833133
6.728303, 6.845701
6.766574, 6.859685
6.814288, 6.877119
6.868039, 6.898352
6.907438, 6.915525
6.932692, 6.924900
