main root
6.885558, 4.806217
6.687355, 5.116842
6.596181, 5.638184
6.553193, 5.811275
6.510183, 5.967446
6.464217, 6.111463
6.413010, 6.260701
6.370240, 6.391294
6.324606, 6.537241
6.292559, 6.665305
6.251054, 6.794674
6.211824, 6.910062
6.168217, 7.038321
6.128226, 7.174296
6.074644, 7.320779
6.022293, 7.463896
5.979668, 7.616211
5.945400, 7.776548
5.895966, 7.937163
5.845939, 8.079354
5.799331, 8.215334
5.767335, 8.315208
5.745713, 8.396296
5.721326, 8.604784
5.630353, 8.906824
5.595672, 9.029249
5.561381, 9.142555
5.532959, 9.258323
5.500682, 9.372098
5.474683, 9.479245
5.454858, 9.587873
5.433576, 9.704487
5.413813, 9.812773
5.389907, 9.920189
5.370101, 10.028662
5.358618, 10.138678
5.347192, 10.248142
5.333665, 10.357346
5.321175, 10.458181
5.307644, 10.567420
5.300428, 10.659900
5.288952, 10.752889
5.277546, 10.845316
5.266139, 10.937754
5.256848, 11.030214
5.247759, 11.099928
5.238139, 11.164155
8041e854-ab7e-4f64-8580-043e695b7076
6.622573, 5.149296
6.419098, 5.237817
6.335920, 5.278590
6.280196, 5.294123
6.199600, 5.318742
6.129850, 5.347872
6.069762, 5.368102
6.010398, 5.383351
5.953253, 5.415674
5.862439, 5.474763
5.652249, 5.564319
5.607470, 5.583377
5.550331, 5.621372
5.486129, 5.667636
5.423708, 5.716307
5.380199, 5.738844
5.299856, 5.785198
5.236049, 5.815100
5.202025, 5.834351
5.158523, 5.862404
5.107812, 5.905790
5.049255, 5.963768
4.995118, 6.015263
4.924531, 6.088244
4.871522, 6.140897
4.817454, 6.196712
4.776318, 6.242216
4.737780, 6.280383
91832c04-7980-44c1-8be3-1dc169b6afcb
6.682183, 5.355643
6.745127, 5.393202
6.792282, 5.416503
6.822977, 5.427863
6.860753, 5.443440
6.892065, 5.457969
6.917093, 5.467932
b65648df-7a54-4aac-bc7e-d7dffc5293cc
6.552265, 5.467981
6.469006, 5.440055
6.450182, 5.429909
6.431844, 5.434645
6.410476, 5.435526
6.372337, 5.441593
6.337649, 5.448627
6.300950, 5.460650
6.272594, 5.463641
6.249224, 5.461591
6.238127, 5.472685
6.215568, 5.479369
6.152883, 5.493260
6.126018, 5.499213
6.103495, 5.501138
1e1e1d30-890e-4da0-b4c1-0aecfa9621da
6.629171, 5.283999
6.512888, 5.242024
6.448589, 5.244498
6.376908, 5.235557
128560e3-e55e-43f0-bb0d-be63474cf19a
6.478670, 6.011560
6.375959, 6.000541
6.346629, 5.999196
6.331754, 5.993029
6.306335, 5.984111
88dd5e88-d2c3-4f4f-a908-5aa4a5a9debb
6.281971, 6.531415
6.222641, 6.551199
6.173029, 6.557598
43f34cec-f8bb-423e-a639-be509111eb27
6.294988, 6.666442
6.322901, 6.733434
6.329217, 6.749701
