main root
7.536624, 4.692582
7.444940, 4.860223
7.398807, 5.076658
7.380179, 5.194412
7.371945, 5.313975
7.336741, 5.434878
7.320375, 5.528912
7.303743, 5.612383
7.289315, 5.695411
7.279050, 5.778701
7.263427, 5.871093
7.250011, 5.963045
7.229334, 6.047310
7.213434, 6.138582
7.195998, 6.238669
7.186352, 6.330801
7.171550, 6.431560
7.160129, 6.523777
7.149750, 6.624788
7.147414, 6.708384
7.138227, 6.809998
7.130602, 6.894325
7.109518, 6.987358
7.090517, 7.080774
7.088322, 7.134007
7.091255, 7.216039
7.098394, 7.299650
7.104337, 7.369247
7.110714, 7.496159
7.117679, 7.575100
7.118714, 7.620877
7.114076, 7.680628
7.105429, 7.753383
7.091198, 7.822397
7.075810, 7.897026
7.058096, 7.968118
7.037492, 8.038427
7.020124, 8.118979
7.001771, 8.189908
6.982682, 8.263678
6.959299, 8.330152
6.956618, 8.404066
6.953376, 8.629742
6.952286, 8.705920
6.945629, 8.752762
6.934912, 8.828190
6.921656, 8.900234
6.905471, 8.971678
6.893158, 9.053144
6.881778, 9.128476
6.877938, 9.214025
6.868811, 9.283886
6.866683, 9.369496
6.859114, 9.433193
6.850128, 9.508848
6.833283, 9.574520
6.821186, 9.621675
6.818524, 9.737998
6.810932, 9.808038
6.800832, 9.881699
6.783055, 9.940204
f6636da3-68c5-4710-a5f6-1c0dc59e8933
7.455939, 4.760441
7.371526, 4.771954
7.323328, 4.783428
7.292992, 4.766702
7.263512, 4.748740
7.195970, 4.733992
7.130655, 4.724326
7.089960, 4.722843
7.053580, 4.726011
7.000997, 4.735097
6.925708, 4.758740
6.878160, 4.768965
6.826188, 4.770632
6.721890, 4.792147
6.666493, 4.792426
6.639270, 4.812888
6.593958, 4.836591
6.519825, 4.865875
6.449792, 4.891930
6.376609, 4.922352
6.274973, 4.964600
6.206228, 4.989935
6.141112, 5.020313
6.068442, 5.062472
6.003622, 5.096617
5.951868, 5.121501
5.902941, 5.137243
5644c788-c2b3-442d-bad7-4e903242b5ff
7.430723, 4.868486
7.306537, 5.029994
7.280531, 5.061361
7.253587, 5.093858
7.231211, 5.127881
7.211438, 5.157945
7.200049, 5.191604
7.181992, 5.249641
7.167882, 5.300024
7.154859, 5.340983
7.150082, 5.370829
7.147019, 5.427851
7.458437, 5.770442
826a9a5d-1661-4edf-a22f-3130b8272b8f
7.405462, 5.171378
7.341787, 5.179709
7.310308, 5.183824
7.279965, 5.193826
7.252029, 5.209337
7.026424, 5.276503
6.968597, 5.297060
6.937067, 5.297152
6.905524, 5.297034
6.874324, 5.302695
6.838431, 5.315082
6.778890, 5.343545
6.733967, 5.358384
6.691760, 5.372326
80f6eb91-efba-43b6-bdbd-eae3a24b311a
7.412567, 4.923367
7.309176, 4.944133
7.238196, 4.953810
7.173212, 4.962631
7.086601, 4.996742
9d8c832f-293f-4aef-99b5-d4642a377781
7.306001, 5.460508
7.257851, 5.494754
7.217649, 5.521296
7.195228, 5.541270
7.157787, 5.578632
7.120181, 5.603547
463d5677-01d6-4db7-a94c-0a134a731ea2
7.280576, 5.665281
7.211424, 5.709458
7.169978, 5.730608
7.139885, 5.740922
7.124085, 5.762011
7.101308, 5.782428
7.070127, 5.818678
7.049127, 5.838803
7.020175, 5.862670
6.998916, 5.880447
d644522f-2815-4359-bbd6-150171aa58c9
7.271211, 5.943033
7.319777, 5.947703
7.370416, 5.957064
7.390973, 5.960969
7.419789, 5.964891
e649d5ef-6bd7-4021-8a65-fc7d3f17aaba
7.259982, 5.772152
7.241071, 5.771870
7.225683, 5.782910
7.214889, 5.796501
7.195144, 5.821364
de641000-5028-454c-9ea8-59159feacc6a
7.244990, 6.016747
7.181203, 6.022677
c682d3c8-10fa-4306-95d1-372e9f6f952f
7.120492, 6.996467
7.168699, 7.013826
7.192645, 7.022409
de6c380e-df61-4714-8595-a9b86c5dff43
7.084151, 7.008392
7.058212, 7.031167
