main root
6.664156, 5.228615
6.582478, 5.440808
6.546171, 5.711547
6.541552, 5.838305
6.580277, 6.015693
6.607177, 6.256280
6.623774, 6.537220
6.640634, 6.755284
6.621950, 6.952321
6.627442, 7.171878
6.628070, 7.356777
6.641215, 7.532576
6.642874, 7.722003
6.653740, 7.885472
6.685015, 8.044762
6.686432, 8.141088
6.682665, 8.300144
6.679457, 8.435574
6.665131, 8.605881
6.654770, 8.753690
6.653569, 8.919107
6.664786, 9.074574
6.675519, 9.252398
6.672826, 9.417259
6.655685, 9.586471
6.654699, 9.720781
6.655820, 9.852922
6.650515, 9.955195
6.635529, 10.040467
6.617944, 10.140527
6.607319, 10.200984
6.598397, 10.306674
6.593346, 10.416823
6.570563, 10.497914
6.544456, 10.614238
6.514792, 10.746411
6.475560, 10.883359
6.435797, 11.011819
6.393582, 11.134027
6.369370, 11.223447
6.352325, 11.274939
6.331615, 11.319167
dada8d16-0d74-4fb2-a96c-c6c0a5d3d0dc
6.508595, 5.207122
6.450348, 5.233364
6.389806, 5.243556
6.313630, 5.257102
6.215024, 5.257916
6.135938, 5.261579
6.026978, 5.250558
1e220b83-1950-496e-8ab8-fe945cf659b9
6.634540, 5.570817
6.731046, 5.639255
6.815047, 5.681275
6.888845, 5.738678
6.984743, 5.789139
7.048557, 5.837059
7.123029, 5.892981
7.182433, 5.945479
7.216806, 5.989693
7.268062, 6.105876
7.274363, 6.248943
7.276103, 6.335766
7.273911, 6.437592
7.280340, 6.529944
7.278479, 6.624385
7.280860, 6.717113
7.272766, 6.811664
7.270443, 6.913205
7.263886, 7.014834
7.255776, 7.107871
7.246953, 7.209091
7.234633, 7.301980
7.230854, 7.394468
7.231273, 7.487220
7.233797, 7.580101
7.242894, 7.681262
7.251394, 7.799336
7.260793, 7.900448
7.274394, 8.001057
7.282764, 8.094380
7.292597, 8.204010
7.302430, 8.313642
7.320713, 8.422738
7.330000, 8.516336
7.342404, 8.599339
7.345159, 8.668406
7.352642, 8.751986
7.357625, 8.824416
7.378228, 8.900157
7.387333, 8.945031
7.389958, 8.988065
7.394600, 9.064125
7.399243, 9.140184
7.400716, 9.213436
7.405302, 9.292555
7.409711, 9.368627
7.414120, 9.444699
7.411839, 9.508802
7.409128, 9.584952
7.406419, 9.661105
7.400823, 9.734158
7.397758, 9.813347
7.394811, 9.889488
7.397614, 9.971844
7.397112, 10.045109
7.399564, 10.124320
7.405004, 10.203382
7.416621, 10.284964
7.409940, 10.322997
7.392263, 10.389029
7.405806, 10.429522
7.408894, 10.485356
7.414300, 10.583072
7.417356, 10.676409
7.422792, 10.777811
7.424015, 10.879649
7.425133, 10.972772
7.424151, 11.066156
7.425340, 11.150413
7.428602, 11.234621
7.427767, 11.320227
7.428505, 11.397940
7.429331, 11.484719
7.426732, 11.526202
5eebb01c-b8d7-418b-8ff7-415e8ad9f7eb
6.636870, 5.937527
6.737795, 5.969501
6.821992, 5.984046
6.916779, 6.007086
6.998030, 6.031094
7.071101, 6.052686
7.159051, 6.066189
7.221569, 6.091244
7.339733, 6.116726
7.443207, 6.160583
7.509415, 6.191896
7.586252, 6.221609
7.647618, 6.253363
7.715980, 6.280310
7.765267, 6.302955
7.853446, 6.328035
7.921544, 6.338067
7.993362, 6.372349
8.030881, 6.403526
8.060374, 6.401521
8.163013, 6.426680
8.259635, 6.450363
8.303299, 6.464148
8.350005, 6.482033
e659ce2a-6354-42ab-895a-bbb018c50360
6.481903, 5.947806
6.387767, 6.004668
6.321608, 6.032726
6.235594, 6.069754
6.167111, 6.095789
6.101089, 6.111280
6.072120, 6.147126
5.992712, 6.183703
5.922081, 6.227654
5.862686, 6.252399
5.780965, 6.279707
5.720012, 6.311009
5.644693, 6.349687
5.578203, 6.380467
5.479158, 6.428649
5.203783, 6.536083
5.093037, 6.579719
5.056464, 6.592522
5.032329, 6.597799
4.993260, 6.603277
4.935390, 6.612903
4.892025, 6.624667
4.833711, 6.645141
4.791771, 6.659865
32bb41eb-116f-48c9-b644-56571dbf6f12
6.491693, 5.629780
6.367699, 5.662393
6.286698, 5.687230
6.191551, 5.730268
6.109814, 5.765534
6.049357, 5.797197
5.980361, 5.844028
5.903304, 5.896333
5.841845, 5.930813
5.776090, 5.971137
5.710142, 6.015091
5.647105, 6.114609
5.586776, 6.191228
5.503992, 6.285696
5.315859, 6.481580
5.265077, 6.532135
5.218149, 6.596261
5.159473, 6.669316
5.104732, 6.744191
5.047925, 6.818327
4.976990, 6.906752
4.910018, 6.983477
4.853644, 7.054456
4.826231, 7.109262
4.776998, 7.207695
4.741298, 7.293178
4.698179, 7.385446
4.664765, 7.471850
4.626121, 7.565917
4.593471, 7.662089
4.566253, 7.742265
4.544648, 7.796593
4.531343, 7.913308
4.525707, 7.975952
4.515161, 8.026374
4.503650, 8.113102
4.498425, 8.175211
4.493457, 8.234264
4.488488, 8.293318
4.478054, 8.345904
4.489482, 8.494931
4.480394, 8.651579
4.474576, 8.751882
4.476638, 8.862468
4.474455, 8.972482
4.489187, 9.083302
4.482365, 9.192548
4.491715, 9.280472
4.497901, 9.398503
4.503219, 9.499959
4.503917, 9.593653
4.506712, 9.686536
4.509260, 9.771166
4.508470, 9.844425
4.513784, 9.936913
4.512930, 10.000309
4.510969, 10.034774
a0816172-5b4d-455e-b9e3-38a1bce069f7
6.489217, 5.496978
6.392850, 5.543200
6.342894, 5.572103
6.262333, 5.605588
6.159433, 5.639216
6.064067, 5.674077
5.979428, 5.711736
5.904796, 5.756517
5.827907, 5.805119
5.791154, 5.835712
5.760347, 5.872148
5.709010, 5.949157
5.653585, 6.024708
5.606563, 6.132075
5.526558, 6.247143
5.444295, 6.375809
5.379354, 6.515904
5.344756, 6.579817
5.296549, 6.660034
5.242800, 6.737220
5.184737, 6.820601
5.131519, 6.897025
5.083885, 6.976471
5.044343, 7.050486
5.000460, 7.132628
4.956577, 7.214768
4.918594, 7.299257
4.886454, 7.386136
4.857236, 7.483407
4.834154, 7.582311
4.806907, 7.680446
4.781992, 7.770183
4.752895, 7.859256
4.716722, 7.963177
4.683321, 8.059134
4.658897, 8.148495
4.638686, 8.230307
4.624724, 8.312765
4.615869, 8.382996
4.602895, 8.469069
4.596901, 8.508836
4.605926, 8.597299
4.602571, 8.672726
4.596781, 8.756392
4.590935, 8.840859
4.589286, 8.924768
4.591671, 9.017492
4.594065, 9.110591
4.596896, 9.220629
4.609775, 9.312279
4.621829, 9.413269
4.631865, 9.497346
4.655268, 9.586919
4.674845, 9.695332
4.697477, 9.785155
4.713657, 9.883995
4.723049, 9.993762
4.733064, 10.086140
4.741920, 10.187452
4.745235, 10.273003
4.752847, 10.353458
4.762416, 10.454613
4.772948, 10.573345
1245ed83-6ad3-4f86-b8cc-35807b945bca
6.812565, 5.251348
6.890899, 5.245684
6.998050, 5.238347
7.141151, 5.252302
7.259548, 5.256795
7.417592, 5.283182
7.525896, 5.319219
7.681412, 5.389291
7.808181, 5.401811
7.899960, 5.418555
7.990688, 5.447936
8.080564, 5.470408
8.162880, 5.486716
8.253880, 5.509032
8.341192, 5.539106
8.427859, 5.575633
8.505884, 5.608517
8.560945, 5.622592
8.631130, 5.643624
8.715304, 5.659473
8.818848, 5.691500
8.884540, 5.722671
8.961027, 5.758966
9.025877, 5.793052
9.109490, 5.823474
9.171436, 5.852384
9.251885, 5.896895
9.307087, 5.930855
9.360659, 5.967328
9.433382, 6.014297
9.470721, 6.038413
9.548432, 6.075524
9.592301, 6.106203
9.649106, 6.138589
9.700487, 6.167848
9.751883, 6.197080
9.793839, 6.224352
9.839290, 6.257428
9.882934, 6.292853
9.928860, 6.330093
9.979014, 6.366869
10.022531, 6.402452
10.072536, 6.439434
10.115908, 6.475194
10.174186, 6.511571
10.220237, 6.543806
10.264524, 6.578424
10.311129, 6.614813
10.361952, 6.650660
10.410285, 6.684715
10.454466, 6.719469
10.500955, 6.756002
10.543260, 6.793016
10.592003, 6.831645
10.629951, 6.869319
10.680398, 6.910923
10.716103, 6.948090
10.750694, 6.990580
10.786732, 7.034895
10.820484, 7.066962
10.863285, 7.107666
10.888408, 7.129493
f66d62f0-8504-4314-bfb9-ed854d3cb56d
6.769100, 5.321300
6.885805, 5.332408
6.995778, 5.338350
7.104196, 5.334587
7.195480, 5.331418
7.249601, 5.337959
7.341988, 5.357598
7.433914, 5.368538
7.526397, 5.379544
7.618880, 5.390551
7.711251, 5.418490
7.769239, 5.440425
7.853734, 5.483633
7.929686, 5.520142
7.998522, 5.544026
8.087438, 5.570425
8.173946, 5.600497
8.234488, 5.631050
8.304525, 5.664717
8.396093, 5.708734
8.468768, 5.740348
8.546521, 5.767644
8.587090, 5.792990
8.664090, 5.830510
8.759180, 5.881551
8.833027, 5.925510
8.873372, 5.941375
8.916682, 5.971732
8.994973, 6.021471
9.075439, 6.067608
9.154556, 6.117821
9.232261, 6.169630
9.300307, 6.222475
9.368116, 6.272511
9.438917, 6.317022
9.509851, 6.364066
9.582792, 6.404976
9.654702, 6.452442
9.726947, 6.495159
9.806254, 6.544494
9.875205, 6.597154
9.951390, 6.650047
10.007734, 6.694631
10.067490, 6.741914
10.139396, 6.801495
10.191553, 6.844713
10.233061, 6.885974
0fe531c2-3ee1-4cac-96fd-ee6deb5daf9a
6.685864, 5.327329
6.878129, 5.397701
6.921483, 5.414370
6.949059, 5.421766
6.977259, 5.426230
6.996591, 5.419291
7.019626, 5.412558
7.037466, 5.416368
7.077984, 5.420431
7.107937, 5.424939
