main root
6.971257, 5.588077
6.770773, 5.729525
6.684147, 5.911805
6.646568, 6.015250
6.618712, 6.128641
6.595334, 6.250275
6.537722, 6.392831
6.524750, 6.453132
6.507549, 6.553199
6.504848, 6.631001
6.499821, 6.715969
6.505297, 6.798981
6.508830, 6.884023
6.516452, 6.967598
6.520121, 7.040771
6.526333, 7.104917
6.539601, 7.179822
6.565036, 7.263340
6.577897, 7.331254
6.591690, 7.415248
6.604386, 7.483316
6.615061, 7.548699
6.617043, 7.607280
6.623974, 7.679307
6.622297, 7.739992
6.627701, 7.815383
6.627593, 7.876675
6.622994, 7.939904
6.627769, 8.018663
6.625964, 8.063048
6.621779, 8.129166
6.621699, 8.201525
6.609664, 8.257266
6.602554, 8.303552
6.605550, 8.328415
6.595716, 8.430202
6.585469, 8.514699
6.579495, 8.598410
6.564405, 8.691648
6.555868, 8.783892
6.545961, 8.868433
6.536107, 8.952528
6.518917, 9.044999
6.503445, 9.128239
6.488535, 9.219955
6.474948, 9.303526
6.457891, 9.395347
6.438196, 9.478659
6.418869, 9.569546
6.392794, 9.652295
6.362728, 9.740709
6.331269, 9.820334
6.295005, 9.906401
6.253829, 9.982759
6.203731, 10.062366
6.159339, 10.136873
6.120648, 10.262010
6.103535, 10.352966
6.087878, 10.436177
6.076990, 10.528177
6.073487, 10.629758
6.095616, 10.736529
6.075512, 10.815635
6.076711, 10.925701
6.080027, 11.035795
6.083086, 11.137350
6.085890, 11.230444
6.086599, 11.323835
6.089313, 11.408061
6.094098, 11.492194
6.102998, 11.575645
6.117009, 11.667337
6.129033, 11.759957
6.137932, 11.844607
6.152744, 11.945044
6.160396, 12.054949
6.168947, 12.147477
6.172687, 12.233015
6.169771, 12.303421
6.163752, 12.376439
6.266300, 12.610493
6.344166, 12.744809
6.460443, 12.747012
6.717647, 12.814507
7.997542, 12.830683
8.346722, 12.803011
8.727636, 12.676030
2c54abf6-f3e5-4960-b7c4-8fc8f6bb328a
6.563767, 7.277026
6.470613, 7.261437
6.437030, 7.254555
6.410862, 7.256146
6.384139, 7.259239
6.357622, 7.263779
6.326473, 7.276705
6.211940, 7.302471
6.122726, 7.295106
6.020424, 7.260664
5.984426, 7.250124
5.897709, 7.228374
5.866435, 7.217447
5.832280, 7.202344
5.791700, 7.181132
5.747267, 7.151152
5.686127, 7.127959
5.654219, 7.107850
6a36a97d-c2db-466d-b55f-666f57fda50e
6.587987, 7.438774
6.557163, 7.446486
6.526914, 7.447187
6.410679, 7.447022
6.309212, 7.454698
6.249424, 7.450406
6.038003, 7.457066
5.920625, 7.462280
5.827582, 7.466412
5.734212, 7.468453
5.662967, 7.459490
5.579287, 7.453144
5.523400, 7.445902
5.491913, 7.441822
5.460018, 7.443726
5.357521, 7.459279
5.280314, 7.457585
5.179663, 7.446917
5.070760, 7.431119
4.962548, 7.411144
4.855514, 7.395690
4.775011, 7.388603
4.710620, 7.385939
4.662420, 7.379451
efba0439-01e7-452b-a269-bf0f239af38d
6.609038, 7.651316
6.571853, 7.663474
6.482437, 7.733036
6.349005, 7.779017
6.310888, 7.788987
6.272131, 7.796019
6.230537, 7.803556
6.193767, 7.804126
6.184709, 7.825507
6.089398, 7.857523
6.047262, 7.871677
5.940461, 7.903255
5.875536, 7.934938
5.775735, 7.963387
5.720794, 7.975934
5.660762, 7.992713
5.605760, 8.004978
5.543371, 8.025023
5.489452, 8.003524
5.469577, 8.028764
5.361967, 8.054256
5.301453, 8.063978
5.266383, 8.074160
4.922562, 8.111510
4.605340, 8.101465
4.334577, 8.081110
635ad290-5050-410a-b64a-7c6feb92529e
6.582626, 7.893117
6.610629, 7.888149
6.574460, 7.897088
6.516276, 7.932318
6.452012, 7.937712
6.380176, 7.939236
6.302527, 7.942383
6.201506, 7.952828
6.134135, 7.959794
6.065430, 7.968403
6.000322, 7.976561
5.804559, 8.024705
5.716642, 8.050653
5.608741, 8.064852
5.500501, 8.087631
5.391262, 8.101972
5.280366, 8.099458
5.115456, 8.121844
5.060225, 8.120971
5.004602, 8.118595
4.949500, 8.113630
4.853517, 8.132234
4.790339, 8.107615
4.680020, 8.110680
4.537522, 8.100336
4.351570, 8.082621
4.199154, 8.072937
4.078309, 8.061039
3.996243, 8.059299
3.930057, 8.056398
3.872508, 8.058370
3.823750, 8.064534
0f3e13fa-c03c-4145-8ec7-6f5d5bf5611c
6.600760, 8.285413
6.520758, 8.345188
6.479320, 8.358315
6.409692, 8.375662
6.336935, 8.392247
6.238428, 8.416872
6.138493, 8.442456
6.037529, 8.474818
5.950584, 8.507105
5.864238, 8.541413
5.777694, 8.575799
5.688147, 8.604589
5.572645, 8.654269
5.487877, 8.665695
5.372139, 8.690637
5.289366, 8.708474
5.223622, 8.730297
5.154259, 8.751742
4.962281, 8.836364
4.907202, 8.845923
4.852220, 8.889473
4.344098, 9.007192
4.235609, 9.025809
4.135913, 9.045064
4.054390, 9.065034
3.981472, 9.081355
3.903708, 9.103361
3.840571, 9.121229
3.788546, 9.130138
e26df722-27e8-4dae-b953-41d0a62249ed
6.709783, 5.885564
6.623195, 5.926174
6.603466, 5.942974
6.565880, 5.971053
6.519311, 6.000235
6.489294, 6.017280
6.443766, 6.066338
6.425679, 6.103430
6.397541, 6.141333
9c7b8bf3-6f4b-43ee-acbb-4807ef0fbd5b
6.807660, 5.628475
6.783170, 5.597030
6.752977, 5.563148
6.729025, 5.536283
6.707431, 5.519345
6.674906, 5.520951
6.643853, 5.528479
277ca6e9-526c-46a9-98bd-b53478cedb2f
6.930970, 5.709547
6.963697, 5.768635
88ab8e65-58aa-4417-a4e8-5650661a13cb
6.575705, 7.408464
6.425756, 7.449681
6.316235, 7.452550
6.218025, 7.459816
6.178065, 7.502220
6.138036, 7.512096
6.004622, 7.554407
5.944889, 7.562498
5.861203, 7.571745
5.759287, 7.576622
5.657621, 7.579370
5.563227, 7.578064
5.473700, 7.573433
5.380564, 7.566510
5.279482, 7.552632
5.162511, 7.534444
5.085325, 7.526640
5.031969, 7.525759
8727052a-f60e-4fde-a755-8728a490af9a
6.644135, 7.744556
6.682350, 7.840534
6.696061, 7.879014
6.716000, 7.921602
6.725483, 7.948914
6.737286, 7.982907
6.743713, 8.005980
6.762175, 8.191332
6.771244, 8.221971
6.786976, 8.264572
6.775477, 8.301414
6.788965, 8.320353
6.802319, 8.374965
6.810663, 8.402792
bb82f332-b038-4849-bf8a-2822685c5a4b
6.621220, 7.955293
6.644046, 8.022534
6.651555, 8.086013
6.660902, 8.138374
6.661723, 8.160604
6.618974, 8.493915
6.613234, 8.567023
6.611247, 8.592345
797ac8f2-40b4-4dde-a824-46d9bb4614f1
6.546644, 8.542972
6.494128, 8.558661
6.424156, 8.574879
6.347708, 8.595671
6.289982, 8.617950
6.242849, 8.639349
6.127877, 8.689693
6.071223, 8.703068
6.036202, 8.711335
5.959103, 8.795903
5.867589, 8.786373
5.809753, 8.792974
5.446638, 8.904477
5.200735, 8.971621
5.018617, 8.991600
4.870033, 8.979254
4.709984, 8.965047
417ecb20-bcc4-4a3d-8f52-4bcd9973aca4
6.546255, 8.598094
6.483991, 8.626440
6.447159, 8.639876
6.417759, 8.656935
6.380241, 8.682165
6.320264, 8.700254
6.264518, 8.715504
6.216565, 8.727070
6.184895, 8.730091
6.155567, 8.737399
5.976286, 8.800185
5.807844, 8.832553
5.723594, 8.860951
5.677198, 8.870290
5.600232, 8.888854
5.528202, 8.906242
5.475126, 8.909861
5.404721, 8.985458
5.343545, 9.002853
5.292645, 9.017325
5.185087, 9.008287
5.093076, 9.015596
5.031867, 9.020480
4.904954, 9.010940
4.832267, 9.002493
4.636877, 8.977009
5b442823-1d98-4408-ae5a-7989cf8eda78
6.503188, 8.982169
6.458029, 8.985869
6.379377, 8.995315
6.317405, 9.008787
6.235951, 9.038551
6.128548, 9.087924
6.085938, 9.119084
6.038954, 9.168859
5.973332, 9.235315
5.895632, 9.298950
5.797903, 9.365353
5.702999, 9.437489
5.629218, 9.483151
5.562968, 9.529433
5.519958, 9.557654
5.477866, 9.576321
5.014421, 9.795875
4.968268, 9.799042
4.910640, 9.810500
4.864351, 9.815125
4.823195, 9.808707
4.804363, 9.824929
4.763673, 9.835055
961159eb-9ca7-4bb9-a5cc-232b749e7e98
6.532352, 8.944366
6.481935, 8.900033
6.283426, 8.846847
6.099252, 8.771939
5.956528, 8.759678
5.831556, 8.701933
5.805175, 8.692520
5.746057, 8.670499
5.543691, 8.661769
d48b13ae-0dd5-4f33-9078-90a1fccd01de
6.465132, 9.194647
6.429133, 9.231761
6.399742, 9.257710
6.380443, 9.278695
6.363422, 9.301566
6.339199, 9.341642
6.326059, 9.363380
6.047211, 9.571347
6.014495, 9.588278
5.980743, 9.595631
5.975422, 9.619643
5.888111, 9.678974
5.815054, 9.723605
5.764979, 9.752442
5.727011, 9.772583
5.672475, 9.824135
5.280477, 9.981553
5.153635, 10.012511
5.098041, 10.029407
5.071812, 10.037444
d891d0f2-e17b-4d6b-a21a-af4f3ddb7d47
6.410644, 9.443423
6.376504, 9.442368
6.319328, 9.437616
6.177618, 9.460766
6.119206, 9.470296
6.058318, 9.483250
5.998121, 9.499104
5.945148, 9.506854
5.889113, 9.512015
5.830176, 9.517431
5.765824, 9.529345
5.710023, 9.536621
5.664341, 9.539545
5.634798, 9.545934
5.522923, 9.603664
5.392074, 9.652948
5.218182, 9.733398
5.109259, 9.757027
04e207e0-ef32-491e-bbce-c8cebf05063d
6.321327, 9.804412
6.300552, 9.801042
6.233398, 9.808163
6.146713, 9.813411
6.113192, 9.825007
6.045020, 9.844203
5.990096, 9.848743
5.888338, 9.852910
5.819191, 9.859951
5.755648, 9.873944
5.698234, 9.916191
5.580382, 9.951097
5.502381, 9.939701
5.411936, 9.956242
5.325876, 9.972857
5.222856, 9.999880
f7d65785-a8f8-456c-9134-3caec3539a69
6.283121, 9.993235
6.320053, 10.014078
6.378924, 10.047166
6.459261, 10.109650
6.512659, 10.137329
6.554061, 10.159962
6.607142, 10.179927
6.654783, 10.195761
6.720961, 10.228918
6.762670, 10.250979
6.799838, 10.275200
6.842934, 10.300953
6.882894, 10.326042
6.930546, 10.350118
6.953467, 10.366217
6.982171, 10.383989
7.022103, 10.436378
7.044650, 10.438013
7.150454, 10.493375
7.223017, 10.533662
7.288324, 10.581754
7.352888, 10.639599
7.404744, 10.671938
7.494117, 10.720195
7.569837, 10.756367
7.632611, 10.791331
7.689297, 10.825278
7.734222, 10.855670
66124946-f662-4221-bd3e-39e43c89e80c
6.381239, 9.721079
6.435911, 9.770168
6.459035, 9.786912
6.483787, 9.801139
6.509894, 9.812695
6.546823, 9.822498
6.591392, 9.831232
6.629413, 9.841733
6.684500, 9.856948
6.746958, 9.891395
6.801068, 9.917820
6.882173, 9.964946
6.932784, 9.931484
6.906238, 9.923324
6.872817, 9.935634
6.838410, 9.894892
6.860117, 9.884833
6.848853, 9.854198
4eef3ddf-afb2-4f01-bc56-85858b7ca2e0
6.218052, 10.135669
6.268272, 10.178798
6.319266, 10.216598
6.389829, 10.246043
6.440439, 10.263281
6.478562, 10.277844
6.514198, 10.293062
6.593997, 10.358583
6.635822, 10.369513
6.657534, 10.351106
6.647540, 10.315904
6.661766, 10.286000
6.690762, 10.294439
6.692783, 10.333696
6.657005, 10.353074
6.685844, 10.339551
569c1264-54a0-4238-8f52-500fbe78c688
6.129248, 10.179462
6.063091, 10.167007
6.028600, 10.167088
5.976949, 10.170182
5.892571, 10.184216
5.816271, 10.198424
5.743835, 10.208886
5.678653, 10.206201
5.606404, 10.206375
5.491009, 10.247608
5.428796, 10.260376
5.317176, 10.308232
5.293696, 10.314546
5.213715, 10.303187
5.068655, 10.294722
4.990952, 10.296490
4.917141, 10.302402
4.840651, 10.316035
4.782359, 10.321939
5fc78762-2d3a-47be-b018-84794b526631
6.114815, 10.270766
6.069663, 10.294430
6.016605, 10.323926
5.956817, 10.358877
5.916832, 10.387454
5.883070, 10.417102
5.802038, 10.505382
2ec6d675-8433-42d8-983f-1152562448fa
6.084681, 10.455542
5.969285, 10.461207
5.927003, 10.463284
5.881879, 10.468495
5.755938, 10.502059
5.695503, 10.539652
5.645402, 10.555051
5.603069, 10.571194
5.564133, 10.581236
5.546147, 10.640221
5b0e8747-7126-4b13-9a96-e71f4bf44b5b
6.056076, 10.615287
5.990712, 10.666738
5.917782, 10.701975
5.870760, 10.729874
5.828382, 10.753479
5.784287, 10.779756
5.742075, 10.802961
5.714912, 10.815986
5.688580, 10.836720
5.667375, 10.862944
5.546750, 10.951715
5.474082, 10.978226
5.428083, 10.993603
5.379795, 11.011508
5.333878, 11.027125
5.287552, 11.041489
5.240854, 11.054584
5.189669, 11.073786
5.160715, 11.083238
34b26de8-094a-4c79-b10c-6d91b50a82c0
6.037825, 10.738433
6.011807, 10.737845
5.946439, 10.724092
5.862749, 10.730559
5.793312, 10.741348
5.739209, 10.708105
5.723514, 10.688767
5.702082, 10.684601
5.685356, 10.712155
5.661578, 10.757513
408431ad-fcd6-4691-bd77-b07bfaca2926
6.127129, 11.280323
6.180747, 11.294026
6.224734, 11.311447
6.289726, 11.340407
6.326461, 11.356775
6.366437, 11.385337
6.403001, 11.395273
6.484331, 11.421672
6.556807, 11.445197
6.638713, 11.463914
6.754874, 11.524596
6.820389, 11.560511
6.893299, 11.595361
6.936710, 11.618409
6.973623, 11.647836
db09315c-6fea-4a9a-bbfe-026e25600686
6.070849, 11.484759
5.999800, 11.460775
5.943059, 11.445373
5.850515, 11.479851
5.811635, 11.494336
5.782762, 11.503496
5.740232, 11.503065
5.714228, 11.501305
5.661673, 11.481118
5.585883, 11.440583
7516b021-defa-40d5-84a3-e056d3299e47
6.087204, 11.594147
5.964632, 11.711761
5.918363, 11.752009
5.860874, 11.802017
5.808027, 11.849972
5.781482, 11.872038
3b216fef-2b5f-4282-be0b-a3f1295b12a9
6.101596, 11.851129
6.039796, 11.864286
5.962258, 11.887111
5.917582, 11.897141
5.870481, 11.901581
ea44303e-12e8-48ee-b546-0ad820f618b6
6.177254, 11.818625
6.204626, 11.757998
6.236368, 11.759772
6.260685, 11.764130
6.326797, 11.778635
512dbbf4-dfbc-4643-b8fb-64cbc3e26ac9
6.201833, 12.162367
6.279439, 12.171119
6.380056, 12.180337
6.457581, 12.183273
6.496216, 12.186234
9e47771e-7ea9-4859-b9ac-806e6718bec8
6.151033, 12.340166
6.108698, 12.379255
6.038455, 12.405879
5.984319, 12.432756
