main root
6.328643, 5.022437
6.354044, 5.309349
6.382878, 5.508294
6.422544, 5.679899
6.450887, 5.845742
6.485811, 6.014055
6.529396, 6.184999
6.563322, 6.333722
6.613218, 6.477620
6.669595, 6.646594
6.705055, 6.759540
6.736432, 6.873569
6.757414, 6.981727
6.762392, 7.082443
6.755019, 7.188927
6.733191, 7.296223
6.693989, 7.398924
6.620615, 7.576688
6.546363, 7.839977
6.460543, 8.064254
6.451711, 8.289488
6.431274, 8.445787
6.414502, 8.586827
6.405408, 8.730554
6.407722, 8.888693
6.418238, 9.047298
6.428881, 9.207805
6.434051, 9.379549
6.436925, 9.542744
6.439075, 9.685387
6.428639, 9.821818
6.415628, 9.964749
6.393151, 10.125813
6.367934, 10.261335
6.341168, 10.393778
6.319724, 10.510542
6.303467, 10.610768
6.287199, 10.711064
6.280164, 10.767580
6.267124, 10.811741
07223190-0ae9-4349-b907-b780a7403dd5
6.264246, 5.145071
6.194496, 5.164896
6.131950, 5.181786
6.027550, 5.226543
5.939833, 5.250318
5.832597, 5.275001
5.740435, 5.291897
5.648831, 5.308691
5.557843, 5.327510
5.457341, 5.343978
5.365435, 5.359036
5.271805, 5.367984
5.172342, 5.390237
5.064120, 5.410114
4.972523, 5.426938
4.880918, 5.443762
4.788701, 5.458561
4.685903, 5.478089
5a7a5d81-d9fe-47bb-a000-5ef4960e116f
6.300590, 5.175085
6.153998, 5.227459
6.112841, 5.315383
6.084334, 5.423026
6.053621, 5.519383
6.037058, 5.562398
6.019197, 5.599929
5.990896, 5.645463
5.971110, 5.685805
5.950357, 5.731517
9a83d18a-d755-4997-b77f-d1ddd3e34cff
6.288067, 5.342166
6.223564, 5.356952
6.141604, 5.379384
5.999100, 5.408579
5.963080, 5.412778
5.944831, 5.427032
5.920583, 5.440272
5.887076, 5.453455
5.840648, 5.470111
5.791930, 5.489180
5.734220, 5.505339
5.676114, 5.523164
5.608383, 5.548638
5.544112, 5.574410
5.480411, 5.601565
5.438788, 5.612802
5.380516, 5.630083
5.314568, 5.651201
5.261265, 5.672984
5.196218, 5.706287
5.150350, 5.731453
5.106997, 5.751824
5.054791, 5.773048
5.001849, 5.794572
4.970985, 5.802273
4.923872, 5.810942
4.876552, 5.824215
4.827538, 5.842271
4.770148, 5.866602
4.713993, 5.893661
4.669437, 5.916792
4.624989, 5.938180
