main root
6.627912, 5.205506
6.778866, 5.416787
6.844496, 5.581760
6.904382, 5.756266
6.931009, 5.924412
6.974820, 6.190311
7.006887, 6.445194
7.046051, 6.637946
7.093192, 6.822538
7.106857, 6.953150
7.152521, 7.031793
7.185747, 7.165193
7.192537, 7.223411
7.200332, 7.308165
7.200026, 7.370203
7.201181, 7.439443
7.204988, 7.540908
7.212184, 7.612909
7.212365, 7.674941
7.211043, 7.734830
7.214732, 7.771160
7.223214, 7.839880
7.236518, 7.911007
7.230970, 7.998427
7.219319, 8.083796
7.206316, 8.145851
7.200095, 8.182842
7.198512, 8.219326
7.199867, 8.291678
7.208758, 8.366743
7.211738, 8.430079
7.219820, 8.513613
7.232063, 8.577988
7.236137, 8.631450
7.237430, 8.687790
7.238255, 8.723764
7.244960, 8.755007
7.254868, 8.903915
7.268148, 9.033102
7.269653, 9.150942
7.271168, 9.269470
7.272790, 9.396455
7.270208, 9.522956
7.269709, 9.650234
7.258699, 9.767879
7.245569, 9.885533
7.232819, 10.029105
7.224922, 10.141919
7.214553, 10.259841
7.193737, 10.376149
7.178996, 10.494441
7.164323, 10.595078
7.145768, 10.679217
7.129651, 10.761935
7.109226, 10.845077
7.095431, 10.926322
7.067650, 10.965764
9e53d91d-6ac3-4d7f-900b-201e73bf20b1
6.758319, 5.321704
6.791541, 5.300776
6.832732, 5.274828
6.874904, 5.258813
6.925768, 5.195040
7.029919, 5.243199
7.162928, 5.367148
7.334096, 5.631759
7.378791, 5.703724
7.586941, 5.847055
7.654774, 5.885427
7.753723, 5.934107
7.848420, 5.990168
7.937287, 6.011425
8.061134, 6.071229
8.108970, 6.091004
074cd5e1-ba1a-4545-8748-40c9f7facf09
6.765778, 5.413755
6.906208, 5.383107
6.947908, 5.387493
7.174175, 5.454754
7.254964, 5.561782
7.396287, 5.765121
7.418239, 5.791616
7.471291, 5.873823
7.486703, 5.917738
7.820730, 6.290980
7.878776, 6.342636
7.931804, 6.395210
7.966284, 6.450114
8.055366, 6.548067
8.095198, 6.587415
8.123763, 6.629867
afce282a-fb6e-4d09-b6f3-83d15fe31c63
6.823966, 5.416613
6.963833, 5.397500
7.092886, 5.392624
7.346212, 5.687163
7.755847, 6.229843
5edeb360-a736-422f-a2e8-07ed44f2cd1c
6.774293, 5.435239
6.913763, 5.591740
6.940493, 5.645585
6.960241, 5.699335
6.978642, 5.740737
6.993810, 5.778553
7.012795, 5.834760
9b814808-1951-440c-bc5c-97e4a20f8292
6.848384, 5.516242
7.056967, 5.501922
7.128169, 5.599356
7.166567, 5.642061
7.192647, 5.685477
7.223478, 5.750278
7.242574, 5.787240
7.271416, 5.833573
7.297509, 5.889756
7.308281, 5.927162
7.317272, 5.980021
7.323760, 6.036004
7.320629, 6.086994
7.316997, 6.146153
7.357466, 6.221367
7.395628, 6.319202
7.427558, 6.406843
7.457710, 6.483462
7.538064, 6.603648
7.564310, 6.663473
e2d5be27-0e58-4ae8-8d72-de7771514ecd
6.828151, 5.600034
6.834011, 5.755922
6.850764, 5.900677
6.881294, 6.215282
6.856795, 6.303055
6.794500, 6.402211
6.762016, 6.531486
6.749586, 6.752279
6.730950, 6.983446
d83593ec-f7ec-4a56-8928-cd3050fa29ae
6.864350, 5.863167
6.887249, 6.104084
6.857385, 6.358708
6.803168, 6.473414
6.747811, 6.668033
6.657823, 6.863770
6.631622, 6.934697
6.599817, 7.022290
6.564955, 7.117535
6.546250, 7.217867
6.476977, 7.347397
6.425796, 7.447549
6.401694, 7.508657
6.376883, 7.588520
6.355803, 7.651330
6.338966, 7.701496
