main root
7.568340, 5.860963
7.518461, 6.062203
7.332893, 6.249338
7.068271, 6.564720
6.872086, 7.012680
6.757804, 7.339818
6.723717, 7.462872
6.689812, 7.585265
6.657701, 7.723315
6.627976, 7.844389
6.596771, 7.964323
6.564629, 8.129056
6.538747, 8.285679
6.508512, 8.455885
6.482435, 8.631869
6.459441, 8.787048
6.427771, 8.941095
6.399105, 9.097090
6.378476, 9.254691
6.377550, 9.390697
6.387398, 9.579403
6.373588, 9.732091
6.370896, 9.870493
6.367741, 10.011976
6.362264, 10.176956
6.355773, 10.335716
6.355355, 10.496852
6.363287, 10.682200
6.358409, 10.888615
6.337742, 11.060886
6.333486, 11.236834
6.326663, 11.431614
6.333067, 11.624595
6.326577, 11.808450
6.325006, 11.912445
6.324208, 11.965355
af00c27f-17a1-4273-91a0-592af6d3e1df
6.992599, 6.656529
6.855156, 6.716480
6.692021, 6.802015
6.608093, 6.902095
6.532170, 6.998268
6.470869, 7.069131
6.406446, 7.137171
6.349169, 7.209902
6.287948, 7.280842
6.232340, 7.354937
6.187258, 7.425371
6.139640, 7.495920
6.077411, 7.576774
6.005101, 7.649917
5.926252, 7.726665
5.879914, 7.786490
5.818278, 7.890182
5.751888, 7.985358
5.695422, 8.051511
5.631215, 8.110439
5.538683, 8.183908
5.452484, 8.252348
5.370100, 8.325865
5.292826, 8.391986
5.218500, 8.461153
5.153530, 8.527358
5.084965, 8.591223
5.038557, 8.637323
4.991722, 8.672789
6242b81d-9c29-4664-a55a-e4a053857ff1
6.993595, 6.743419
6.843048, 6.723973
6.694283, 6.803223
6.619961, 6.806931
6.480761, 6.821012
6.416485, 6.830962
6.374857, 6.837406
6.335729, 6.840434
6.281684, 6.850620
6.223441, 6.861598
6.166398, 6.870826
6.117494, 6.877222
6.068417, 6.882130
6.019206, 6.885547
5.964363, 6.893857
5.916651, 6.898059
5.864077, 6.907197
5.808286, 6.921450
5.739426, 6.943678
5.676900, 6.960715
5.641131, 6.972012
230257bf-0733-4dbc-bc4d-d006040ae6e9
7.268849, 6.481899
7.399523, 6.557290
7.543168, 6.651050
7.676609, 6.670825
7.853692, 6.751082
7.981754, 6.777449
8.118491, 6.816181
8.234021, 6.844521
8.351152, 6.866735
8.470699, 6.895806
fb049640-bc55-49d7-8c3d-e55e2dbf4a9f
6.533762, 8.831102
6.625760, 8.861760
6.719778, 8.885599
6.818105, 8.911200
6.908525, 8.932568
6.972383, 8.947659
7.016612, 8.968240
de8496b9-ee69-487f-aaab-5a5bf398429c
6.345108, 9.036041
6.196034, 9.073587
6.047800, 9.103960
6.007587, 9.111316
5.949465, 9.122952
5.892517, 9.132828
5.822112, 9.149593
5.759541, 9.159879
5.708185, 9.169838
5.658204, 9.173346
dfe2ed44-0f2f-40f1-ad10-f98c2c4a99be
7.577266, 6.220148
8.049141, 6.502116
8.156313, 6.584907
8.319414, 6.675862
8.464529, 6.743718
8.637304, 6.849628
8.784761, 6.946550
8.872333, 7.003657
8.960696, 7.058695
9.059344, 7.108715
9.130798, 7.156716
9.222605, 7.231098
9.305375, 7.281866
9.401506, 7.335865
9.479988, 7.365387
9.583808, 7.402181
9.678107, 7.444554
9.773920, 7.499206
9.863152, 7.547670
9.950548, 7.599950
10.045007, 7.656455
10.124933, 7.704268
10.170344, 7.731433
