main root
6.853457, 5.680125
6.802693, 5.883034
6.782935, 6.021502
6.764609, 6.165799
6.742222, 6.325887
6.725397, 6.515555
6.711364, 6.692701
6.711298, 6.826068
6.713348, 6.944769
6.709058, 7.062880
6.710358, 7.199554
6.718968, 7.343017
6.738450, 7.455863
6.765551, 7.563098
6.743132, 7.660448
6.787285, 7.865288
6.829636, 8.023002
6.889379, 8.140647
7.026531, 8.324739
7.126837, 8.521134
7.158427, 8.744152
7.178488, 8.900285
7.196063, 9.069614
7.198049, 9.227232
7.193353, 9.369622
7.184410, 9.515360
7.169277, 9.649490
7.162894, 9.780817
7.159915, 9.923215
7.158071, 10.053680
7.147160, 10.233310
7.125071, 10.394201
7.095521, 10.533253
7.069326, 10.666550
7.063668, 10.764594
7.059989, 10.900791
7.050913, 11.003492
7.031127, 11.083592
7.000649, 11.189325
6.968145, 11.294451
6.953187, 11.371472
6.941761, 11.463408
6.937649, 11.546935
6.931394, 11.631819
6.927505, 11.684593
7dfefb69-57dc-41ff-9e59-33256b80b3ec
6.927073, 5.817790
6.996779, 5.869650
7.080604, 5.905481
7.156447, 5.939768
7.190867, 5.958612
7.227811, 5.978840
7.277765, 6.007898
7.347555, 6.049271
7.372356, 6.069193
7.411963, 6.101009
7.460274, 6.137897
7.498554, 6.169007
7.535869, 6.201263
7.570081, 6.234793
7.612407, 6.276275
7.654737, 6.317761
7.686785, 6.342884
7.731404, 6.372155
7.781867, 6.399889
7.841758, 6.427683
7.907169, 6.454738
7.958028, 6.479014
8.007525, 6.505957
8.063641, 6.533094
8.125673, 6.578624
8.162445, 6.609326
8.205828, 6.647499
8.243965, 6.681055
8.292141, 6.715472
8.340364, 6.749921
8.388591, 6.784374
8.436818, 6.818827
8.485045, 6.853281
8.531185, 6.888081
8.571746, 6.918673
8.616968, 6.954658
8.648755, 6.985688
8.695103, 7.033025
8.728528, 7.069304
8.760836, 7.106580
8.812258, 7.156767
8.866796, 7.209995
8.909212, 7.251393
8.960694, 7.291181
9.010093, 7.333141
9.047072, 7.358662
9.100354, 7.389978
9.162849, 7.423237
9.219225, 7.449848
9.270820, 7.475858
9.327290, 7.507678
9.366015, 7.529499
387828f5-6406-44be-9ec8-30480ce4acf9
6.909833, 5.794720
6.979744, 5.859108
7.063897, 5.944122
7.108297, 5.997835
7.130763, 6.029802
7.149457, 6.051298
7.179989, 6.081932
7.218108, 6.111698
7.247012, 6.138067
7.275621, 6.168218
7cb1ce91-acd4-4d8d-b8b0-b7df4d513000
6.835558, 6.102272
6.910615, 6.204574
6.942504, 6.232711
6.967819, 6.261036
6.993835, 6.292391
7.022057, 6.331092
7.057822, 6.377595
7.083475, 6.403585
7.118076, 6.432248
7.152109, 6.454611
7.195475, 6.477733
7.237037, 6.494805
7.305552, 6.518095
7.365881, 6.541764
7.419115, 6.564258
7.479546, 6.591417
7.541323, 6.619180
7.595380, 6.643475
7.653395, 6.666267
7.706617, 6.688783
7.768999, 6.715175
7.830802, 6.748851
7.874551, 6.781212
7.935286, 6.820552
7.994206, 6.856933
8.038207, 6.878826
8.104868, 6.906977
8.165309, 6.934126
8.231054, 6.960378
8.289988, 6.980685
8.349830, 6.998139
8.403013, 7.016769
8.462765, 7.034529
8.521438, 7.050406
8.568639, 7.064729
8.617251, 7.079482
8.649817, 7.090929
8.675689, 7.098435
