main root
6.510993, 4.667574
6.367316, 5.084364
6.317600, 5.231599
6.285215, 5.378089
6.250491, 5.535160
6.217881, 5.692164
6.199515, 5.840037
6.185874, 5.981822
6.178263, 6.116678
6.167640, 6.229844
6.157836, 6.356757
6.139190, 6.489769
6.113391, 6.613306
6.090893, 6.721044
6.071856, 6.812206
6.063233, 6.897424
6.052883, 6.969958
6.047200, 7.052168
6.039164, 7.124994
6.040168, 7.165813
6.039771, 7.214488
6.040762, 7.264580
6.042898, 7.301926
6.045946, 7.330714
6.057409, 7.368855
6.075600, 7.418978
6.088149, 7.471106
6.103825, 7.529828
6.119464, 7.594214
6.131837, 7.657836
6.144907, 7.717196
6.163037, 7.785624
6.176388, 7.841855
6.189924, 7.892392
6.203068, 7.941462
6.220236, 7.999770
6.229736, 8.037335
6.237782, 8.063045
bf1c06af-f250-4e67-a10d-53e4affe7f1f
6.494763, 4.821366
6.591449, 4.919779
6.633633, 4.986866
6.652039, 5.021762
6.677855, 5.061080
6.699015, 5.096036
6.726008, 5.131957
6.756524, 5.172566
6.792130, 5.219948
6.815467, 5.253495
6.831515, 5.279186
0edf74f8-0bb7-43a6-aa7a-c5bb337da96f
6.409287, 4.871444
6.225798, 4.862976
6.159530, 4.849370
6.114529, 4.843186
6.075965, 4.834866
6.057324, 4.839163
6.010127, 4.837233
