main root
6.692922, 5.227109
6.744748, 5.426998
6.753618, 5.502659
6.758001, 5.635730
6.761320, 5.798908
6.777108, 5.963296
6.792754, 6.105602
6.809939, 6.223300
6.817633, 6.305059
6.820123, 6.353961
6.816392, 6.408563
6.918041, 6.521281
6.955935, 6.563703
6.985162, 6.587837
7.035552, 6.623622
7.069120, 6.693316
7.084382, 6.744613
7.070008, 6.940893
7.066142, 6.993668
7.066281, 7.032759
7.072491, 7.095874
7.081565, 7.157538
7.085099, 7.212388
7.091043, 7.281373
7.096857, 7.348854
7.098705, 7.405174
7.100649, 7.464413
7.101047, 7.522199
7.101515, 7.589930
7.103431, 7.650677
7.107109, 7.719819
7.112282, 7.788868
7.117342, 7.856413
7.121769, 7.915514
7.125722, 7.968283
7.128093, 7.999944
d76de480-a1ac-475f-a673-bc51a1eadb26
6.737696, 5.433080
6.663713, 5.454344
6.612396, 5.456027
6.579775, 5.464583
4cd617c0-f303-450e-90ad-b9b4c0390cd3
6.763878, 5.305839
6.843757, 5.323302
