main root
6.747804, 4.883486
6.701817, 5.160413
6.679043, 5.284739
6.658641, 5.384374
6.650123, 5.467325
6.630027, 5.560067
6.616331, 5.642860
6.605359, 5.734968
6.596458, 5.827464
6.580387, 5.928219
6.564936, 6.011922
6.555915, 6.095067
6.555243, 6.170655
6.525566, 6.192208
6.532909, 6.228734
6.509711, 6.303185
6.485089, 6.382201
6.462421, 6.454948
6.435689, 6.562075
6.417306, 6.644313
6.400951, 6.726981
6.388752, 6.810012
6.370984, 6.902008
6.351214, 6.993282
6.331172, 7.076007
6.298952, 7.173066
6.267537, 7.261023
6.241153, 7.341060
6.216746, 7.421721
6.190117, 7.502569
6.158329, 7.599074
6.127121, 7.687096
6.091151, 7.782221
6.051200, 7.875911
6.002255, 7.974511
5.968699, 8.051438
5.927416, 8.135558
5.875174, 8.232402
5.806274, 8.338016
5.729153, 8.448595
5.651800, 8.548495
5.573642, 8.647243
5.497013, 8.740662
5.420319, 8.830832
5.371578, 8.904421
5.318918, 9.148162
5.303930, 9.257610
5.293176, 9.367343
5.277742, 9.460119
5.255388, 9.543947
5.250954, 9.617726
5.236911, 9.711125
5.227294, 9.803382
5.225086, 9.885437
5.229061, 9.968972
5.236978, 10.040896
5.237781, 10.102923
5.231079, 10.163259
5.233718, 10.207285
5.236186, 10.273487
5.234318, 10.384061
5.202984, 10.507107
5.183027, 10.567285
5.174602, 10.626979
5.174161, 10.683641
5.179573, 10.757403
5.182927, 10.823568
5.189263, 10.907606
5.194356, 10.975147
5.202659, 11.045447
5.213583, 11.137935
5.227182, 11.202036
5.223105, 11.233303
5.217907, 11.273183
5.222417, 11.333251
d1b8ed23-d212-4f34-8300-6f05f958ed43
6.769100, 5.033433
6.836834, 5.041902
6.862038, 5.045053
6.880835, 5.061781
6.902910, 5.067897
6.954725, 5.072927
6.966675, 5.090316
6.990994, 5.109896
7.032429, 5.147101
7.086599, 5.185683
7.121090, 5.215341
7.145251, 5.242038
7.175111, 5.279493
7.210737, 5.324181
7cd240d1-6c0f-4505-a84f-4dd5c4e47cc6
6.741777, 5.202988
6.834866, 5.243164
6.855639, 5.254242
6.873025, 5.254801
6.903472, 5.257027
6.927472, 5.260031
6.947941, 5.266867
6.980931, 5.276041
7.010662, 5.285603
7.047518, 5.292477
7.077965, 5.299423
7.111694, 5.305327
7.145681, 5.309501
7.169271, 5.320190
7.180494, 5.314809
7.224093, 5.327632
7.250555, 5.323617
7.274437, 5.321477
7.295692, 5.324051
7.319275, 5.328385
378f29a9-3cc3-4d51-b640-b7b3153ad2c3
6.765763, 5.136610
6.821770, 5.206613
6.820913, 5.299332
6.806485, 5.366735
6.796392, 5.413884
6.793376, 5.442275
6.780872, 5.627949
6.787996, 5.694795
6.792628, 5.752376
6.798059, 5.819891
6.797721, 5.890358
6.798917, 5.953244
6.793823, 6.000280
802dd270-3e7a-4543-bc6c-878cb066b084
6.702457, 5.405896
6.737943, 5.418665
6.765327, 5.430522
6.791908, 5.444086
6.807910, 5.441731
6.823838, 5.447028
6.871579, 5.456595
6.901576, 5.467187
6.951390, 5.483187
6.981884, 5.496127
7.015008, 5.510182
7.036428, 5.520896
9427b135-f72d-4bcd-ad77-13e9582e69b9
6.554691, 6.129892
6.507942, 6.129932
6.492031, 6.129636
6.453082, 6.116148
df84a119-9bfd-49c6-bdc1-fba6ffb308bc
6.435066, 6.465697
6.375124, 6.465097
6.323721, 6.463086
