main root
6.840746, 3.866618
6.793292, 4.534630
6.757509, 4.796390
6.650652, 5.009533
6.346429, 5.362804
6.157239, 5.683931
6.051681, 5.938804
5.981796, 6.049294
5.923480, 6.230045
5.842895, 6.462516
5.838744, 6.621339
5.851025, 6.767577
5.912626, 6.999758
5.929808, 7.110062
5.913724, 7.193918
5.774210, 7.379772
5.676868, 7.571801
5.631089, 7.796594
5.583454, 8.075996
5.491186, 8.284677
5.472691, 8.544356
5.458569, 8.631522
fa174942-5cf6-4385-9eeb-5fc27b4a4720
6.869489, 3.750865
6.846001, 3.841911
6.771802, 3.922708
6.564765, 3.999653
6.390426, 4.007506
6.180883, 4.022397
27145c43-c03c-49b3-bb2e-5d1d5c23a0f3
6.904567, 3.898900
7.237313, 3.981479
c6c005ec-44a0-48e4-ae48-b998e1fdbeae
6.840207, 4.006763
6.944700, 4.003563
7.040484, 3.945369
7.231055, 4.042993
7.602413, 4.241552
7.760532, 4.341696
7.835699, 4.433074
7.930087, 4.585408
7.998293, 4.760572
8.059959, 4.945029
8.206133, 5.319578
8.312835, 5.657938
8.379175, 6.063874
8.407281, 6.534879
8.382352, 6.848038
8.277534, 7.406804
8.140709, 7.875631
8.108612, 7.958032
8.049598, 8.118798
8.010639, 8.260657
5cfe8f41-7ecc-4618-b8be-3f3c5eee978b
6.814969, 4.179216
6.934643, 4.209109
7.220552, 4.232159
7.294797, 4.249851
7.470749, 4.301375
7.564394, 4.348295
7.621576, 4.405821
7.648786, 4.496894
7.631464, 4.833551
7.531323, 5.248047
7.418207, 5.855006
7.385048, 6.064794
7.235558, 6.588411
7.161593, 6.776615
7.120266, 6.928879
6.913034, 7.550150
6.840379, 7.693143
6.733122, 7.832842
6.624756, 7.976398
6.488787, 8.238134
b2c1ea7d-7a9d-4eb2-a001-33f5b7b392ff
6.828059, 4.353980
6.902455, 4.411129
6.984467, 4.417243
7.126796, 4.390768
7.220087, 4.396087
7.369208, 4.395452
7.533174, 4.416562
7.857911, 4.511115
7.941498, 4.532207
8.099441, 4.605812
8.462257, 4.811209
8.573975, 4.855528
8.819003, 4.944618
8.937381, 5.003340
9.282188, 5.305424
ca732e9e-2d54-4187-82bf-ec736a69f709
6.794281, 4.550652
7.023983, 4.655559
7.120352, 4.771158
7.214185, 5.030489
7.248878, 5.112455
7.255139, 5.441685
7.159272, 5.985228
7.072489, 6.353528
6.968420, 6.978297
6.930672, 7.141633
6.850239, 7.349067
6.788855, 7.550150
6.675967, 7.791450
6.457652, 8.210374
6.329197, 8.582011
6.286073, 8.706349
6.243638, 8.877800
6.136983, 9.238029
2dc5f074-8770-4755-a7f6-596e47186ed0
6.760718, 4.806524
7.007259, 4.947756
7.146209, 5.044013
7.222066, 5.127978
7.224712, 5.441685
7.120467, 6.025444
7.030508, 6.436783
6.935523, 6.971771
6.768042, 7.520516
6.647745, 7.778750
6.538384, 7.989358
6.460067, 8.137525
6.386831, 8.290109
6.313236, 8.454691
6.269953, 8.580062
820e1008-3ba2-4dc4-97f0-c243176eb822
6.653110, 5.012066
6.792376, 5.164747
6.926834, 5.344807
6.985961, 5.447443
7.020118, 5.575127
7.085189, 6.038145
7.001933, 6.434667
6.914444, 6.968067
6.747933, 7.475361
6.620228, 7.761111
6.490405, 7.986183
ba43aa71-51bc-42fe-822f-639ad4646361
6.148254, 5.689454
6.042798, 5.676888
5.964064, 5.691547
5.749409, 5.683066
5.644474, 5.699023
5.517442, 5.725321
5.389534, 5.734845
5.255076, 5.761809
5.029308, 5.832096
aafeb8a3-0152-42a1-87cc-d46963df2f68
6.063385, 5.905448
6.212416, 6.015662
6.346363, 6.080531
6.422539, 6.128532
6.493616, 6.193669
6.577366, 6.307694
6.738352, 6.560456
