main root
6.925764, 4.601980
6.974689, 4.939559
7.020697, 5.197826
7.052895, 5.424342
7.062757, 5.588461
7.069285, 5.766847
7.092555, 5.888026
7.145874, 6.065301
7.155490, 6.133496
7.163589, 6.251365
7.168760, 6.369713
7.159660, 6.445813
7.132149, 6.596874
7.115801, 6.710228
7.093831, 6.818100
7.079576, 6.930378
7.069897, 7.040214
7.059605, 7.133040
7.050274, 7.217194
7.040090, 7.336206
7.020085, 7.517255
7.014388, 7.626627
7.004025, 7.744446
6.992279, 7.853846
6.983783, 7.972492
6.983476, 8.065137
6.987369, 8.166588
6.997940, 8.276492
7.021986, 8.394277
7.031463, 8.493594
7.036919, 8.595299
7.033557, 8.689697
7.026021, 8.783089
7.022762, 8.875786
7.017379, 8.969025
7.012498, 9.053552
7.013859, 9.133833
6.997226, 9.182462
7.018459, 9.393163
7.027770, 9.485564
7.025224, 9.544210
7.011453, 9.618948
6.983056, 9.703402
6.934964, 9.820087
6.891089, 9.920989
6.840087, 10.027694
6.796390, 10.128930
6.761505, 10.215061
6.729335, 10.311391
6.701212, 10.408957
6.676781, 10.516641
6.654301, 10.615714
6.641409, 10.701052
6.635103, 10.784436
6.635019, 10.868063
6.632859, 10.953153
6.630763, 11.035676
6.623265, 11.095133
6.655765, 11.377939
6.661812, 11.430514
6.654801, 11.487243
6.640256, 11.556171
6.626843, 11.634256
6.611508, 11.705879
6.593263, 11.776817
6.576444, 11.854238
6.557985, 11.925120
6.539311, 11.984974
6.514659, 12.053946
6.487213, 12.121854
6.458672, 12.192487
6.431791, 12.267014
6.404147, 12.334843
6.375397, 12.405383
6.236332, 12.528727
6.194083, 12.558216
6.091807, 12.578477
6.007662, 12.607357
5.927280, 12.587523
5.616937, 12.713985
efd5e9e5-aa2d-4530-853e-693883bed887
6.894984, 4.600367
6.819441, 4.703496
6.798980, 4.764081
6.780960, 4.822112
6.768224, 4.878269
6.753755, 4.950666
6.744308, 4.990300
6.733411, 5.029560
6.718200, 5.097573
6.684113, 5.199578
6.584919, 5.418692
6.565909, 5.458138
6.551912, 5.490632
6.537739, 5.519759
6.522239, 5.548200
6.507644, 5.578112
6.461839, 5.701415
ee072d87-a0c6-497d-a1aa-b8ae750ee158
6.972890, 4.838698
7.103869, 4.976330
7.131887, 5.026948
7.154100, 5.084783
7.162718, 5.119744
7.173143, 5.155776
7.239896, 5.324387
7.253558, 5.345373
7.289252, 5.388803
7.332247, 5.437852
7.360793, 5.477229
7.444041, 5.563243
7.477253, 5.599710
7.509343, 5.637168
7.534865, 5.664656
7.552637, 5.703301
7.689351, 5.820946
7.721503, 5.854541
7.758722, 5.891273
7.788507, 5.926982
7.818918, 5.965785
7.848134, 6.005496
7.880312, 6.046714
7.913653, 6.086997
7.929084, 6.107996
afc7c8fd-da28-4130-af32-6887f5c1c0fd
6.935480, 5.066440
6.874964, 5.117179
6.832131, 5.175081
6.794686, 5.193949
6.692748, 5.270515
6.616607, 5.304745
6.568404, 5.329450
6.507284, 5.370435
6.385790, 5.420050
6.349450, 5.443821
6.287414, 5.477247
6.239613, 5.506404
6.192443, 5.542187
6.135068, 5.596986
6.086184, 5.638530
5.880130, 5.791300
5.773206, 5.890532
5.739655, 5.919941
5.662170, 5.985046
5.587222, 6.053546
5.530785, 6.109182
5.481027, 6.160336
5.435810, 6.197622
6d5c68f1-e007-4ee4-a2c5-2dc11a9d0f6b
6.990692, 4.644965
7.032239, 4.674364
7.241073, 4.823177
