main root
6.881283, 4.092166
6.761209, 4.379314
6.688553, 4.499448
6.666220, 4.640988
6.615242, 4.782053
6.583634, 4.918821
6.542849, 5.060308
6.504746, 5.189702
6.476257, 5.308811
6.456733, 5.426715
6.436675, 5.534906
6.429009, 5.634264
6.427539, 5.735820
6.432416, 5.837267
6.441514, 5.938390
6.460990, 6.036800
6.480762, 6.125843
6.503178, 6.187758
6.540575, 6.272519
6.571297, 6.352425
6.602510, 6.425268
6.641931, 6.528008
6.669229, 6.599155
6.694593, 6.669441
6.733009, 6.763429
6.761841, 6.833969
6.782866, 6.901232
6.810651, 6.990121
6.831510, 7.061868
6.842917, 7.127909
6.853383, 7.212877
6.856024, 7.283289
6.855774, 7.356550
6.846563, 7.423731
6.852974, 7.505950
6.862114, 7.584667
6.877538, 7.665610
6.868982, 7.708660
6.844718, 7.769315
6.864050, 7.797326
6.852305, 7.888960
6.831999, 7.981209
6.811976, 8.072169
6.785639, 8.162464
6.761931, 8.243747
6.742628, 8.320615
6.722980, 8.392708
6.698328, 8.491209
6.684117, 8.573619
6.667613, 8.657120
6.655431, 8.740146
6.627051, 8.852752
6.611992, 8.902005
6.568509, 9.128412
6.562088, 9.193611
6.555879, 9.226152
6.540411, 9.275291
6.524579, 9.335560
6.509529, 9.392867
6.492347, 9.446520
6.476217, 9.506714
6.460480, 9.542319
6.436531, 9.596516
6.417170, 9.662557
6.396443, 9.711986
6.376741, 9.774466
6.356968, 9.827218
6.339681, 9.890410
6.319855, 9.940207
6.299615, 9.999145
6.278515, 10.051382
6.262945, 10.121907
6.252914, 10.153481
6.231082, 10.202433
6.211496, 10.268409
6.188584, 10.314047
6.168664, 10.387093
6.148877, 10.436906
6.130362, 10.499747
6.111594, 10.552867
6.091858, 10.608735
6.070303, 10.660785
6.052494, 10.727261
6.035048, 10.780827
6.018621, 10.840940
6.000907, 10.894419
5.987979, 10.962014
5.972493, 11.011146
5.958592, 11.075167
5.943734, 11.129510
5.932308, 11.194019
5.921977, 11.252363
5.911651, 11.310708
5.898902, 11.365584
5.887737, 11.426895
5.877125, 11.485188
5.866515, 11.543480
5.853499, 11.598293
5.842035, 11.659547
5.831469, 11.699749
5.811619, 11.739964
ce88cfd1-4058-4adf-b640-4af6a7c0dd8f
6.773119, 4.363972
6.851200, 4.395642
6.896780, 4.422925
6.969233, 4.465512
7.015299, 4.489117
7.069496, 4.506838
7.149466, 4.526688
7.259788, 4.563325
7.336376, 4.597624
7.407897, 4.628015
7.476065, 4.658607
7.570352, 4.696284
7.619553, 4.720780
7.674614, 4.746523
7.727884, 4.779143
bb6a5c53-0b6f-4f67-9ed0-38268f51c28a
6.852807, 4.180186
6.906025, 4.219171
6.938468, 4.242936
6.963757, 4.261749
6.987999, 4.276343
7.022617, 4.293960
7.067224, 4.309942
7.095357, 4.324791
7.121413, 4.340237
7.145314, 4.352665
737b0533-7b43-44bc-8b9d-1e2b6a176c0d
6.641262, 4.659696
6.732644, 4.653133
6.782750, 4.661160
6.806491, 4.667994
6.831444, 4.679850
6.863946, 4.695292
6.880906, 4.708322
6.908179, 4.734938
6.942421, 4.770447
6.975566, 4.806972
7.004053, 4.842820
7.029073, 4.874306
7.041987, 4.895368
7.057321, 4.917515
23bdd994-24c7-4dca-9e10-dc3d60555040
6.413655, 5.556754
6.466014, 5.593617
6.484056, 5.611988
c9f0a7be-68b7-4842-aabe-bce4ca5ebba8
6.428297, 5.914936
6.373006, 5.976390
