main root
6.664156, 5.355615
6.582478, 5.567808
6.546171, 5.838547
6.541552, 5.965305
6.580277, 6.142693
6.607177, 6.383281
6.623774, 6.664220
6.640634, 6.882284
6.621950, 7.079321
6.627442, 7.298878
6.628070, 7.483777
6.641215, 7.659576
6.642874, 7.849003
6.653740, 8.012472
6.685015, 8.171762
6.686432, 8.268087
6.682665, 8.427144
6.679457, 8.562573
6.665131, 8.732881
6.654770, 8.880690
6.653569, 9.046107
6.664786, 9.201574
6.675519, 9.379398
6.672826, 9.544260
6.655685, 9.713471
6.654699, 9.847781
6.655820, 9.979922
6.650515, 10.082196
6.635529, 10.167467
6.617944, 10.267528
6.607319, 10.327985
dada8d16-0d74-4fb2-a96c-c6c0a5d3d0dc
6.508595, 5.334122
6.450348, 5.360364
6.389806, 5.370556
1e220b83-1950-496e-8ab8-fe945cf659b9
6.634540, 5.697817
6.731046, 5.766255
6.815047, 5.808275
6.888845, 5.865678
6.984743, 5.916139
7.048557, 5.964058
7.123029, 6.019981
7.182433, 6.072479
7.216806, 6.116693
7.268062, 6.232876
7.274363, 6.375943
7.276103, 6.462766
7.273911, 6.564591
7.280340, 6.656944
7.278479, 6.751385
7.280860, 6.844113
7.272766, 6.938664
7.270443, 7.040205
7.263886, 7.141834
7.255776, 7.234871
7.246953, 7.336091
7.234633, 7.428980
7.230854, 7.521469
7.231273, 7.614220
7.233797, 7.707101
7.242894, 7.808262
7.251394, 7.926336
7.260793, 8.027448
7.274394, 8.128057
7.282764, 8.221380
7.292597, 8.331010
7.302430, 8.440641
7.320713, 8.549739
7.330000, 8.643337
7.342404, 8.726339
7.345159, 8.795406
7.352642, 8.878985
7.357625, 8.951416
5eebb01c-b8d7-418b-8ff7-415e8ad9f7eb
6.636870, 6.064527
6.737795, 6.096501
6.821992, 6.111047
6.916779, 6.134086
6.998030, 6.158094
7.071101, 6.179686
7.159051, 6.193189
7.221569, 6.218244
7.339733, 6.243726
7.443207, 6.287583
7.509415, 6.318896
7.586252, 6.348609
7.647618, 6.380363
7.715980, 6.407310
7.765267, 6.429956
e659ce2a-6354-42ab-895a-bbb018c50360
6.481903, 6.074806
6.387767, 6.131668
6.321608, 6.159726
6.235594, 6.196754
6.167111, 6.222789
6.101089, 6.238280
6.072120, 6.274126
5.992712, 6.310703
5.922081, 6.354654
5.862686, 6.379400
5.780965, 6.406708
5.720012, 6.438009
5.644693, 6.476687
5.578203, 6.507467
5.479158, 6.555648
32bb41eb-116f-48c9-b644-56571dbf6f12
6.491693, 5.756780
6.367699, 5.789393
6.286698, 5.814230
6.191551, 5.857268
6.109814, 5.892534
6.049357, 5.924197
5.980361, 5.971028
5.903304, 6.023333
5.841845, 6.057813
5.776090, 6.098137
5.710142, 6.142091
5.647105, 6.241609
5.586776, 6.318228
5.503992, 6.412696
5.315859, 6.608580
5.265077, 6.659135
5.218149, 6.723261
5.159473, 6.796316
5.104732, 6.871191
5.047925, 6.945327
4.976990, 7.033752
4.910018, 7.110476
4.853644, 7.181456
4.826231, 7.236262
4.776998, 7.334695
4.741298, 7.420178
4.698179, 7.512446
4.664765, 7.598850
4.626121, 7.692916
4.593471, 7.789089
4.566253, 7.869265
4.544648, 7.923593
4.531343, 8.040308
4.525707, 8.102952
4.515161, 8.153374
a0816172-5b4d-455e-b9e3-38a1bce069f7
6.489217, 5.623978
6.392850, 5.670200
6.342894, 5.699103
6.262333, 5.732587
6.159433, 5.766216
6.064067, 5.801077
5.979428, 5.838736
5.904796, 5.883517
5.827907, 5.932119
5.791154, 5.962711
5.760347, 5.999148
5.709010, 6.076157
5.653585, 6.151708
5.606563, 6.259075
5.526558, 6.374143
5.444295, 6.502809
5.379354, 6.642905
5.344756, 6.706818
5.296549, 6.787034
5.242800, 6.864220
5.184737, 6.947601
5.131519, 7.024025
5.083885, 7.103471
5.044343, 7.177486
5.000460, 7.259628
4.956577, 7.341768
4.918594, 7.426257
4.886454, 7.513136
4.857236, 7.610407
4.834154, 7.709310
4.806907, 7.807447
4.781992, 7.897183
4.752895, 7.986256
4.716722, 8.090177
4.683321, 8.186133
4.658897, 8.275495
4.638686, 8.357306
4.624724, 8.439765
4.615869, 8.509995
4.602895, 8.596068
4.596901, 8.635836
1245ed83-6ad3-4f86-b8cc-35807b945bca
6.812565, 5.378349
6.890899, 5.372684
6.998050, 5.365347
7.141151, 5.379302
7.259548, 5.383795
7.417592, 5.410183
7.525896, 5.446218
7.681412, 5.516291
7.808181, 5.528811
7.899960, 5.545555
7.990688, 5.574936
8.080564, 5.597409
8.162880, 5.613716
8.253880, 5.636032
8.341192, 5.666106
8.427859, 5.702633
8.505884, 5.735517
8.560945, 5.749592
8.631130, 5.770624
8.715304, 5.786474
8.818848, 5.818500
8.884540, 5.849671
8.961027, 5.885966
9.025877, 5.920052
9.109490, 5.950474
9.171436, 5.979384
9.251885, 6.023894
9.307087, 6.057855
9.360659, 6.094329
9.433382, 6.141297
9.470721, 6.165413
f66d62f0-8504-4314-bfb9-ed854d3cb56d
6.769100, 5.448300
6.885805, 5.459407
6.995778, 5.465350
7.104196, 5.461587
7.195480, 5.458419
7.249601, 5.464959
7.341988, 5.484599
7.433914, 5.495538
7.526397, 5.506545
7.618880, 5.517550
7.711251, 5.545490
7.769239, 5.567425
7.853734, 5.610633
7.929686, 5.647142
7.998522, 5.671026
8.087438, 5.697425
8.173946, 5.727498
8.234488, 5.758050
8.304525, 5.791717
8.396093, 5.835734
8.468768, 5.867348
8.546521, 5.894644
8.587090, 5.919990
8.664090, 5.957509
8.759180, 6.008551
8.833027, 6.052510
