main root
6.108415, 6.500819
6.643760, 6.645397
6.856188, 6.708397
6.968247, 6.755228
7.183385, 6.898557
7.296936, 6.996825
7.424984, 7.107638
7.556962, 7.219246
7.679791, 7.323118
7.816711, 7.425590
7.941941, 7.544357
7.995407, 7.620770
8.060221, 7.694107
8.129343, 7.762753
8.180608, 7.822608
8.217812, 7.911761
8.212723, 8.034430
8.185878, 8.119868
8.159606, 8.205969
8.146352, 8.278129
8.129948, 8.380543
8.117756, 8.456656
8.111771, 8.541342
8.095674, 8.619110
8.081890, 8.663546
8.067828, 8.713934
8.055213, 8.764706
8.044056, 8.815815
8.032079, 8.863663
8.018656, 8.911122
8.003799, 8.958154
7.987520, 9.004713
7.971674, 9.054569
7.957260, 9.104858
7.942237, 9.151837
7.921917, 9.190810
7.909832, 9.217230
7.889597, 9.270861
7.881005, 9.306351
7.870156, 9.357529
7.858468, 9.405445
7.845332, 9.452986
7.832846, 9.503788
7.822323, 9.552875
7.816817, 9.585695
7.804205, 9.606611
7.785065, 9.873196
7.759981, 10.001805
7.745714, 10.129792
7.726988, 10.275459
7.709489, 10.402064
7.699079, 10.523544
7.686871, 10.641304
7.670487, 10.758427
7.653151, 10.867081
7.628304, 10.982638
7.607441, 11.099743
7.590209, 11.208534
7.575777, 11.326612
7.562425, 11.435867
7.551126, 11.528317
7.541944, 11.620788
7.531472, 11.705259
7.523166, 11.789118
7.516925, 11.873157
7.510655, 11.957594
7.502248, 12.030378
7.505038, 12.084488
7.503579, 12.264514
7.511868, 12.349768
7.512702, 12.420234
7.513603, 12.496432
7.517534, 12.575588
7.511897, 12.643174
7.513765, 12.728807
7.509311, 12.799137
7.518485, 12.891072
7.598833, 13.127566
8.284634, 13.144500
ae63bc32-fa7b-4a12-9ffd-4d078b8fcc2b
6.199726, 6.379193
6.608233, 6.029678
6.678123, 5.997649
6.734043, 5.978609
6.798473, 5.951369
6.858116, 5.926153
fcf1ee82-0477-442f-8f9a-7af3f7ace0ca
6.453445, 6.450188
6.523914, 6.310514
6.575378, 6.252909
6.626619, 6.204540
6.682333, 6.141657
6.731462, 6.086206
6.769361, 6.043429
6.811544, 6.032648
6.825451, 6.000439
6.839275, 5.941953
6.879302, 5.936812
6.945857, 5.892298
6.994511, 5.864917
3af3bf39-7c0e-4d09-879a-451e12b8a5af
6.339337, 6.398308
6.416082, 6.208167
6.470393, 6.142227
6.580823, 6.132087
6.745333, 6.150209
6.826980, 6.137291
6.865929, 6.132364
6.894345, 6.127471
6.935717, 6.139318
6.970209, 6.163617
6.987144, 6.205708
7.006632, 6.233537
7.038533, 6.276483
7.060450, 6.316029
7.080971, 6.353054
7.105562, 6.391247
7.115175, 6.411707
7.278138, 6.642625
7.317447, 6.694401
7.378443, 6.767740
7.428832, 6.818963
7.457906, 6.861853
7.590502, 6.947127
7.640249, 6.990806
7.665202, 7.020683
7.707409, 7.066553
7.747542, 7.110168
7.783445, 7.153606
7.829631, 7.200092
7.875638, 7.242151
7.923613, 7.281951
7.973443, 7.319403
8.002776, 7.359732
8.159973, 7.438913
8.228030, 7.473197
8.263466, 7.497752
8.321938, 7.541912
8.395328, 7.586087
8.460616, 7.625387
8.538229, 7.661624
8.595344, 7.698202
8.667788, 7.737488
8.761369, 7.795459
8.816890, 7.831614
8.873651, 7.868576
8.921542, 7.899763
8.960891, 7.930594
04350a90-728f-4847-ade5-d0556baddc98
6.504453, 6.465196
6.574368, 6.373990
6.612950, 6.334253
6.695673, 6.334020
6.770323, 6.361709
6.842636, 6.400079
6.878161, 6.418929
7.059781, 6.554790
7.121995, 6.626019
7.176893, 6.745759
7.196338, 7.005691
7.173623, 7.126433
7.160657, 7.170851
7.145972, 7.215679
7.140909, 7.245434
7.133616, 7.296977
7.122680, 7.341939
7.118906, 7.401947
7.093081, 7.411969
6.983102, 7.518312
6.940230, 7.543609
6.749275, 7.698756
6.698874, 7.728866
6.619247, 7.766637
6.532877, 7.802950
6.461033, 7.836403
6.398436, 7.863899
6.345558, 7.885498
6.148620, 8.010970
5.908640, 8.145801
5.614753, 8.329097
5.579503, 8.364028
5.537417, 8.414180
5.508477, 8.444030
eb14ce8b-ab6e-4ffc-822b-13b746865a2a
6.625406, 6.544812
6.754547, 6.470003
7.109687, 6.530202
7.242772, 6.542424
7.303250, 6.546476
7.357437, 6.554606
7.441388, 6.571395
7.517874, 6.585165
7.578286, 6.596042
ecc915cc-044b-403d-aee6-e157e397172d
6.430962, 6.659783
6.473308, 6.878343
6.493531, 7.015316
6.505399, 7.124683
6.521735, 7.236294
6.531709, 7.294105
6.528492, 7.343781
6.547372, 7.465984
6.531617, 7.535958
6.524442, 7.561016
6.512621, 7.585986
6.491600, 7.633892
6.476372, 7.664872
6.431753, 7.726109
6.401511, 7.765075
6.370101, 7.803106
6.343888, 7.827794
6.306846, 7.864738
6.278386, 7.882555
6.232009, 7.923951
6.193993, 7.959892
6.158795, 7.986991
6.118271, 8.020080
6.084479, 8.041877
6.042238, 8.067344
5.998226, 8.095627
5.962182, 8.113454
5.915971, 8.137979
5.872962, 8.155720
5.821938, 8.184865
5.796041, 8.194487
5.771350, 8.205257
5.650385, 8.254964
5.604216, 8.272316
5.561733, 8.289882
5.517224, 8.303427
5.513423, 8.334935
5.411236, 8.397841
5.332947, 8.463424
5.249390, 8.522380
5.173294, 8.576073
5.094386, 8.626602
5.013294, 8.673533
4.933945, 8.721888
4.860204, 8.764394
4.785452, 8.805089
4.715190, 8.850424
4.647009, 8.899351
4.584761, 8.945863
4.523420, 8.993566
4.456274, 9.048463
4.422072, 9.074491
4.295125, 9.175765
4.243360, 9.207492
4.208577, 9.230564
4.166748, 9.263697
4.112922, 9.312061
4.062877, 9.350992
4.009678, 9.390482
3.976456, 9.420734
3.926080, 9.472682
3.878893, 9.519187
3.830697, 9.560382
3.783870, 9.602377
3.732869, 9.658168
3.686884, 9.701816
3.637811, 9.746328
3.587745, 9.789722
3.536712, 9.831970
3.484736, 9.873056
3.431844, 9.912959
3.392100, 9.948569
3.341305, 10.000109
3.293776, 10.050467
3.246979, 10.089149
3.168674, 10.153873
3.109340, 10.208742
3.053561, 10.256248
2.985741, 10.319533
2.942114, 10.368434
2.902415, 10.408432
2.860661, 10.450500
2.838295, 10.473034
f61ad4a9-5053-4cff-b08b-0f5ce105d088
6.464036, 6.993463
6.344915, 7.056167
6.287577, 7.081124
6.231369, 7.113609
6.171732, 7.153262
6.105929, 7.182085
6.038442, 7.206744
5.986982, 7.229962
5.935004, 7.261624
5.891986, 7.285400
5.869170, 7.299721
388dfef4-827b-487d-9f1b-d1d6b80df90d
6.608233, 6.735233
6.664522, 6.860019
6.687257, 6.906457
6.694787, 6.942262
6.708758, 7.001419
6.726128, 7.068453
6.743117, 7.134021
6.761260, 7.178878
6.796530, 7.255025
6.817466, 7.307347
6.839485, 7.362374
6.865848, 7.432287
6.877674, 7.472134
6.885395, 7.508670
6.892327, 7.563187
6.899198, 7.629083
6.901291, 7.692450
6.898891, 7.755809
6.894888, 7.821943
6.886586, 7.884799
6.877716, 7.951949
6.873182, 7.997696
6.400379, 8.207136
6.350205, 8.256000
6.272479, 8.311156
6.218762, 8.357038
6.148674, 8.430814
6.084970, 8.488834
6.048978, 8.521616
5.947102, 8.630763
5.901249, 8.690860
5.821926, 8.748722
5.768838, 8.778182
5.713690, 8.796804
5.658645, 8.822478
5.577712, 8.890999
5.525667, 8.938985
5.476298, 8.974323
5.414166, 9.021348
5.381517, 9.049811
5.255764, 9.188744
5.186558, 9.252668
5.121349, 9.318628
5.052543, 9.382243
4.985755, 9.446857
4.924898, 9.505733
4.870345, 9.546020
4.796592, 9.616965
4.785708, 9.655971
4.703258, 9.758900
4.650323, 9.824984
4.592102, 9.897667
4.544923, 9.961350
4.500183, 10.026771
4.461582, 10.094393
4.438989, 10.130954
ac905168-0894-4db2-9a89-01d02a2fa346
6.177963, 6.626993
6.234786, 6.776697
6.291304, 6.866065
6.368864, 6.943211
6.636274, 7.347812
6.678126, 7.457060
6.683265, 7.487213
6.689743, 7.543108
6.699861, 7.604527
6.709468, 7.662924
6.724897, 7.720059
6.743984, 7.779308
6.758352, 7.833712
6.773452, 7.890935
6.784881, 7.946031
6.790470, 7.972974
6.894603, 8.180508
6.928358, 8.248728
6.968426, 8.315481
7.020644, 8.371980
7.056905, 8.405205
75f43c31-08d6-4a4e-884f-37bdc8f1f830
6.777566, 6.786033
6.798373, 6.912202
6.800631, 7.176093
6.888721, 7.568875
6.972027, 7.655317
6.988740, 7.674963
7.091563, 7.725865
7.179582, 7.746095
7.231692, 7.761143
7.316742, 7.741700
7.360074, 7.731795
7.404573, 7.733706
7.466907, 7.733388
7.535108, 7.724059
7.576587, 7.721408
7.618150, 7.721751
7.697243, 7.740121
e36644df-e668-43b1-8ab7-69b6b16d7ce9
7.979578, 9.345068
8.023536, 9.367157
8.097351, 9.401945
8.174449, 9.435987
8.250108, 9.478461
8.312553, 9.499784
8.382759, 9.525341
8.459030, 9.557607
8.507726, 9.583082
8.558365, 9.609574
8.604963, 9.637333
974a6b34-73bd-4c40-9ef0-3feebd787933
7.878233, 9.808633
7.894894, 9.819066
7.929143, 9.828752
7.999801, 9.844052
8.037923, 9.856887
8.092558, 9.883178
8.175399, 9.910236
bc90e288-325e-4267-8fa7-ed304e88dcce
7.841742, 9.605745
7.776633, 9.613900
7.742634, 9.618158
7.694176, 9.614778
7.668675, 9.632766
7.585877, 9.648102
7.519737, 9.660352
7.473714, 9.675294
7.410253, 9.694323
7.371730, 9.705873
b534e110-481f-463d-b222-37af948eea0c
7.854835, 9.421608
7.777855, 9.470758
7.736919, 9.477388
7.669540, 9.469456
7.622852, 9.462453
7.592629, 9.462459
7.538837, 9.465452
7.481074, 9.467168
7.433195, 9.465594
7.375505, 9.462202
7.334837, 9.464307
7.293257, 9.467958
f202c829-0492-4b79-a5f9-a491b989a4a3
7.890912, 9.242489
7.835505, 9.189005
7.808429, 9.167029
7.771442, 9.140865
7.718885, 9.107354
7.668914, 9.075491
7.616870, 9.044083
7.574704, 9.022130
7.530496, 8.995785
0baf997f-d707-4720-a056-733fe79c9392
7.734300, 9.986433
7.678378, 9.996156
7.592282, 9.988179
7.534895, 9.981359
7.495838, 9.979731
01b2295d-2d97-4d3c-b582-f893ed348de9
7.817268, 10.255018
7.847339, 10.272840
7.900145, 10.304134
7.939562, 10.337132
1850b8c0-1f7d-40d0-b463-7a22904bc8ea
7.684010, 10.464831
7.630487, 10.469660
7.600014, 10.475809
7.577151, 10.477769
5f436f24-9fbc-426e-8cd3-27400eb40827
7.709022, 10.623715
7.774922, 10.623891
8566012d-a028-4e2c-9435-43faef2b8dd9
7.660643, 10.913333
7.720595, 10.948371
db492732-660a-4799-a155-5be656285887
7.625571, 11.102160
7.674515, 11.129462
