main root
6.672959, 5.214757
6.574160, 5.474240
6.542707, 5.578980
6.515792, 5.709684
6.491531, 5.817006
6.475370, 5.917280
6.457103, 6.017329
6.456552, 6.079227
6.457765, 6.180765
6.458978, 6.282362
6.464290, 6.374963
6.475884, 6.466871
6.486479, 6.550870
6.502250, 6.642280
6.524181, 6.732282
6.544227, 6.814543
6.569717, 6.883610
6.611422, 6.966237
6.660909, 7.054894
6.701135, 7.139907
6.737349, 7.216440
6.780785, 7.298399
6.829642, 7.377111
6.868139, 7.454861
6.907682, 7.539465
6.950704, 7.631511
6.993429, 7.732916
7.024051, 7.821847
7.051614, 7.901897
7.085761, 7.988142
7.114441, 8.077722
7.151394, 8.172331
7.186416, 8.267811
7.211971, 8.349524
7.247518, 8.434995
7.279581, 8.523045
7.311448, 8.610558
7.326012, 8.676796
7.343528, 8.714649
7.371556, 8.782347
7.404616, 8.854373
7.436404, 8.923628
7.468192, 8.992883
7.503950, 9.063609
7.534309, 9.130292
7.574069, 9.232944
7.604649, 9.311893
7.630234, 9.382093
7.644815, 9.448326
7.689296, 9.553381
7.712606, 9.616113
7.725452, 9.685669
7.721450, 9.732735
05fde346-99a2-4316-af96-b7eb0071a7d0
6.685682, 5.334192
6.730545, 5.373173
6.763730, 5.405971
6.805883, 5.447633
6.841686, 5.489332
6.900733, 5.548553
6.934485, 5.584525
7.012787, 5.673987
6198d397-af1b-462a-8b7e-e50c57af5dc8
6.612074, 5.525421
6.656802, 5.598346
6.694402, 5.601686
6.763393, 5.606327
6.814117, 5.603738
6.853830, 5.634000
6.879337, 5.668951
bb2e8a17-a53c-4dda-8608-7ec8e8c7be44
6.578999, 5.619031
6.613854, 5.649923
6.641296, 5.678249
6.663199, 5.696559
6.686900, 5.712473
6.722032, 5.736065
6.757162, 5.759658
6.822495, 5.779660
