main root
7.290995, 4.439949
7.284722, 4.733260
7.269683, 4.842693
7.250519, 4.951043
7.229291, 5.053874
7.221858, 5.110808
7.233997, 5.181258
7.238323, 5.281125
7.232502, 5.391262
7.229258, 5.492759
7.208642, 5.609333
7.201918, 5.720260
7.182604, 5.829029
7.161290, 5.936974
7.132996, 6.070411
7.112466, 6.187571
7.091396, 6.295558
7.076850, 6.414178
7.069733, 6.524371
7.050899, 6.619074
7.028977, 6.683255
7.008951, 6.751155
7.000823, 6.865683
6.989581, 6.906901
6.968261, 6.959817
6.975685, 7.065490
6.972001, 7.119783
6.968810, 7.188944
6.964266, 7.255029
6.961013, 7.324186
6.953559, 7.387137
6.946910, 7.456051
6.941755, 7.525094
6.935335, 7.591022
6.927430, 7.656790
6.920658, 7.725693
6.912693, 7.791453
6.908472, 7.863682
6.905929, 7.932868
6.905586, 7.983073
6.921050, 8.232538
6.926829, 8.301531
6.925341, 8.337509
6.923977, 8.406732
6.915312, 8.466809
6.911986, 8.542314
6.907579, 8.608407
6.904471, 8.677572
6.900005, 8.743665
6.899619, 8.816013
6.897770, 8.882229
6.894429, 8.948386
6.892434, 9.017590
6.894844, 9.089901
6.895556, 9.156137
6.897800, 9.225335
6.901543, 9.294469
6.900478, 9.357850
6.900813, 9.427083
6.896632, 9.490334
6.896354, 9.562687
6.897586, 9.631909
6.897273, 9.698149
6.895554, 9.745330
6.906847, 9.874181
6.907508, 10.058451
6.903669, 10.168116
6.904045, 10.278369
6.895956, 10.388239
6.887874, 10.498011
6.884004, 10.608197
6.877458, 10.734770
6.871633, 10.886424
6.864492, 11.022637
6.859174, 11.124090
6.853769, 11.198610
6.851025, 11.277811
6.844679, 11.339483
6.836592, 11.388838
090f5d82-0ce7-4e44-bfee-7da18583ed33
7.347310, 4.516489
7.555709, 4.624997
7.665412, 4.682615
7.847871, 4.781458
8.033248, 4.839638
8.082203, 4.861292
8.117260, 4.866993
8.175686, 4.876492
8.234127, 4.885982
8.289134, 4.897934
8.346994, 4.910492
8.391026, 4.923098
8.447949, 4.939381
8.497474, 4.959760
8.560045, 4.979021
8.597220, 4.998294
8.655006, 5.025608
8.829145, 5.060258
8.876687, 5.078879
8.921888, 5.090158
8.979369, 5.104502
9.033220, 5.121028
9.097334, 5.134447
9.148233, 5.151219
9.212058, 5.165949
9.267992, 5.180394
9.307384, 5.193657
9.362909, 5.216503
aea84371-fe27-43aa-8d9e-cd0563727385
7.349456, 4.499719
7.845474, 4.740396
8.032476, 4.780308
8.122785, 4.797510
8.219709, 4.819965
8.301683, 4.849819
8.381862, 4.874605
8.424329, 4.887732
8.508472, 4.902230
8.583881, 4.925447
8.673432, 4.948551
8.739911, 4.974323
8.824383, 5.016023
8.910541, 5.049105
9.049636, 5.103163
bd442ec5-8537-466c-8f26-cbedc368d375
7.341047, 4.852478
7.407076, 4.866137
7.441618, 4.880330
7.484705, 4.902887
7.542837, 4.933320
7.570965, 4.948046
7.589428, 4.961091
7.710135, 5.024442
7.734450, 5.037245
7.760918, 5.047840
7.792234, 5.053969
7.833571, 5.062059
7.871397, 5.072512
7.926678, 5.089341
7.993344, 5.108072
8.064092, 5.123286
8.102213, 5.136076
8.150377, 5.152235
8.184715, 5.166913
8.231352, 5.193359
8.286984, 5.221465
8.333855, 5.250174
8.393672, 5.285060
8.430459, 5.304781
8.494765, 5.346752
8.518878, 5.355630
8.554700, 5.372019
8.601082, 5.386655
8.637647, 5.401333
8.686806, 5.425904
8.751524, 5.453232
8.819811, 5.477193
8.878005, 5.502371
8.916885, 5.517561
8.965913, 5.523859
9.016875, 5.540685
942288f7-38e4-410a-9905-304de4fc66c6
7.257013, 4.650656
7.198518, 4.722361
7.181821, 4.735725
7.148863, 4.762103
7.108016, 4.790962
7.060327, 4.820990
7.011109, 4.848443
6.966858, 4.878266
6.929998, 4.903109
6.799378, 4.986288
6.732148, 5.005890
6.460261, 5.145977
6.377746, 5.178115
6.336593, 5.197356
6.301129, 5.207329
6.264484, 5.214524
6.237198, 5.222933
6.222169, 5.242264
6.161718, 5.274355
6.121961, 5.296817
6.081673, 5.324391
6.044679, 5.351160
6.023832, 5.367722
6.003704, 5.385626
5.948816, 5.457168
5.845056, 5.538055
5.818094, 5.560973
5.792470, 5.580792
5.764886, 5.607807
5.740721, 5.629381
5.715347, 5.654045
5.697103, 5.673868
b0a21c0d-5e06-4e15-85e8-5e671c36f843
7.270504, 4.509243
7.209505, 4.572899
7.175037, 4.600215
7.139471, 4.634132
7.104239, 4.667730
7.026252, 4.756329
6.986285, 4.788143
6.941110, 4.814538
6.896926, 4.847287
6.841579, 4.893902
6.796125, 4.924050
6.754207, 4.950057
6.714287, 4.969542
6.689395, 4.986688
6.667327, 5.007342
6.630165, 5.044174
6.594073, 5.082055
6.559487, 5.137878
6.513022, 5.178440
6.474893, 5.209737
6.446458, 5.238888
6.411062, 5.281605
6.374773, 5.311797
6.285749, 5.375009
6.251957, 5.395328
6.229167, 5.412520
6.207717, 5.436196
6.179099, 5.463321
6.148275, 5.496656
6.119548, 5.527718
6.090818, 5.558778
6.062085, 5.589834
6.033349, 5.620888
6.014823, 5.645309
5.991094, 5.681540
5.975426, 5.716389
5f1b168f-dd26-497d-8fa0-c3d8f3480816
7.253409, 4.925929
7.196451, 4.961872
7.175533, 4.970397
7.137754, 5.018394
7.020059, 5.193637
7.000725, 5.211686
6.969644, 5.248944
6.933684, 5.253407
6.926385, 5.273439
6.878438, 5.316591
6.851246, 5.349115
6.808044, 5.411633
6.781028, 5.480778
6.759776, 5.551622
6.735478, 5.616991
6.722348, 5.656612
6.665643, 5.739051
6.636251, 5.816428
6.610670, 5.898248
6b34ca64-05b2-4d98-9cdf-ba3481caa097
7.086856, 6.639147
7.124863, 6.657479
7.172761, 6.682887
7.268810, 6.732509
7.292859, 6.760613
7.318566, 6.755773
7.360005, 6.774055
7.419591, 6.809530
7.485299, 6.846908
7.541605, 6.876840
bcfe2e43-0ba7-48df-8a64-7a08a5027ab3
7.110277, 6.337620
7.180222, 6.358515
7.255632, 6.376055
7.308970, 6.396752
acc6860b-d9bc-4405-8cca-28c0928a1db7
6.919246, 6.900839
6.840233, 6.904236
6.787464, 6.914184
6.743288, 6.917942
6.693500, 6.923681
6.624893, 6.933095
6.556509, 6.943988
6.503462, 6.958502
523aab8b-8796-405d-b0f1-507992a3c1fa
6.902997, 7.088416
6.849228, 7.097325
6.787590, 7.120015
6.741695, 7.133719
6.687973, 7.154448
6.625897, 7.180003
6.591809, 7.195655
80039335-8503-4e26-940c-8f5d6b9236df
7.242160, 4.414202
7.138806, 4.462563
7.116153, 4.481981
7.078093, 4.510659
7.045974, 4.534861
