main root
6.672533, 4.750453
6.595097, 4.967512
6.527607, 5.113461
6.463771, 5.276504
6.425943, 5.377665
6.392366, 5.473499
6.368565, 5.553974
6.344931, 5.623325
6.332461, 5.669200
6.327230, 5.711272
6.327994, 5.753660
6.335461, 5.835726
6.332607, 5.903480
6.334856, 5.956796
6.336552, 5.996977
6.358067, 6.060432
6.421997, 6.146616
6.429328, 6.221300
6.436567, 6.295029
6.415656, 6.400673
6.383489, 6.443295
6.386704, 6.478732
6.376982, 6.531948
e8362aac-ef8c-4203-84bf-dab95c000e1f
6.516725, 4.894870
6.394504, 4.935638
6.306571, 4.956085
f03d7d46-729b-4861-8e3e-e982423059b7
6.569181, 4.776811
6.422319, 4.788225
6.305133, 4.809137
6.187257, 4.826296
6.096720, 4.843642
52b2dcfa-f13c-4792-8067-8e25832fa1bb
6.682446, 4.959619
6.745466, 5.001607
6.795875, 5.038608
6.869469, 5.083409
6.928801, 5.123940
6.974576, 5.153397
