main root
6.214015, 4.565737
6.166199, 4.851124
6.151315, 4.965525
6.116904, 5.075871
6.075862, 5.148412
6.109446, 5.292444
6.138109, 5.406056
6.164345, 5.497853
6.157641, 5.579035
6.118162, 5.632372
6.127047, 5.898251
6.148052, 6.096707
6.152149, 6.214752
6.158365, 6.271832
6.157196, 6.319823
6.134246, 6.421655
6.129651, 6.499448
6.097600, 6.549076
6.008755, 6.637045
5.972688, 6.698396
a635d7a2-15fc-4e9a-a7e8-c13c069b44a1
6.227083, 4.950878
6.291396, 4.944717
6.333526, 4.940678
6.372961, 4.939902
6.412336, 4.942124
6.457744, 4.941691
6.527312, 4.936923
6.554815, 4.939539
6.593219, 4.944695
625ece8e-0628-47be-8b2a-3fb7cfde49cb
6.203720, 4.654380
6.288472, 4.642323
6.359339, 4.668952
6.439772, 4.654375
