main root
6.552174, 4.385923
6.508880, 4.550789
6.464725, 4.713937
6.458306, 4.854720
6.457516, 4.964967
6.454611, 5.074962
6.454045, 5.176498
6.451497, 5.261580
6.446877, 5.346568
6.444375, 5.430802
6.441861, 5.515427
6.436696, 5.588508
6.436875, 5.670910
6.423509, 5.718852
6.409104, 5.781669
6.398935, 5.852798
6.390689, 5.931613
6.388092, 6.013974
6.379895, 6.083959
6.366944, 6.176446
6.355204, 6.260296
6.347187, 6.339139
6.339478, 6.414947
6.324143, 6.523914
6.312252, 6.597675
6.298885, 6.671182
6.280707, 6.771148
6.267074, 6.846123
6.252235, 6.919358
6.232061, 7.018930
6.218098, 7.095380
6.206814, 7.173827
6.193229, 7.283129
6.182275, 7.347003
6.173269, 7.417214
6.159306, 7.509553
6.147922, 7.574822
6.135068, 7.639818
6.125462, 7.711541
6.115466, 7.774896
6.125142, 7.883407
6.125723, 7.940474
6.128360, 8.000305
6.133482, 8.215096
6.129575, 8.273487
6.177189, 8.366626
6.246381, 8.527735
6.274298, 8.624874
6.302077, 8.698550
6.330046, 8.748744
6.407115, 8.829651
6.487534, 8.892607
6.520613, 8.950170
6.527407, 9.023657
6.526264, 9.126193
6.534044, 9.187354
6.551968, 9.278246
6.568348, 9.361305
6.577817, 9.432528
6.592973, 9.515070
6.613706, 9.594825
6.670750, 9.711363
6.759555, 9.896285
6.799856, 9.980205
6.843646, 10.081164
6.887447, 10.182151
6.926340, 10.266535
6.958774, 10.352065
6.970789, 10.413576
6.980431, 10.496042
6.981651, 10.579329
6.974615, 10.673516
6.967678, 10.766394
6.960740, 10.859272
6.955917, 10.952071
6.950644, 11.053538
6.954261, 11.146039
6.962086, 11.238458
6.980323, 11.329198
6.993105, 11.413850
6.997401, 11.484560
6.991158, 11.552799
6.979237, 11.637585
6.964153, 11.729757
6.958938, 11.812985
6.951373, 11.885857
6.947702, 11.950197
6.947989, 11.997734
6.957954, 12.055547
7.005539, 12.195078
7.020035, 12.242216
7.029353, 12.287789
7.044828, 12.341049
7.057147, 12.388803
7.071658, 12.439058
7.083896, 12.486833
7.098324, 12.537112
7.114186, 12.586959
7.127711, 12.634384
7.143491, 12.684257
7.149424, 12.727801
7.156280, 12.778126
7.104572, 12.986161
6.842660, 13.127924
6.790876, 13.128943
6.566306, 13.129154
6.504841, 13.128010
6.415892, 13.100192
06df11b5-ae50-4cf1-b0ea-5cedefcc77a0
6.165420, 8.018956
6.031855, 8.107985
5.997182, 8.126805
5.973656, 8.142982
5.946724, 8.165133
5.913620, 8.196237
5.882769, 8.225223
5.851984, 8.252092
5.813999, 8.281274
5.791628, 8.302236
a41beb6c-1aaa-4de5-a8e9-f4390c67b942
6.236370, 8.047540
6.277173, 8.066794
6.310181, 8.101717
6.329193, 8.120220
6.353194, 8.137857
6.389786, 8.161033
6.410440, 8.198381
6.420153, 8.239698
3e925ad2-7529-4279-ae9f-41552b50d0be
6.160863, 8.083462
6.120273, 8.122928
6.077796, 8.164224
6.045777, 8.205791
5.998780, 8.270097
fa4c136e-dff6-4db3-ac6d-a9e9011dd04d
6.206063, 8.250943
6.176005, 8.266909
7dc472f7-9360-406e-9894-3fafa379d36e
6.337300, 8.792633
6.294762, 8.826983
