main root
7.086575, 4.111798
7.021007, 4.338667
7.002808, 4.533161
6.980238, 4.690431
6.947431, 4.874614
6.924127, 5.031631
6.903039, 5.202064
6.887551, 5.378330
6.876901, 5.560991
6.871235, 5.729431
6.880134, 5.904434
6.895264, 6.097090
6.910854, 6.187643
6.911310, 6.249778
6.951887, 6.458191
6.963075, 6.523490
6.965872, 6.584136
7.004925, 6.628471
7.062370, 6.809942
7.091867, 6.930985
7.129940, 7.051705
7.155891, 7.241866
7.168484, 7.334149
7.173413, 7.392407
87588d80-df38-461b-b878-3033f41f3338
7.065574, 4.217535
7.217833, 4.271433
7.291141, 4.294363
7.337208, 4.305843
7.378234, 4.316068
7.415631, 4.328472
7.471881, 4.347130
7.507692, 4.354278
7.581158, 4.362836
7.638366, 4.371007
7.686960, 4.379460
7.733542, 4.390600
7.772911, 4.401555
7.803106, 4.406849
d850001c-a592-4428-9332-41ce41c59a90
7.020061, 4.338296
6.946900, 4.384322
6.910546, 4.417033
6.791974, 4.460960
6.754168, 4.471751
6.719758, 4.472213
6.708191, 4.491763
6.678923, 4.500074
6.638402, 4.511582
6.600974, 4.517544
6.548318, 4.528963
6.496379, 4.543290
6.459601, 4.556540
6.406038, 4.591546
6.346486, 4.651992
6.318292, 4.684874
fa127336-1049-4547-8c63-f017fd14136a
7.018878, 4.558771
7.170147, 4.642659
7.260053, 4.671102
7.338319, 4.698779
7.453550, 4.767536
7.500574, 4.797339
7.534143, 4.809754
7b60339d-5130-4f39-bb8b-8033bcfc5461
6.963931, 5.178227
6.999517, 5.187512
7.053666, 5.194433
7.094409, 5.202659
7.140068, 5.219401
