main root
6.925733, 4.292600
6.930907, 4.494777
6.923368, 5.101237
6.917204, 5.158079
6.910276, 5.210566
6.964193, 5.342659
6.996524, 5.418611
6.991179, 5.547182
6.997388, 5.652573
7.007154, 5.776304
7.011633, 5.912499
7.020057, 6.035464
7.033565, 6.190930
7.057681, 6.331086
7.079217, 6.456242
7.094408, 6.581668
7.106545, 6.699420
7.116581, 6.817370
7.132980, 6.935449
7.153512, 7.052613
7.169090, 7.177992
7.185818, 7.295524
7.195968, 7.396857
7.200859, 7.466804
7.205833, 7.532955
7.192226, 7.703919
7.199853, 7.796140
7.207892, 7.929176
7.214769, 8.075819
7.208031, 8.233239
7.203490, 8.395826
7.197022, 8.534262
7.191712, 8.647922
7.189774, 8.734472
7.190414, 8.799884
f8f0389e-30fa-4cf0-89bc-0498a38f2eb2
7.006836, 4.974140
7.059332, 5.001209
7.110242, 5.018483
4670be6a-d172-44a4-b602-e957748e099a
6.988785, 4.506367
7.107117, 4.602292
7.192360, 4.655933
7.226114, 4.678941
7.253106, 4.702775
7.288538, 4.732064
88c8ac0b-3c4e-4bcb-af13-af1c1550cadb
6.941906, 4.626264
6.765829, 4.676997
6.738480, 4.683050
6.710181, 4.694026
86bbe5fe-d441-4460-a277-2ae3296b3880
6.931934, 4.791190
6.851654, 4.811580
6.817003, 4.814204
6.794455, 4.812888
6.777757, 4.823688
6.731575, 4.832008
6.701754, 4.843455
6.675458, 4.858359
