main root
6.176433, 5.033433
6.108664, 5.261248
6.069721, 5.402066
6.058301, 5.490623
6.041945, 5.632852
6.018308, 5.785490
5.999583, 5.920034
5.979113, 6.036511
5.955912, 6.144076
5.946018, 6.249695
5.930043, 6.375223
5.903594, 6.482478
5.893035, 6.578321
5.882837, 6.670897
5.862056, 6.763493
5.856603, 6.845421
5.848304, 6.938439
5.845174, 7.020187
5.850056, 7.112628
5.850927, 7.185893
5.854353, 7.295979
5.861105, 7.379626
5.876912, 7.463805
5.878907, 7.506873
5.879305, 7.580136
5.879719, 7.656332
5.883016, 7.712224
5.889296, 7.767860
5.904464, 7.848852
5.925477, 7.928529
5.935763, 7.996879
5.948803, 8.097737
5.952458, 8.161035
5.957333, 8.219497
5.971041, 8.293833
5.981581, 8.359243
5.994073, 8.427355
6.008034, 8.495179
6.019922, 8.560358
6.030335, 8.625790
6.047833, 8.697653
6.051506, 8.750692
6.060021, 8.843230
6.071111, 8.914739
6.066115, 8.970424
6.058071, 9.009821
6.065077, 9.076379
6.070523, 9.142407
6.080936, 9.214015
6.085592, 9.277245
6.090567, 9.344794
6.085149, 9.393493
6.078361, 9.454500
6.065657, 9.505787
6.030000, 9.713645
6.027524, 9.772350
6.018222, 9.815309
6.013205, 9.873857
6.010231, 9.926086
6.003117, 9.972063
5.996599, 10.023970
5.987695, 10.058860
5.976216, 10.109900
5.963938, 10.157670
5.950215, 10.205045
5.933020, 10.248275
5.916758, 10.301307
5.900874, 10.348002
5.891061, 10.409389
5.871580, 10.447201
0adc6b7a-175d-42d7-a90c-34f021b48b9a
6.191365, 5.149526
6.230185, 5.159229
6.273791, 5.173210
6.307818, 5.210445
6.348817, 5.212519
6.418145, 5.240706
6.465235, 5.264698
6.497551, 5.277804
6.608397, 5.309877
6.665197, 5.334581
6.715889, 5.376430
6.750853, 5.409176
6.800459, 5.449483
6.842245, 5.487294
6.881482, 5.522799
6.929176, 5.557881
6.955527, 5.573547
7.009218, 5.598503
7.072904, 5.619852
7.158230, 5.680976
7.200513, 5.714948
952a503d-3202-486b-8e14-406c08cda6eb
6.108361, 5.207546
5.997097, 5.332459
5.938823, 5.374806
5.835021, 5.444967
5.703641, 5.483418
5.624358, 5.510944
5.582059, 5.519292
5.532501, 5.526021
be53d5e7-f9af-42e4-8e8e-45612549c724
6.013681, 5.564886
5.982428, 5.581953
5.935318, 5.584915
5431c77a-3ce1-484e-b50c-f3b5ef0a3487
6.117130, 5.285364
6.177225, 5.284860
6.200967, 5.265673
6.236368, 5.239433
c4a02876-ddb5-4de6-8df6-93cbf55c830f
6.091723, 5.704416
6.119937, 5.710364
6.176679, 5.726803
ab26b7d7-e15d-4be6-898a-8685555c60fd
6.010049, 5.881309
5.956268, 5.879271
5.901000, 5.897131
