main root
6.527195, 4.722349
6.418823, 5.100510
6.388513, 5.234535
6.356523, 5.356952
6.328694, 5.463446
6.308999, 5.572293
6.289401, 5.680604
6.276020, 5.790203
6.269979, 5.873905
6.263276, 5.966799
6.260802, 6.059528
6.267506, 6.144920
6.241717, 6.176208
6.252309, 6.214139
6.254869, 6.261823
6.255312, 6.347433
6.259997, 6.440075
6.270129, 6.521855
6.272820, 6.592272
6.281942, 6.674170
6.300296, 6.757833
6.309494, 6.827697
6.332873, 6.913553
6.349219, 6.984974
6.373391, 7.063753
6.388263, 7.132633
6.407905, 7.209412
6.423148, 7.281077
6.442553, 7.357914
6.450304, 7.425287
6.452380, 7.495722
6.457519, 7.568445
6.469135, 7.647893
6.480157, 7.723291
6.497969, 7.803747
6.518009, 7.880421
6.529973, 7.949865
6.542909, 8.024959
6.559303, 8.102494
6.580388, 8.180510
6.587602, 8.241613
6.599836, 8.327317
6.601037, 8.367510
e2b9bd4c-4b89-4e1b-9edf-4545edf40e82
6.524666, 4.854868
6.579397, 4.885632
6.623474, 4.907553
8c15be05-17de-4996-892e-2b03771f0ac3
6.500841, 4.948001
6.546080, 4.957382
a689fe19-3dad-4dca-8f5d-9a44db137c5d
6.477581, 4.874017
6.375407, 4.948448
