main root
7.230641, 4.560251
7.141203, 4.739068
7.113903, 4.861072
7.067725, 5.074429
7.023552, 5.234002
6.990199, 5.394961
6.963162, 5.548590
6.901350, 5.702741
6.875884, 5.793148
6.864203, 5.900282
6.849594, 6.050231
6.855978, 6.188570
6.860035, 6.313972
6.823220, 6.426626
6.801533, 6.558611
6.781714, 6.721043
6.768097, 6.883684
6.761967, 7.025521
6.747442, 7.170079
6.723092, 7.301015
6.690477, 7.475203
6.676982, 7.634193
6.656172, 7.776898
6.623813, 7.938761
6.572885, 8.099153
6.550740, 8.203159
6.528819, 8.295958
6.519743, 8.343401
b15d75c0-44d1-43b0-9e2c-c64ccc14cc74
7.124102, 4.550812
7.048886, 4.547725
6.947423, 4.555222
6.906103, 4.563263
6.812960, 4.568534
6.720332, 4.575883
6.618560, 4.579713
6.543269, 4.574126
6.460546, 4.557442
6.361637, 4.533177
6.252503, 4.515119
6.141913, 4.507543
6.023032, 4.503627
5.913157, 4.497892
5.747062, 4.502577
5.575698, 4.551548
5.469994, 4.568655
5.344481, 4.584713
5.235299, 4.598681
5.141919, 4.606387
5.057064, 4.621831
4.966653, 4.642564
4.890129, 4.663182
4.784349, 4.693876
4.730499, 4.701709
4.699093, 4.725477
ede85c4e-ee14-4bb2-bf57-2281ede3d51c
7.154797, 4.934016
7.232333, 4.953188
7.253146, 4.921679
7.254841, 4.913175
7.250523, 4.877751
7.242506, 4.843577
7.201975, 4.788184
7.161388, 4.720167
7.092725, 4.606236
6.977761, 4.488075
6.955108, 4.460470
6.933008, 4.439531
6.914530, 4.417298
6.896135, 4.410029
6.874419, 4.399867
6.853365, 4.388393
1331a4a9-1895-4438-9c02-1ca0ff805e2d
7.329263, 4.586729
7.383285, 4.596321
7.426634, 4.599288
7.474359, 4.599156
7.515869, 4.598636
7.542528, 4.597025
7.574696, 4.587806
7.624387, 4.570452
7.656519, 4.562402
7.710749, 4.553443
7.762104, 4.543443
7.793268, 4.537374
4b621e12-4e2a-4796-802b-648045430536
7.244160, 4.682169
7.326793, 4.724772
7.392280, 4.742165
7.438280, 4.756449
7.524639, 4.786498
7.604724, 4.813992
7.694193, 4.838036
7.793265, 4.860280
7.885064, 4.872267
7.977523, 4.877977
8.078778, 4.890588
8.179605, 4.903146
8.271921, 4.923122
8.362942, 4.942818
8.453540, 4.966727
8.558776, 4.998875
8.663364, 5.033038
8.752160, 5.068717
8.856478, 5.124275
8.954658, 5.174167
9.036466, 5.203875
9.133913, 5.232512
9.229828, 5.267313
9.324040, 5.305996
9.410191, 5.341369
9.496925, 5.374707
9.574909, 5.411346
9.652034, 5.445291
9.729528, 5.479398
9.821133, 5.529152
38e7eeb6-9675-44eb-a941-7fcc9faa2ff6
7.017350, 4.902809
6.828549, 4.916702
6.698018, 4.946560
6.630879, 4.981359
6.598586, 4.996536
6.464177, 5.038075
6.395779, 5.046108
6.286266, 5.056839
6.185724, 5.070943
6.076481, 5.084130
5.968989, 5.116288
5.897982, 5.124284
5.788243, 5.132383
5.695750, 5.141318
5.631564, 5.156019
5.542884, 5.182804
5.463846, 5.211010
5.391173, 5.238533
5.332277, 5.267623
5.283119, 5.282657
1c4358f2-adf5-4df5-bc17-a107a8a9465e
7.000832, 5.166197
6.899508, 5.190372
6.858260, 5.210878
6.722243, 5.260496
6.668074, 5.278581
6.605330, 5.304238
6.504768, 5.332684
6.356648, 5.315667
6.264178, 5.306559
6.180571, 5.304575
6.098418, 5.304700
6.044006, 5.306282
5.979228, 5.315592
5bafba26-fa89-4736-aa13-6c555208d41d
7.125493, 5.254748
7.268745, 5.295500
7.352222, 5.321966
7.431698, 5.345524
7.513877, 5.362550
7.575146, 5.370658
7.625666, 5.382727
ef1a77c5-d5e4-454c-9d73-53e983bcb60d
6.913530, 6.341336
6.991749, 6.347797
7.023605, 6.350276
74d21a2f-42cb-4d90-9ed0-536be3a3086c
6.842797, 6.530470
6.905070, 6.548403
6.947892, 6.571933
