main root
7.506814, 4.672886
7.631024, 4.776969
7.734386, 4.913733
7.852465, 5.120839
7.903111, 5.271989
7.929094, 5.421758
7.936466, 5.547095
7.929063, 5.653269
7.873023, 5.878393
7.828318, 6.041891
7.767087, 6.221941
7.722901, 6.318171
7.672637, 6.397663
7.611250, 6.486398
7.575570, 6.532714
7.533091, 6.574132
b5e727e4-5c69-4249-8883-410d50712e21
7.792884, 4.988415
7.920246, 4.981889
7.985793, 4.962670
4abc50de-004a-4a83-baca-a48cbf5f9130
7.832795, 5.084844
7.735889, 5.102501
7.714430, 5.092289
7.681603, 5.083301
80312ec1-fe98-415c-bb09-7378afe61613
7.694066, 4.881826
7.630579, 4.934253
7.650499, 4.906047
7.752671, 4.794343
