main root
7.298834, 4.850920
7.309141, 4.959037
7.284566, 5.128265
7.246952, 5.240475
7.164841, 5.442153
7.089961, 5.650150
7.048183, 5.816066
7.023162, 5.999032
6.988442, 6.156055
6.955091, 6.318338
6.936011, 6.432171
6.929365, 6.548519
6.911717, 6.673376
6.895129, 6.790745
6.875550, 6.899026
6.859006, 7.025924
6.837472, 7.161590
6.830729, 7.269651
6.837034, 7.403882
6.843389, 7.539195
6.857786, 7.666745
6.878379, 7.793031
6.893085, 7.917498
6.896927, 8.046402
6.898692, 8.175969
6.906223, 8.308603
6.917889, 8.453540
6.918493, 8.623735
6.919232, 8.782465
6.921924, 8.909721
6.922318, 9.028100
6.916312, 9.129960
6.906099, 9.231287
6.895061, 9.340797
6.884024, 9.450303
6.872569, 9.542985
6.860073, 9.627173
6.849756, 9.710813
6.835170, 9.795177
6.817190, 9.886830
6.800889, 9.969917
6.779136, 10.034151
6.786342, 10.074177
6.784539, 10.114844
6.779819, 10.187516
6.771117, 10.288846
6.759668, 10.373694
6.749478, 10.449208
6.746966, 10.512578
6.746820, 10.591826
6.740703, 10.662026
6.736809, 10.741179
6.733066, 10.817286
6.726480, 10.890258
6.722342, 10.969399
6.725446, 11.053360
6.718407, 11.106060
6.708194, 11.198415
6.692564, 11.283147
6.679320, 11.366370
6.663899, 11.450084
6.652794, 11.533265
6.637569, 11.602065
6.618828, 11.672890
6.602042, 11.736321
6.596009, 11.782517
6.588721, 11.861425
6.584419, 11.940555
6.580283, 12.016638
6.566774, 12.110119
6.557144, 12.187227
6.547700, 12.262835
6.536158, 12.355254
6.526714, 12.430861
6.512072, 12.499786
6.492719, 12.590889
6.475732, 12.663650
6.458408, 12.737854
6e3af1d2-d322-41a1-a6be-3eafb02828d0
6.774443, 7.294702
6.716752, 7.323214
6.665044, 7.345429
6.612235, 7.364845
6.561009, 7.390010
6.528418, 7.416012
6.493436, 7.445837
6.418965, 7.476065
6.367660, 7.493658
6.315839, 7.524368
6.263803, 7.558685
6.213051, 7.597534
6.167105, 7.625165
6.101799, 7.664437
6.037005, 7.701656
5.963592, 7.743825
5.913303, 7.769260
5.879872, 7.789524
5.854325, 7.812009
2d18851b-c1f4-4ac8-9515-6ca07c417842
6.912760, 6.970201
6.951231, 7.003789
6.981412, 7.030247
7.011100, 7.036093
7.114334, 7.083811
7.172040, 7.108834
7.224687, 7.118612
7.265572, 7.132294
7.311965, 7.150976
7.359136, 7.174812
7.438908, 7.196608
7.503420, 7.208024
7.535388, 7.216717
7.585216, 7.236468
7.651956, 7.253257
7.709417, 7.267710
7.757792, 7.287593
7.808680, 7.311750
7.866187, 7.335739
7.920863, 7.358550
7.981416, 7.378948
8.029979, 7.401624
8.099094, 7.432244
8.155138, 7.460347
7cb88693-fec7-4948-8565-8a40574a0c4c
6.914396, 6.169995
6.863494, 6.187058
6.811848, 6.203222
6.763076, 6.221342
6.728489, 6.235743
6.692825, 6.252806
6.638018, 6.282361
6.591963, 6.295291
6.543029, 6.312125
6.487066, 6.331363
6.435174, 6.352352
6.378658, 6.378427
6.329151, 6.404550
6.277360, 6.435247
6.243785, 6.463848
21a68295-30d2-4807-aba7-3260248fb59c
7.081857, 6.028235
7.139752, 6.051440
7.214523, 6.088055
7.283365, 6.115099
7.326736, 6.133745
7.365514, 6.138306
7.430173, 6.166221
7.480567, 6.191252
7.540780, 6.207293
7.601626, 6.220419
7.659472, 6.232912
7.717317, 6.245417
7.809794, 6.268383
7.868276, 6.289076
7.945844, 6.311759
7.988507, 6.324235
aec59e69-e673-4f44-b1d6-50d09a5842e4
6.971517, 5.810401
6.921209, 5.806403
6.897000, 5.801476
6.865270, 5.791964
6.826586, 5.778805
6.790311, 5.763302
6.766956, 5.753320
6.723461, 5.752626
6.695098, 5.732152
6.627953, 5.715742
6.593358, 5.717281
6.542263, 5.722935
6.479000, 5.727385
6.439545, 5.727159
6.400221, 5.723941
6.361130, 5.723745
6.315790, 5.726511
6.264391, 5.732646
6.223149, 5.739075
96aea9a2-b2f4-4f07-a6bd-cbc3766cbb9e
7.366806, 5.164329
7.467412, 5.207653
7.545022, 5.247141
7.595517, 5.274885
7.625592, 5.285263
7.686698, 5.301598
7.735982, 5.320970
7.801077, 5.351381
7.879266, 5.381043
7.936803, 5.407672
7.971578, 5.418819
8.027081, 5.425608
8.128430, 5.447052
8.216863, 5.472214
8.278315, 5.492811
8.344433, 5.513395
8.441989, 5.541549
8.487271, 5.559290
8.540642, 5.588238
8.616302, 5.624557
8.673723, 5.648801
8.697046, 5.670020
8.726792, 5.697084
8.754036, 5.713779
8.799662, 5.738227
8.855949, 5.764995
8.913460, 5.789029
8.975973, 5.808664
9.014895, 5.844570
9.066702, 5.873916
9.099554, 5.895323
9.152791, 5.932081
9.213387, 5.965111
9.279813, 5.994500
9.342826, 6.020483
9.374152, 6.044734
9.424462, 6.082083
9.470293, 6.107081
9.526238, 6.139568
9.585387, 6.172457
9.645137, 6.204238
9.711861, 6.232947
9.764993, 6.262326
9.844871, 6.311300
9.918065, 6.349154
9.989783, 6.382874
10.069426, 6.429617
10.133092, 6.468719
10.193904, 6.509580
10.271210, 6.561525
10.340692, 6.602803
10.404157, 6.642247
10.493589, 6.690360
10.549177, 6.723663
10.601112, 6.760014
10.654884, 6.788519
10.718768, 6.818996
10.773908, 6.850276
10.846891, 6.894063
10.900866, 6.929936
10.961425, 6.966591
11.040206, 7.016734
11.093211, 7.054019
11.142354, 7.094075
11.183125, 7.121516
11.228953, 7.141535
11.266939, 7.168849
af31f306-cca8-401d-ae14-3a97b1d3ea18
7.332642, 5.199950
7.414257, 5.285545
7.457558, 5.327200
7.499141, 5.367409
7.527420, 5.396835
7.562621, 5.433465
7.599452, 5.476112
7.644521, 5.521427
7.680344, 5.557446
7.724877, 5.597979
7.779279, 5.637375
7.821387, 5.671563
7.861079, 5.709576
7.895651, 5.744756
7.932542, 5.792974
7.993413, 5.833885
8.062092, 5.869222
8.120304, 5.900856
8.185907, 5.931396
8.249301, 5.959256
8.303457, 5.987960
8.361280, 6.020301
8.426503, 6.051638
8.477570, 6.084475
8.538049, 6.112690
8.609022, 6.145800
8.643479, 6.163526
8.714058, 6.220677
8.810421, 6.275782
8.901816, 6.318302
8.983465, 6.367957
9.067178, 6.426293
9.145287, 6.472990
9.236567, 6.517704
9.272682, 6.535396
9.293955, 6.574627
9.321403, 6.582415
9.389600, 6.636684
9.442558, 6.678828
9.515438, 6.736824
9.570225, 6.772770
9.589345, 6.797845
9.613349, 6.815219
218f2920-7beb-4519-a277-344dfb38d43a
7.266475, 5.503149
7.298523, 5.543985
7.333274, 5.584507
7.351808, 5.615491
7.371841, 5.618361
7.388112, 5.632839
7.418157, 5.659572
7.496588, 5.700282
7.579651, 5.759893
7.641482, 5.831570
7.778375, 5.888302
7.817772, 5.891615
7.878053, 5.902693
7.942037, 5.916108
7.994244, 5.919541
8.059351, 5.925457
8.117785, 5.938414
8.174098, 5.958700
8.231202, 5.984186
8.290217, 6.012310
8.404218, 6.058347
8.459502, 6.087176
8.559027, 6.134301
8.656596, 6.185183
8.751104, 6.241626
8.840362, 6.290007
8.939236, 6.338788
9.029144, 6.399660
9.114395, 6.454825
9.201858, 6.506383
6b42446f-e75a-4985-baa3-e6eec572d7dd
7.199012, 5.550077
7.286303, 5.612330
7.322162, 5.635538
7.363620, 5.669503
7.392387, 5.689206
7.449587, 5.721130
7.497248, 5.751160
7.549440, 5.782277
7.588013, 5.815733
7.625812, 5.844557
7.665347, 5.870946
7.714626, 5.903839
7.776912, 5.928977
7.856696, 5.988690
7.889620, 6.009658
7.938313, 6.037184
7.993656, 6.065090
8.056361, 6.088327
8.103961, 6.112353
8.169982, 6.147353
8.221669, 6.170060
8.266824, 6.197495
8.331225, 6.222303
8.386498, 6.250010
8.440788, 6.282288
8.492376, 6.307778
8.558881, 6.335670
8.621151, 6.361786
8.685427, 6.387082
8.736615, 6.416878
8.792877, 6.451402
8.829673, 6.468753
8.900658, 6.493995
8.964279, 6.516619
9.020255, 6.542877
9.106602, 6.576412
9.167804, 6.601787
9.230374, 6.627729
9.315824, 6.665434
9.373845, 6.694309
9.411634, 6.714786
9756f28f-99fd-4a05-b0ac-d91c349cd166
7.144182, 5.274495
7.067682, 5.258244
7.039704, 5.250276
7.008796, 5.238360
6.981226, 5.230939
6.919573, 5.206655
6.886105, 5.193463
6.854722, 5.187519
6.811430, 5.180842
6.787650, 5.174146
6.750593, 5.160602
6.710831, 5.146069
6.672991, 5.130645
6.620097, 5.113935
6.562267, 5.103513
6.526854, 5.097131
355c8384-2964-4c07-a02d-213ac9e51c0c
7.082596, 5.502653
6.994829, 5.476640
6.950142, 5.459579
6.904405, 5.434514
6.878068, 5.418133
6.852670, 5.400328
6.824178, 5.385579
6.793424, 5.371109
6.762145, 5.357812
6.730385, 5.345710
6.699057, 5.335148
6.673358, 5.327842
6.643640, 5.323842
6.609808, 5.320588
6.579144, 5.315924
6.548784, 5.309579
6.513256, 5.305212
6.493050, 5.298205
6.453416, 5.285276
6.406411, 5.274510
6.351538, 5.268058
6.304065, 5.264797
6.261948, 5.261904
6.237688, 5.257237
6.197869, 5.248053
6.152761, 5.239185
6.116336, 5.236599
6.045579, 5.234579
5.989415, 5.229979
5.947220, 5.226524
5.901798, 5.225809
5.854907, 5.229562
5.808385, 5.228781
5.757594, 5.227927
5.695291, 5.229874
5.656542, 5.229587
463b3709-2f68-4412-9e3a-20785e8f7d60
7.414633, 5.014253
7.525139, 5.068447
7.615509, 5.140616
7.696363, 5.211868
7.757651, 5.318643
7.923988, 5.473672
7.974561, 5.532687
8.004774, 5.572543
8.028506, 5.593940
8.072527, 5.633627
8.108631, 5.672224
8.141888, 5.707777
8.141211, 5.745892
8.166662, 5.762226
8.208344, 5.817882
8.253293, 5.877900
