main root
6.932941, 4.475582
6.872978, 4.806495
6.839415, 5.099132
6.833290, 5.197697
6.825769, 5.270480
6.815261, 5.342876
6.808255, 5.391035
6.808902, 5.503902
6.812331, 5.582963
6.828110, 5.670438
6.836403, 5.741711
6.856404, 5.822095
6.871118, 5.906995
6.877492, 5.970078
6.888457, 6.004149
6.918625, 6.073458
6.939750, 6.133239
6.957468, 6.169904
6.992937, 6.232981
7.020836, 6.273439
7.061930, 6.325119
7.110395, 6.378856
7.157873, 6.429264
7.210661, 6.478761
7.257956, 6.525160
7.291204, 6.547292
7.353813, 6.583576
7.385128, 6.645459
7.481985, 6.786488
7.520775, 6.912574
7.530010, 6.992837
7.532981, 7.110957
7.540188, 7.229690
7.542625, 7.372438
7.545226, 7.524815
7.555504, 7.665496
7.558454, 7.800427
7.552890, 7.929380
7.555760, 8.057693
7.560338, 8.167737
7.561033, 8.286004
7.568084, 8.413775
7.566152, 8.531919
7.561980, 8.658592
7.558078, 8.777069
7.558077, 8.904668
7.564375, 9.032478
7.575702, 9.133414
7.578660, 9.235641
7.577163, 9.329334
7.577781, 9.422251
7.576343, 9.523935
7.572791, 9.625571
7.571358, 9.727106
7.572041, 9.828648
7.560036, 9.930802
7.553401, 10.023319
7.546737, 10.116215
7.540074, 10.209104
7.531297, 10.302079
7.525975, 10.403465
7.516867, 10.496726
7.505697, 10.589454
7.499875, 10.690847
7.494051, 10.792282
7.478045, 10.886491
7.456831, 10.986096
7.435960, 11.094249
7.412525, 11.193364
7.399835, 11.274462
7.402302, 11.340788
7.408509, 11.450757
7.407317, 11.542221
7.393489, 11.629305
7.383112, 11.721483
7.374810, 11.814026
7.379895, 11.875719
7.394546, 11.976226
7.417529, 12.075233
7.434598, 12.167369
7.451564, 12.258943
7.461297, 12.346120
7.457641, 12.408688
7.452823, 12.527309
7.458283, 12.601361
7.474833, 12.710729
7.480592, 12.805011
7.484335, 12.866281
af9775b5-cf8a-4fe1-80e7-3a7fde2e3e27
6.931689, 4.613557
6.990053, 4.640042
7.011360, 4.702772
6.987857, 4.791866
6.951154, 4.846252
6.903464, 4.889749
6.794979, 4.965742
6.743283, 4.996381
6.707436, 5.015887
6.675829, 5.033086
6.651083, 5.052518
6.612577, 5.075143
6.560417, 5.109262
6.511688, 5.137560
6.460432, 5.167325
6.409183, 5.197086
6.342204, 5.239443
6.278733, 5.276039
6.227938, 5.303599
6.182630, 5.324776
6.143807, 5.339619
6.096969, 5.352718
6.049087, 5.364555
5.999775, 5.376746
5.944425, 5.387345
5.888591, 5.394990
5.829410, 5.406115
5.767580, 5.422306
5.704193, 5.435810
5.645078, 5.449935
5.598835, 5.459445
5.548896, 5.463517
7f8cb43c-4c16-4e3b-b9e8-fffa9d255699
6.881595, 4.973382
6.967638, 4.999664
7.014311, 5.020416
7.098134, 5.062290
7.170660, 5.090154
7.228026, 5.116749
7.278034, 5.143316
7.316570, 5.157300
7.380510, 5.186871
7.463032, 5.231990
7.539815, 5.264516
7.624970, 5.302873
7.718069, 5.337848
7.797998, 5.363445
7.861025, 5.389915
7.907902, 5.401485
7eaf8317-f9b4-4e23-9f86-8507717c0eb5
7.342881, 6.680677
7.255343, 6.665003
7.215877, 6.656416
7.174975, 6.647517
7.119707, 6.638556
7.070678, 6.635156
7.000428, 6.634785
6.933308, 6.635926
6.897330, 6.636538
