main root
6.870615, 4.176609
6.810206, 4.391789
6.772836, 4.603188
6.728382, 4.776050
6.676418, 4.964979
6.617689, 5.154604
6.550882, 5.303080
6.473572, 5.469782
6.403856, 5.615646
6.373735, 5.678667
6.352202, 5.748023
6.274353, 5.949186
6.258901, 6.073840
6.245653, 6.163640
6.235380, 6.202517
6.227422, 6.339343
6.231935, 6.416447
6.230776, 6.473505
6.227935, 6.539697
6.226462, 6.608927
6.223602, 6.673001
6.201592, 6.765581
6.184814, 6.829673
6.179981, 6.865868
ad7f6872-74b8-4826-acbf-8b357a9f8f63
6.787299, 4.333537
6.663249, 4.365740
6.610454, 4.390946
6.439022, 4.439919
6.411350, 4.428495
6.391861, 4.461642
6.306129, 4.482721
6.265980, 4.494134
6.139354, 4.527714
6.082706, 4.517962
5.831217, 4.556607
5.786211, 4.559878
5.740494, 4.564701
01e8367d-d08e-4641-b8b0-9bb9bfeb45ee
6.700870, 4.661355
6.646039, 4.659503
6.606612, 4.658163
6.564306, 4.656725
6.525094, 4.652396
6.486323, 4.645104
6.444722, 4.637281
6.414185, 4.634583
6.380284, 4.637599
6.357701, 4.636602
6.254765, 4.621754
6.159544, 4.623316
5.957564, 4.537780
1f2b935b-c313-41d9-9b4b-84a677506de7
6.792357, 4.459020
6.680558, 4.472468
6.561739, 4.466720
6.248676, 4.477750
5.874548, 4.586447
5.841709, 4.594924
5.790248, 4.614424
cee339bc-21e3-4f53-9523-2662ea0731de
6.822919, 4.283436
6.575189, 4.347808
6.516133, 4.360692
6.468597, 4.371562
35dfc5ea-850a-4e00-9785-fda0b812f0c3
6.750859, 4.870456
6.786831, 4.922999
6.816597, 4.982507
32e3b1e9-6aae-4f79-a4cf-bfa3ae7138bd
6.571970, 5.049406
6.531203, 5.031359
6.500672, 5.007764
6.485383, 4.995301
c5e23bb5-9f34-4064-b19d-a21af87ef8dc
6.621042, 5.093743
6.662698, 5.190968
6.673169, 5.257188
