main root
7.253773, 5.906467
7.107908, 6.368025
7.033793, 6.525564
6.998941, 6.749476
6.978684, 6.921109
6.967711, 7.144160
6.962593, 7.405137
6.948454, 7.590360
6.945089, 7.740344
6.960793, 7.879616
6.963096, 7.998762
6.969200, 8.096019
6.978603, 8.174156
6.983175, 8.236532
6.992028, 8.373465
6.990977, 8.504711
6.985818, 8.621577
6.983824, 8.714470
6.979716, 8.807766
6.978703, 8.926719
6.982121, 9.019420
6.985552, 9.112485
6.988983, 9.205560
6.990240, 9.280272
6.992937, 9.351582
a89e9d4b-0218-44cc-b23a-000c17757567
7.209367, 6.193366
7.344108, 6.311012
7.375654, 6.344606
7.400741, 6.364861
7.434040, 6.389911
7.480521, 6.419343
7.506792, 6.439520
7.562119, 6.505643
7.643342, 6.538380
7.774385, 6.613882
7.805142, 6.635058
7.835456, 6.659563
7.883652, 6.696597
7.941555, 6.737315
7.990038, 6.771409
8.036429, 6.805862
8.086616, 6.846863
8.130408, 6.884570
8.168905, 6.917719
8.215925, 6.956231
8.253117, 6.988629
8.289311, 7.022143
8.326588, 7.056660
8.359202, 7.086860
4bd5f41d-21f1-4796-9653-03c66821543b
7.167988, 6.143342
6.971813, 6.197074
6.903079, 6.277527
6.812048, 6.412043
6.753468, 6.510729
6.723015, 6.573466
6.703859, 6.593985
6.671186, 6.627562
6.640169, 6.658050
6.540615, 6.700235
6.508558, 6.711619
6.462536, 6.766185
6.382040, 6.827712
6.313928, 6.876779
6.243113, 6.922696
6.141810, 6.982651
46cddd14-f143-47eb-b592-5a6302f7f70b
7.139246, 6.246988
6.930017, 6.309498
6.823884, 6.309895
6.786457, 6.322639
6.725414, 6.345613
6.666624, 6.362943
6.512863, 6.408400
6.428488, 6.446505
6.337119, 6.473924
6.269484, 6.503005
6.198696, 6.535072
6.148129, 6.554691
6.099387, 6.570839
4ea204a6-c798-4b79-8fd0-2bc0d30000d0
7.018805, 6.442267
6.904875, 6.476223
6.812953, 6.494846
6.710618, 6.508782
6.590224, 6.501988
6.514146, 6.497693
6.463452, 6.500828
6.376186, 6.518220
6.301456, 6.533115
6.229077, 6.544489
61281a06-97ad-45e9-8064-0ca46a602d6d
6.950731, 6.637353
6.908344, 6.658122
6.852974, 6.710989
6.810503, 6.733547
6.730296, 6.778949
6.624894, 6.808611
6.527090, 6.836133
6.454774, 6.854929
6.379952, 6.875923
6.290379, 6.894465
a7cedfd9-bf2b-4540-8ea1-39fc7a130d53
7.101708, 6.752276
7.168700, 6.793491
7.247727, 6.851403
7.326113, 6.916713
7.378283, 6.946683
7.451697, 6.988858
7.530027, 7.023500
7.587986, 7.054044
7.638904, 7.078458
1e9988e5-9532-417a-898e-ead1a6495289
6.912285, 6.881257
6.840964, 6.938356
6.802989, 6.966843
6.764733, 6.989927
6.706229, 7.026977
6.649008, 7.063215
6.611919, 7.084932
6.589464, 7.099813
c7f44691-f894-4689-bd6f-dba8279918f3
6.910542, 7.155144
6.883556, 7.191580
6.855961, 7.228423
6.842931, 7.243918
6.822315, 7.266110
6.804873, 7.280489
6.785476, 7.294539
