main root
7.192609, 4.919496
7.212314, 5.111630
7.206888, 5.385080
7.175931, 5.595096
7.141375, 5.761826
7.106610, 5.885694
7.072596, 5.999079
7.036564, 6.111845
6.987815, 6.236992
6.941925, 6.371074
6.898586, 6.519298
6.849588, 6.667672
6.810664, 6.792220
6.760312, 6.932258
6.705334, 7.066275
6.669521, 7.195333
6.619099, 7.314387
6.577715, 7.367708
6.602855, 7.433956
6.583106, 7.667544
6.559131, 7.831650
6.544225, 7.962637
6.529867, 8.088818
6.519945, 8.222311
6.516510, 8.353327
6.518731, 8.514772
6.524723, 8.645905
6.519972, 8.771908
6.511302, 8.889862
6.506139, 9.017369
6.487997, 9.158091
6.475853, 9.285126
6.465831, 9.412023
6.469037, 9.532210
6.470318, 9.658949
6.473627, 9.777619
6.474346, 9.879320
6.472950, 9.981015
6.465208, 10.082755
6.454122, 10.200621
6.442494, 10.301654
6.442460, 10.374516
6.436438, 10.444723
6.442452, 10.513098
6.457194, 10.578185
6.470446, 10.650244
6.484227, 10.725185
6.501493, 10.802530
6.508584, 10.854903
6.506213, 10.966868
6.499323, 11.009428
6.485907, 11.082937
6.460505, 11.164368
6.442301, 11.232775
6.420637, 11.290902
6.393145, 11.360383
6.351776, 11.453436
6.311922, 11.537904
6.288024, 11.613104
6.264590, 11.672015
6.242850, 11.738817
6.221584, 11.799327
6.215635, 11.838822
6.208061, 11.909204
6.198414, 11.956872
6.192533, 12.006990
8e3296b5-ae6d-4241-84f9-0b328ff0ab23
7.200892, 5.008386
7.128431, 5.098372
7.092771, 5.128827
7.048824, 5.175233
6.988812, 5.235586
6.952984, 5.269495
6.916086, 5.304416
6.860683, 5.358912
6.812393, 5.406411
6.758032, 5.464081
6.705637, 5.515301
6.663284, 5.554613
6.613644, 5.600689
6.570207, 5.641006
6.526771, 5.681324
6.483334, 5.721641
6.439660, 5.768304
6.399519, 5.814228
6.378624, 5.838133
b7fb90c4-2e21-4d72-8863-64ae9eb9f742
7.278905, 5.303569
7.355718, 5.335979
7.413940, 5.368047
7.504460, 5.414582
7.571894, 5.458201
7.803436, 5.608860
7.868821, 5.638272
7.954991, 5.688634
8.028090, 5.731358
8.081311, 5.772208
8.135704, 5.824566
8.182163, 5.878044
8.220046, 5.934299
8.262930, 6.005513
8.287914, 6.044102
b59e5845-82ca-4601-b1a8-991c2bfa3d38
7.241376, 5.313848
7.505096, 5.414998
7.613213, 5.492095
7.758126, 5.601336
7.839040, 5.694727
7.880189, 5.735745
7.908692, 5.765542
7.943524, 5.802522
7.982043, 5.845599
8.011677, 5.883229
8.052547, 5.930289
8.087187, 5.974742
8.125717, 6.021752
8.170762, 6.074349
8.210600, 6.125467
8.248927, 6.164909
8.288116, 6.207384
8.322562, 6.244720
8.364863, 6.288361
8.395984, 6.324770
8.432382, 6.369656
8.462271, 6.408893
8.490837, 6.441452
8.513888, 6.465457
