main root
7.340477, 5.110646
7.295217, 5.319411
7.242737, 5.497793
7.192555, 5.668362
7.157062, 5.840876
7.127172, 6.006736
7.114993, 6.158149
7.103690, 6.272321
7.090688, 6.415472
7.076982, 6.519576
7.061192, 6.623294
7.041292, 6.739997
7.029573, 6.858926
7.025080, 6.969254
7.020257, 7.087696
7.024789, 7.217240
7.032450, 7.345012
7.039037, 7.454881
7.044527, 7.581504
7.065915, 7.723111
7.072459, 7.837200
7.075015, 7.955442
7.086179, 8.083309
7.095110, 8.209740
7.104655, 8.344863
7.109378, 8.471314
7.109254, 8.581356
7.111246, 8.691472
7.117469, 8.801547
7.124638, 8.928349
7.134855, 9.072355
7.139011, 9.190549
7.143473, 9.317476
7.139629, 9.472163
7.142650, 9.603551
7.139481, 9.738063
7.138220, 9.872612
7.147524, 9.995665
7.153719, 10.132834
7.181091, 10.302497
7.204812, 10.475706
7.215229, 10.626706
7.217947, 10.764304
7.228719, 10.907682
7.225305, 11.081711
7.228030, 11.252503
7.215105, 11.348994
7.197177, 11.491608
7.190406, 11.596377
7.181984, 11.657086
7.179241, 11.718772
aed69388-b1e0-4a48-ae6e-a6c642e5d21a
7.048981, 8.151228
6.985187, 8.169319
6.914978, 8.184562
6.849710, 8.200264
6.800370, 8.212953
ec44a96b-b075-4398-a0d0-a3e706481ac6
7.132205, 8.145043
7.189922, 8.140088
7.234338, 8.140781
7.283798, 8.145702
7.327784, 8.158709
b40cf68e-b28d-4500-8e93-f1d97432f2b4
7.116357, 7.780865
7.146274, 7.786760
7.222214, 7.801232
7.273823, 7.818487
7.344594, 7.837775
7.383395, 7.848350
71eaf6c6-b448-4fe2-bdae-df72b91d95db
6.984770, 7.416516
6.935251, 7.437140
6.869389, 7.458190
6.777875, 7.483143
149eac51-b638-4fa4-8c85-37d1f6810553
6.997700, 7.327900
6.939986, 7.376142
6.896100, 7.409745
6.859074, 7.431773
6.836908, 7.446087
6.798388, 7.475677
6.788775, 7.499479
6.756776, 7.538065
6.720515, 7.562802
6d95c360-d15d-4877-b8ae-3e0e386afc69
7.065433, 7.073900
7.127193, 7.096014
7.182621, 7.110649
7.259861, 7.127947
7.331120, 7.148242
7.407735, 7.177770
87038b6d-1814-461f-aa5b-409967f21c55
7.057928, 6.307556
6.994836, 6.318093
6.903590, 6.335464
6.817204, 6.343465
6.726184, 6.360345
6.662299, 6.366103
6.591831, 6.366445
6.496492, 6.371139
6.440796, 6.376878
6.394354, 6.373981
d93a1f62-5ff5-4b2d-a7cc-8f0dadc8a255
7.094665, 5.951552
7.002494, 5.966403
6.929354, 5.978187
b66f86cb-a8a8-4ac5-9012-d3bbe19fc2a3
7.142011, 5.628182
7.067835, 5.603880
7.021326, 5.588661
6.973579, 5.579347
6.939106, 5.566523
6.913328, 5.556923
6.894878, 5.558608
6.847305, 5.552670
6.820811, 5.544839
6.772096, 5.530438
6.717121, 5.512627
6.668795, 5.496969
6.614300, 5.477740
6.564486, 5.461749
6.516118, 5.446222
6.476209, 5.438127
6.411590, 5.423492
6.378285, 5.414415
6.351942, 5.408786
f4821d03-1e2d-47cf-99e6-9e305b41e79f
7.245265, 5.653339
7.351554, 5.688207
7.403810, 5.706676
7.489145, 5.722859
7.580458, 5.742467
7.663305, 5.753894
7.764380, 5.763565
7.846345, 5.758728
7.956085, 5.748013
8.047549, 5.743310
8.091967, 5.736531
b50dd553-e48d-4d43-8f06-e5c382249a3b
7.401045, 5.250804
7.483198, 5.326842
7.561029, 5.365843
7.665423, 5.403955
7.752908, 5.435893
7.839899, 5.469889
7.935230, 5.504874
8.030606, 5.539875
8.124671, 5.578902
8.223750, 5.626881
8.333656, 5.673072
8.438045, 5.705501
8.554398, 5.732809
8.675076, 5.769759
8.798259, 5.803084
8.903296, 5.835884
9.006848, 5.877019
9.093405, 5.911402
9.164219, 5.939533
9.222139, 5.967748
722262c6-bb66-4626-86aa-f083d5a3876b
7.198773, 5.323545
7.135643, 5.305100
7.050325, 5.279320
7.009818, 5.267077
6.965580, 5.256831
6.920761, 5.249522
6.882430, 5.240238
6.824830, 5.226288
6.761813, 5.215645
6.695030, 5.204367
6.629695, 5.199403
6.572208, 5.193536
6.521669, 5.188378
6.484942, 5.181620
6.448533, 5.170355
6.396259, 5.157315
6.336939, 5.144060
6.283791, 5.135251
6.227045, 5.124329
6.175406, 5.115914
6.131535, 5.108765
6.083418, 5.097800
