main root
6.545729, 4.189494
6.514724, 4.388223
6.522798, 4.657080
6.469677, 4.746759
6.446627, 4.967915
6.429901, 5.098916
6.409349, 5.259877
6.381115, 5.399197
6.359608, 5.515948
6.327019, 5.622980
6.282553, 5.734114
6.219686, 5.876068
6.177135, 5.961716
6.159381, 6.007542
6.174338, 6.115107
6.174289, 6.158220
6.168247, 6.205143
6.156739, 6.271068
6.144227, 6.307928
6.119731, 6.380085
6.097106, 6.456038
6.077365, 6.532791
6.054561, 6.585405
6.028923, 6.667131
6.000234, 6.728583
5.991940, 6.798620
6.003649, 7.011488
5.988915, 7.070629
6.004471, 7.199499
5.971646, 7.372859
5.950775, 7.483084
5.948417, 7.541028
5.940011, 7.600366
5.949169, 7.642434
5.981790, 7.846359
5.993827, 7.921600
6.005617, 7.976337
5.979452, 8.025658
5.953146, 8.104379
5.971497, 8.200123
5.958740, 8.334540
5.962958, 8.377889
da3e675d-a048-4460-a2eb-272aa1b75b22
6.613199, 4.250758
6.691313, 4.265283
6.739913, 4.268230
6.780583, 4.272197
6.826242, 4.281161
6.879606, 4.288589
6.925321, 4.293439
7.065935, 4.330528
7.092977, 4.340757
7.120845, 4.356099
7.163312, 4.381187
7.207051, 4.407025
7.260130, 4.436643
7.294874, 4.459457
7.342343, 4.492419
7.384072, 4.521394
7.434836, 4.554822
7.489334, 4.592500
7.531121, 4.621390
7.563862, 4.645845
7.593988, 4.670216
7.615382, 4.687521
7.630919, 4.703941
7.689138, 4.755763
7.732215, 4.793812
7.835317, 4.882976
7.899886, 4.948794
7.938438, 4.981980
7.972632, 5.009440
8.012240, 5.041246
8.065218, 5.076110
8.112655, 5.109120
8.154350, 5.138134
8.200912, 5.172358
8.243935, 5.202122
8.281888, 5.230199
8.305319, 5.249395
8.327074, 5.265282
5f146aaa-bd0a-4044-bb48-7aca44fccb31
6.516096, 4.237132
6.359106, 4.319970
6.301502, 4.367012
6.255091, 4.412749
6.188988, 4.440732
6.141847, 4.457438
6.094702, 4.469381
5.992132, 4.519993
5.944536, 4.548486
5.879000, 4.566035
5.826752, 4.584675
5.791594, 4.592450
5.738577, 4.608773
5.692994, 4.618109
5.649056, 4.619469
5.619319, 4.624882
5.588306, 4.638134
5.536861, 4.669881
5.494592, 4.681721
5.341126, 4.748658
5.288347, 4.768414
5.250683, 4.782512
5.209511, 4.804316
5.155890, 4.836101
5.104906, 4.866323
5.053921, 4.896545
5.003985, 4.922664
4.949570, 4.956194
4.910080, 4.973496
4.840286, 5.004075
4.790277, 5.029253
ac35a847-01ba-4499-b3ad-7794abab7827
6.316908, 5.506828
6.274877, 5.486257
6.252063, 5.475092
6.192103, 5.487752
6.153109, 5.492926
6.112546, 5.496799
6.063326, 5.499994
6.017538, 5.499967
5.966691, 5.501266
75cddc11-c7a6-4d9c-b0dd-df42058aa21c
6.231492, 5.845000
6.289705, 5.905564
6.306657, 5.925361
6.325191, 5.944810
6.351244, 5.953176
6.371663, 5.962877
6.390616, 5.975196
