main root
6.976042, 4.691422
6.957806, 4.790795
6.807519, 5.068694
6.769388, 5.162195
6.721355, 5.290208
6.679733, 5.430629
6.633064, 5.565236
6.600862, 5.699702
6.572057, 5.810909
6.553690, 6.057846
6.544670, 6.150775
6.542804, 6.234378
6.540916, 6.319021
6.538838, 6.412134
6.540978, 6.504867
6.556216, 6.614945
6.564884, 6.708247
6.575573, 6.800556
6.585168, 6.901809
6.590557, 7.003516
6.600612, 7.113313
6.606426, 7.223195
6.612241, 7.333104
6.616840, 7.459766
6.630148, 7.596264
6.632383, 7.706407
6.632499, 7.816438
6.636844, 7.935303
6.636632, 8.045346
6.636421, 8.155409
6.631977, 8.265360
6.627533, 8.375340
6.618864, 8.485033
6.612298, 8.594977
6.613617, 8.714476
6.608341, 8.808381
6.602642, 8.909828
6.599532, 9.002698
6.596697, 9.087323
6.592701, 9.161940
6.594282, 9.244332
6.589644, 9.314652
6.587418, 9.393874
6.585277, 9.470049
6.591862, 9.555454
6.600934, 9.634184
6.606338, 9.707256
6.618370, 9.788781
6.632894, 9.866693
6.650349, 9.943999
6.670709, 10.020593
6.678066, 10.071575
6.688949, 10.146998
6.693051, 10.217350
6.703813, 10.299053
6.707046, 10.369451
6.704288, 10.439870
6.698431, 10.512910
6.696270, 10.577320
6.697389, 10.633299
6.730496, 10.792596
6.738585, 10.846229
6.739031, 10.889340
6.736796, 10.962577
6.731570, 11.035663
6.728904, 11.114870
6.723451, 11.187940
6.717777, 11.263931
6.709342, 11.336716
6.703197, 11.415731
6.697288, 11.491705
6.689118, 11.558126
6.676928, 11.608174
6.658893, 11.682212
6.638656, 11.752633
6.619658, 11.829576
6.599201, 11.899934
6.582003, 11.980530
6.561494, 12.047953
6.541311, 12.124597
6.521902, 12.198285
6.504624, 12.275631
6.491663, 12.347371
6.480595, 12.391802
6.462861, 12.432022
6.430762, 12.579123
6.371710, 12.724510
6.264834, 12.790345
5.933507, 12.883175
5.598185, 12.882320
f2991885-e586-4964-8597-b7e302b67931
6.895582, 4.943966
6.981185, 4.968739
7.096772, 5.059102
7.151800, 5.095994
7.194682, 5.130222
7.252708, 5.172392
7.282729, 5.197909
7.321557, 5.236806
7.349600, 5.271256
7.394531, 5.292215
7.438366, 5.319269
7.472073, 5.343588
7.577921, 5.432370
7.643778, 5.484903
7.712847, 5.532040
7.781137, 5.583666
7.822997, 5.624693
7.858914, 5.656992
7.884130, 5.695424
48ab6980-6f54-477c-a5ad-134baebde126
6.836211, 5.149866
6.903351, 5.182881
6.946225, 5.193817
7.002063, 5.231515
7.041130, 5.254277
7.060812, 5.269210
7.081047, 5.284563
7.224959, 5.390374
7.247673, 5.412647
7.283942, 5.448214
7.319006, 5.476311
7.380283, 5.517739
7.425228, 5.551739
7.460677, 5.578556
7.497759, 5.612079
2e1412a0-16de-4b39-ba20-2415707da53c
7.004128, 4.804631
7.105199, 4.832058
7.142723, 4.823969
7.164329, 4.809602
7.185062, 4.797613
7.199926, 4.801244
7.219172, 4.810569
7.238032, 4.823032
8b210586-0477-4181-aa06-e2b9caf5cada
6.591714, 9.190188
6.534003, 9.225027
6.507836, 9.237328
6.481979, 9.256101
6.447058, 9.285154
6.419783, 9.303952
6.397509, 9.317486
6.352393, 9.334749
6.249356, 9.400971
6.215553, 9.415582
6.178266, 9.428433
6.136401, 9.446028
6.097385, 9.462422
6.058368, 9.478819
6.023691, 9.488521
5.976849, 9.498517
5.917729, 9.512664
5.850748, 9.530231
5.784161, 9.549243
5.738376, 9.560759
5.688145, 9.571850
3a8f5020-b545-44cf-bbf9-808604a2fad7
6.609119, 9.321095
6.660687, 9.351220
6.695842, 9.385070
6.752560, 9.428172
6.776421, 9.449848
6.830456, 9.488291
6.930563, 9.523438
6.985616, 9.551854
7.020346, 9.586210
cc9955d0-e3fd-4f48-8ea2-8f4101a89c71
6.594645, 9.462074
6.537410, 9.477135
6.441060, 9.496189
6.387350, 9.508908
6.346273, 9.518636
6.286215, 9.539010
6.230087, 9.558052
6.178776, 9.570719
6.145763, 9.581952
fbc420a2-6df1-4774-b4e4-08d74bcc6ce9
6.618358, 9.765898
6.570254, 9.805279
6.538011, 9.827778
6.516445, 9.846455
6.447502, 9.976679
6.394520, 10.021612
6.364194, 10.043406
6.356289, 10.062735
6.316330, 10.109048
6.288476, 10.136703
6.270436, 10.158788
6.255213, 10.186841
6.244302, 10.213224
126fb7e8-ef35-4bf9-b260-84fc1486a5ad
6.630498, 9.878395
6.569602, 9.886602
6.384200, 9.972042
6.323434, 10.007237
6.294970, 10.021085
6.258353, 10.037234
6.220391, 10.053976
6.166924, 10.075920
6.103413, 10.107278
83c0d05e-3ce0-4469-a5d0-b2b484987b61
6.589142, 6.392149
6.651048, 6.405044
6.741826, 6.428250
6.789452, 6.443515
6.841629, 6.456555
9c8ae0e5-6d83-4fe0-a22b-ed2c8ee57c70
6.718599, 9.990677
6.822974, 9.995741
6.864758, 10.008150
6.940572, 10.022012
7.019003, 10.033309
7.091028, 10.046707
7.138737, 10.057722
7.177118, 10.079021
d4766c7c-2c6e-4fb6-8254-b536741502cd
6.666514, 10.295557
6.645962, 10.302184
6.582885, 10.325668
6.528001, 10.341310
6.456923, 10.352940
6.398791, 10.360267
12216067-7ecc-4f87-97c7-0e16bb244836
6.672289, 10.533855
6.643211, 10.542360
6.571109, 10.561892
6.491253, 10.592833
6.425346, 10.608738
6.346875, 10.633836
6.263033, 10.656207
6.224175, 10.666577
aa98094a-15ef-4a40-b0f8-4e2392710f0f
6.772234, 10.451498
6.802376, 10.451388
6.859284, 10.455671
6.914075, 10.465799
7.003126, 10.488677
7.060757, 10.505029
7.115443, 10.528800
e4dcdb56-b17c-4037-99b8-2392cbda9716
6.693173, 11.089199
6.658214, 11.093656
6.596697, 11.092445
6.532276, 11.094171
3f98cef0-728a-499b-a795-4697d4556b43
6.728453, 11.229934
6.790872, 11.248915
6.841419, 11.288493
6.880619, 11.315386
6.920874, 11.345317
0a77000c-786a-4df1-a626-fb0e7b329868
6.705838, 11.403529
6.758450, 11.415568
6.785105, 11.420045
6.808529, 11.425409
2f53b91d-26e9-4360-9f7b-96fc574ffbce
6.718555, 11.525266
6.753218, 11.544221
6.813972, 11.582563
6.854394, 11.610526
6.886564, 11.643224
dc09d245-7946-4d35-b368-d00ab9e26cc3
6.653827, 11.648600
6.568369, 11.616872
