main root
7.546507, 5.237815
7.357372, 5.359461
7.271539, 5.442343
7.199122, 5.560346
7.144937, 5.685996
7.188394, 5.820824
7.232437, 6.132417
7.242798, 6.235928
7.233306, 6.339294
7.216947, 6.399076
7.192819, 6.611806
7.191945, 6.713490
7.174146, 6.815509
7.160890, 6.916100
7.156410, 6.982237
7.149733, 7.049386
7.126910, 7.154534
7.116628, 7.216015
7.108597, 7.264031
7.106516, 7.294617
7.114875, 7.366187
7.113882, 7.409289
7.112517, 7.468543
7.111152, 7.527796
7.112711, 7.590111
7.114193, 7.649362
7.112608, 7.705695
7.110940, 7.764939
7.109272, 7.824183
7.104693, 7.880351
7.099878, 7.939423
7.095062, 7.998496
7.087506, 8.054343
7.082409, 8.114345
7.067514, 8.156302
4e376a14-7f35-4753-807e-5b98ebbed91c
7.428322, 5.362302
7.472319, 5.494050
7.496245, 5.562250
7.566735, 5.659229
7.615699, 5.721509
7.703051, 5.813022
7.817213, 5.929815
7.876035, 6.005126
7.947250, 6.096095
8.000223, 6.185143
8.026874, 6.247506
8.095325, 6.335819
8.142010, 6.396047
8.182393, 6.455477
8.223001, 6.522760
8.247939, 6.579457
daa84fb9-4ade-457d-ad52-595c64b1c9f4
7.446161, 5.289685
7.137177, 5.377035
7.049861, 5.389047
6.956551, 5.397636
6.876852, 5.396524
6.830889, 5.397379
6.743188, 5.391344
6.706370, 5.398702
6.591271, 5.430309
6.483618, 5.453289
6.391503, 5.477277
6.343320, 5.491372
6.172571, 5.540339
6.103422, 5.553943
6.042627, 5.572004
5.967560, 5.597430
5.899132, 5.614286
5.827330, 5.628891
5.754207, 5.649875
5.687067, 5.669143
5.650428, 5.682772
5.616265, 5.703464
ef32c4d7-aa89-4ab0-bc08-0e620317c9ff
7.300154, 5.378431
7.076516, 5.541169
7.011174, 5.590878
6.947101, 5.642214
6.877770, 5.692447
6.828730, 5.724281
6.738874, 5.748519
6.634501, 5.804883
6.536699, 5.855294
6.455797, 5.896995
6.416931, 5.915343
6.321967, 5.968281
6.258879, 5.993167
6.233889, 6.026940
6.132313, 6.091323
6.042896, 6.140486
5.973161, 6.186050
5.916033, 6.233483
5.852316, 6.291856
5.816234, 6.328971
dfef0555-c81a-436d-907e-b3129219c7ee
7.251095, 5.462596
7.046318, 5.490128
6.963959, 5.511233
6.898165, 5.532372
6.847227, 5.557574
6.778256, 5.593369
6.693665, 5.605996
6.609311, 5.631189
6.489286, 5.673612
6.378616, 5.717204
6.285330, 5.751674
6.235694, 5.770016
6.091886, 5.834737
6.026905, 5.854133
5.960036, 5.886585
5.914852, 5.911842
5.818414, 6.010972
5.718058, 6.112508
5.660749, 6.182455
5.619163, 6.233212
5.578070, 6.276850
