main root
6.669403, 4.844320
6.656180, 5.170190
6.631258, 5.313940
6.640208, 5.547536
6.645071, 5.674448
6.647168, 5.784452
6.642766, 5.886385
6.650334, 5.956234
6.657440, 6.041053
6.666539, 6.124832
6.671648, 6.210290
6.681520, 6.275069
6.675643, 6.306047
6.664975, 6.346218
6.662705, 6.378090
6.664043, 6.443601
6.665252, 6.502854
6.669515, 6.565038
6.670378, 6.621383
6.665206, 6.674747
6.659489, 6.733736
6.649411, 6.775656
6.672102, 6.802023
6.669464, 6.905558
6.665223, 6.990571
6.663097, 7.074809
6.656794, 7.160193
6.645655, 7.229776
6.634140, 7.282780
6.654339, 7.317570
6.667977, 7.422269
6.680007, 7.514620
6.702312, 7.604436
6.720808, 7.687515
6.743070, 7.768426
6.765811, 7.859009
6.790552, 7.957555
6.807282, 8.050109
6.828237, 8.131064
6.843749, 8.215817
6.860955, 8.298309
6.880187, 8.380356
6.893742, 8.465443
6.909043, 8.548313
6.922454, 8.632362
6.939757, 8.714482
6.951922, 8.786736
6.962849, 8.860656
6.977707, 8.961160
6.987152, 9.035280
6.995110, 9.109575
7.005095, 9.182933
7.008263, 9.217306
7.035658, 9.347822
7.038605, 9.383709
7.038441, 9.436561
7.033753, 9.499786
7.032893, 9.572142
7.018808, 9.632725
6.984650, 9.701797
6.964787, 9.731832
6.935706, 9.771962
1450cdb1-0098-40a9-a827-f4826924ffaf
6.636940, 5.099584
6.519361, 5.154320
6.473612, 5.181354
6.408250, 5.225192
6.358090, 5.255230
71e5f0d6-f4cc-4fcd-97bc-ca150475e297
6.654958, 5.063816
6.732999, 5.089154
6.761142, 5.096646
6.781902, 5.117482
9f389b05-57f3-4351-a927-684f3a7c1a41
6.644535, 5.147486
6.716165, 5.191537
6.732263, 5.210998
6.746345, 5.230372
