main root
6.404748, 6.585485
6.940093, 6.730063
7.152521, 6.793064
7.264580, 6.839895
7.479718, 6.983223
7.593269, 7.081491
7.721317, 7.192305
7.853295, 7.303913
7.976124, 7.407784
8.113045, 7.510257
8.238275, 7.629024
8.291740, 7.705437
8.356554, 7.778774
8.425676, 7.847420
8.476941, 7.907274
8.514145, 7.996428
8.509056, 8.119096
8.482211, 8.204535
8.455939, 8.290635
8.442685, 8.362795
8.426281, 8.465209
8.414089, 8.541323
8.408104, 8.626009
8.392007, 8.703776
8.378223, 8.748212
8.364161, 8.798601
8.351546, 8.849372
8.340389, 8.900482
8.328412, 8.948329
8.314989, 8.995789
8.300132, 9.042821
8.283854, 9.089380
8.268007, 9.139236
8.253593, 9.189525
8.238571, 9.236504
8.218250, 9.275477
8.206164, 9.301896
8.185930, 9.355527
8.177339, 9.391017
8.166490, 9.442196
8.154802, 9.490112
8.141665, 9.537652
8.129180, 9.588454
8.118656, 9.637541
8.113151, 9.670362
8.112633, 9.700582
ae63bc32-fa7b-4a12-9ffd-4d078b8fcc2b
6.496059, 6.463860
6.904567, 6.114345
6.974457, 6.082316
7.030376, 6.063275
7.094806, 6.036035
7.154450, 6.010819
fcf1ee82-0477-442f-8f9a-7af3f7ace0ca
6.749779, 6.534855
6.820248, 6.395181
6.871712, 6.337575
6.922953, 6.289206
6.978666, 6.226324
7.027795, 6.170873
7.065694, 6.128096
7.107878, 6.117315
7.121784, 6.085105
7.135609, 6.026619
7.175635, 6.021478
7.242190, 5.976965
7.290844, 5.949584
3af3bf39-7c0e-4d09-879a-451e12b8a5af
6.635671, 6.482975
6.712416, 6.292834
6.766726, 6.226894
6.877156, 6.216754
7.041666, 6.234876
7.123313, 6.221958
7.162262, 6.217031
7.190678, 6.212138
7.232050, 6.223985
7.266542, 6.248284
7.283477, 6.290374
7.302966, 6.318204
7.334866, 6.361150
7.356783, 6.400695
7.377304, 6.437721
7.401896, 6.475913
7.411508, 6.496374
04350a90-728f-4847-ade5-d0556baddc98
6.800787, 6.549863
6.870701, 6.458656
6.909284, 6.418920
6.992006, 6.418686
7.066657, 6.446376
7.138969, 6.484745
7.174495, 6.503596
7.356114, 6.639456
7.418328, 6.710686
7.473226, 6.830426
7.492671, 7.090358
eb14ce8b-ab6e-4ffc-822b-13b746865a2a
6.921739, 6.629479
7.050880, 6.554669
7.406020, 6.614869
7.539105, 6.627091
7.599584, 6.631143
7.653770, 6.639272
7.737721, 6.656062
7.814207, 6.669832
7.874619, 6.680708
ecc915cc-044b-403d-aee6-e157e397172d
6.727295, 6.744450
6.769641, 6.963009
6.789864, 7.099983
6.801732, 7.209350
6.818068, 7.320960
6.828042, 7.378772
6.824826, 7.428447
388dfef4-827b-487d-9f1b-d1d6b80df90d
6.904567, 6.819900
6.960856, 6.944686
6.983590, 6.991124
6.991120, 7.026928
7.005092, 7.086086
7.022461, 7.153120
7.039451, 7.218687
7.057593, 7.263545
7.092863, 7.339692
7.113799, 7.392013
7.135818, 7.447041
7.162181, 7.516953
7.174007, 7.556800
7.181728, 7.593337
7.188661, 7.647853
7.195532, 7.713749
7.197625, 7.777117
7.195225, 7.840476
7.191222, 7.906610
7.182919, 7.969466
7.174049, 8.036615
7.169515, 8.082362
ac905168-0894-4db2-9a89-01d02a2fa346
6.474296, 6.711659
6.531119, 6.861363
6.587637, 6.950731
6.665198, 7.027878
6.932607, 7.432479
6.974459, 7.541727
6.979598, 7.571880
6.986076, 7.627775
6.996194, 7.689194
7.005802, 7.747591
7.021230, 7.804726
7.040317, 7.863975
7.054686, 7.918378
7.069786, 7.975602
7.081214, 8.030698
7.086803, 8.057641
75f43c31-08d6-4a4e-884f-37bdc8f1f830
7.073900, 6.870700
7.094706, 6.996869
7.096964, 7.260760
