main root
6.518318, 4.989692
6.436988, 5.098004
6.322635, 5.229266
6.259880, 5.350873
6.229086, 5.502959
6.209175, 5.653144
6.209164, 5.797374
6.228299, 5.944156
6.231504, 6.022734
6.241623, 6.115010
6.245896, 6.219311
6.264203, 6.363883
6.291649, 6.582675
6.309439, 6.873759
6.319974, 7.003756
6.337898, 7.147963
6.346251, 7.249460
6.355277, 7.359152
6.358763, 7.452788
6.362226, 7.545855
6.367782, 7.638605
6.365431, 7.740838
6.363289, 7.833951
6.358644, 7.943881
6.336721, 8.052044
6.326461, 8.171826
6.317118, 8.295568
6.320699, 8.422577
6.322852, 8.498726
6.311158, 8.561783
6.298419, 8.630457
6.292704, 8.677645
6.293667, 8.744369
6.300839, 8.826435
6.297561, 8.892073
6.296293, 9.002321
6.292457, 9.075486
6.291300, 9.154725
6.293922, 9.264949
6.294203, 9.339664
6.295991, 9.417352
6.302555, 9.518660
6.304301, 9.591904
6.299991, 9.662238
6.299559, 9.718226
6.304909, 9.800453
6.318057, 9.856165
6.329791, 9.902380
6.333343, 9.998802
6.350832, 10.079542
6.362944, 10.164847
6.372852, 10.249384
6.386728, 10.332150
6.400094, 10.424590
6.414203, 10.507674
6.428378, 10.591146
6.443969, 10.682961
6.461595, 10.774196
6.479612, 10.856518
6.499647, 10.938363
6.512124, 11.024219
6.535694, 11.123984
6.544664, 11.216844
6.552758, 11.297057
6.568315, 11.388390
6.577087, 11.490276
6.594979, 11.599429
6.601893, 11.693625
6.617085, 11.777925
6.621768, 11.837671
6.627723, 11.913642
6.627239, 11.984112
6.635634, 12.069355
6.639831, 12.142508
6.647356, 12.221405
6.644799, 12.289180
6.639050, 12.362228
6.635231, 12.410762
6.661675, 12.465624
6.642679, 12.507419
6.674339, 12.551208
6.691149, 12.659212
6.711596, 12.749557
6.736152, 12.838993
6.763615, 12.891062
6.817538, 12.970623
e24977f5-fac6-4358-8ae9-f59d69389c1e
6.161479, 5.712752
6.162170, 5.920431
6.188743, 6.181305
6.290434, 6.672872
6.300228, 6.785493
6.326026, 7.081613
7d0e4e3d-e93e-45c8-893e-1d7979edd5ef
6.375291, 8.013896
6.409022, 8.051697
6.433611, 8.091743
6.463091, 8.125982
6.505056, 8.179069
6.523567, 8.204200
6.543579, 8.235835
6.568916, 8.272684
6.592889, 8.307554
6.621027, 8.343198
6.634393, 8.367376
6.656937, 8.411250
6.679429, 8.445197
6.711634, 8.488387
6.747061, 8.535898
6.771102, 8.568138
6.782096, 8.587891
6.790379, 8.608925
6.793862, 8.630025
1d04a7f4-8b5e-4f5a-99d8-a835617ace7a
6.300964, 7.899585
6.247910, 7.924143
6.200898, 7.943143
6.137014, 7.974125
6.083131, 7.986948
6.039320, 7.992455
6.005289, 8.006992
5.940764, 8.042372
5.882254, 8.076159
5.827246, 8.101012
5.741292, 8.137538
5.680541, 8.160101
5.618812, 8.179834
5.529236, 8.206261
5.465281, 8.223568
5.429493, 8.234804
5.338411, 8.279739
5.274266, 8.319731
5.228638, 8.337595
5.161627, 8.368348
5.109687, 8.392185
5.018914, 8.454021
4.955152, 8.501079
4.910746, 8.524550
4.834553, 8.562478
4.775938, 8.586639
4.737943, 8.603920
4.695253, 8.628268
4.633627, 8.672030
4.578050, 8.713332
4.524922, 8.745357
4.472350, 8.777044
4.428129, 8.793565
f9770bd1-8752-4f18-87bd-80f8682605c8
6.401775, 7.842325
6.454699, 7.859213
6.540083, 7.891688
6.576385, 7.903715
6.650002, 7.920186
6.705193, 7.941739
6.768210, 7.964776
6.841205, 7.983527
6.902982, 8.002487
6.963816, 8.024288
7.050998, 8.057767
7.129340, 8.092294
7.203019, 8.121494
7.268034, 8.152090
7.356389, 8.198346
7.411920, 8.235866
7.472987, 8.278931
7.557176, 8.335713
7.624945, 8.388926
7.692481, 8.439318
7.761241, 8.488035
7.830327, 8.536983
7.905294, 8.592677
7.971463, 8.647000
8.026147, 8.695769
8.083018, 8.746489
8.165168, 8.819751
8.213577, 8.870949
8.258395, 8.909636
8.328738, 8.958496
8.382985, 9.003466
8.454686, 9.062904
8.511238, 9.111727
8.564690, 9.161828
8.646482, 9.235595
8.696782, 9.280958
8.744479, 9.321960
4ef43b02-3d88-4673-b7ad-5a61be088176
6.343695, 7.601239
6.246283, 7.573433
6.167360, 7.576062
6.131399, 7.577257
6.103123, 7.581190
6.075414, 7.588065
6.029968, 7.605509
6.007723, 7.607635
5.962885, 7.614927
5.906866, 7.621005
5.869538, 7.622044
5.838329, 7.628901
5.805039, 7.639281
5.776803, 7.651221
5.745969, 7.667509
5.707290, 7.691327
5.670754, 7.715583
5.645561, 7.726920
5.613926, 7.742795
5.571747, 7.760614
5.533551, 7.775126
5.494848, 7.788229
5.445794, 7.806417
5.399046, 7.822154
5.349963, 7.840256
5.286413, 7.863694
5.246908, 7.881455
5.202468, 7.894981
fb7cb596-5b4a-4adc-b8cf-d9fecba20272
6.388837, 7.220015
6.427561, 7.234827
6.493933, 7.253817
6.539843, 7.250619
6.594316, 7.204913
6.614142, 7.184383
6.622201, 7.163627
6.633151, 7.130812
6.642026, 7.108392
6.652897, 7.084524
6.664958, 7.061234
6.681927, 7.037851
6.700205, 7.004726
6.714018, 6.982431
6.731167, 6.957262
6.745818, 6.938109
6.762056, 6.923985
6.785882, 6.905015
6.805065, 6.895258
6.833795, 6.882131
6.856691, 6.876414
6.889810, 6.866424
6.924410, 6.851115
6.953806, 6.839554
6.988731, 6.817591
7.017091, 6.797783
7.044462, 6.776628
7.063783, 6.767149
7.095437, 6.746423
7.123429, 6.726099
7.149744, 6.708627
7.177605, 6.688122
7.203807, 6.670481
7.230724, 6.653953
7.253738, 6.641373
7.277357, 6.629971
7.301521, 6.619774
7.324573, 6.614729
7.357969, 6.605710
7.390892, 6.595090
7.425192, 6.579124
7.454362, 6.567006
7.484585, 6.552642
7.506899, 6.543501
c3fd9036-461b-46d5-a36c-41f440830406
6.252137, 5.973633
6.370156, 6.007091
6.442518, 6.034619
6.516391, 6.057813
6.571442, 6.087567
6.625057, 6.111481
6.686037, 6.129716
6.746528, 6.144681
6.840049, 6.164969
6.919730, 6.200913
6.985231, 6.233746
7.051342, 6.268557
7.126257, 6.308004
7.178698, 6.335617
7.265259, 6.399056
55e89553-8976-43d6-a795-1d2fa9d148a7
6.297606, 6.279011
6.367763, 6.253021
6.398013, 6.261859
6.439139, 6.284465
6.478258, 6.304260
6.506833, 6.315364
6.544175, 6.323452
6.600314, 6.337144
6.649669, 6.349181
6.725333, 6.352229
6.784550, 6.354614
6.835187, 6.350660
6.892896, 6.347656
6.942210, 6.346588
6.991534, 6.347015
7.037803, 6.351906
7.093258, 6.353252
7.198275, 6.358583
7.401498, 6.350114
7.629919, 6.375173
7.664103, 6.377165
7.698343, 6.377411
7.721590, 6.381818
7.759013, 6.384088
7.790083, 6.387221
7.821005, 6.391591
7.855110, 6.394647
7.886078, 6.398674
7.920214, 6.401352
7.947309, 6.407730
7.984596, 6.411637
8.015500, 6.416128
8.049592, 6.419318
8.080543, 6.423466
8.114671, 6.426276
8.138640, 6.429501
8.162413, 6.433957
8.180390, 6.443417
c10434d8-979e-4c6c-85dc-0796a67b270a
6.324559, 6.550749
6.373608, 6.515492
6.434978, 6.496155
6.472931, 6.485593
6.505502, 6.479659
6.521486, 6.465930
6.559680, 6.435041
6.596421, 6.414953
6.643159, 6.382576
6.670770, 6.356166
6.697394, 6.365786
6.816760, 6.359545
6.901839, 6.357172
6.986948, 6.356874
7.072905, 6.362794
7.135685, 6.371619
7.212497, 6.371839
7.281727, 6.370541
7.347977, 6.370797
7.414204, 6.372549
7.477303, 6.378709
7.540973, 6.386430
7.605985, 6.382279
fb5b7ba7-843d-424c-b05d-2ad83e2e8c85
6.266056, 5.908322
6.310469, 5.858652
6.336556, 5.825844
6.366933, 5.791200
6.391269, 5.761532
6.428124, 5.742523
6.482333, 5.734343
6.559138, 5.734592
6.587526, 5.746698
6.622658, 5.753544
6.682532, 5.763686
6.727361, 5.766725
6.799727, 5.767130
6.864584, 5.784503
6.914499, 5.804071
6.955852, 5.818676
7.005661, 5.834680
7.057792, 5.848285
7.111487, 5.865392
7.169839, 5.882412
7.220465, 5.895619
7.269622, 5.908443
7.326968, 5.923404
7.384315, 5.938364
7.441661, 5.953324
7.502659, 5.966144
7.558885, 5.979489
7.602904, 5.994552
7.654769, 6.009136
7.708130, 6.027250
7.766147, 6.045363
7.798912, 6.060296
7.847121, 6.080625
7.890007, 6.101958
7.943070, 6.128353
8.000148, 6.153401
8.054419, 6.177217
8.110662, 6.200265
8.159622, 6.218710
8.207158, 6.236618
8.260694, 6.258386
8.305806, 6.278344
8.352263, 6.298898
8.408436, 6.322114
8.453428, 6.342329
8.501746, 6.362397
8.542793, 6.382686
8.591911, 6.410303
8.641536, 6.439922
8.685156, 6.465957
8.719449, 6.488167
8.758242, 6.515074
8.782934, 6.530380
ed13c39f-947d-4eb8-8d67-076d69440733
6.441565, 5.198366
6.487771, 5.353690
6.507368, 5.429225
6.524376, 5.501381
6.527899, 5.536998
6.534119, 5.587245
6.541854, 5.637545
6.547867, 5.686501
6.560596, 5.728730
6.569791, 5.754051
6.581895, 5.804740
6.591727, 5.845907
6.591069, 5.875366
6.590121, 5.917675
6.592096, 5.963045
6.593936, 6.005327
49e97264-a8a8-4b8a-8137-9e1e9d9a95a9
6.428824, 4.931976
6.388380, 4.908278
6.348058, 4.881037
6.317140, 4.856535
6.293029, 4.841246
6.263316, 4.829493
6.231927, 4.823516
6.190344, 4.815597
6.155655, 4.812038
6.124072, 4.808797
6.095522, 4.808876
6.060787, 4.811963
6.015905, 4.818957
5.974079, 4.825475
5.929756, 4.835411
5.889583, 4.842884
5.857799, 4.844228
5.807045, 4.846375
5.765365, 4.854131
5.705900, 4.866717
5.640794, 4.878967
5.592060, 4.886614
5.560252, 4.887060
5.507976, 4.889289
5.460086, 4.888335
5.411066, 4.891850
5.341459, 4.901341
5.273064, 4.912178
5.206165, 4.922779
5.146381, 4.933766
5.093135, 4.945075
5.043518, 4.951151
bb95591f-8c99-445e-a320-386e0544501f
6.334330, 5.218621
6.555016, 5.221166
6.605866, 5.209584
6.639266, 5.217928
6.666441, 5.222767
6.717825, 5.238000
6.747924, 5.243805
6.802736, 5.248281
6.898069, 5.253835
6.933473, 5.260395
6.996586, 5.275134
7.077978, 5.287993
7.153245, 5.299885
7.225092, 5.314267
7.299814, 5.329225
7.379818, 5.340661
7.463888, 5.356868
7.530843, 5.362154
7.597034, 5.373621
7.656851, 5.390059
7.728485, 5.411297
7.809667, 5.435367
7.862766, 5.454232
7.908473, 5.467296
7.969156, 5.481526
8.026855, 5.495056
8.086354, 5.507472
8.135215, 5.523783
8.201814, 5.550748
8.279521, 5.586688
8.352657, 5.617214
8.421020, 5.647370
8.508914, 5.695389
8.575788, 5.731925
8.638600, 5.769652
8.703028, 5.798477
8.776538, 5.828085
8.847219, 5.856555
8.950167, 5.895740
9.029301, 5.925861
9.092787, 5.956430
9.137012, 5.971083
9.218796, 5.990295
9.285772, 6.012178
9.393235, 6.038385
9.463654, 6.058639
9.533187, 6.081752
9.639073, 6.112492
9.708536, 6.135773
9.776989, 6.161873
9.858606, 6.190742
9.898602, 6.206476
16ff1579-97e9-479f-8444-9b7a777cf2d1
6.632914, 11.633138
6.656891, 11.635889
6.708695, 11.646353
6.759424, 11.661181
6.796169, 11.673481
bafd717e-1306-48a6-aa84-a0b934a4b38c
6.487040, 11.126140
6.462833, 11.128724
6.422249, 11.138154
6.381190, 11.147948
6.352523, 11.151709
6.322332, 11.154160
f7a47d60-2577-401b-bb7f-537a57a7d67d
6.439862, 10.811823
6.413701, 10.834450
6.392115, 10.850302
6.360341, 10.869923
6.330699, 10.884709
6.302959, 10.896874
6.281237, 10.903132
6.256844, 10.907044
6.216281, 10.912033
6.184769, 10.915909
6.141826, 10.931759
6.119769, 10.936708
6.087525, 10.945655
6.069155, 10.944847
b372047c-5940-412a-8032-c9b47c382c26
6.397528, 10.583222
6.377424, 10.618006
6.362610, 10.641900
6.341568, 10.680112
6.308611, 10.717957
6.286310, 10.756631
6.267356, 10.790206
6.252764, 10.825416
6.240673, 10.843160
6.216650, 10.875433
6.159742, 10.950899
6.135355, 10.978542
6.107437, 11.007924
6.078452, 11.036257
6.042192, 11.065420
6.002832, 11.095158
5.980001, 11.118033
5.944119, 11.160343
5.911432, 11.201200
5.879930, 11.242972
5.863949, 11.269134
6a98e4a7-d7a0-46b3-800e-4b4d10ebb047
6.322180, 10.182258
6.307661, 10.214709
6.297434, 10.252498
6.285925, 10.283558
6.288572, 10.306479
6.288169, 10.329081
6.289308, 10.363302
6.288936, 10.389599
6.293149, 10.426852
6.286056, 10.441514
6.283678, 10.474028
6.291975, 10.569436
6.295385, 10.611274
6.293240, 10.665972
6.286334, 10.700173
06f92e47-5981-4923-b527-b5c6daea3b61
6.375272, 10.472585
6.348570, 10.496505
6.332219, 10.508411
6.309098, 10.517941
6.268886, 10.529037
6.251976, 10.528745
6.228918, 10.526409
6.212871, 10.541881
6.155642, 10.574161
6.123733, 10.593879
6.105219, 10.610823
6.080804, 10.630988
6.061035, 10.649111
6.042043, 10.672461
6.021273, 10.700191
6.002275, 10.733230
5.973269, 10.762688
5.960461, 10.781445
5.944943, 10.804169
85d08949-fda0-4fcc-bc24-33c024f548a2
6.272541, 9.887845
6.227233, 9.906000
6.174184, 9.927257
6.146976, 9.941383
6.093098, 9.972733
6.040788, 10.006633
5.990166, 10.043004
5.941349, 10.081766
5.894932, 10.118622
5.848033, 10.159683
5.803161, 10.202951
5.760495, 10.244091
5.717830, 10.285233
5.676615, 10.329137
5.636184, 10.376580
5.610772, 10.415628
7db3f59d-a23f-49cd-8ec1-4ef6736d6c18
6.332571, 9.483568
6.361302, 9.481569
6.400741, 9.481825
6.446073, 9.479126
6.485508, 9.479775
6.516986, 9.474309
6.561118, 9.463607
6.583600, 9.461235
6.616722, 9.460751
6.651227, 9.461742
6.681039, 9.468590
6.743913, 9.476889
6.790961, 9.488921
fa4cdfb3-13ab-46dd-977e-5b217e70e1c2
6.362638, 8.265584
6.384022, 8.276133
6.403785, 8.284613
6.429555, 8.293152
6.457329, 8.293592
6.485696, 8.287826
6.512797, 8.275791
6.529800, 8.267182
6.541737, 8.259685
6.589022, 8.229258
6.610578, 8.214947
6.637289, 8.200807
6.675950, 8.176953
6.706085, 8.160119
6.736346, 8.146644
6.782411, 8.131044
6.828651, 8.118547
6.886917, 8.101249
6.939650, 8.079349
6.994384, 8.056615
7.035614, 8.054891
7.101540, 8.024152
42c43960-68d6-4a3e-8154-c6efcb6dfad0
6.485519, 5.154953
6.548648, 5.277828
6.569021, 5.321312
6.579797, 5.344313
6.569159, 5.413623
6.568647, 5.476166
6.565054, 5.549254
6.567136, 5.598356
6.568660, 5.634307
d32ab272-2016-431c-9e0a-0276bc550180
6.208602, 5.285085
6.167622, 5.253585
6.129413, 5.236672
6.092679, 5.218776
6.056625, 5.199546
6.017874, 5.173788
5.978157, 5.152781
5.937031, 5.124159
a4e51d41-a6de-4e6b-bf92-36f5e45addae
6.247776, 5.251354
6.195985, 5.209415
6.154921, 5.177497
6.103787, 5.135038
6.031630, 5.093399
5.971472, 5.071643
5.895010, 5.064805
5.754363, 5.046141
5.643406, 5.060185
5.562182, 5.085176
5.475702, 5.118386
5.400080, 5.154091
5.320980, 5.186852
5.233907, 5.220638
5.157263, 5.254827
5.090707, 5.277959
5.021039, 5.308510
4.951260, 5.339110
4.879940, 5.373653
4.809976, 5.410863
4.740231, 5.454740
4.677616, 5.487056
4.610529, 5.523791
4.536840, 5.564140
4.452722, 5.605405
4.370248, 5.648206
4.297763, 5.690495
4.234102, 5.720706
4.163842, 5.757360
4.095016, 5.796644
4.029955, 5.830331
3.962289, 5.865367
3.895220, 5.903465
c1566809-374f-4171-8da1-89c21c720ab9
6.246024, 5.244085
6.190287, 5.204929
6.153842, 5.176324
6.129505, 5.156173
6.079221, 5.117158
5.916417, 5.044323
5.863976, 5.035638
5.825685, 5.034027
5.794039, 5.034215
5.754696, 5.031454
5.726165, 5.032450
5.690204, 5.033706
5.600674, 5.071975
5.510293, 5.105180
5.425478, 5.140818
5.358428, 5.162497
5.284000, 5.189710
5.208869, 5.223554
5.134896, 5.266726
5.072316, 5.292851
4.972269, 5.339203
4.898752, 5.383160
4.837997, 5.403792
4.775866, 5.424893
4.673009, 5.476546
4.603579, 5.514763
4.535642, 5.555576
4.488473, 5.587533
4.374194, 5.644968
4.302477, 5.687975
4.228433, 5.729960
4.156175, 5.773316
4.080713, 5.813757
3.997421, 5.856008
3.919278, 5.890995
3.862179, 5.914256
3.779074, 5.939154
3.742557, 5.946970
3.726360, 5.962320
3.658981, 5.991106
3.604478, 6.014392
3.549974, 6.037678
3.493893, 6.064893
3.441263, 6.088769
3.394258, 6.111737
3.355009, 6.129250
