main root
6.854344, 4.677183
6.828734, 4.816860
6.789243, 4.934497
6.778991, 5.068813
6.744684, 5.206217
6.697511, 5.376775
6.666632, 5.496313
6.634984, 5.610393
6.614463, 5.692121
6.593846, 5.774235
6.583751, 5.866263
6.563360, 5.974526
6.560895, 6.067151
6.545285, 6.177938
6.534407, 6.270217
6.524495, 6.354305
6.525442, 6.487574
6.526099, 6.580237
6.519796, 6.658377
6.526429, 6.760284
6.521429, 6.878367
6.523109, 6.988769
6.526769, 7.090251
6.530430, 7.191788
6.530164, 7.301824
6.527834, 7.395192
6.529890, 7.479087
6.521686, 7.573636
6.510789, 7.674750
6.497792, 7.775617
6.478503, 7.892305
6.464710, 8.001691
6.446754, 8.110259
6.426716, 8.218452
6.410309, 8.318657
6.393211, 8.436145
6.373701, 8.570201
6.345216, 8.693037
6.318439, 8.808506
6.283795, 8.930020
6.253883, 9.052215
6.226966, 9.162171
6.192627, 9.266853
6.158322, 9.371434
6.118038, 9.473875
6.070859, 9.582319
6.025035, 9.682346
5.971592, 9.778679
5.925489, 9.879231
5.871770, 10.022614
5.830843, 10.129279
5.787836, 10.253059
5.751843, 10.375844
5.720477, 10.490350
5.691149, 10.605396
5.657866, 10.718876
5.637927, 10.816933
5.623586, 10.908572
5.613415, 11.000772
5.605061, 11.076510
5.597186, 11.186484
5.588972, 11.259287
5.587840, 11.322695
5.587772, 11.378946
1256ebd9-c8e8-42c0-b7ca-2a29741f2b92
6.549804, 7.727916
6.589084, 7.747048
6.635811, 7.767997
22ea75da-6526-4d55-a60f-8a3c07837898
6.557433, 7.353300
6.598543, 7.361433
6.647425, 7.366526
6.689198, 7.379610
dd3e50fa-c936-4f0c-9cfb-370c79e9d831
6.482302, 6.694727
6.437748, 6.708559
6.365958, 6.729278
6.291720, 6.752261
6.232000, 6.766049
4ce1e52d-f977-4c69-a599-64b530629cb1
6.566654, 6.332999
6.619277, 6.341117
6.678524, 6.351686
6.719317, 6.365642
6.789412, 6.389623
6.844989, 6.415404
f423b469-9e08-48bf-91d1-5b4a53a4e51d
6.565523, 5.725617
6.505843, 5.729551
6.428341, 5.737243
6.347137, 5.755360
6.268552, 5.764225
6.174592, 5.768474
6.089496, 5.770246
5.996599, 5.764857
8edd6098-570e-4e84-8c96-42030d9652c4
6.616445, 5.552001
6.571834, 5.550901
6.501787, 5.562492
5236b30b-159f-482b-aaab-90ecd9178a94
6.761341, 4.966942
6.663634, 5.011793
6.617039, 5.046285
6.575013, 5.074321
6.549429, 5.087789
6.515724, 5.100459
6.476975, 5.113426
6.436712, 5.123744
6.397862, 5.130609
6.356178, 5.137976
6.296605, 5.150023
6.253675, 5.163286
6.186985, 5.187022
6.131150, 5.206894
6.072588, 5.232505
6.008983, 5.263587
5.956424, 5.287605
5.893786, 5.322812
5.827932, 5.358109
5.781934, 5.386159
5.732331, 5.412903
5.679560, 5.443055
5.620190, 5.478701
5.570681, 5.510173
5.525941, 5.543800
68c1326e-d3cd-4b58-891d-0924e958a3e7
6.733739, 4.968697
6.660290, 4.946564
6.596303, 4.942744
6.508872, 4.936141
6.416323, 4.938204
6.377736, 4.933076
6.322764, 4.924262
6.225592, 4.887145
6.185909, 4.867181
6.119450, 4.858464
6.078736, 4.857652
6.020905, 4.865481
5.969518, 4.864072
6947aabe-8527-4296-88b5-fe39c0c4f22f
6.787598, 4.695588
6.731446, 4.733046
6.646926, 4.799812
6.550217, 4.826228
6.459117, 4.855485
6.405832, 4.877313
6.355577, 4.891073
