main root
6.981587, 4.605026
6.984532, 4.848930
6.985963, 4.967448
7.004288, 5.087122
7.032844, 5.246620
7.035002, 5.351379
7.033207, 5.462511
6.957421, 5.688001
6.944145, 5.791822
6.930328, 5.974564
6.923359, 6.119205
6.926844, 6.258474
6.941988, 6.443225
6.935341, 6.517077
6.934829, 6.569688
6.936389, 6.626911
6.916858, 6.750468
6.908389, 6.852187
6.890487, 6.940679
6.865507, 7.006577
6.810259, 7.122758
6.773020, 7.210896
6.758767, 7.271813
6.750917, 7.342411
6.751810, 7.430108
6.752845, 7.531697
6.747573, 7.601970
6.742032, 7.675846
6.743057, 7.736100
6.727311, 7.932088
6.724778, 8.030949
6.711066, 8.156263
6.698174, 8.274086
6.706578, 8.351697
6.731442, 8.489871
6.760580, 8.619480
6.798747, 8.751204
6.819512, 8.860585
6.837410, 8.977489
6.855592, 9.068447
6.875865, 9.159135
6.890474, 9.243497
6.904425, 9.311731
6.909656, 9.367205
7bad23cf-6f2a-481f-94d6-92cea1846498
6.997618, 4.691455
6.848421, 4.846703
6.778418, 4.878401
6.710497, 4.905870
6.644815, 4.922747
6.601764, 4.933807
6.571349, 4.964751
6.523642, 4.989357
6.446749, 5.036094
6.393129, 5.066209
6.313705, 5.082159
6.210390, 5.156080
6.138359, 5.200005
6.048104, 5.247611
5.959290, 5.296848
5.894923, 5.339645
5.838940, 5.375071
5.789331, 5.416983
5.617664, 5.505046
5.560644, 5.525886
5.545197, 5.560361
5.448480, 5.633964
5.368971, 5.697127
5.290795, 5.761935
5.212577, 5.826777
5.142400, 5.887684
5.101081, 5.931784
5.050403, 5.998004
5.004094, 6.058516
4.969659, 6.111113
a6c8a0d1-1d2e-4b58-8a4c-ba03863df163
7.056421, 4.919168
7.182736, 4.909561
7.264791, 4.897941
7.323167, 4.896147
7.365586, 4.906278
7.421307, 4.943405
7.478042, 4.956850
7.533727, 4.961697
7.579800, 4.966568
7.622483, 4.974952
7.671286, 4.982360
7.697515, 4.987209
7.775345, 4.997076
7.860214, 5.011437
7.952128, 5.024857
8.053568, 5.031118
8.135035, 5.046746
8.234166, 5.070070
8.324320, 5.095603
8.430266, 5.131919
e489974c-6e45-428b-8e26-470482e09bda
7.065793, 4.684214
7.139952, 4.701468
7.200119, 4.714428
7.227557, 4.723437
7.257357, 4.728496
7.354319, 4.772354
7.404043, 4.769564
7.472617, 4.768489
7.530030, 4.769692
7.566358, 4.765960
7.702477, 4.719082
7.747288, 4.698901
7.787357, 4.694986
7.867034, 4.699153
7.911914, 4.697004
5b0a0802-bc71-4eae-a037-9e24266223fa
7.071724, 5.192271
7.124739, 5.259218
7.245676, 5.287976
7.282452, 5.315775
7.306693, 5.347574
7.334878, 5.349972
7.419537, 5.377446
7.457680, 5.387184
7.592985, 5.363205
7.632433, 5.366854
7.679565, 5.380236
7.723338, 5.361225
7.793592, 5.351245
e626341c-1def-4b4b-8501-753cb3ebf8f9
7.034694, 5.360960
6.929996, 5.420782
6.836514, 5.456225
6.696441, 5.494199
6.603878, 5.537972
6.536418, 5.566562
6.464672, 5.600220
6.387801, 5.640957
6.342298, 5.671847
