main root
6.165618, 4.642232
6.062301, 4.810665
5.963019, 4.974785
5.919066, 5.079953
5.869640, 5.200875
5.834452, 5.309317
5.804470, 5.415426
5.770499, 5.520092
5.738516, 5.625485
5.704919, 5.721633
5.674549, 5.827784
5.650714, 5.926472
5.628851, 6.016996
5.609087, 6.107790
5.587476, 6.207066
5.571878, 6.298502
5.558330, 6.390434
5.543515, 6.490954
5.534166, 6.583241
5.524779, 6.675901
5.517508, 6.768543
5.508783, 6.853214
5.502211, 6.937221
5.497708, 7.021375
5.488997, 7.106543
5.481244, 7.182350
5.468145, 7.251595
5.459147, 7.331383
5.453246, 7.410416
5.453098, 7.492824
5.446987, 7.563030
5.440381, 7.638947
5.433776, 7.714863
5.427171, 7.790780
5.420566, 7.866697
5.416685, 7.945856
5.412954, 8.021968
5.409223, 8.098081
5.405492, 8.174193
5.401761, 8.250304
5.400873, 8.329553
5.400021, 8.405751
5.399170, 8.481951
5.401279, 8.561176
5.407917, 8.641721
5.402872, 8.708085
5.392385, 8.790235
5.368727, 8.859299
5.329718, 8.953581
5.296829, 9.049674
5.259505, 9.180546
5.239092, 9.275211
5.223360, 9.358004
5.209673, 9.441152
5.189575, 9.524939
5.169825, 9.607275
5.161683, 9.659254
5.155841, 9.711259
5.131738, 9.894817
5.131947, 9.973717
5.092104, 10.026847
5.105293, 10.065437
5.089778, 10.194829
5.084009, 10.296231
5.080353, 10.397714
5.076697, 10.499243
5.070623, 10.609110
5.073479, 10.710704
5.074457, 10.820728
5.083818, 10.921936
5.102401, 11.030977
5.110417, 11.140982
5.124720, 11.223134
5.131361, 11.309639
5.140569, 11.402106
5.146937, 11.486983
5.151237, 11.571991
5.165012, 11.639112
5.178141, 11.723709
5.186408, 11.796502
5.194289, 11.865907
5.208763, 11.913776
5.230814, 11.986710
5.256598, 12.061642
5.281389, 12.133693
5.319221, 12.237138
5.357311, 12.311104
5.405671, 12.400390
5.459529, 12.486505
5.518659, 12.569081
5.574969, 12.673086
5.615893, 12.744320
5.643244, 12.818893
5.641388, 12.940854
5.651086, 13.043568
5.913240, 13.147886
6.198211, 13.135074
6.695310, 13.136749
5f12239c-6fc6-4258-b152-7ac3bb2c963a
5.979866, 4.873149
5.783010, 4.897820
5.649165, 4.890093
5.524655, 4.761680
5.488440, 4.719300
5.465167, 4.687458
5.444379, 4.653941
5.417261, 4.604538
5.384677, 4.551401
5.351638, 4.500384
5.306046, 4.437614
5.276988, 4.402700
5.259397, 4.360506
5.244880, 4.346728
5.232804, 4.329077
5.218728, 4.300548
5.193046, 4.258647
5.177250, 4.235251
5.144220, 4.210550
5.122264, 4.221845
5.090243, 4.243376
5.065931, 4.250697
5.061229, 4.264655
5.032049, 4.315656
5.013189, 4.354648
4.906433, 4.550833
b2b8e841-15a0-459c-a07d-8b8d46747d8a
5.985304, 4.815383
5.779816, 4.776432
5.735511, 4.736353
5.669239, 4.686438
5.635427, 4.660969
5.606685, 4.639321
5.582204, 4.624629
5.556318, 4.612584
27af705a-dcde-4e23-a172-b61fa157efa7
5.902640, 4.962347
5.709005, 5.103729
5.631764, 5.110582
5.482916, 5.083774
5.444745, 5.073855
5.406271, 5.066948
5.364619, 5.059468
5.306766, 5.025502
5.281317, 5.044500
5.236190, 5.039428
5.190825, 5.037344
5.151677, 5.032548
5.112993, 5.024794
5.001575, 4.986769
4.971336, 4.973274
4.941466, 4.977405
4.861204, 4.965828
4.799246, 4.952355
4.749610, 4.941561
4.695545, 4.928272
4.657812, 4.914373
4.610140, 4.896814
4.562535, 4.880874
4.520836, 4.873225
4.471888, 4.868813
4.378465, 4.878506
4.335263, 4.902139
4.261716, 4.923889
4.144620, 4.983239
4.061301, 5.057702
4.037272, 5.085198
a10b32df-03ab-43a6-8a96-660e071289c5
5.825981, 5.162125
5.580205, 5.248266
5.434666, 5.254699
5.395285, 5.253443
5.356122, 5.249189
5.328778, 5.246210
5.300238, 5.246101
5.271842, 5.248978
5.227107, 5.256509
5.185422, 5.263518
5.142499, 5.272251
5.110742, 5.274131
5.060028, 5.277132
4.998049, 5.283799
4.939119, 5.290138
4.877537, 5.299773
4.818983, 5.308934
4.775507, 5.320281
4.701597, 5.343860
4.663205, 5.352965
4.638491, 5.358828
4.609333, 5.371897
4.572208, 5.385259
4.530571, 5.403427
4.491768, 5.420359
4.452965, 5.437291
4.427745, 5.448296
4.401373, 5.466338
4.378662, 5.481875
4.356527, 5.502457
4.244688, 5.595949
4.223387, 5.615712
4.198689, 5.614175
4.158821, 5.611438
4.053206, 5.638546
3.984031, 5.651666
3.933646, 5.665444
3.888638, 5.668497
3.670112, 5.779642
3.599648, 5.822216
3.544933, 5.837788
3.479822, 5.853190
3.379338, 5.911538
3.329512, 5.930087
3.242232, 5.962578
3.170822, 5.989161
3.095890, 6.023446
3.033245, 6.037294
2.979299, 6.052284
2.932307, 6.071554
2.855272, 6.116085
2.803769, 6.140670
2.748543, 6.163884
810482a8-01ea-490a-82e5-0c82e2e060ae
5.645336, 5.480814
5.602673, 5.455836
5.545205, 5.410024
5.494322, 5.377418
5.458131, 5.340289
5.412893, 5.188965
5.377462, 5.096279
5.328538, 5.045461
5.101913, 4.910891
4.979833, 4.866058
4.942006, 4.851225
4.898713, 4.837464
4.842228, 4.819510
4.776345, 4.806421
4.711174, 4.799577
4.655519, 4.790722
4.593939, 4.785471
4.539595, 4.782339
4.488155, 4.779035
693bd151-63e9-49c6-83a8-3684fa9845d9
5.607682, 5.694183
5.504697, 5.709110
5.479560, 5.712756
5.463284, 5.732460
5.411759, 5.766362
5.365163, 5.796325
5.336835, 5.820967
5.294071, 5.865331
5.269098, 5.891238
5.126089, 5.984623
5.049211, 5.994620
4.995639, 5.995550
4.933916, 6.003242
4.821864, 6.053833
4.767868, 6.078216
4.734206, 6.086852
4.672510, 6.108865
4.621950, 6.094338
4.596151, 6.110392
4.493014, 6.133316
4.440221, 6.146583
4.392161, 6.154031
f4b96d48-cdcb-4cc9-8aef-49cb9c2e1777
5.608403, 5.794966
5.288479, 6.025228
5.268229, 6.037822
5.265340, 6.050604
5.252165, 6.064587
5.233359, 6.086770
5.152429, 6.154413
5.133502, 6.164422
5.112906, 6.170271
5.075322, 6.188757
5.054562, 6.193999
5.022961, 6.200468
4.988766, 6.209027
4.957151, 6.215431
4.922941, 6.223919
4.889130, 6.233883
4.857640, 6.244756
4.836391, 6.247377
4.663123, 6.304380
4.605888, 6.320039
4.536685, 6.332748
4.464246, 6.342990
4.425339, 6.342427
4.394252, 6.370666
4.303237, 6.398029
4.236344, 6.418140
4.200882, 6.430365
ec534fdc-50a4-4a22-8c2e-d1339dbc7495
5.518595, 5.923695
5.456181, 5.923048
5.337091, 5.936569
5.138941, 5.912178
5.118737, 5.905166
5.083797, 5.889872
5.041072, 5.874439
5.005313, 5.863113
4.950024, 5.855037
4.866363, 5.845578
4.824298, 5.840821
4.782233, 5.836063
4.736857, 5.833943
4.694571, 5.831968
4.655414, 5.827142
4.627240, 5.820653
4.587778, 5.810029
4.546271, 5.794204
4.498805, 5.776107
4.461181, 5.760160
4.412447, 5.741129
4.373048, 5.727351
4.343351, 5.721722
4.306909, 5.719385
4.248267, 5.723124
4.198968, 5.724767
4.165897, 5.722874
4.119555, 5.716815
8d58d00d-c9e5-4c0c-8881-3ea0acafdc54
5.491562, 6.709667
5.422594, 6.708025
5.349700, 6.709285
5.298084, 6.713169
5.248240, 6.722923
5.185065, 6.744435
5.133768, 6.757160
5.023318, 6.833725
4.936610, 6.866855
4.885453, 6.875301
4.801161, 6.887117
4.715896, 6.894880
4.637298, 6.905042
4.572223, 6.913456
4.516171, 6.922929
4.393887, 6.954530
4.312561, 6.973414
4.230084, 6.992564
4.137958, 7.009637
4.045767, 7.024581
3.959940, 7.032192
3.875608, 7.039670
3.782416, 7.045823
3.699615, 7.057524
3.628725, 7.072076
3.567431, 7.086186
3.515725, 7.097093
26736f19-2167-4f29-a5a5-5ac8f9ec136a
5.497987, 6.518867
5.457026, 6.512200
5.417013, 6.504169
5.390347, 6.500346
5.311778, 6.502411
5.270930, 6.501988
5.230125, 6.500069
5.182515, 6.494834
5.128559, 6.484383
5.075178, 6.477091
5.026530, 6.468936
4.976434, 6.460538
4.946845, 6.454060
4.837502, 6.430993
4.794358, 6.423420
4.754448, 6.414896
4.701214, 6.406587
4.646072, 6.394950
4.586307, 6.383868
4.538101, 6.373406
4.208425, 6.275587
6d0a5c8c-09d3-4f52-8e67-3c9217523aef
5.471708, 6.915378
5.406420, 6.934677
5.361548, 6.943122
5.325097, 6.951369
5.297230, 6.959073
5.269710, 6.971202
5.221684, 6.997131
5.177094, 7.022756
5.131996, 7.054002
5.053802, 7.085358
5.008109, 7.102212
4.956644, 7.129311
4.911678, 7.154832
4.884578, 7.168643
4.768674, 7.257604
4.721599, 7.281809
4.655126, 7.312621
4.581553, 7.339730
4.498761, 7.363604
4.416428, 7.385189
4.334533, 7.406657
4.259753, 7.427809
4.185396, 7.450397
4.135454, 7.467778
4.088018, 7.478177
3.939286, 7.553481
3.872644, 7.583867
3.798885, 7.627373
3.733271, 7.666080
3.668717, 7.700691
3.601581, 7.736690
3.533223, 7.776746
3.469637, 7.807071
3.399465, 7.843858
3.331996, 7.879233
3.265791, 7.910571
3.192662, 7.955127
3.131106, 7.980362
3.058991, 8.013156
2.982221, 8.064510
2.932847, 8.090335
2.878640, 8.115467
91ad1119-76d7-4598-922a-8ff9dfc5d7bd
5.405569, 7.477776
5.307142, 7.509036
5.218304, 7.534110
5.086669, 7.592722
4.984163, 7.617545
4.917670, 7.635282
4.853725, 7.650887
4.792827, 7.659584
4.739250, 7.668656
4.700591, 7.684310
4.593900, 7.733616
4.512022, 7.762316
4.425048, 7.795032
4.346932, 7.826632
4.264931, 7.853093
4.185391, 7.880938
4.103309, 7.905280
4.014848, 7.933707
3.951327, 7.952548
3.865422, 7.982441
3.815756, 8.006064
6fc08538-a9ed-4d00-aa53-a99ab42e84a0
5.381403, 7.890926
5.334333, 7.900050
5.273850, 7.914822
5.225741, 7.921949
5.048982, 7.965580
4.993765, 7.973042
4.899921, 7.979358
4.817134, 7.991164
4.751350, 7.999035
4.700393, 8.008145
4.560436, 8.037517
4.488199, 8.049617
4.417990, 8.055304
4.377907, 8.058547
4.260701, 8.094885
4.141058, 8.097742
4.056885, 8.101827
3.974933, 8.116184
3.857416, 8.123908
ed1bf418-d75c-4999-aa0f-869a1c4ed6cd
5.375436, 8.088100
5.330289, 8.089004
5.289430, 8.088325
5.241674, 8.084537
5.204193, 8.083066
5.005540, 8.117893
4.962716, 8.121438
4.921892, 8.123317
4.877540, 8.120862
4.826816, 8.118054
4.769214, 8.113369
4.717465, 8.112161
4.653622, 8.115164
4.581020, 8.116273
4.482316, 8.134449
4.450531, 8.135736
4.406809, 8.139006
4.360297, 8.137981
4.306450, 8.139790
4.245768, 8.143325
4.180962, 8.144101
4.126133, 8.140268
4.053773, 8.139708
3.993583, 8.131760
3.914675, 8.131906
3.853540, 8.127529
3.812850, 8.129117
3.767078, 8.127908
3.725715, 8.123820
3.689906, 8.120281
6575d909-ec0d-43f8-baf2-260a3b9eedec
5.352796, 8.479909
5.321188, 8.491054
5.263485, 8.514581
5.208623, 8.536955
5.161901, 8.559246
5.056077, 8.630676
5.010321, 8.654338
4.951487, 8.676337
4.855508, 8.709969
4.773436, 8.734333
4.697362, 8.761601
4.626535, 8.785396
4.519838, 8.819534
4.334497, 8.913804
4.269387, 8.940204
4.195648, 8.976602
4.154314, 8.981982
4.093477, 8.989863
4.052655, 9.001152
3.932076, 9.040582
3.865317, 9.049061
3.787139, 9.062008
3.710737, 9.076178
3.611292, 9.096772
3.546126, 9.108738
3.503608, 9.115023
05a3ee76-bc93-4322-8ecf-6d9298f923fb
5.364516, 8.884221
5.405911, 8.896886
5.469405, 8.924139
5.526240, 8.946277
5.570504, 8.972413
5.663086, 9.010927
5.732989, 9.040082
5.797375, 9.063765
5.885816, 9.081945
5.953003, 9.101871
6.043035, 9.124182
6.089443, 9.143394
6.168079, 9.173703
6.223548, 9.201499
6.288005, 9.232123
6.337064, 9.258480
6.476011, 9.321692
6.506592, 9.342186
6.541735, 9.365743
6.581030, 9.388483
6.617647, 9.409678
6.641992, 9.434151
6.676060, 9.464160
6.703579, 9.492396
6.733107, 9.522697
6.762632, 9.553000
6.796388, 9.583359
6.827842, 9.611653
6.859293, 9.639951
6.890842, 9.640292
6.913353, 9.677454
6.957108, 9.681022
7.020029, 9.729699
7.086246, 9.780928
7.135224, 9.816926
7.203446, 9.867069
7.233368, 9.892777
7.268092, 9.918667
7.306215, 9.943357
7.333463, 9.968140
7.345360, 9.987056
833398a5-b629-412a-b941-00fe758cde2d
5.244286, 9.107041
5.168141, 9.104096
5.074994, 9.143185
5.005812, 9.163218
4.950918, 9.179116
4.896936, 9.186316
4.763893, 9.260537
4.741888, 9.266813
4.700604, 9.285590
4.680086, 9.289165
4.637057, 9.303492
4.602316, 9.312691
4.567066, 9.319695
4.526743, 9.331521
4.489661, 9.343171
4.454768, 9.351776
4.417213, 9.361806
4.379859, 9.372555
4.344767, 9.380312
4.304705, 9.392997
4.269831, 9.401679
4.230118, 9.415419
4.195486, 9.425022
4.158235, 9.436126
4.121205, 9.447942
4.082466, 9.464229
4.048530, 9.476057
4.022088, 9.486064
4.001379, 9.488296
3.905659, 9.542042
3.840457, 9.569052
3.755468, 9.606537
3.679223, 9.642431
3.607684, 9.685281
3.526498, 9.731456
3.438189, 9.781683
3.355984, 9.826018
3.278754, 9.862958
3.198091, 9.908534
3.122985, 9.948589
3.052321, 9.993327
2.980790, 10.038613
2.917333, 10.075245
2.849694, 10.119476
2.764669, 10.175076
2.709318, 10.213059
2.657766, 10.246597
048674df-6c53-4f77-b1fc-4cf6a000cafa
5.199917, 9.510000
5.224807, 9.522235
5.289913, 9.560638
5.351214, 9.593320
5.403424, 9.626508
5.440226, 9.641311
5.499587, 9.667051
5.562177, 9.692815
5.621328, 9.719037
5.691915, 9.742140
5.726608, 9.759797
5.773516, 9.787027
5.885571, 9.810465
5.949240, 9.842490
6.009250, 9.879382
6.058953, 9.902914
6.143750, 9.929814
6.212609, 9.954795
6.278469, 9.983463
6.344372, 10.015420
6.384744, 10.028348
6.470466, 10.044799
6.530825, 10.062718
6.587809, 10.081197
6.642597, 10.096752
9e40c01c-5572-4885-8a9e-a7dd35d0c82d
5.456006, 7.497706
5.246593, 7.499672
5.213917, 7.497787
5.170086, 7.496758
5.130840, 7.492842
5.085442, 7.491320
5.028324, 7.489406
4.991954, 7.492680
4.941965, 7.492796
4.834434, 7.503077
4.793653, 7.505473
4.752814, 7.506373
4.702027, 7.507492
4.644234, 7.507269
4.590426, 7.510055
4.535490, 7.508403
4.484717, 7.506876
4.424511, 7.508061
4.364438, 7.512237
4.322929, 7.516622
01b07d26-8df0-4a33-8966-77ec60c9c64d
5.398701, 8.210956
5.343750, 8.334638
5.325140, 8.365463
5.303269, 8.401693
5.279124, 8.447480
5.253982, 8.507995
5.237706, 8.578379
5.213267, 8.635284
5.160564, 8.804821
5.117552, 8.862526
5.091097, 8.887966
5.063230, 8.947747
a638f480-433f-40a6-b35e-ef2792336400
5.365579, 8.750987
5.184255, 8.859709
5.150013, 8.873261
5.124715, 8.886490
5.113896, 8.906267
5.027146, 9.059878
a55520e2-cbb9-44b2-af66-44322722cce9
5.380932, 8.793877
5.248084, 8.777328
5.209752, 8.777142
5.177685, 8.775552
5.150681, 8.775775
5.074108, 8.767506
5.048856, 8.764777
5.029340, 8.770942
4.981932, 8.784347
4.948339, 8.792290
4.899081, 8.794756
4.870211, 8.793203
4.831083, 8.788101
4.785748, 8.785208
4.743498, 8.782511
503f845b-8a2c-4d47-ac72-13a088c7eadc
5.295993, 9.214358
5.340327, 9.211428
5.372723, 9.210785
5.408048, 9.208587
5.440446, 9.208073
5.475780, 9.206014
5.496917, 9.209280
5.528677, 9.215702
5.563636, 9.221243
5.595370, 9.227788
5.630305, 9.233465
5.662015, 9.240134
5.696929, 9.245946
5.732055, 9.250278
5.763998, 9.255725
5.802562, 9.257747
5.821298, 9.268560
5.943764, 9.294033
5.969538, 9.303981
6.010919, 9.318348
6.057004, 9.335933
6.106261, 9.348320
6.163733, 9.362774
6.216396, 9.371389
6.269968, 9.377121
6.323960, 9.387412
6.373864, 9.396925
6.424094, 9.408023
6.453876, 9.419202
6.501434, 9.437052
6.558852, 9.457004
6.606841, 9.473681
6.656476, 9.487463
4226b2a6-21cc-44ae-8ab3-d647c6a3490d
5.159344, 9.787857
5.184493, 9.802115
5.216194, 9.816647
5.239282, 9.827229
5.257400, 9.826669
5.283336, 9.831854
5.324375, 9.840129
5.372535, 9.843732
5.402000, 9.851938
5.442195, 9.858474
5.479429, 9.863010
5.506309, 9.864778
5.661408, 9.874552
5.687506, 9.877485
5.718555, 9.882268
5.749382, 9.888318
5.779934, 9.895625
5.810162, 9.904178
5.843710, 9.911895
5.874011, 9.920184
5.907625, 9.927610
5.941565, 9.933359
5.972298, 9.939869
6.002739, 9.947631
6.040116, 9.952310
6.074443, 9.954885
6.102436, 9.961277
6.223358, 9.964159
184dd93f-9f12-4d9d-817f-7d0c706fb5e5
5.095929, 9.879394
5.012181, 9.883561
4.950938, 9.886540
4.893564, 9.916374
4.850967, 9.913350
4.791213, 9.919611
4.727287, 9.924805
4.674436, 9.924595
4.514092, 9.947134
4.443756, 9.950973
4.399376, 9.953391
4.288564, 9.990268
4.216286, 10.014321
4.128079, 10.036985
4.062480, 10.053841
4.002160, 10.064704
3.948000, 10.074943
39427d2e-4f00-474c-9c8d-60d5026e48da
5.106234, 9.675497
5.011644, 9.766781
4.981420, 9.787603
4.977890, 9.806276
4.889208, 9.945953
2fa43360-5bf9-4891-a07a-6b5d2c3376b1
5.029056, 10.519448
5.129761, 10.531870
5.164329, 10.531266
5.209269, 10.527488
5.252492, 10.522351
5.286914, 10.519767
5.330097, 10.526765
5.438469, 10.535128
5.475854, 10.542515
5.519142, 10.549543
5.569287, 10.557684
5.627791, 10.567183
5.687637, 10.573865
5.730013, 10.572573
5.787805, 10.572308
5.841577, 10.569066
5.904954, 10.560748
5.946447, 10.558322
6.001401, 10.559606
6.052186, 10.560792
6.114498, 10.559253
6.158935, 10.558155
6.208250, 10.560023
962e39bf-4da4-439d-b81b-004700c3a243
4.991692, 10.880093
4.930786, 10.910645
4.882712, 10.941459
4.866763, 10.969020
4.810612, 11.013640
4.785995, 11.031290
4.702437, 11.120145
4.667851, 11.163486
4.627360, 11.190835
4.586493, 11.213025
4.541272, 11.239287
4.497907, 11.262744
4.452643, 11.288938
4.408152, 11.316417
4.363493, 11.349282
4.334829, 11.368524
9c3670bc-2421-40b9-a5b0-e8aac8f58baf
5.050286, 11.227404
5.103707, 11.232552
5.158736, 11.275750
5.209639, 11.304292
5.272337, 11.347509
5.460001, 11.422670
5.509630, 11.448182
5.553970, 11.473249
5.589642, 11.481982
5.654356, 11.496285
5.712378, 11.521904
5.745221, 11.539678
459d744e-38aa-43c8-af59-92292460ac12
4.992381, 11.051445
4.968192, 11.045935
4.929793, 11.041793
4.901064, 11.034178
4.872636, 11.028192
4.829736, 11.022218
4.690450, 10.977073
4.620965, 10.967827
4.590678, 10.963748
4.548841, 10.958115
4.507006, 10.952480
4.462099, 10.950965
4.393427, 10.951641
4.355964, 10.953508
9752a8de-95af-46e4-93cc-35b248a436e0
5.075666, 11.402976
5.114861, 11.405892
5.185158, 11.426750
5.236472, 11.453793
5.355455, 11.472329
5.400142, 11.482319
5.450824, 11.499782
5.510655, 11.517226
5.556404, 11.539922
5.583951, 11.533845
5.677511, 11.543872
5.720241, 11.557482
5.786115, 11.570607
5.863460, 11.603523
fd4466b8-459b-41c5-a829-4f8730086656
5.034516, 11.614238
5.008397, 11.628701
4.946846, 11.660241
4.836693, 11.749055
4.796402, 11.773850
4.741460, 11.804147
4.659896, 11.849123
4.607997, 11.877741
4.567897, 11.903272
4.516985, 11.939232
4.483418, 11.966604
4.462876, 11.991078
0fa7e3d5-c33e-4b2a-b176-0e737eaaca05
5.637873, 5.481386
5.464968, 5.433549
5.410726, 5.414111
5.373358, 5.405556
5.342410, 5.396999
5.304508, 5.391245
5.273010, 5.385012
5.243549, 5.377720
5.214465, 5.369045
5.184136, 5.358503
5.154309, 5.346617
5.125041, 5.333410
5.096393, 5.318910
4.956089, 5.272870
58dbce7f-a22b-440b-90a5-d3c254f1a106
5.151782, 11.707286
5.228167, 11.734799
5.252063, 11.743407
5.271546, 11.738832
5.343446, 11.734770
5.399095, 11.733124
5.445518, 11.736242
5.488831, 11.736153
388f3fc8-e10e-4953-96bd-9793ac703345
5.246468, 12.259506
5.208775, 12.291495
5.178629, 12.311190
5.145395, 12.331113
5.099200, 12.348387
5.075182, 12.354173
5.036239, 12.360476
5.011166, 12.364531
4.856484, 12.489978
34daf834-b57e-487f-b883-1fad74aa5076
5.293403, 12.288982
5.278009, 12.365128
5.273670, 12.416075
3e65beff-4662-4213-854c-a6e12414f750
5.668706, 12.697866
5.716108, 12.697672
5.751465, 12.696034
5.774674, 12.699452
5.813276, 12.700602
5.848668, 12.700157
5.874704, 12.701328
5.906974, 12.704278
5.930643, 12.707944
5.950620, 12.715584
