main root
6.667500, 5.456767
6.540643, 5.651655
6.436896, 5.804394
6.395116, 5.946984
6.388664, 6.108038
6.483755, 6.345032
6.515187, 6.505024
6.552438, 6.608578
6.620095, 6.752884
6.666449, 6.861693
6.719322, 6.953659
6.786532, 7.062141
6.840841, 7.157836
6.877852, 7.231621
6.910511, 7.327673
6.948579, 7.443071
6.974956, 7.550044
6.985067, 7.652435
6.992316, 7.747076
6.941017, 7.914633
6.911540, 8.051270
6.901816, 8.116412
6.854728, 8.191600
6.823445, 8.235909
2c446049-77b7-45d2-9227-4fb72e38e323
6.508813, 5.709870
6.558595, 5.781563
6.586853, 5.809100
6.622618, 5.846058
6.746709, 5.918016
6fa7f625-d95f-4651-9ddf-e50166e5d1d3
6.564474, 5.576734
6.481960, 5.546997
6.391496, 5.539884
