main root
7.056974, 5.456414
7.026424, 5.662994
7.011925, 5.833857
6.956266, 6.048027
6.908451, 6.191584
6.854522, 6.327343
6.807193, 6.412807
6.740605, 6.490972
6.622041, 6.632257
6.507556, 6.771940
6.443460, 6.862423
6.399739, 6.954263
6.345441, 7.111741
6.282010, 7.289219
6.232597, 7.372454
6.154796, 7.503507
6.074949, 7.600992
6.024066, 7.689822
5.958506, 7.778731
5.906900, 7.855804
5.858843, 7.935141
5.832533, 7.994815
5.809018, 8.069006
5.770542, 8.191605
5.749781, 8.287146
5.734253, 8.351558
5.716169, 8.413799
5.698613, 8.468861
5.686738, 8.520885
5.673917, 8.590506
5.657714, 8.661954
5.643479, 8.717965
5.624631, 8.779968
5.605399, 8.832945
5.586072, 8.890566
5.565475, 8.956683
5.546312, 9.023228
5.524495, 9.082766
5.503698, 9.148215
5.490592, 9.204286
5.479008, 9.273573
5.467164, 9.356994
5.461293, 9.408984
5.455594, 9.459467
5.447625, 9.516705
5.439343, 9.565332
5.427972, 9.632107
5.416799, 9.688800
5.403704, 9.755247
5.392243, 9.813397
5.380783, 9.871549
5.369323, 9.929699
5.360220, 9.991365
5.351566, 10.049999
5.342912, 10.108630
5.335519, 10.168961
5.327281, 10.236191
5.318770, 10.293345
5.310028, 10.341888
5.297402, 10.386663
5.285684, 10.439251
5.273927, 10.498888
5.260826, 10.565345
5.248184, 10.621738
5.238204, 10.673098
5.226468, 10.741344
5.210102, 10.801187
5.197616, 10.863864
5.184382, 10.930294
5.169278, 10.983132
5.154290, 11.030119
5.139825, 11.080392
5.119049, 11.141770
5.100987, 11.199802
5.082825, 11.268224
5.068684, 11.327333
5.050710, 11.389596
5.038952, 11.451917
5.026769, 11.508413
5.014787, 11.578179
5.002312, 11.633134
4.988061, 11.689146
4.974453, 11.736563
4.957820, 11.805371
4.944953, 11.833120
4.925688, 11.867552
4.913404, 11.895637
4.897981, 11.938366
4.885408, 11.982017
4.869157, 12.011401
4.847351, 12.060105
4.829186, 12.100675
3c0e7207-a62e-4f34-9057-cbaf835066cf
7.046701, 5.932863
7.140892, 5.947205
7.226655, 5.963586
7.251602, 5.968353
7.267194, 5.961895
7.308659, 5.962515
7.346481, 5.979520
7.398361, 6.023246
7.441913, 6.054081
7.487545, 6.082720
7.537746, 6.114227
7.585883, 6.146205
7.626123, 6.174735
7.667564, 6.204116
7.710012, 6.237881
7.750087, 6.275494
7.787873, 6.302749
7.833852, 6.337758
7.897095, 6.384193
7.919824, 6.406451
7.953999, 6.442015
7.988213, 6.471139
8.029008, 6.503899
8.070723, 6.535479
8.109131, 6.566432
8.150790, 6.598085
8.190377, 6.624404
8.248034, 6.655547
8.298155, 6.684319
8.338127, 6.710719
8.373454, 6.734050
8.406704, 6.757804
8.444230, 6.786452
8.468200, 6.802867
8.504993, 6.833501
11e795f9-ecd4-46e6-a48b-fa6342fc559c
7.063327, 5.883772
7.085112, 5.930630
7.122054, 5.976502
7.167027, 6.019781
7.188968, 6.043059
7.209749, 6.067380
7.232490, 6.087182
7.255562, 6.109340
7.277527, 6.132596
7.302562, 6.157017
7.332811, 6.180338
7.357163, 6.201082
7.384695, 6.222651
7.408884, 6.243583
7.432024, 6.265669
7.458292, 6.288759
7.485485, 6.310753
7.509346, 6.332059
7.536367, 6.354263
7.564452, 6.375324
7.587846, 6.394660
7.611657, 6.416201
7.634483, 6.438783
7.664744, 6.462317
7.693387, 6.482615
7.718728, 6.502332
7.743164, 6.523161
7.770866, 6.544724
7.795298, 6.565559
7.818774, 6.587464
7.845479, 6.610249
7.868951, 6.632159
7.895651, 6.654950
7.919118, 6.676866
7.945814, 6.699663
7.973496, 6.721252
7.993706, 6.742627
8.014523, 6.766915
8.037296, 6.786681
8.064626, 6.808504
8.092828, 6.829188
8.126215, 6.848029
8.136374, 6.863804
8.150085, 6.885149
8.168513, 6.893798
8.183544, 6.907465
8.210633, 6.930034
8.234457, 6.951792
8.261498, 6.974419
8.285275, 6.996228
8.308036, 7.019096
8.338200, 7.042995
8.356048, 7.059008
8.374832, 7.081852
8.402596, 7.108501
8.424833, 7.131879
8.445984, 7.156243
8.470228, 7.181843
8.485756, 7.204723
8.510957, 7.233809
8.530954, 7.259129
8.553985, 7.285826
8.573926, 7.311190
8.596897, 7.337937
8.616783, 7.363344
8.639697, 7.390142
8.667970, 7.416252
8.690654, 7.439197
8.712271, 7.463150
8.741234, 7.488494
8.764524, 7.510823
8.791006, 7.534098
8.814248, 7.556477
8.836448, 7.579891
8.861793, 7.604402
8.883942, 7.627863
8.913463, 7.652551
8.930882, 7.669029
8.949057, 7.692362
8.976109, 7.719735
9.001956, 7.743715
9.020053, 7.762508
9.040001, 7.785340
9.052489, 7.804182
65d6370f-ae61-44e0-857b-064bad5e2eba
6.840725, 6.496824
6.896994, 6.544757
6.935376, 6.571359
6.960719, 6.596931
6.993946, 6.626418
7.029203, 6.653705
7.051360, 6.676531
7.088858, 6.713014
7.121036, 6.748495
7.142365, 6.772014
7.159428, 6.790829
47849e24-84df-416c-8180-72f3d0088d18
6.068255, 7.666390
6.123840, 7.694236
6.153264, 7.711306
6.230050, 7.760699
