main root
7.102366, 4.630336
7.032787, 4.805481
6.985385, 5.003552
7.008946, 5.229567
6.953818, 5.460865
6.901140, 5.673388
6.838587, 5.861664
6.813705, 5.999993
6.783112, 6.158486
6.762718, 6.319884
6.744867, 6.455812
6.724967, 6.580183
6.697020, 6.762869
6.670466, 6.922887
6.682753, 7.044659
6.669128, 7.146928
6.655666, 7.263949
6.644198, 7.382111
6.629068, 7.516393
6.617875, 7.634580
6.612951, 7.753697
6.612318, 7.898239
6.611788, 8.019354
6.617527, 8.147183
6.624958, 8.265673
6.625018, 8.399982
6.633531, 8.510266
6.633545, 8.620432
6.625097, 8.730272
6.622973, 8.840663
6.622798, 8.959392
6.617451, 9.087137
6.621523, 9.192313
6.627218, 9.285060
6.635552, 9.386255
6.641788, 9.487761
6.637487, 9.590210
6.632515, 9.708633
6.619451, 9.818031
6.606444, 9.944652
6.596413, 10.062956
6.586397, 10.181072
6.583944, 10.309405
6.570714, 10.467277
6.562112, 10.618182
6.553920, 10.761886
6.551455, 10.904705
6.553452, 11.032294
6.554666, 11.186056
6.559886, 11.316438
6.573402, 11.444082
6.583480, 11.597099
6.588905, 11.711617
6.598745, 11.830164
6.604318, 11.948305
6.602543, 12.082980
6.595084, 12.202677
6.603008, 12.340222
6.594198, 12.443589
62fa7b84-4c2e-44a5-9722-ceccda0cdf22
6.967521, 4.587790
6.790412, 4.565784
6.689986, 4.561425
6.534966, 4.558736
6.489302, 4.547452
6.438901, 4.541164
6.378573, 4.538059
6.338831, 4.546237
6.318034, 4.545162
6.279169, 4.543897
6.243377, 4.540478
6.201340, 4.540216
6.165470, 4.537742
6.123441, 4.538587
6.087518, 4.537056
6.045526, 4.539007
6.022298, 4.537831
5.984130, 4.514205
5.952307, 4.507768
5.897280, 4.499793
5.836039, 4.496115
5.771109, 4.497969
5.696419, 4.498605
5.637787, 4.500601
47bc0397-018b-4731-85d0-10dbe239ffad
7.159228, 5.004434
7.285877, 5.089514
7.370040, 5.114821
7.391357, 5.129403
7.462115, 5.164497
7.512690, 5.192524
7.559181, 5.215676
7.644425, 5.260849
7.738641, 5.321292
e383e614-cfba-4eec-800f-a30a772cd1c6
6.912145, 4.808887
6.812195, 4.805487
6.736967, 4.820126
6.663026, 4.832237
6.622381, 4.845076
6.551774, 4.864222
6.523401, 4.887322
6.439547, 4.916382
6.394776, 4.936649
6.330835, 4.970522
6.271606, 5.000204
6.210386, 5.032556
6.148632, 5.070268
6.090332, 5.107623
6.031492, 5.152434
5.977893, 5.191373
5.924753, 5.220729
5.862536, 5.263649
5.805638, 5.308353
5.751624, 5.356505
5.709327, 5.388196
5.655425, 5.426715
5.600666, 5.464006
5.542711, 5.512528
5.490966, 5.553901
5.437831, 5.598300
5.386990, 5.629081
5.329556, 5.662102
5.327695, 5.685138
5.281325, 5.708560
5.208727, 5.769651
5.119230, 5.833901
5.058697, 5.869988
5.050765, 5.902350
5.011016, 5.925690
4.926110, 5.995294
4.883762, 6.062371
4.823089, 6.123676
4.757577, 6.189869
4.683758, 6.249505
4.617899, 6.302711
4.555306, 6.358611
4.482681, 6.417829
4.412018, 6.478162
4.334755, 6.544129
4.268565, 6.608941
4.204564, 6.665804
4.148348, 6.703738
4.111220, 6.714345
4.108599, 6.748687
3.999283, 6.841822
3.923762, 6.920062
3.853259, 7.005292
3.775126, 7.083146
3.713390, 7.141735
3.651976, 7.200018
3.593214, 7.241285
3.519309, 7.285584
3.436784, 7.344913
3.336696, 7.424627
3.253087, 7.483104
3.186781, 7.534541
3.110240, 7.588594
3.047637, 7.634637
2.985934, 7.681876
2.903917, 7.742001
2.849294, 7.782045
2.810032, 7.810829
2.766903, 7.833300
62b0ff0b-aa88-43e6-ba2e-0d049cd7b103
6.776707, 4.793629
6.731257, 4.758914
6.707581, 4.751029
6.635894, 4.736125
6.589326, 4.728634
6.565600, 4.721776
6.546857, 4.729097
6.487145, 4.730477
6.447748, 4.728394
6.419237, 4.729883
6.391039, 4.734352
6.360977, 4.745179
6.317546, 4.767184
6.254580, 4.779501
6.205908, 4.787497
6.155778, 4.795732
6.116568, 4.806724
6.058428, 4.827687
6.021496, 4.839412
b8162e08-d14f-40a7-80a3-17334b2d3cdb
7.054493, 5.322012
7.121223, 5.431256
7.146598, 5.487433
14a88ebc-7fd5-4e82-9f23-0801f4101fc3
7.090010, 5.157803
7.168824, 5.325319
7.235458, 5.375950
7.318530, 5.398945
7.361322, 5.426024
7.396682, 5.445345
7.456888, 5.482964
7.490717, 5.505867
7.530704, 5.534748
7.569796, 5.564826
7.607955, 5.596076
7.641407, 5.627340
7.678363, 5.668024
7.708289, 5.705421
7.745018, 5.744133
7.793614, 5.788830
7.836792, 5.824476
7.874126, 5.849475
7.934562, 5.886341
7.989271, 5.916207
8.039263, 5.945203
8.081162, 5.971235
8.122249, 5.998525
8.164562, 6.026629
8.211855, 6.059838
8.251344, 6.089395
8.292010, 6.119833
8.339461, 6.155349
8.391102, 6.190263
8.430784, 6.220704
8.471510, 6.257605
8.519591, 6.303189
8.552224, 6.338253
8.592601, 6.381636
8.635096, 6.425099
8.670612, 6.461423
8.705921, 6.493253
8.751567, 6.528356
8.811564, 6.568831
8.867722, 6.606716
8.916860, 6.639863
8.963918, 6.673415
9.003199, 6.703258
9.041554, 6.734279
9.078945, 6.766444
9.119563, 6.799410
9.159002, 6.831419
9.202914, 6.868986
9.243625, 6.901846
9.281054, 6.933980
9.336669, 6.977782
9.381125, 7.014701
9.418092, 7.047347
9.456175, 7.080979
9.498486, 7.120340
9.545962, 7.166550
9.580244, 7.202007
9.615559, 7.238531
9.660981, 7.281204
9.704170, 7.321778
9.751596, 7.362226
9.796079, 7.396229
9.844414, 7.427525
9.905410, 7.463453
9.960569, 7.492469
10.013027, 7.520063
10.069527, 7.546402
10.121259, 7.572169
10.166736, 7.594820
10.219787, 7.621245
10.272838, 7.647669
10.325889, 7.674093
10.374926, 7.701862
10.426498, 7.731067
10.476024, 7.760832
10.514123, 7.783729
10.557664, 7.809897
150dbe94-6741-4a1c-8718-dc0d6202e131
6.878500, 5.826216
6.949383, 5.816635
7.064928, 5.826552
7.135308, 5.861860
7.182584, 5.889981
7.221000, 5.910306
7.248368, 5.926575
7.276239, 5.938019
7.308960, 5.949930
7.338298, 5.962295
7.372981, 5.973662
7.395352, 5.984145
7.427716, 6.004268
7.474977, 6.030129
7.524939, 6.059173
7.566809, 6.085246
7.611993, 6.111618
7.647165, 6.128681
7.696966, 6.147850
7.746308, 6.165239
7.788494, 6.184867
7.840521, 6.204122
7.874392, 6.219848
7.903189, 6.233220
7.924239, 6.244644
027ab36e-9323-4419-8c48-8c3e3f4d0035
7.007899, 4.998582
6.860324, 5.129745
6.851901, 5.184557
6.828166, 5.221645
6.815383, 5.247174
94004d55-4d69-40e1-90b7-960f5439c71e
6.639702, 6.801308
6.583119, 6.819171
6.546805, 6.827022
6.524933, 6.852078
6.428453, 6.907245
6.357748, 6.952451
6.256202, 7.008027
6.197959, 7.049339
6.173615, 7.082379
6.095766, 7.145385
6.055963, 7.166045
5.994351, 7.203189
5.913342, 7.226830
5.845203, 7.254604
5.753856, 7.292579
44f3fda5-9a7c-49e0-8ce0-37b63409216d
6.763922, 6.735069
6.838472, 6.727409
6.878864, 6.733528
6.955312, 6.758922
6.983968, 6.774190
7.046646, 6.810976
7.109804, 6.849780
7.197414, 6.901125
7.270462, 6.943935
7.334156, 6.982999
7.390880, 7.024810
7.450279, 7.060754
7.524460, 7.093523
7.616614, 7.136544
7.670246, 7.163233
7.716780, 7.191050
fb801498-4d55-409f-9f24-15f3685ade91
6.852979, 5.486649
6.752018, 5.505711
6.684769, 5.525456
6.636860, 5.547054
6.573832, 5.565013
6.522987, 5.573275
a54d44a9-8cbf-4feb-a4c7-f7e2d1c8ff71
6.673929, 7.216092
6.746365, 7.258361
6.769138, 7.275617
6.805386, 7.299328
6.839643, 7.318160
6.875241, 7.334312
6.921663, 7.350445
6.969650, 7.367122
7.003921, 7.383786
7.045991, 7.400914
7.098929, 7.424082
7.135707, 7.443446
7.184104, 7.472309
7.215478, 7.487534
7.257561, 7.504630
7.294843, 7.523006
7.324903, 7.542829
7.365241, 7.571224
7.404699, 7.600828
7.447429, 7.631016
7.491005, 7.659971
7.533314, 7.688083
7.578525, 7.721717
7.630262, 7.756476
7.675302, 7.790341
7.711235, 7.815487
7.745570, 7.841341
7.767956, 7.856325
5cab0ca0-96f1-4393-9594-13221ccf2ec0
6.666272, 7.556357
6.775225, 7.553848
6.829837, 7.546404
6.860441, 7.541564
6.899942, 7.538037
6.940013, 7.534614
b3f2d942-8851-4df8-8bc9-2d0774130679
6.683386, 8.316345
6.745978, 8.353177
6.782626, 8.372036
6.818464, 8.385283
6.875976, 8.404944
6.922146, 8.422311
6.969691, 8.440194
7.023233, 8.461932
7.066400, 8.482689
7.108457, 8.501251
a080fba3-cef5-414a-bfc6-ad0b17ab6bc5
6.682822, 8.683834
6.774265, 8.737628
6.829271, 8.759440
6.856937, 8.768682
6.872192, 8.778809
876c93a5-4115-479d-a6de-52c16dca01a5
6.684433, 8.936566
6.738516, 8.949087
6.804717, 8.957206
0e045db0-dd66-4d81-8d51-06a14a95e79f
6.601379, 9.161940
6.536695, 9.232441
6.510580, 9.273248
6.478254, 9.315959
6.459094, 9.341276
ddc6e69c-0fb2-45d7-ab3b-0d7d9ba9e58b
6.675046, 9.364725
6.738100, 9.407887
6.804345, 9.420795
6.842857, 9.423724
6.879746, 9.429532
6.919849, 9.437361
6.953410, 9.445437
c2b2c209-8c5a-4e91-a6b2-151f86616f98
6.682368, 9.630805
6.731738, 9.659499
6.753306, 9.670092
6.766730, 9.683413
