main root
7.427848, 5.008414
7.434058, 5.215208
7.450645, 5.471993
7.451688, 5.644466
7.458463, 5.824362
7.475017, 5.996935
7.481237, 6.127536
7.465579, 6.263623
7.458389, 6.416891
7.442578, 6.554788
7.415290, 6.651513
7.362432, 6.785252
7.302484, 6.937452
7.255739, 7.050383
7.196506, 7.176186
7.118165, 7.319567
7.050167, 7.444018
7.014717, 7.504514
6.974419, 7.552086
82af9af4-0b54-4eda-9866-64e3efa49f02
7.448550, 5.532967
7.513750, 5.621200
7.555947, 5.687025
eeb35a56-0b6a-495b-bb4e-e7a7b5a081f9
7.451088, 5.306208
7.542753, 5.308097
7.633793, 5.295159
458c6ccc-c2b4-4ad5-a09e-3bd541c0bf4a
7.424569, 5.178283
7.515700, 5.262154
7.553075, 5.255724
7.608390, 5.202408
