main root
6.666110, 5.113902
6.689428, 5.385108
6.722378, 5.643469
6.737544, 5.811431
6.746350, 5.973086
6.759777, 6.104059
6.769367, 6.238538
6.780515, 6.365335
6.785490, 6.515887
6.795488, 6.669496
6.814964, 6.808408
6.818778, 6.934161
6.829454, 7.086076
6.844638, 7.228529
6.851561, 7.333425
6.860102, 7.394636
6.870700, 7.480300
6.871217, 7.641081
6.858873, 7.750577
6.842590, 7.876272
6.833149, 8.000894
6.816487, 8.081387
6.784332, 8.195086
6.768214, 8.267632
6.758504, 8.352734
6.748431, 8.414614
6.738011, 8.469304
6.756355, 8.630850
6.765908, 8.714978
6.769892, 8.825072
6.771755, 8.935084
6.761088, 9.052800
6.751156, 9.162410
6.726407, 9.249397
6.700326, 9.356536
6.685967, 9.451301
6.682118, 9.547337
6.682282, 9.648876
6.682432, 9.742010
6.686789, 9.834660
6.681836, 9.960601
6.673621, 10.138214
6.666424, 10.248001
6.654482, 10.365671
6.643369, 10.475179
6.632255, 10.584686
6.614843, 10.693387
6.591981, 10.809429
6.570704, 10.917427
6.558487, 11.012273
6.559563, 11.086710
6.565258, 11.188080
6.574656, 11.280356
6.579095, 11.353494
6.580545, 11.426755
6.587615, 11.481297
6.598947, 11.522149
a6dc508d-c18e-4a49-9c3d-88ab9df678ba
6.902643, 7.463588
6.972451, 7.481153
8fdfb0ba-d000-4d88-bee0-ce8a84e7c180
6.844963, 7.417672
6.775626, 7.463509
6.755287, 7.473355
6.743722, 7.493140
6.712061, 7.525560
709b61f0-96d2-40e3-b1ad-06df183991ac
6.898109, 7.437886
6.937915, 7.428490
6.959435, 7.429791
6.984788, 7.431322
d6a6de40-7b41-4fb5-ae54-a50fe8bcab20
6.611634, 5.472172
6.552696, 5.501311
6.520742, 5.524218
6.471783, 5.564842
6.435101, 5.587498
6.384188, 5.620704
6.327022, 5.659775
6.290324, 5.684856
