main root
7.023135, 5.337459
6.994482, 5.543197
6.976756, 5.724752
6.945195, 5.862764
6.897430, 6.021545
6.845046, 6.159861
6.787468, 6.282718
6.674324, 6.418351
6.533891, 6.580391
6.421472, 6.715909
6.378821, 6.789366
6.326053, 6.908962
6.265724, 7.098953
6.216904, 7.205693
6.159968, 7.315338
6.113221, 7.387250
6.032710, 7.484139
5.967559, 7.585654
5.895114, 7.679001
5.841418, 7.765440
5.789648, 7.852786
5.763629, 7.913277
5.745806, 7.976010
5.720931, 8.063560
5.699073, 8.135015
5.682241, 8.205392
5.665379, 8.269462
5.644940, 8.329476
5.626590, 8.397288
5.611004, 8.466344
5.595357, 8.542466
5.578227, 8.603511
5.564501, 8.652421
5.545378, 8.703944
5.528585, 8.753490
5.505908, 8.815737
5.485402, 8.885142
5.464185, 8.946388
5.443862, 9.000482
5.427875, 9.055800
5.415053, 9.115108
5.403814, 9.152926
5.398594, 9.180996
5.393251, 9.226106
5.388271, 9.268146
5.383292, 9.310185
5.378313, 9.352225
5.375954, 9.397590
5.369504, 9.435149
5.360907, 9.485219
5.348432, 9.540181
5.337569, 9.601566
5.324814, 9.656464
5.311400, 9.714200
5.299105, 9.773729
5.287730, 9.843604
5.278208, 9.902095
5.269922, 9.962312
5.260689, 10.029414
5.252610, 10.088128
5.244531, 10.146842
5.233894, 10.202183
5.220333, 10.256879
5.206070, 10.314405
5.192901, 10.373739
5.179362, 10.441645
5.164944, 10.506309
5.155023, 10.557681
5.145389, 10.607563
5.132965, 10.664002
5.119764, 10.710049
5.108563, 10.776271
5.092686, 10.832838
5.086644, 10.870978
5.078937, 10.890929
5.069303, 10.928323
5.061362, 10.953146
5.050718, 10.981504
5.040917, 11.003357
96fb106e-8b21-4f6b-8103-938a7e07699d
7.005807, 5.825751
7.132347, 5.859828
7.190582, 5.867362
7.251634, 5.865230
7.292484, 5.877080
7.333189, 5.904094
7.356946, 5.925250
7.399112, 5.958790
7.438105, 5.985982
7.492967, 6.018765
7.543135, 6.053975
7.584717, 6.083158
7.617283, 6.107842
7.647236, 6.132423
7.668978, 6.148330
30b235a4-0781-491a-8a9a-004f5b021f7c
7.030622, 5.800823
7.094579, 5.891145
7.147278, 5.936482
7.202066, 5.995933
7.238295, 6.031769
7.268704, 6.055522
7.293272, 6.076601
7.316845, 6.098789
7.343601, 6.121911
7.371316, 6.143873
7.391531, 6.165611
7.412440, 6.190306
7.430953, 6.209865
7.454885, 6.232981
7.485553, 6.256373
7.514558, 6.276603
7.533318, 6.291503
7.551881, 6.311971
7.580957, 6.337338
7.604345, 6.359719
7.635143, 6.382968
7.660054, 6.403639
7.688205, 6.425044
7.713043, 6.445802
7.741117, 6.467304
7.765883, 6.488150
7.789665, 6.510113
7.812410, 6.533147
7.838305, 6.557231
7.858844, 6.580421
7.879149, 6.605616
7.901391, 6.626069
7.928396, 6.648877
7.956338, 6.670527
7.980967, 6.691513
8.008815, 6.713284
8.033355, 6.734377
8.056886, 6.756587
8.083591, 6.779745
8.107028, 6.802057
8.133633, 6.825330
8.156971, 6.847743
8.173165, 6.865380
