main root
6.390023, 4.722182
6.493823, 4.956207
6.535308, 5.063121
6.575719, 5.170578
6.591058, 5.265393
6.622648, 5.381395
6.660211, 5.503351
6.707540, 5.636947
6.757252, 5.760131
6.796785, 5.882551
6.835194, 5.980826
6.872178, 6.075455
6.911699, 6.159241
6.930148, 6.233057
6.956403, 6.312450
6.981152, 6.393893
7.003910, 6.475916
7.027038, 6.575100
7.050182, 6.665089
7.073172, 6.746155
7.096272, 6.827605
7.129519, 6.914000
7.157336, 7.003853
7.184232, 7.083722
7.200272, 7.170339
7.219255, 7.261303
7.234607, 7.345018
7.249879, 7.428297
7.263624, 7.503252
7.272144, 7.574599
7.277916, 7.676467
7.286485, 7.748324
7.292842, 7.814276
7.292103, 7.916815
7.295646, 8.000656
7.295746, 8.073928
7.295850, 8.150131
7.289659, 8.237632
7.282104, 8.302002
7.271584, 8.365955
7.256467, 8.457851
7.243145, 8.511169
7.228905, 8.580514
7.210081, 8.649857
7.190232, 8.711548
7.168532, 8.764332
7.134667, 8.823092
7.097327, 8.896304
7.071979, 8.939417
7.054120, 9.000424
7.055113, 9.039655
7.062697, 9.102619
7.019948, 9.188853
6.988872, 9.287887
6.959964, 9.394145
6.939178, 9.502794
6.914358, 9.610005
6.891582, 9.717770
6.878915, 9.818619
6.867292, 9.928144
6.858680, 10.029328
6.856407, 10.130871
6.856250, 10.232420
6.849747, 10.334244
6.850294, 10.425245
6.854945, 10.509037
6.859168, 10.585118
6.861814, 10.659787
6.858256, 10.730975
d952bdd3-ea90-41da-a23b-5e92a6c2b637
6.564844, 4.991843
6.611917, 4.953528
6.654119, 4.944470
6.677937, 4.940710
6.699437, 4.941684
6.723430, 4.944094
6.743978, 4.950495
6.777462, 4.959175
6.811326, 4.966227
6.849032, 4.969314
6.883604, 4.970468
6.907624, 4.972591
6.928058, 4.978906
29837d47-73f3-401e-a49a-2db1acca5227
6.744312, 5.703349
6.710424, 5.763610
6.688669, 5.794026
