main root
6.847799, 5.793082
6.831046, 5.901261
6.787705, 6.025539
6.773158, 6.144702
6.758112, 6.308438
6.749856, 6.461462
6.755213, 6.641628
6.744600, 6.781572
6.727501, 6.918753
6.730444, 7.079009
6.732920, 7.260780
6.731058, 7.427087
6.735413, 7.591044
6.745586, 7.740460
6.773684, 7.899404
6.801473, 8.020325
6.816463, 8.141929
6.797774, 8.326515
6.773261, 8.509138
6.736289, 8.685676
6.755280, 8.943257
6.760812, 9.098548
6.751503, 9.243421
6.754326, 9.377538
6.778245, 9.506026
6.791995, 9.595512
6.801355, 9.712036
6.816509, 9.821409
6.834890, 9.938700
6.842690, 10.056603
6.850515, 10.174881
6.856785, 10.301472
6.862650, 10.419867
6.868933, 10.546710
6.877326, 10.673718
6.883026, 10.791959
6.888733, 10.910352
6.889800, 11.020388
6.899440, 11.148376
6.900523, 11.274569
6.912121, 11.402823
6.927029, 11.520831
6.945064, 11.646840
6.963970, 11.764047
6.978626, 11.881398
6.996480, 11.990200
7.012814, 12.115679
7.031325, 12.241614
7.048563, 12.358888
7.062467, 12.468031
7.073217, 12.585803
7.074184, 12.711889
7.072982, 12.830273
7.065455, 12.948222
7.054753, 13.049497
7.059557, 13.124835
7.079909, 13.246049
7.103428, 13.348086
bf1a6edd-9113-4222-a346-87767c2ba24d
6.746682, 7.964186
6.643808, 8.017756
6.577495, 8.048914
6.505654, 8.089282
6.439223, 8.126613
6.371649, 8.168019
6.310136, 8.193425
6.213493, 8.244002
6.153678, 8.263911
6.079572, 8.291731
6.003061, 8.330064
5.943502, 8.343162
5.879430, 8.357235
5.790338, 8.379809
5.745095, 8.394344
5.680862, 8.424397
5.611937, 8.456625
5.544447, 8.484858
5.474246, 8.514209
5.419922, 8.540148
5.350253, 8.580030
5.281427, 8.628052
5.221785, 8.664194
5.167180, 8.692033
15f48cbf-e792-4885-8ee7-4b74118f48b8
6.877026, 8.237149
6.958250, 8.252336
7.024503, 8.271937
7.061641, 8.284075
7.125817, 8.305564
7.194509, 8.323517
7.278686, 8.371729
7.342533, 8.402781
7.383502, 8.427212
7.418625, 8.434547
7.500070, 8.459024
7.593743, 8.493802
7.651465, 8.520020
7.694028, 8.534422
d92669b7-df47-4a40-b7b7-d97b6991dda3
6.809800, 6.407468
6.910567, 6.427272
7.001411, 6.444118
7.086203, 6.464242
7.131695, 6.480609
7.169602, 6.495838
7.208874, 6.511615
7.267759, 6.532046
7.323749, 6.551472
7.374026, 6.573669
7.418523, 6.594949
7.464349, 6.616866
7.517816, 6.642437
7.569286, 6.668713
7.610504, 6.693115
7.661501, 6.723307
7.708402, 6.754553
7.759803, 6.787000
7.800694, 6.814581
7.843778, 6.838225
7.890521, 6.860463
7.944289, 6.881072
8.011398, 6.903587
8.071377, 6.920553
8.124707, 6.938749
8.178901, 6.958821
8.240498, 6.983231
8.303467, 7.008185
8.354676, 7.031698
8.412502, 7.054956
8.465537, 7.077901
8.527706, 7.104796
8.576222, 7.129047
8.621319, 7.156608
8.662605, 7.183595
8.703053, 7.211822
8.749229, 7.238571
8.803199, 7.262916
8.874640, 7.293500
8.933072, 7.313631
9.000819, 7.332222
9.069820, 7.348052
9.131178, 7.359059
9.189522, 7.369524
9.247856, 7.379988
9.309666, 7.388034
9.350389, 7.396354
9.404000, 7.405778
38ef6758-5cfd-4978-bc5f-945eed039185
6.731936, 6.518918
6.647745, 6.591300
6.613556, 6.631251
6.575695, 6.670382
6.545122, 6.697845
6.521841, 6.712720
6.479491, 6.738005
6.453266, 6.750176
6.394537, 6.769856
6.358291, 6.778843
6.319386, 6.785407
6.278867, 6.790724
6.231076, 6.793977
6.171946, 6.798003
6.111421, 6.803623
6.098775, 6.804797
5.913058, 6.836421
5.890589, 6.838328
5.853374, 6.842987
5.826873, 6.847811
5.796190, 6.857956
5.747026, 6.875785
5.697492, 6.896932
5.662871, 6.906829
5.615055, 6.918943
5.565810, 6.931418
5.510522, 6.942337
5.454732, 6.950302
5.392249, 6.963759
5.333163, 6.978015
5.267058, 6.998231
5.224592, 7.014348
5.185016, 7.029367
5.127872, 7.054256
5.071214, 7.083832
4.997490, 7.124654
4.953049, 7.149262
4.909290, 7.176914
4.856857, 7.218899
4.792471, 7.265143
4.758430, 7.287749
4.724002, 7.307019
4.686365, 7.324655
4.647555, 7.339535
4.607775, 7.351581
4.556073, 7.362546
4.531226, 7.367815
4.495772, 7.404587
4.473504, 7.443358
4.449410, 7.473611
4.438173, 7.445057
3d463827-1f95-4af5-ab45-f8a51376042c
6.721627, 6.197653
6.636456, 6.263922
6.591606, 6.308196
6.519793, 6.368543
6.468675, 6.404758
6.432908, 6.432715
6.397431, 6.470781
6.351498, 6.523137
6.274936, 6.598968
6.197581, 6.679297
6.109740, 6.749530
6.049419, 6.813925
5.968751, 6.863063
5.906767, 6.890514
5.858983, 6.925235
5.807694, 6.963201
5.766062, 6.986225
5.687033, 7.034739
5.588998, 7.084989
5.490134, 7.133286
5.382092, 7.181369
5.295931, 7.217412
5.203090, 7.258542
5.125682, 7.292834
5.040527, 7.330559
4.950036, 7.359145
4.852443, 7.387754
4.773174, 7.415315
4.698607, 7.452220
4.608550, 7.499152
4.516351, 7.542429
4.400086, 7.592365
4.312417, 7.625441
4.224318, 7.656431
4.131579, 7.698022
4.045521, 7.734312
3.969899, 7.770702
3.883731, 7.807499
3.803299, 7.853283
3.714998, 7.903545
3.635308, 7.951327
3.548175, 8.003571
3.470864, 8.054831
3.395957, 8.109544
3.303463, 8.169242
3.213244, 8.217401
3.129883, 8.259516
3.039202, 8.305328
2.938246, 8.349220
2.847819, 8.395453
2.761494, 8.449093
2.681071, 8.496589
2.611013, 8.542780
2.547393, 8.584727
2.501917, 8.619780
2.453572, 8.655155
05f9573a-46c0-4af8-a14c-cc9416569f47
6.713692, 6.113392
6.626812, 6.104909
6.538466, 6.088444
6.449143, 6.069658
6.324663, 6.074861
6.240579, 6.080453
6.154975, 6.081988
6.061306, 6.079460
5.968750, 6.083276
5.882118, 6.078544
5.789240, 6.075578
5.704612, 6.072876
5.611023, 6.063573
5.527423, 6.061517
5.442777, 6.059435
5.350590, 6.067687
5.267156, 6.070991
5.204543, 6.065050
5.111715, 6.049903
5.028240, 6.038385
4.944782, 6.033149
4.860279, 6.027848
4.767740, 6.030471
4.680683, 6.057806
4.590132, 6.081833
4.498595, 6.101776
4.407612, 6.121600
4.316630, 6.141427
4.228365, 6.169276
4.142999, 6.205038
4.060896, 6.234876
cfd03af1-7664-4dc4-b393-8e7c7a6a3f49
6.753572, 5.931869
6.674398, 5.868618
6.590780, 5.848359
6.487525, 5.834559
6.419533, 5.832187
6.369946, 5.847079
6.230282, 5.868433
6.144387, 5.875272
6.058226, 5.875892
5.930614, 5.884071
5.830926, 5.907416
5.752102, 5.912836
5.658805, 5.917142
5.556962, 5.917608
5.464326, 5.922238
5.370626, 5.922710
5.278482, 5.931588
5.186657, 5.944661
5.075987, 5.945457
4.992641, 5.952278
4.908842, 5.961216
4.829965, 5.980059
4.748511, 6.001647
4.667613, 6.025232
4.585346, 6.047056
4.500689, 6.063077
4.401328, 6.084034
4.302946, 6.109108
4.213447, 6.134088
4.133833, 6.160615
4.063438, 6.180913
3.982037, 6.216848
3.920431, 6.239137
3.865404, 6.254270
3.730529, 6.328316
3.612232, 6.371705
3.492476, 6.449016
3.408331, 6.505856
3.332257, 6.547059
3.264238, 6.576681
3.167425, 6.609613
3.081960, 6.645352
2.987332, 6.682630
2.895343, 6.725688
2.821183, 6.764980
2.744339, 6.812837
2.676841, 6.862202
2.611630, 6.915033
2.509966, 6.987364
