main root
6.909100, 4.692948
6.859283, 5.016946
6.843572, 5.132759
6.751154, 5.321562
6.699042, 5.428024
6.648775, 5.525901
6.608115, 5.618963
6.565469, 5.711290
6.528723, 5.805976
6.502263, 5.885624
6.474969, 5.974451
6.447995, 6.055178
6.419061, 6.135224
6.388187, 6.214539
6.367905, 6.295227
6.345151, 6.377240
6.320406, 6.458674
6.294962, 6.556963
6.273717, 6.647420
6.250487, 6.746335
6.231294, 6.837255
6.212395, 6.937025
6.187207, 7.035903
6.168333, 7.135701
6.152599, 7.218895
6.145846, 7.311198
6.136937, 7.404163
6.129356, 7.505426
6.128907, 7.596429
6.139140, 7.665938
6.160181, 7.765301
6.181602, 7.846436
6.193735, 7.915847
6.195918, 7.963106
6.228315, 7.991395
6.281638, 8.111567
6.320945, 8.205367
6.341896, 8.277254
6.350342, 8.351612
6.360658, 8.461164
6.374746, 8.543265
6.393413, 8.602024
6.438941, 8.703401
6.453156, 8.765861
6.469827, 8.858070
6.490455, 8.912698
6.528296, 9.006925
6.547261, 9.076409
6.557321, 9.152653
6.564355, 9.254452
6.565042, 9.356476
6.563541, 9.441581
6.557887, 9.527004
6.550879, 9.601022
6.548675, 9.662004
6.531257, 9.870426
6.522934, 9.898729
6.486902, 9.991329
6.446987, 10.093903
6.405119, 10.195660
6.370432, 10.291083
6.330861, 10.393749
6.294320, 10.488553
6.264921, 10.576525
6.231262, 10.663974
6.185862, 10.764251
6.143959, 10.856809
6.117691, 10.940481
6.089301, 11.037975
6.062430, 11.107556
6.015821, 11.198889
5.983455, 11.275999
5.962212, 11.337326
5.939269, 11.398927
5.889663, 11.634560
5.880074, 11.669199
5.872509, 11.710537
5.866130, 11.732905
5.856188, 11.770483
5.846968, 11.808247
5.838475, 11.846179
5.828442, 11.880691
5.820347, 11.921928
5.809283, 11.951084
5.799663, 11.995408
5.790266, 12.013995
5.776038, 12.057060
5.762651, 12.090416
5.748868, 12.126763
5.734046, 12.159506
5.718697, 12.195218
5.704036, 12.231220
5.690069, 12.267497
5.675083, 12.300166
5.661028, 12.339769
5.645806, 12.366987
5.629789, 12.409421
5.617768, 12.426430
5.597378, 12.466944
5.579243, 12.497974
5.562424, 12.540093
5.548703, 12.576462
5.537425, 12.616943
5.523550, 12.647209
5.512453, 12.694755
5.487217, 12.708217
5.432068, 12.818641
5.395376, 12.901525
5.378603, 12.960196
5.361355, 13.051146
5.346763, 13.128092
5.345244, 13.188332
ebad81fd-7d0f-4df2-8384-b739b9cf1cfb
6.546911, 9.029194
6.579764, 9.017447
b6c46a27-01e5-4295-8f6d-9822bb82d92a
6.354219, 8.589591
6.398354, 8.544481
62c9c044-fb03-4168-9f40-d3d659223cc1
6.233563, 7.921536
6.153097, 8.088546
6.134929, 8.126254
6.115363, 8.159966
6.087242, 8.217365
6.061852, 8.272593
6.040047, 8.312854
6.013038, 8.353298
386664e4-b729-4291-bcdf-1c309254720f
6.800852, 5.134945
6.810872, 5.278207
