main root
6.428586, 5.078600
6.367659, 5.305527
6.335834, 5.413032
6.324598, 5.583334
6.311596, 5.610794
6.294489, 5.916492
6.282284, 6.017500
6.283757, 6.106004
6.281700, 6.156073
6.271023, 6.199712
6.259720, 6.284137
6.249776, 6.359195
6.239937, 6.434266
6.232780, 6.512708
6.223296, 6.584864
6.210955, 6.656587
6.203104, 6.738136
6.190566, 6.806978
6.184329, 6.891930
6.173356, 6.961039
6.164073, 7.039257
6.157874, 7.117781
6.141026, 7.180389
6.136241, 7.279208
6.126993, 7.348568
6.117090, 7.423631
6.112443, 7.505426
6.116709, 7.590500
6.114325, 7.660433
6.123411, 7.748482
6.121431, 7.815775
6.130926, 7.903781
6.139153, 7.979047
6.153082, 8.022862
6.163742, 8.127791
6.171498, 8.203105
6.170464, 8.250494
6.165991, 8.323133
6.169855, 8.408227
6.170267, 8.481002
6.176820, 8.562666
6.159505, 8.607596
6.223922, 8.964645
6.244416, 9.044146
6.246556, 9.109804
6.246004, 9.182755
6.254409, 9.267691
6.234407, 9.353151
6.248034, 9.388389
6.259601, 9.497474
6.275867, 9.598516
6.288828, 9.692278
6.300421, 9.776144
6.310810, 9.880097
6.330419, 9.970549
6.346100, 10.072754
6.355271, 10.174376
6.362882, 10.258705
6.366480, 10.331880
6.376494, 10.413667
6.391263, 10.472711
9a788bdb-4d67-43f6-a6d2-d71307c88030
6.339157, 5.244085
6.225988, 5.280209
6.205722, 5.293092
6.154574, 5.330927
6.066964, 5.349660
5.969847, 5.397057
5.933232, 5.411587
5.907950, 5.424830
5.882927, 5.444684
5.849322, 5.475169
5.818110, 5.501462
5.800232, 5.524118
5.784489, 5.543983
5.769790, 5.647524
6c42fda8-0585-4592-a4f9-bee4fda80977
6.337300, 5.363633
6.282268, 5.420001
6.266825, 5.423132
6.241938, 5.428170
6.198698, 5.458303
6.135596, 5.486378
6.097687, 5.501607
6.063466, 5.516966
6.015003, 5.541793
e6e88139-ae95-48a8-9fce-91ce54fd3035
6.349674, 5.953958
6.403311, 6.009849
6.440615, 6.053145
6.460686, 6.074148
6.474002, 6.092415
