main root
6.465970, 4.884076
6.571992, 5.073875
6.566222, 5.282495
6.540120, 5.440999
6.511459, 5.614431
6.475905, 5.821134
6.466753, 5.935851
6.484943, 6.060886
6.487766, 6.181114
6.461003, 6.342334
6.451018, 6.517377
6.437039, 6.577211
6.423265, 6.645289
6.417298, 6.682321
6.434681, 6.947525
6.423093, 7.054347
6.414320, 7.093589
6.400674, 7.161479
6.396147, 7.201285
6.410150, 7.240260
db1ae85f-98c0-4484-9a77-457d4338c760
6.640401, 5.118786
6.691583, 5.157186
6.761339, 5.206264
6.803413, 5.230846
6.865483, 5.253242
6.969434, 5.298045
7.036046, 5.321448
7.092665, 5.345692
7.159332, 5.368938
7.219823, 5.391207
7.275611, 5.430440
7.325069, 5.468881
7.373782, 5.518742
a401cac9-ca56-466c-a2fa-588cc520a559
6.620249, 5.392786
6.670567, 5.426203
6.770371, 5.494510
6.820205, 5.530154
be0fd381-a6d3-46ff-8e96-6c4550eca49b
6.567309, 5.075580
6.716989, 5.094727
6.802099, 5.090474
6.855211, 5.097281
6.902304, 5.109136
6d2d1d48-a251-462f-a65e-a0d1a8ac2982
6.531755, 5.559418
6.443299, 5.575885
05091170-49bb-471a-b678-ea1512e3d215
6.504711, 6.254386
6.420185, 6.270376
