main root
6.501624, 5.117440
6.447424, 5.387721
6.436387, 5.534987
6.449372, 5.658288
6.469205, 5.808135
6.502689, 5.981419
6.492083, 6.157324
6.470519, 6.239514
6.429725, 6.330231
6.349144, 6.474453
6.317160, 6.563089
6.282249, 6.718984
6.258615, 6.858198
6.247547, 6.986120
6.239830, 7.119581
6.250226, 7.246753
6.252867, 7.367995
6.253217, 7.481114
6.245072, 7.583048
6.244662, 7.663341
6.242727, 7.720006
ebb76281-14ac-4242-b280-9a0916b9651d
6.339093, 5.476853
6.243930, 5.528279
6.208826, 5.574139
6.183710, 5.606639
6.166851, 5.628146
6.152166, 5.656275
6.133704, 5.694873
6.115195, 5.730102
6.090939, 5.773050
6.072677, 5.802343
ffa52802-67cc-42a4-bd38-831805d172ad
6.472742, 5.470425
6.592215, 5.536502
6.642218, 5.573321
6.672267, 5.606605
6.711453, 5.609328
6.754801, 5.631769
09fdb8d2-5bb5-43df-9e54-ba9eda914daa
6.490382, 5.484852
6.528510, 5.556743
6.559489, 5.619646
6.572436, 5.664709
6.592407, 5.728799
6.601911, 5.779427
