main root
6.356835, 4.449166
6.329503, 4.745653
6.321071, 4.903990
6.321203, 5.064115
6.311071, 5.211784
6.292972, 5.336612
6.275269, 5.472117
6.255774, 5.588764
6.235551, 5.696925
6.227347, 5.798355
6.214927, 5.899440
6.209919, 5.991939
6.203248, 6.076790
6.196612, 6.161194
6.195659, 6.253823
6.190632, 6.339287
6.181938, 6.410610
6.171754, 6.511639
6.162283, 6.575755
6.148599, 6.637667
6.130327, 6.720332
6.111604, 6.791171
6.088937, 6.859356
6.058921, 6.956358
6.035936, 7.015451
6.015642, 7.088267
5.993116, 7.124492
5.956867, 7.179955
5.922270, 7.241096
5.899815, 7.277745
5.876761, 7.484743
5.860011, 7.540493
5.870783, 7.566808
5.856153, 7.715525
5.839868, 7.816255
5.821552, 7.916289
5.799066, 8.015618
5.772191, 8.105749
5.745210, 8.203642
5.718214, 8.301584
5.695557, 8.391704
5.679142, 8.474008
5.671289, 8.559300
5.658889, 8.628672
5.651975, 8.697889
5.638748, 8.866804
5.643086, 8.945595
5.605561, 9.012469
5.610106, 9.146183
5.606026, 9.265379
5.608611, 9.375445
5.617734, 9.494309
5.614711, 9.589715
5.599342, 9.675034
5.570021, 9.766194
5.529301, 9.865365
5.487314, 9.950912
5.434816, 10.038668
5.399094, 10.093935
5.407275, 10.129214
5.403206, 10.186214
5.412724, 10.353490
5.440820, 10.437802
5.453569, 10.534455
5.457094, 10.625925
5.452004, 10.711894
5.432064, 10.800002
5.409940, 10.916879
5.390507, 11.008229
5.368388, 11.072341
5.324630, 11.180022
df0b0b92-8d86-43f0-aa53-1989fd4573f7
6.355503, 4.955056
6.438451, 4.978843
6.488959, 5.024773
6.600230, 5.071497
6.650995, 5.087944
6.782313, 5.112217
6.872070, 5.128809
6.964258, 5.137294
7.056994, 5.145829
7.122628, 5.159384
7.174455, 5.167970
7.216957, 5.185132
