main root
7.229587, 5.183136
7.274807, 5.528324
7.314298, 5.726920
7.326245, 5.944423
7.252317, 6.156675
7.187097, 6.319457
7.114781, 6.483079
7.085810, 6.599934
7.043791, 6.808523
7.019366, 7.032062
6.989054, 7.256095
6.947241, 7.473884
6.941081, 7.605150
6.936147, 7.646419
6.949712, 7.711967
d7f1cf8b-f4b1-44f7-99a1-9e1d7885ca46
7.245763, 5.306947
7.339979, 5.308963
7.400173, 5.307257
7.445173, 5.315970
7.484288, 5.335890
d144f4ce-d3e6-46ce-84fd-ecda9a635a24
7.282684, 5.688030
7.427360, 5.749447
7.473370, 5.782405
d28b3371-741f-4ec5-a822-3093650630e0
7.287799, 5.514824
7.466057, 5.593217
7.487565, 5.606821
