main root
7.010585, 4.295680
6.970146, 4.591410
6.966955, 4.751434
6.952981, 4.965648
6.942074, 5.165329
6.928315, 5.360260
6.922961, 5.523973
6.921093, 5.709801
6.921400, 5.887281
6.919227, 6.029459
6.928965, 6.171951
6.942266, 6.324806
6.959861, 6.454492
6.968550, 6.597096
6.984422, 6.726815
7.005410, 6.830863
7.024243, 6.924232
7.033031, 6.967804
7.052159, 7.002073
7.072712, 7.055465
7.150646, 7.227145
7.174710, 7.280445
7.193322, 7.314677
7.225210, 7.367311
7.255410, 7.417389
7.289619, 7.468545
7.326181, 7.518048
7.339898, 7.562011
7.383700, 7.599039
7.441245, 7.690033
7.501195, 7.796406
7.542670, 7.927898
7.551887, 7.985245
7.562252, 8.076242
7.563271, 8.124866
7.560944, 8.186645
da4219d8-befe-453f-b5e6-eb024cb56a14
7.022028, 4.330557
7.113566, 4.433786
7.154267, 4.488709
7.202563, 4.548852
7.225298, 4.592101
