main root
7.021007, 4.517283
6.955631, 4.805324
6.927602, 4.938238
6.867275, 5.062602
6.846748, 5.147947
6.831227, 5.265689
6.818722, 5.392679
6.814236, 5.503006
6.812886, 5.587267
6.809449, 5.672311
6.795584, 5.758601
6.788497, 5.841922
6.789731, 5.925302
6.791109, 6.018423
6.798785, 6.110740
6.811896, 6.193329
6.825172, 6.276955
6.839775, 6.368938
6.848256, 6.462611
6.863717, 6.562993
6.872635, 6.648145
6.878201, 6.741676
6.877978, 6.813524
6.877665, 6.915117
6.874445, 6.988310
6.871096, 7.064434
6.858019, 7.123288
6.846003, 7.206056
6.827497, 7.290212
6.812950, 7.356369
6.797262, 7.420744
6.771132, 7.519032
6.749483, 7.577163
6.723205, 7.634856
6.696746, 7.696550
6.684823, 7.743337
6.637835, 7.886186
6.612779, 7.952781
6.597641, 8.010022
6.595911, 8.051696
6.595616, 8.130950
6.595334, 8.207153
6.595053, 8.283358
6.600776, 8.354984
6.610068, 8.433691
6.619001, 8.509369
6.614564, 8.561151
6.610118, 8.662592
6.603922, 8.735593
6.603250, 8.778900
6.611003, 8.857860
6.620669, 8.910337
6.659283, 9.192433
6.669619, 9.267928
6.671204, 9.323626
6.670296, 9.396885
6.663439, 9.467015
6.653338, 9.539580
6.640280, 9.611673
6.622253, 9.677615
6.602162, 9.751117
6.579972, 9.820938
6.558840, 9.897314
6.536434, 9.967069
6.513131, 10.039615
6.489828, 10.112160
6.464590, 10.180939
6.440123, 10.256316
6.414675, 10.325019
6.391743, 10.404166
6.374624, 10.484770
6.351875, 10.548654
6.325207, 10.614618
6.312447, 10.681582
ae1959dd-bd3f-496e-af81-9ff72aeb3215
7.017664, 4.667750
7.128756, 4.723735
7.270454, 4.778401
7.370881, 4.821723
7.407546, 4.832557
7.430152, 4.840707
7.459749, 4.852878
7.488780, 4.866342
7.517190, 4.881073
7.548959, 4.895762
7.572063, 4.907999
7.594509, 4.919887
