main root
6.379703, 4.794818
6.317910, 5.051612
6.292970, 5.207742
6.271449, 5.368283
6.280500, 5.485141
6.305974, 5.655993
6.311394, 5.813934
6.312560, 5.964450
6.306296, 6.125137
6.309131, 6.260483
6.325324, 6.375382
6.339865, 6.500574
6.344257, 6.574975
6.343448, 6.641074
6.398154, 6.742670
6.416364, 6.821333
6.444164, 6.893170
6.458867, 6.964160
6.475214, 7.053428
6.500737, 7.110601
6.518157, 7.181386
b4376ecc-7b52-4eaf-a237-9651b4a48d97
6.449386, 4.866509
6.543159, 4.905527
6.645384, 4.961101
6.708893, 4.976111
6.756271, 4.987309
5641603b-0934-4799-a3cd-db77e8603926
6.455494, 4.913504
6.477812, 5.009678
6.490205, 5.085161
6.500504, 5.129395
6.504112, 5.158082
6.510628, 5.185881
7b13a157-e912-4296-bc34-9e2df71e4d3f
6.305819, 4.917696
6.254757, 4.907888
6.210123, 4.900410
6.168538, 4.893479
6.126945, 4.886586
6.105329, 4.879970
