main root
6.883209, 4.572429
6.930167, 4.813448
6.997664, 4.957250
7.047896, 5.114448
7.138155, 5.346913
7.162025, 5.520562
7.175551, 5.603740
7.180555, 5.681124
7.187615, 5.775247
7.183550, 5.821112
7.181660, 5.893304
7.180808, 5.967836
7.165291, 6.055296
7.135651, 6.257842
7.129450, 6.366827
7.112966, 6.586769
7.097566, 6.764251
7.104739, 6.949232
7.091492, 7.091470
7.084640, 7.253890
7.067222, 7.422804
7.041448, 7.550320
7.001256, 7.686401
6.960484, 7.824443
6.945865, 7.922603
6.929932, 8.057910
6.918873, 8.210732
6.907422, 8.339948
6.882068, 8.460578
6.857687, 8.576575
6.832987, 8.683806
6.804364, 8.798676
6.804547, 8.867743
6.800683, 8.994210
6.803076, 9.122146
6.795145, 9.256007
6.779454, 9.382112
6.754366, 9.498340
6.734536, 9.600730
6.718516, 9.716725
6.715240, 9.817557
6.719803, 9.936985
6.730355, 10.046899
6.735333, 10.164979
6.753015, 10.283893
6.775927, 10.409427
6.798729, 10.534357
6.816400, 10.642956
6.819718, 10.742174
6.821281, 10.852191
6.820610, 10.953893
6.826154, 11.072970
6.826660, 11.174813
6.837788, 11.285097
6.852181, 11.385602
6.867434, 11.477269
6.890330, 11.576212
6.903018, 11.677958
6.919770, 11.778097
6.942121, 11.886067
6.962350, 11.994220
6.989289, 12.092228
7.015008, 12.208966
7.047000, 12.314930
7.078226, 12.369164
6f190956-3de5-4ab5-ad67-81f963cefa79
7.099300, 4.914900
7.141073, 4.894294
7.211886, 4.883762
7.242436, 4.885271
7.303199, 4.886774
7.367207, 4.902183
07a85162-67fc-4437-8083-d5ecd2f51333
6.930512, 5.079965
6.876043, 5.086855
6.806262, 5.096022
6.774603, 5.095477
6.757989, 5.111468
6.686891, 5.127721
6.635680, 5.133286
6.575433, 5.141340
6.508292, 5.150314
6.456182, 5.161810
6.396030, 5.178145
6.361304, 5.187575
0a21dff5-d3a3-42e6-a506-54db66046eb2
6.816777, 4.703902
6.766339, 4.745194
6.737308, 4.774890
6.709145, 4.799411
6.697853, 4.827501
6.675674, 4.866619
6.647572, 4.922254
6.618868, 4.969120
6.598126, 5.017316
6.569001, 5.073629
6.548746, 5.126468
6.523693, 5.211002
6.510381, 5.255728
6.496893, 5.290548
6.500157, 5.316103
6.498353, 5.337413
4d0e1013-df88-4e72-a650-22c086a1ab2c
6.890839, 4.911914
6.810627, 4.936020
6.755247, 4.940108
6.715811, 4.940015
6.667495, 4.945885
6.651741, 4.947799
6.572578, 4.967721
6.529729, 4.975942
6.501042, 4.978248
c6f9405f-93e3-4b9f-963e-4e9b5307f057
6.757658, 4.573222
6.680807, 4.601922
6.599735, 4.629990
6.531438, 4.668031
6.496140, 4.683174
6.456247, 4.704373
6.419049, 4.724141
6.383091, 4.739860
6.340047, 4.763577
6.286369, 4.798280
6.231710, 4.831835
6.197929, 4.850817
6.129961, 4.870305
6.083184, 4.880603
6.024160, 4.895131
5.958385, 4.911320
5.902619, 4.931210
5.829038, 4.960634
5.759119, 4.986981
5.712456, 5.002965
5.663468, 5.021327
5.615901, 5.039157
5.562159, 5.056105
5.507593, 5.070174
5.449125, 5.086794
5.381914, 5.109012
5.296138, 5.144012
5.250740, 5.159304
5.199401, 5.171857
5.151149, 5.182115
5.102611, 5.190903
5.056240, 5.194735
5.005612, 5.198919
4.945178, 5.205416
4.876504, 5.214303
4.808037, 5.224673
4.738559, 5.238224
4.683933, 5.244303
4.633445, 5.249922
4.573221, 5.258131
4.508670, 5.263908
4.452354, 5.265943
4.393127, 5.268084
4.339666, 5.264025
4.275752, 5.263676
4.209526, 5.261816
4.161635, 5.267959
4.099456, 5.277442
4.062631, 5.284572
4.023749, 5.296673
3.954158, 5.326169
3.907819, 5.340932
3.864348, 5.350069
3.814632, 5.360519
3.774603, 5.364344
3.726731, 5.365913
3.668946, 5.366308
3.605675, 5.362251
3.556568, 5.357602
3.484242, 5.355266
3.418085, 5.351631
3.345722, 5.352152
3.277989, 5.352639
3.188969, 5.358724
d4d7ccfb-861f-4d3d-96b1-53ef140e4421
6.778657, 4.660830
6.717139, 4.689158
6.643916, 4.723272
6.592589, 4.747358
6.552084, 4.766101
6.506080, 4.788285
6.444375, 4.819704
6.385325, 4.846412
6.330579, 4.872816
6.268175, 4.906236
6.217155, 4.930165
6.161340, 4.961302
6.108427, 4.994247
6.043737, 5.034526
5.979052, 5.074801
5.943237, 5.090049
5.887125, 5.117191
5.835164, 5.139000
5.782117, 5.158019
5.728137, 5.174191
5.671362, 5.191201
5.613589, 5.210072
5.552365, 5.234795
5.484840, 5.264298
5.437518, 5.286607
5.390854, 5.310262
5.343569, 5.339265
5.300267, 5.365825
5.250736, 5.392694
5.198644, 5.420953
5.145945, 5.451243
5.087953, 5.488029
5.044993, 5.522368
4.986187, 5.577039
4.930299, 5.631041
4.881659, 5.673877
4.837448, 5.708824
4.790704, 5.747681
4.739203, 5.784654
4.683841, 5.826240
4.629684, 5.866923
4.569053, 5.910596
4.515131, 5.953126
4.472589, 5.994304
4.417801, 6.049420
4.370037, 6.093225
4.326448, 6.131169
4.275509, 6.173528
4.223238, 6.218941
4.172401, 6.259143
4.125913, 6.295906
4.066140, 6.343174
4.019405, 6.382041
3.973253, 6.426263
3.915599, 6.487252
3.874943, 6.532438
3.829525, 6.580679
3.787321, 6.621141
3.744674, 6.655806
3.692332, 6.696422
3.639612, 6.731648
3.582464, 6.773432
3.520624, 6.820502
3.453252, 6.871782
3.406379, 6.905579
3.358985, 6.936061
3.297845, 6.992835
3.254261, 7.037392
3.212867, 7.083991
3.173134, 7.121960
3.134780, 7.162750
3.097432, 7.198156
7d6be831-b28e-4be1-b9b1-b4c505f27e27
6.746585, 8.796535
6.716921, 8.803609
6.677955, 8.809827
6.642421, 8.815497
6.614853, 8.822928
6.571862, 8.837619
6.514964, 8.857185
30900b52-faab-48e6-9528-53a71372c7da
6.828067, 9.364123
6.879899, 9.389640
6.932727, 9.417515
6.966874, 9.430456
