main root
7.040188, 3.753354
7.013023, 3.863419
6.936090, 4.071212
6.901888, 4.161097
6.862200, 4.269870
6.821868, 4.372236
6.798599, 4.471686
6.760910, 4.567780
6.728953, 4.674331
6.710873, 4.778823
6.694181, 4.887690
6.687344, 4.987976
6.688718, 5.092249
6.698346, 5.184323
6.716123, 5.293297
6.737318, 5.410109
6.757523, 5.509624
6.773626, 5.610191
6.797322, 5.718029
6.817077, 5.817791
6.837428, 5.899205
6.855907, 5.973134
6.863499, 6.040530
6.867533, 6.103095
6.914021, 6.214867
6.943286, 6.285228
6.964724, 6.352359
6.989735, 6.420839
6.978030, 6.518095
6.942597, 6.614829
6.914606, 6.682543
6.882248, 6.745146
6.851112, 6.824943
6.831916, 6.915318
6.820695, 6.996960
6.815434, 7.079198
6.805652, 7.138324
6.793212, 7.213504
6.785700, 7.295570
6.767919, 7.358443
6.749916, 7.406346
6.747912, 7.484355
6.740653, 7.611243
6.729223, 7.720738
6.726016, 7.812427
6.737360, 7.929058
6.749976, 8.058768
6.749111, 8.137316
6.735577, 8.222341
6.716193, 8.330657
6.690861, 8.400347
6.647348, 8.501470
6.602368, 8.611341
6.566903, 8.725814
6.527895, 8.837464
6.489610, 8.940627
6.474455, 9.005718
6.509295, 9.193820
6.517864, 9.297514
6.484322, 9.433120
6.445975, 9.562079
6.427390, 9.646847
6.423751, 9.712822
6.424799, 9.808786
6.436319, 9.895058
6.451853, 9.995413
6.462820, 10.079817
6.479735, 10.161716
6.498805, 10.243798
6.513662, 10.298584
6.521275, 10.349530
dd135a04-1f58-4567-ab4a-eeadf5f3b589
6.726829, 4.510615
6.708037, 4.515804
6.659671, 4.522114
6.607616, 4.533862
6.577775, 4.539062
