main root
6.589123, 4.553057
6.390920, 4.863682
6.299746, 5.385024
6.256758, 5.558116
6.213749, 5.714287
6.167783, 5.858303
6.116575, 6.007541
6.073805, 6.138134
6.028172, 6.284082
5.996124, 6.412145
5.954619, 6.541515
5.915389, 6.656902
5.871782, 6.785160
5.831792, 6.921135
5.778209, 7.067619
5.725859, 7.210736
5.683233, 7.363051
5.648966, 7.523389
5.599531, 7.684003
5.549504, 7.826195
5.502896, 7.962174
5.470900, 8.062049
5.449279, 8.143135
5.424892, 8.351624
5.333918, 8.653664
5.299237, 8.776090
5.264946, 8.889396
5.236524, 9.005163
5.204247, 9.118937
5.178249, 9.226086
5.158423, 9.334714
5.137141, 9.451327
5.117379, 9.559611
5.093472, 9.667029
5.073667, 9.775501
5.062183, 9.885517
5.050757, 9.994983
5.037230, 10.104186
5.024740, 10.205022
5.011209, 10.314260
5.003993, 10.406739
4.992517, 10.499729
4.981112, 10.592156
4.969704, 10.684594
4.960413, 10.777055
4.951324, 10.846767
4.941704, 10.910995
4.882185, 11.157430
4.891804, 11.339023
4.895008, 11.527774
4.894594, 11.627960
4.887827, 11.729771
4.887436, 11.831339
4.884930, 11.933001
4.882426, 12.034563
4.882239, 12.127479
4.879920, 12.229156
4.877603, 12.330730
4.874849, 12.436351
4.876640, 12.529086
4.863948, 12.639033
4.858627, 12.740460
4.849405, 12.835514
4.831747, 12.907954
4.808984, 12.974543
4.783759, 13.022175
4.749136, 13.069577
4.700065, 13.111795
4.612973, 13.167193
4.529649, 13.225207
4.492488, 13.256207
4.447373, 13.283227
4.390644, 13.302493
4.300659, 13.328609
4.223007, 13.344576
4.157070, 13.353898
4.107969, 13.366884
4.034926, 13.345131
4.022399, 13.367879
3.933733, 13.395894
3.767100, 13.391667
3.639810, 13.390538
3.503984, 13.391420
3.368853, 13.390210
3.224747, 13.392172
3.111985, 13.387363
2.992776, 13.388613
2.874696, 13.383522
2.729316, 13.380690
8041e854-ab7e-4f64-8580-043e695b7076
6.326138, 4.896136
6.122664, 4.984657
6.039485, 5.025431
5.983761, 5.040964
5.903165, 5.065582
5.833416, 5.094712
5.773327, 5.114943
5.713964, 5.130191
5.656818, 5.162513
5.566004, 5.221604
5.355814, 5.311159
5.311036, 5.330218
5.253896, 5.368212
5.189694, 5.414476
5.127274, 5.463147
5.083765, 5.485684
5.003421, 5.532039
4.939614, 5.561940
4.905591, 5.581191
4.862089, 5.609243
4.811377, 5.652631
4.752821, 5.710608
4.698684, 5.762103
4.628096, 5.835083
4.575087, 5.887737
4.521019, 5.943553
4.479884, 5.989057
4.441345, 6.027223
4.338433, 6.127270
4.296073, 6.160097
4.270977, 6.179540
4.245346, 6.203179
4.201453, 6.251800
4.161753, 6.295773
4.121835, 6.335515
4.079859, 6.373076
4.035708, 6.412579
3.991792, 6.447854
3.945601, 6.484948
3.900328, 6.513622
3.850277, 6.545318
3.801153, 6.572879
3.749485, 6.601863
3.716958, 6.623539
3.681830, 6.654136
3.637157, 6.693044
3.592480, 6.731948
3.547801, 6.770848
3.503118, 6.809747
3.458433, 6.848643
3.413161, 6.895984
3.372214, 6.938797
3.331170, 6.977375
3.288000, 7.017945
3.244696, 7.062745
3.203520, 7.105337
3.169611, 7.136099
3.150284, 7.163735
91832c04-7980-44c1-8be3-1dc169b6afcb
6.385749, 5.102483
6.448693, 5.140043
6.495847, 5.163344
6.526542, 5.174703
6.564318, 5.190279
6.595630, 5.204809
6.620658, 5.214773
6.688667, 5.245100
6.713798, 5.256307
6.744903, 5.263624
6.788928, 5.266293
6.838048, 5.270770
6.890264, 5.274026
6.965615, 5.284136
7.007136, 5.295747
7.065864, 5.309062
7.090636, 5.314678
b65648df-7a54-4aac-bc7e-d7dffc5293cc
6.255830, 5.214821
6.172572, 5.186895
6.153747, 5.176749
6.135409, 5.181485
6.114041, 5.182367
6.075903, 5.188434
6.041214, 5.195468
6.004516, 5.207491
5.976159, 5.210481
5.952789, 5.208431
5.941692, 5.219525
5.919133, 5.226210
5.856448, 5.240100
5.829584, 5.246053
5.807059, 5.247978
5.735770, 5.297998
5.707045, 5.314496
5.681170, 5.324179
5.633593, 5.341983
5.592839, 5.355636
5.519210, 5.365313
5.461740, 5.371357
5.409889, 5.378315
5.364550, 5.385908
5.308305, 5.402915
5.256683, 5.423216
5.206873, 5.447630
5.160574, 5.471991
1e1e1d30-890e-4da0-b4c1-0aecfa9621da
6.332737, 5.030838
6.216453, 4.988864
6.152154, 4.991339
6.080473, 4.982397
5.888377, 5.010183
5.852463, 5.002855
5.811191, 4.994434
5.780126, 4.988057
5.751753, 4.985251
5.719970, 4.988085
5.672582, 4.998321
5.635996, 5.000098
5.585950, 5.007332
128560e3-e55e-43f0-bb0d-be63474cf19a
6.182236, 5.758401
6.079524, 5.747381
6.050194, 5.746036
6.035319, 5.739869
6.009900, 5.730951
5.908765, 5.717341
5.868490, 5.710411
5.838215, 5.700645
5.787987, 5.686017
5.739213, 5.671812
5.688761, 5.660236
5.644183, 5.654614
5.562429, 5.644674
88dd5e88-d2c3-4f4f-a908-5aa4a5a9debb
5.985537, 6.278256
5.926207, 6.298040
5.876594, 6.304438
5.737495, 6.328844
5.686706, 6.328636
5.629609, 6.328352
5.599137, 6.331141
5.562152, 6.340486
5.502849, 6.358504
5.445176, 6.380718
5.398755, 6.389298
43f34cec-f8bb-423e-a639-be509111eb27
5.998553, 6.413283
6.026466, 6.480274
6.032782, 6.496541
21c9e262-0290-4fa4-9787-2967e3d4c4e1
6.038702, 6.184591
5.973221, 6.188798
5.948557, 6.187384
5.920019, 6.182748
5.881668, 6.173486
5.850304, 6.162831
5.831340, 6.165342
5.808734, 6.165317
5.756366, 6.158297
5.729508, 6.156208
