main root
7.106954, 5.147118
7.060708, 5.322002
6.955937, 5.473798
6.885080, 5.590985
6.794473, 5.743560
6.760553, 5.824720
6.732771, 5.916722
6.716221, 6.008335
6.700638, 6.130130
6.696756, 6.243589
6.705320, 6.363505
6.708026, 6.489824
6.721324, 6.613800
6.736451, 6.735081
6.755293, 6.834884
6.777285, 6.951360
6.791437, 7.060531
6.808673, 7.160591
6.821073, 7.269967
6.830425, 7.371241
6.846065, 7.471591
6.855478, 7.573191
6.867340, 7.656270
6.876406, 7.749534
6.889559, 7.841355
6.902766, 7.933547
6.915973, 8.025743
6.933277, 8.116872
6.956717, 8.206496
6.972443, 8.291208
6.989858, 8.373660
7.003470, 8.458184
7.026436, 8.547860
7.041625, 8.641085
7.060677, 8.731864
7.069757, 8.826330
7.075281, 8.928027
7.083367, 9.037877
7.087545, 9.122893
7.090870, 9.190542
7.096179, 9.268077
7.099924, 9.353117
7.100598, 9.402441
7.100007, 9.468692
7.097919, 9.534905
7.089989, 9.596435
7.085000, 9.658564
7.078885, 9.716025
7.071717, 9.783379
7.068971, 9.865746
7.064986, 9.940365
7.065618, 10.012720
7.069230, 10.083421
7.076259, 10.162361
7.081395, 10.236911
7.086050, 10.304487
7.091286, 10.380501
7.093762, 10.438233
7.096665, 10.505899
7.104609, 10.586332
7.107995, 10.651060
7.112663, 10.711666
7.112231, 10.764517
7.108848, 10.812292
7.107435, 10.874608
7.106091, 10.933865
7.098946, 10.984879
7.092000, 11.045260
7.080312, 11.107575
7.070947, 11.157503
7.061215, 11.217505
7.046997, 11.277123
7.032994, 11.322933
7.016665, 11.381477
6.999507, 11.448557
6.981644, 11.512356
6.968310, 11.571078
6.955846, 11.632730
aedbcb69-865b-4e0d-ab3a-80918372ca55
7.073900, 5.482167
7.085476, 5.550468
7.122128, 5.609252
7.161406, 5.647266
7.190303, 5.675236
7.212787, 5.692832
7.250326, 5.718410
7.285311, 5.742248
7.320296, 5.766085
7.359441, 5.789134
7.388399, 5.807922
7.439692, 5.859553
7.469146, 5.895573
7.501304, 5.934899
7.542653, 5.973641
7.589962, 6.020021
7.630473, 6.055543
7.670812, 6.094896
7.711117, 6.136305
7.754124, 6.184783
7.791341, 6.228989
7.809681, 6.253096
7.827158, 6.273596
