main root
6.563172, 5.742021
6.409280, 5.974670
6.398727, 6.073287
6.337632, 6.561617
6.316521, 6.703138
6.300150, 6.844850
6.284446, 6.985398
6.268719, 7.126163
6.242109, 7.253984
6.338038, 7.714433
6.404542, 7.800632
6.459364, 7.854353
6.510466, 7.878017
6.595004, 7.881490
d2debe72-f0ad-4f73-9a80-703093bdba78
6.367295, 6.172706
6.171237, 6.471619
6.137757, 6.497853
6.052709, 6.550537
5.999536, 6.567616
5.953003, 6.632377
5.859828, 6.721708
5.804663, 6.782893
5.769338, 6.824308
841f3ead-0039-4a54-bd65-1218b7b5a270
6.576095, 5.766201
6.633979, 5.863267
6.677517, 5.899947
6.703708, 5.918761
6.755102, 5.928383
2211bd64-ddbb-491b-b051-2ed3ce01b3a1
6.425689, 6.109155
6.514494, 6.167608
6.570583, 6.182378
6.622513, 6.204925
6.657268, 6.223300
6.687785, 6.232686
6.734500, 6.277924
6.773305, 6.307128
6.789447, 6.322988
6.815340, 6.352585
6.843150, 6.384333
6.866898, 6.411402
fafbe168-68de-4d95-af31-48c736723c43
6.431769, 6.261142
6.474937, 6.286235
6.520831, 6.310626
6.597398, 6.344271
6.636119, 6.362921
6.670023, 6.391779
