main root
7.126641, 4.607550
7.118328, 4.721224
7.094854, 4.839987
7.066972, 5.007640
7.059267, 5.136468
7.034948, 5.322721
6.986351, 5.570410
6.947890, 5.751181
6.913208, 5.944656
6.893503, 6.097014
6.863024, 6.213592
6.818358, 6.340833
6.790141, 6.465461
6.779689, 6.619254
6.756661, 6.790504
6.792299, 7.024049
6.792952, 7.138230
6.794602, 7.291205
6.793807, 7.412697
6.799357, 7.531773
6.800646, 7.650032
6.801845, 7.760087
6.803043, 7.870145
6.785037, 7.970199
6.769796, 8.090585
6.756981, 8.208611
6.737948, 8.325257
6.718163, 8.458364
6.696612, 8.574650
6.670344, 8.681551
6.648172, 8.780646
6.641245, 8.850350
6.644427, 8.946721
6.645942, 9.056746
6.643113, 9.158553
6.634200, 9.252178
6.626175, 9.336463
6.621561, 9.384927
53b42895-1673-4f8a-af92-d781f2105113
7.195627, 4.625620
7.357901, 4.684156
7.411406, 4.697203
7.448626, 4.709472
7.476665, 4.717075
4435ca6e-8795-467f-bc6b-dd57f66f661a
7.191901, 4.714172
7.326352, 4.745849
7.382868, 4.762392
7.423762, 4.774099
7.458322, 4.784122
5cdda90e-bf03-466d-be8f-60bd6e2d0d93
7.190138, 4.815277
7.287255, 4.859171
7.398427, 4.930867
7.439340, 4.957253
2378611c-b723-4ac9-9812-14f39d64e19a
7.161445, 4.904327
7.237561, 4.939091
7.325650, 4.970803
7.384980, 5.016245
7.481956, 5.086167
7.562688, 5.131411
7.606273, 5.165346
7.644710, 5.203270
7.685645, 5.258225
7.733403, 5.329285
7.760321, 5.391960
7.801790, 5.493884
7.828374, 5.581669
7.848919, 5.671286
7.856351, 5.741567
7.857210, 5.829695
7.853915, 5.923332
7.856973, 6.015914
7.857708, 6.101028
7.858439, 6.185695
7.852941, 6.279590
7.847990, 6.364116
7.842546, 6.457087
7.839215, 6.549943
7.829223, 6.651481
7.823498, 6.752852
7.820360, 6.845724
7.819588, 6.929982
7.818812, 7.014648
7.822170, 7.107346
7.823449, 7.200733
7.824607, 7.285387
7.825651, 7.361582
7.824916, 7.417251
7.821674, 7.468653
2fc81c9c-8c6c-49c0-9282-59393a787b4f
7.155073, 5.112024
7.229675, 5.193192
7.317701, 5.225569
7.369959, 5.283067
7.399528, 5.319741
7.426067, 5.352657
7.456816, 5.386024
7.491314, 5.427878
7.515373, 5.461772
7.541828, 5.504215
7.566996, 5.553080
7.580642, 5.576305
7.595557, 5.598737
7.617918, 5.609659
7.650051, 5.628685
7.699395, 5.670740
9310c1f7-59f2-4584-87fc-60ba1904fbcd
7.147963, 5.165246
7.248464, 5.200625
7.313661, 5.222811
17c5db96-3f10-46b8-b39c-29343d6e5eef
6.927702, 6.159191
6.963833, 6.239934
6.974734, 6.312322
