main root
7.007771, 4.409120
6.981768, 4.603994
6.927455, 4.821984
6.893307, 4.971424
6.883674, 5.046212
6.883827, 5.146448
6.875525, 5.246943
6.871780, 5.387935
6.867423, 5.522745
6.863492, 5.644373
6.857824, 5.754261
6.854706, 5.855756
6.851067, 5.974231
6.847688, 6.084237
6.846421, 6.194376
6.849484, 6.295865
6.850199, 6.389252
6.855205, 6.490652
6.860632, 6.600588
6.869402, 6.692932
6.884424, 6.784346
6.896749, 6.885444
6.903902, 6.978874
6.915168, 7.070937
6.920304, 7.164847
6.931070, 7.247775
6.939969, 7.332420
6.950590, 7.433462
6.951801, 7.537279
6.959190, 7.629626
6.963089, 7.731401
6.954604, 7.841538
6.950362, 7.951709
6.936223, 8.045555
6.921086, 8.146021
6.890100, 8.252265
6.857544, 8.373356
6.818169, 8.487346
6.780501, 8.609260
6.743006, 8.730609
6.709368, 8.853704
6.676302, 8.958651
6.645822, 9.083331
6.524335, 9.534316
6.467122, 9.834033
6.399389, 10.099322
6.228130, 10.462823
6.134641, 10.844110
cb22c6ea-c23c-43fa-abce-6baffafdfb00
6.985387, 4.597602
7.102107, 4.644431
7.161085, 4.629108
7.248503, 4.640858
7.426920, 4.713682
d034e40f-d825-4ec9-a8ff-8996e547dd05
6.946135, 4.396271
6.850597, 4.412635
6.795945, 4.390435
6.714480, 4.323748
6.676869, 4.243288
6.588861, 4.204088
6.425688, 4.175753
dd7dd066-d6f4-4e18-ae81-e08c4aa83b85
6.996738, 4.851510
7.055868, 4.861983
7.116851, 4.886599
7.162078, 4.908989
7.201021, 4.926403
7.260916, 4.950197
7.311634, 4.976219
440b7453-c0c7-4c29-8e20-3c0c7e6bc7d8
6.921500, 5.118100
6.987323, 5.153703
7.009125, 5.181097
7.028183, 5.202849
7.048519, 5.222757
7.075016, 5.240437
7.113989, 5.262840
7.136010, 5.275499
7.151900, 5.289813
87474311-486d-40a4-8d65-94e4c61c5765
6.887123, 4.605835
6.791325, 4.583641
6.721475, 4.554009
6.673408, 4.514918
6.608280, 4.489197
6.515706, 4.490513
6.423602, 4.475985
55a3f50a-a0cb-458e-a11a-ac0a673b267f
6.912610, 4.768474
6.770393, 4.672985
6.628051, 4.609486
6.454519, 4.599464
c3b4b525-eb9d-4e9d-8039-d503b56e4728
6.846834, 4.826288
6.713616, 4.869891
6.652278, 4.885156
6.576594, 4.906599
6.536909, 4.913086
6.509250, 4.936733
