main root
6.917249, 4.872954
6.863029, 5.101136
6.819619, 5.239492
6.733302, 5.376485
6.693852, 5.444884
6.697845, 5.640942
6.668117, 5.823053
6.597936, 5.971840
6.463289, 6.130399
6.413612, 6.193991
6.334047, 6.265741
6.259405, 6.417853
6.239835, 6.496150
6.203026, 6.634869
6.160554, 6.743401
6.108300, 6.871477
6.087673, 6.933013
6.062186, 6.993318
96eb5771-da1b-4390-9f9f-77f0c4ab546a
6.839232, 5.017054
6.784199, 5.001658
6.651124, 4.981814
6.498240, 4.951556
6.470716, 4.941468
6.454834, 4.945023
6.407634, 4.939448
6.350436, 4.931185
6.303550, 4.921387
6.263884, 4.911569
6.226418, 4.899211
6.180545, 4.888809
6.141052, 4.878318
6.090126, 4.866340
6.037077, 4.856937
5.978723, 4.846594
5.915156, 4.839888
5.870952, 4.835224
5.824019, 4.825763
157773f5-a933-421b-b120-6f72e83efeee
6.807803, 5.147447
6.711562, 5.138253
6.642782, 5.144535
6.584365, 5.146860
6.530985, 5.154634
6.429694, 5.194215
6.389992, 5.206516
2cae6ff8-6ca6-404b-9443-1487fefca799
6.807638, 5.027839
6.697812, 5.064899
6.632925, 5.080138
6.581387, 5.091113
02804301-2c10-4c1a-9d98-16ff700e990e
6.740556, 5.249878
6.628830, 5.252100
6.465237, 5.231505
6.425381, 5.224978
6.337395, 5.215167
6.112376, 5.187731
6.075150, 5.189053
6.043420, 5.190179
6.018036, 5.191081
0c47963c-dd3f-4033-ab8f-a2fc48ebd031
6.745037, 5.202916
6.647178, 5.248845
6.514223, 5.301835
6.476787, 5.313492
6.452560, 5.320997
6.423785, 5.357943
6.350894, 5.415417
6.317166, 5.445826
6.287515, 5.468532
6.253915, 5.494265
6.220873, 5.515804
6.186294, 5.534771
6.150376, 5.551056
6.128734, 5.557578
6.117244, 5.577023
6.066397, 5.613007
6.044616, 5.633802
6.026100, 5.657551
5.999013, 5.694569
5.981216, 5.726332
5.957192, 5.772068
5.934454, 5.818572
5.911010, 5.859706
5.881663, 5.911196
5.851197, 5.958605
5.821201, 6.010819
5.792358, 6.056915
88f71f55-fdc2-42dc-b454-995b3a38d413
6.629751, 5.522704
6.567117, 5.545182
6.547294, 5.555602
6.501701, 5.581258
6.456861, 5.608209
6.419276, 5.629053
6.396480, 5.643406
6.351151, 5.680792
6.317061, 5.706968
6.252564, 5.735938
6.215127, 5.754395
6.185968, 5.770436
6.163125, 5.784712
