main root
6.475309, 4.885066
6.511539, 5.181110
6.504602, 5.313551
6.511787, 5.450900
6.511683, 5.591157
6.509489, 5.696094
6.503131, 5.797745
6.490976, 5.891012
6.467308, 5.990781
6.460464, 6.092932
6.449900, 6.219233
6.441948, 6.341811
6.433178, 6.476993
6.421953, 6.648908
6.411563, 6.830751
6.408442, 6.993741
6.396443, 7.180762
6.383418, 7.350919
6.362693, 7.493914
6.356891, 7.562669
6.321350, 7.804318
6.282604, 7.963038
6.269458, 8.010576
6.256403, 8.174255
6.253879, 8.287049
6.251923, 8.382166
6.247980, 8.478131
6.247050, 8.552003
6.261507, 8.829023
6.267966, 8.913037
6.276487, 8.996868
6.283027, 9.081726
6.287496, 9.166718
6.293988, 9.250730
6.306614, 9.333392
6.329327, 9.413420
6.330188, 9.462026
6.333299, 9.518894
a82f491a-5a1e-4a1d-a2f2-c5ecef5deedf
6.536563, 5.435652
6.635293, 5.551959
6.685976, 5.611665
6.712003, 5.642324
6.732660, 5.662033
6.769276, 5.686622
6.875553, 5.763618
6.921701, 5.817183
6.946414, 5.855039
6.987095, 5.906404
7.009962, 5.937687
7.039509, 6.004200
7.052230, 6.047583
7.064879, 6.080081
7.085278, 6.120114
7.113420, 6.165453
7.151974, 6.219054
7.195701, 6.274720
7.220544, 6.306346
8ac65d9f-962c-4a78-be88-4cbc940a2630
6.431605, 5.183670
6.322191, 5.223587
6.221499, 5.261543
6.138379, 5.294937
5.992673, 5.333208
5.933767, 5.340732
5.896956, 5.346736
5.838655, 5.359916
5.808384, 5.374220
5.767126, 5.405079
5.724750, 5.436773
5.684442, 5.450351
400b57fa-5c9b-41b9-9a64-e9a57661b2c1
6.521419, 5.348763
6.127020, 5.272329
6.095721, 5.265486
6.070754, 5.258382
6.055683, 5.262363
6.011562, 5.259060
5.932666, 5.243829
5.911234, 5.236641
5.893437, 5.245337
5.828640, 5.258870
5.791592, 5.263549
5.758487, 5.264714
5.720508, 5.261556
5.666651, 5.260081
5.605865, 5.259915
5.523661, 5.265678
5.483600, 5.272988
5.442832, 5.281949
352fa3b1-10e7-4224-a702-c26423d22599
6.434111, 5.205679
6.220879, 5.418204
6.189164, 5.458891
6.158632, 5.500278
6.129208, 5.542460
6.101689, 5.589760
6.084100, 5.611064
6.057890, 5.635755
6.021039, 5.666359
5.990100, 5.692053
5.902539, 5.836896
5.876321, 5.876948
5.849548, 5.920178
5.823870, 5.964066
5.798229, 6.004490
5.785944, 6.031832
5.773572, 6.062480
5.765633, 6.093555
5.756661, 6.145918
5.749336, 6.196237
5.743275, 6.246723
5.735868, 6.294016
5.726770, 6.341013
5.715992, 6.387653
5.705650, 6.424779
5.699875, 6.451090
f9831561-3cf4-434f-9a9d-29abc6a6fe26
6.456442, 5.778099
6.433477, 5.777982
6.395941, 5.779208
6.292584, 5.775812
6.268760, 5.773515
6.259106, 5.781868
6.236103, 5.785005
6.204291, 5.784810
6.153492, 5.784499
6.114172, 5.781266
6.070368, 5.779165
6.028084, 5.777137
5.973662, 5.776026
5.932123, 5.757922
ed4919ad-05d3-497a-b8ba-ad7dac1fa166
6.382069, 7.148406
6.305916, 7.148758
6e2117a9-51bc-4b74-9aad-cfd2ab81a47d
6.455085, 5.475790
6.408678, 5.507955
6.317589, 5.546064
6.271794, 5.557441
