main root
7.058530, 4.115125
7.075754, 4.383238
7.071066, 4.556273
7.065185, 4.716496
7.067740, 4.859046
7.059588, 5.019186
7.044295, 5.155900
7.030037, 5.309896
7.012712, 5.445096
6.993126, 5.582759
6.994864, 5.709606
6.994900, 5.857389
6.998186, 6.001484
7.002877, 6.114473
7.005248, 6.171574
6.960170, 6.324401
6.903049, 6.533287
6.889280, 6.663583
6.828865, 6.809680
6.798775, 6.951251
6.766185, 7.069011
6.722704, 7.258880
6.685831, 7.363016
6.672674, 7.450892
6.662629, 7.560856
6.635797, 7.668490
6.612965, 7.794800
6.580403, 7.917096
6.542103, 8.019494
6.503952, 8.127523
6.466078, 8.222068
6.438574, 8.294747
6.413346, 8.369873
6.392388, 8.447001
6.340807, 8.631249
6.322204, 8.713083
6.286101, 8.834010
6.249770, 8.955707
6.213440, 9.077395
6.167437, 9.194794
6.135605, 9.310723
6.090257, 9.428306
6.060420, 9.535070
6.033074, 9.632920
6.010097, 9.722952
5.989160, 9.804995
5.970318, 9.878824
5.952556, 9.954474
5.932861, 10.047610
5.919325, 10.089917
5518d485-b544-4ac5-8482-72ddf07b1c7f
6.981785, 4.393891
6.921026, 4.438604
6.895517, 4.463434
6.859482, 4.500734
6.821087, 4.525119
6.658159, 4.622603
6.631396, 4.636986
6.605218, 4.646070
6.557750, 4.662540
6.430880, 4.696548
6.415150, 4.717508
6.340762, 4.764737
6.292761, 4.783541
6.141153, 4.917689
6.102460, 4.961918
6.062481, 4.960947
5.965434, 5.004037
5.863405, 5.105804
5.807304, 5.217632
5.788604, 5.251570
da48df50-ad67-4eb2-97dd-3b4b3de3ad44
6.998070, 4.665129
6.968857, 4.674335
6.936566, 4.694183
6.887608, 4.719006
6.841727, 4.738911
6.795515, 4.754066
6.680844, 4.810870
6.646147, 4.824750
6.594736, 4.842123
6.545316, 4.847764
6.490132, 4.857046
6.431874, 4.866816
6.385604, 4.877580
6.346105, 4.892887
6.289304, 4.918077
6.235293, 4.941998
6.154954, 4.987449
5.988777, 5.030700
5.774252, 5.144227
5.595572, 5.212150
5.549440, 5.238737
5.467493, 5.283536
5.407465, 5.318059
5.348748, 5.351827
5.302325, 5.380252
5.260389, 5.406867
cfac69a6-75cb-4eb4-bf9f-63c820524f07
7.169706, 4.482372
7.196669, 4.491566
7.289959, 4.534579
7.324749, 4.545676
7.400458, 4.559259
7.452542, 4.568606
7.565420, 4.559082
3f50acac-8810-4a18-8153-6ec8c4fd0fb0
7.124401, 5.029189
7.184077, 5.050787
7.259320, 5.086750
7.326162, 5.118696
7.374422, 5.131809
7.445501, 5.148020
7.511430, 5.150774
7.576546, 5.157989
7.669890, 5.177717
7.716443, 5.187276
7.798156, 5.197944
7.861289, 5.212963
7.960831, 5.257746
8.030325, 5.289011
8.082347, 5.315698
8.195414, 5.341083
8.238662, 5.357169
8.284410, 5.377378
17962771-6b75-4e67-a8b9-b7ba2b8fe65d
7.106198, 4.742569
7.180247, 4.770734
7.204538, 4.781157
7.232182, 4.794226
7.267306, 4.805433
7.296081, 4.815776
7.328293, 4.825351
7.360990, 4.833102
7.390469, 4.841228
7.426996, 4.846235
7.457120, 4.851482
7.487034, 4.857817
7.520248, 4.862922
7.553695, 4.866156
7.584004, 4.870199
7.614147, 4.875337
7.644084, 4.881562
7.669715, 4.888024
7.691419, 4.897725
7.722819, 4.909694
7.745124, 4.919381
7.814733, 4.957233
7.839994, 4.973116
7.872455, 4.988683
7.898490, 5.003259
7.923553, 5.019453
7.951681, 5.036308
7.980362, 5.052203
8.009563, 5.067120
8.039253, 5.081043
8.069395, 5.093955
8.099956, 5.105841
8.127033, 5.115185
8.162181, 5.122974
8.190846, 5.131259
8.218931, 5.141339
8.246322, 5.153173
8.272910, 5.166716
8.298589, 5.181912
8.323256, 5.198701
8.348413, 5.212203
8.362172, 5.222088
77f6f2ba-6797-4e16-99a8-cad11a1064e7
7.025008, 4.582460
6.987377, 4.588505
6.900791, 4.594013
6.715658, 4.611848
6.539835, 4.658835
6.416413, 4.716791
6.300355, 4.789733
6.161793, 4.878643
6.051748, 4.994185
3ba8e952-17f8-4b83-bd18-4587ec569ca5
7.006166, 4.220633
6.792594, 4.408981
6.735863, 4.457017
6.677650, 4.510228
6.597796, 4.586089
6.434112, 4.703909
6.174086, 4.868740
6.127047, 4.913976
5.995451, 5.024929
5.785645, 5.138563
5.698902, 5.173598
5.630158, 5.199237
5c53bdf4-3d27-4318-8b5e-578cacd7b459
7.174431, 4.303472
7.249764, 4.302485
7.317679, 4.297081
7.369132, 4.295014
7.395946, 4.292440
7.464360, 4.286549
7.503798, 4.286158
7.546114, 4.285738
7.606225, 4.282147
7.668199, 4.275447
7.725795, 4.270726
7.773683, 4.269804
7.818125, 4.268947
7.840585, 4.271508
7.862509, 4.277021
eb27357d-01ad-4dd7-b92d-37c5c2625996
6.985996, 5.475540
6.948996, 5.466229
6.873982, 5.465625
6.814804, 5.465136
6.783068, 5.464860
6.751644, 5.470561
6.732101, 5.490672
6.644374, 5.513041
6.580792, 5.529254
6.523267, 5.542248
db66f745-f5bd-441f-956f-feab585c2a8a
7.011176, 5.745294
6.954195, 5.766837
6.924179, 5.784430
6.905028, 5.797972
6.817993, 5.837944
6.782793, 5.847457
6.760422, 5.850342
6.749955, 5.874166
6.667246, 5.905375
6.596826, 5.930347
6.528096, 5.956920
6.493153, 5.965615
da39873c-179e-4fdd-b392-848d8ce2faca
7.023724, 6.069868
7.089776, 6.075347
7.120759, 6.080246
7.227701, 6.124136
7.302086, 6.151426
7.365927, 6.181222
7.430980, 6.214887
7.517085, 6.248013
70836097-9ead-4d0b-8fc4-ad7fb2647d04
6.809976, 6.737416
6.775891, 6.732958
6.734783, 6.744824
