main root
6.828489, 4.409183
6.801317, 4.622572
6.772530, 4.788992
6.747973, 4.937684
6.740087, 5.054694
6.739635, 5.186045
6.737140, 5.296043
6.740770, 5.415194
6.748087, 5.516469
6.754798, 5.609355
6.769074, 5.718848
6.780121, 5.819941
6.795346, 5.920320
6.811357, 6.011853
6.828864, 6.111938
6.842880, 6.204277
6.862287, 6.303941
6.889586, 6.410924
6.922827, 6.506971
6.951375, 6.595891
6.984424, 6.691909
7.019464, 6.787216
7.062357, 6.879360
7.090819, 6.970408
7.129767, 7.073729
7.167555, 7.167975
7.197297, 7.247727
7.230842, 7.343730
7.262384, 7.440412
7.286803, 7.521949
7.309230, 7.604063
7.335313, 7.683821
7.353334, 7.753372
7.374270, 7.828207
7.399627, 7.926694
7.413876, 7.982039
7.417040, 8.029140
0929bc26-d110-454d-8796-9a7279b9e6c9
6.832632, 4.523847
6.938314, 4.553262
6.988415, 4.567100
758c8fdb-d7a6-4fea-a0e1-fad22852e426
6.892960, 4.418802
6.919091, 4.418601
6.984162, 4.424083
