main root
6.271780, 4.616437
6.247581, 4.980431
6.216666, 5.226930
6.210720, 5.494409
6.205452, 5.731420
6.216307, 5.996708
6.220008, 6.241641
6.247948, 6.471475
6.272435, 6.741427
6.306540, 6.926498
6.319223, 7.112058
6.327126, 7.256564
6.331285, 7.407974
6.326348, 7.534082
6.339203, 7.682506
6.343702, 7.839574
6.342321, 7.933765
6.328105, 8.044138
6.320804, 8.100821
6.331680, 8.255206
6.291196, 8.512587
6.257802, 8.625462
6.222768, 8.751264
6.194087, 8.885368
6.171520, 9.010957
6.137038, 9.162126
6.114591, 9.295243
6.091448, 9.419857
6.075936, 9.538052
6.062715, 9.638787
6.048481, 9.731087
6.033461, 9.814872
6.020638, 9.898155
6.011941, 9.954639
5.999490, 10.006004
5.983776, 10.217828
5.975413, 10.302527
5.967544, 10.403760
5.960447, 10.522277
5.956490, 10.623746
5.948298, 10.725263
5.935235, 10.834522
5.930530, 10.927035
5.914787, 11.028362
5.897088, 11.128508
5.882602, 11.246836
5.868147, 11.347502
5.858226, 11.431190
5.850484, 11.532429
5.835776, 11.641521
5.824308, 11.742413
5.806501, 11.842884
5.795061, 11.943798
5.779394, 12.044435
5.762464, 12.153185
5.750253, 12.245305
5.732686, 12.345630
5.720849, 12.437625
5.704730, 12.529936
5.690823, 12.621813
5.680264, 12.705421
5.673877, 12.789095
5.666790, 12.881954
5.655477, 12.951513
5.668720, 13.000632
5.648743, 13.055560
5.636428, 13.169196
901f08bd-d07f-40b4-a531-52945dcb30be
6.344595, 4.713864
6.450246, 4.802726
6.510960, 4.831453
6.550980, 4.853700
6.592789, 4.883791
6.642977, 4.918069
6.687427, 4.953865
6.740177, 4.996345
6.780025, 5.034200
6.827019, 5.080907
6.870824, 5.128665
6.908771, 5.172251
6.930955, 5.202291
6.950238, 5.230921
6.984878, 5.301255
7.006388, 5.344928
7.083557, 5.446069
7.096053, 5.467381
7.117408, 5.503729
7.129447, 5.530053
7.139029, 5.565403
7.150003, 5.606030
7.163010, 5.642850
7.180811, 5.684368
7.199374, 5.723865
7.212930, 5.752617
7.335249, 5.924918
ed593c09-4946-4019-9aa2-0e299fb1b282
6.226955, 5.034485
6.118680, 5.061832
6.069076, 5.083624
6.012729, 5.133517
5.667201, 5.299958
5.583319, 5.340364
5.512576, 5.379425
5.445286, 5.418288
5.366470, 5.463809
5.328526, 5.483996
5.157781, 5.633383
5.113883, 5.661846
5.039874, 5.704889
4.974544, 5.741153
4.908500, 5.776101
4.815524, 5.818122
4.743331, 5.859852
4.676270, 5.902075
4.615073, 5.928225
4.541853, 5.966023
4.460055, 6.005868
4.416288, 6.027188
9b48ad30-f829-4939-8de8-0a337f065f32
6.303433, 5.202766
6.424770, 5.261060
6.461870, 5.283866
6.509500, 5.307254
6.539590, 5.327031
6.577468, 5.353716
6.628665, 5.393449
6.686767, 5.440434
6.746019, 5.488350
6.832982, 5.555955
6.898889, 5.609817
6.966412, 5.659643
7.057605, 5.734230
7.236094, 5.883850
7.299932, 5.934675
7.368090, 5.983638
7.421626, 6.029467
7.453183, 6.052541
7.500850, 6.079975
7.579158, 6.114684
7.640925, 6.148610
7.736330, 6.203425
7.810411, 6.243597
7.884222, 6.285981
7.958306, 6.326130
8.032742, 6.366471
8.103794, 6.401573
8.170107, 6.436003
8.249980, 6.479857
8.292654, 6.503287
8.550481, 6.649196
8.611467, 6.681990
8.667233, 6.713674
8.720001, 6.748819
8.774298, 6.786780
8.831891, 6.825221
8.898606, 6.860753
8.948266, 6.895678
8.999497, 6.935369
9.050942, 6.977116
9.090850, 7.007574
9.139208, 7.038833
9.202295, 7.074270
9.259308, 7.108013
9.319644, 7.141985
9.384777, 7.173505
9.443742, 7.203706
9.497982, 7.236531
9.557985, 7.271093
9.618721, 7.304349
9.676100, 7.337472
9.722351, 7.360714
8870c871-48c8-4be2-bfce-cd3811387e69
6.142347, 5.171014
6.065003, 5.181441
5.968827, 5.184823
5.871790, 5.196760
5.687355, 5.218829
5.597202, 5.196184
5.552718, 5.188097
5.514799, 5.178123
5.470454, 5.169515
5.425595, 5.163856
5.385478, 5.157287
5.335714, 5.150656
5.305924, 5.145175
5.272230, 5.146587
5.217177, 5.153388
5.188271, 5.153942
5.155230, 5.151582
5.099824, 5.146123
4.979497, 5.121038
4.944272, 5.113694
4.913794, 5.110397
4.868408, 5.108499
4.822996, 5.109597
4.785056, 5.106022
4.734477, 5.101257
4.675473, 5.095698
4.618100, 5.088789
4.577379, 5.088409
4.528094, 5.086450
4.495934, 5.089666
4.442706, 5.097997
4.388466, 5.100793
d7366b52-959c-4909-afd6-b60407976cf4
6.213435, 4.719565
6.151145, 4.762292
6.091488, 4.793010
6.003042, 4.838554
5.957823, 4.866888
5.915724, 4.889737
5.820831, 4.948766
5.771469, 4.975946
5.723089, 4.992335
5.704606, 5.028080
5.651140, 5.054289
5.581351, 5.091833
5.521055, 5.120871
5.477036, 5.143034
d7de5de4-f118-4846-b56e-616a421859c1
6.320428, 5.983816
6.388913, 6.054532
6.422474, 6.084813
6.445628, 6.101608
6.456198, 6.126758
6.476108, 6.154284
6.496281, 6.192387
6.566071, 6.279320
6.592820, 6.319812
6.621930, 6.363875
6.657709, 6.426182
6.701458, 6.498203
6.725773, 6.541115
6.752858, 6.585874
eff59768-3235-4f36-84e8-520d2b8d1363
6.328079, 6.510934
6.438166, 6.543418
6.477422, 6.561244
6.531383, 6.585746
6.592835, 6.620224
6.635675, 6.640829
6.679907, 6.655461
6.753786, 6.673596
6.836836, 6.686276
6.907042, 6.701537
6.954641, 6.709762
6.993805, 6.731624
7.088865, 6.735414
7.128056, 6.739973
7.170107, 6.744864
7.206735, 6.752138
7.244739, 6.762736
7.285518, 6.774109
7.326296, 6.785482
7.367075, 6.796854
7.407853, 6.808226
7.452319, 6.817519
7.484599, 6.830382
7.531702, 6.842708
7.572658, 6.853426
7.613613, 6.864144
7.652518, 6.874327
7.686164, 6.889320
7.732739, 6.903521
7.773232, 6.915868
7.809990, 6.930206
7.853307, 6.943890
7.893675, 6.956642
7.934043, 6.969395
7.964599, 6.982187
8.003649, 6.998535
8.038781, 7.016489
8.084534, 7.033148
8.120477, 7.049420
8.159043, 7.066880
8.197609, 7.084341
8.232214, 7.103293
8.273407, 7.122443
8.302198, 7.135827
8.336133, 7.166456
53fd7be7-ad47-4022-bacf-6bbda572b983
6.414622, 6.906454
6.483101, 6.924144
6.601089, 6.929515
6.686323, 6.937548
6.825684, 6.947372
31170c35-c519-42fb-aeb0-cfc023095abb
6.423004, 7.346145
6.507897, 7.346362
6.573211, 7.343407
5dda9fdc-53bc-4a77-9d49-945927df57b0
6.201498, 5.113880
5.950081, 5.305001
5.921924, 5.336233
5.893670, 5.362976
5.875110, 5.384549
5.849189, 5.419139
5.826273, 5.459703
5.812079, 5.475700
