main root
4.578759, 5.510723
4.633958, 5.256654
4.769571, 5.085884
4.907955, 4.951746
4.992624, 4.914053
5.121317, 4.943993
5.278166, 5.005911
5.499641, 5.170370
5.631534, 5.391029
5.736225, 5.659524
5.804023, 5.807519
5.861589, 6.000233
5.961905, 6.384371
6.107403, 6.627027
6.210058, 6.828727
6.304726, 7.059551
6.390346, 7.249971
6.438610, 7.385615
6.480944, 7.537422
6.524907, 7.689922
6.605411, 7.897989
6.668615, 8.075459
6.696021, 8.160959
b8823837-0453-4bfd-86ae-00d2a528dbb9
6.159668, 6.586402
6.143564, 6.542114
6.122458, 6.499225
6.036733, 6.419850
5.869247, 6.360534
5.643573, 6.287245
5.568464, 6.286327
5.241553, 6.318321
c6f8a1a8-b561-4486-804f-1eb2f957c27c
6.200553, 6.815555
6.296226, 6.805050
6.592201, 6.706490
6.682050, 6.692825
6.821688, 6.666773
6.956508, 6.665062
7.213303, 6.699554
81830a27-1aa8-49d1-a0c5-6db9cbc2e0dc
6.328586, 7.005756
6.395937, 6.996819
6.526048, 7.003810
6.652095, 7.022944
81b122a4-3b37-401f-ba1a-f563de07c0eb
6.271346, 7.015225
6.184156, 7.117515
6.050913, 7.344214
5.931031, 7.523811
5.787983, 7.826149
5.615073, 8.253751
5.469341, 8.649561
5.274523, 9.253916
5.189600, 9.472639
5.065495, 9.857727
4.945072, 10.279913
4.870780, 10.615397
4.807455, 11.032093
4.761920, 11.330430
4.697665, 11.677580
4.674047, 11.832544
4.649496, 12.072644
4.623303, 12.136937
4.563951, 12.195236
4.504305, 12.203161
672c6e0f-0667-4a99-8a41-6e05aa6d4893
6.261005, 7.064168
6.263161, 7.159005
6.298638, 7.270829
6.390987, 7.433110
6.431639, 7.503474
6.483388, 7.658935
6.661614, 7.937927
6.687786, 8.015857
5411d97e-9100-412b-9b79-a22b79553bea
4.614667, 5.170072
4.543013, 5.180065
4.486619, 5.337618
4.453406, 5.398321
4.377334, 5.627585
4.325088, 5.715857
4.217742, 5.787643
4.089283, 5.804211
3.989555, 5.732492
3.888658, 5.564160
3.750983, 5.186106
3.617837, 4.926404
3.489011, 4.773498
3.393187, 4.693614
3.280067, 4.645166
3.136061, 4.632003
2.839943, 4.626429
023d6517-5c5e-495f-b9ca-11371d1d0b1c
4.598345, 5.455206
4.739310, 5.442940
4.876880, 5.478386
4.996408, 5.467580
5.154255, 5.475368
5.323455, 5.525073
5.442402, 5.578218
ef5f56bf-b3e8-4aee-b7a9-72c207236354
4.912024, 5.037158
4.997048, 4.997066
5.180012, 4.933421
5.244578, 4.931252
5.300472, 4.955661
5.372308, 5.007809
5.523442, 5.149850
5.588274, 5.235999
5.633557, 5.327772
5.648468, 5.508954
5.605676, 5.604213
5.587574, 5.665017
3b8def5d-b57b-45e5-ac1d-01c81c304673
4.768145, 5.114572
4.825295, 5.094111
4.970639, 5.046839
5.034844, 5.019322
5.095904, 5.024927
5.197475, 5.075767
5.300998, 5.085068
5.360361, 5.102391
5.446183, 5.167313
5.551487, 5.305425
5.579533, 5.356754
2ebaf931-c341-4f0f-8f68-ad190b8eaefb
5.077397, 5.000916
5.130287, 4.988368
5.157506, 5.028755
5.187276, 5.107397
5.255113, 5.177010
ef3b7483-d3fc-4daa-b12f-e2eff1ecfec5
5.136921, 4.982457
5.325511, 4.893843
5.492649, 4.821793
5.652745, 4.762541
5.802769, 4.724977
a0a5eb43-0104-42ec-a272-fb7dfb128c0d
5.318732, 5.044292
5.330311, 5.120878
5.375750, 5.177570
5.410362, 5.239548
