main root
6.959949, 4.867216
6.959909, 5.215353
6.946518, 5.365658
6.939918, 5.474263
6.936323, 5.533400
6.931325, 5.590952
6.915590, 5.676265
6.902440, 5.731063
6.895010, 5.787680
6.894935, 5.834270
6.900817, 5.899533
6.899066, 5.946812
6.894229, 5.996590
6.879480, 6.046592
6.854307, 6.083457
6.797017, 6.129515
6.756689, 6.154253
6.699457, 6.186894
6.659402, 6.202846
6.590279, 6.227151
6.544020, 6.237073
6.506059, 6.277415
6.455641, 6.353569
6.422257, 6.480082
6.394603, 6.606606
6.379329, 6.716123
6.372884, 6.807936
6.377168, 6.937598
6.371784, 7.027421
6.311204, 7.187950
6.293398, 7.322513
6.324682, 7.458598
6.337994, 7.544826
6.342050, 7.611880
6.334743, 7.671451
6.314590, 7.731655
6.277743, 7.815068
6.224558, 7.909285
6.168973, 7.994844
6.111807, 8.078956
6.042146, 8.155113
6.015110, 8.209680
5.953413, 8.310436
5.922106, 8.377767
5.888859, 8.464233
5.858475, 8.543255
5.831195, 8.631784
5.806262, 8.712701
5.800245, 8.760800
5.799500, 8.817589
5.811004, 8.889285
5.816217, 8.959562
5.819819, 9.008113
03cecfb6-2aff-4148-a2a4-d654090566cf
6.886248, 4.767651
6.649205, 4.999220
6.405436, 5.000768
6.308084, 4.964437
6.251710, 4.948791
6.136636, 4.956422
6.078136, 4.952803
5.993334, 4.945477
5.909958, 4.946602
5.830810, 4.950663
5.720836, 4.954187
5.657486, 4.951726
5.596149, 4.949342
5.538098, 4.956368
f2c3be31-071a-4330-ab86-810e81f4354a
6.819210, 4.948569
6.706784, 4.986647
6.552848, 4.997261
6.473024, 5.004026
6.201059, 5.028144
448ea0f6-aa38-4037-b4d8-fe99fb6fa089
6.941052, 4.902482
6.744366, 5.075664
6.718953, 5.114846
6.688905, 5.168989
6.666691, 5.212631
6.593396, 5.420549
6.571613, 5.490091
6.557193, 5.525485
6.543163, 5.567359
6.530386, 5.605491
6.493172, 5.652214
6.466559, 5.683226
6.432993, 5.715445
6.397740, 5.755506
6.353131, 5.808465
6.329408, 5.829659
6.292985, 5.864208
6.260679, 5.896915
6.235405, 5.924631
6.214109, 5.950206
6.186244, 5.990688
6.160563, 6.041198
a83b0463-94a2-4f7c-889b-611bdd115cf3
6.870700, 5.101167
6.797742, 5.123238
6.745088, 5.132999
6.657527, 5.142789
6.605315, 5.139334
6.550748, 5.143256
6.493613, 5.143307
6.466944, 5.156403
6.454647, 5.199559
78fc8ec8-cdc1-47fd-9241-8eb42b527ea7
6.896982, 5.150915
6.787770, 5.227335
6.694615, 5.270739
6.623712, 5.317939
6.598913, 5.341865
6.487468, 5.434482
6.442437, 5.482914
6.377322, 5.549856
6.318609, 5.584000
03d2f36a-a9fd-48fe-9101-220f05d29d8f
6.926771, 5.172442
6.760768, 5.236824
6.648462, 5.292765
6.530936, 5.398368
6.421729, 5.506156
6.345604, 5.598305
6.326863, 5.628639
6.302975, 5.658143
6.288361, 5.681584
6.290773, 5.715222
6.279155, 5.754789
6.253500, 5.790834
2357f089-c4a0-4e09-b3c3-76666f4a85f6
7.046383, 4.794250
7.254104, 4.878781
7.297378, 4.887417
7.339504, 4.895658
7.378840, 4.904028
7.426753, 4.915754
58a53815-77fd-4492-b106-becffea646b4
7.083457, 4.957163
7.276465, 5.059089
7.460477, 5.151695
7.505568, 5.172779
7.559241, 5.197877
e0bcfbdb-3132-4368-94dc-5471aa37838d
6.991728, 4.923938
7.407091, 5.196123
7.537145, 5.250114
b7eea5b0-df43-4334-9acb-d732acecc9fb
6.959639, 4.912273
7.349529, 5.041641
7.556169, 5.059726
7.693612, 5.062187
7.765966, 5.074725
7.827896, 5.075132
4d10ce6f-4772-414e-ab37-31c45c3195eb
7.087596, 5.077606
7.348516, 5.164659
7.461026, 5.215815
7.600244, 5.204056
7.688197, 5.168642
7.721878, 5.144734
7.776341, 5.128965
7.808428, 5.107944
7.868624, 5.069349
7.902687, 5.044626
7.925598, 5.001752
7.956803, 4.966807
7.995550, 4.938986
8.082327, 4.876867
8.124745, 4.864288
d2c4bbff-098a-4378-bb6b-123a14e81435
7.032879, 5.200103
7.077858, 5.210997
7.124381, 5.220043
7.177297, 5.234906
7.240665, 5.254260
7.307318, 5.273051
7.374363, 5.290395
7.422869, 5.298305
7.484429, 5.303794
7.542978, 5.307510
7.595282, 5.303330
7.665550, 5.294711
7.750199, 5.301799
7.822540, 5.303352
7.884264, 5.300186
7.923584, 5.312608
7.975764, 5.350421
8.013054, 5.362659
8.089234, 5.384510
8.160632, 5.406545
8.254643, 5.443712
d4de46a3-12b2-45eb-9fe0-7a8a1df8aaf7
7.058855, 4.967839
7.084961, 5.188640
7.110135, 5.319822
7.086883, 5.415175
7.068459, 5.475403
7.057616, 5.498726
7.063752, 5.513431
7.062735, 5.530452
7.060658, 5.561939
7.061594, 5.590260
7.075387, 5.604785
7.086548, 5.623040
7.089109, 5.641192
7.089193, 5.663736
7.102001, 5.679422
7.129462, 5.739117
7.143109, 5.775944
7.159628, 5.803295
7.197394, 5.854244
7.231141, 5.881523
7.275805, 5.909463
7.322066, 5.951459
7.382642, 6.002408
7.436641, 6.051761
7.473656, 6.081560
7.513120, 6.099878
7.565098, 6.136162
7.611161, 6.181787
0bd545cd-5034-4de6-aca4-8a9b71f1a7f9
6.984996, 5.075943
7.077553, 5.259946
7.110666, 5.353174
7.142083, 5.444344
7.172177, 5.494720
7.193135, 5.529289
7.214934, 5.565563
7.249403, 5.596195
7.264442, 5.616932
7.307364, 5.637295
7.334163, 5.650163
7.394501, 5.686371
