main root
6.678799, 4.833462
6.626798, 4.952704
6.576517, 5.075147
6.548943, 5.236222
6.516210, 5.467420
6.472815, 5.620987
6.429020, 5.740865
6.392820, 5.887956
6.355515, 6.009813
6.297789, 6.202199
6.253232, 6.338556
6.205996, 6.428517
6.177247, 6.560304
6.151309, 6.679201
6.125794, 6.786237
6.113103, 6.885080
6.104382, 6.986235
6.092148, 7.079138
6.086340, 7.171589
6.088856, 7.263131
6.083600, 7.379346
6.106827, 7.473400
6.100813, 7.552823
6.106026, 7.647486
6.124433, 7.766877
6.132331, 7.912322
6.150195, 8.030879
6.170828, 8.151415
6.181905, 8.224840
6.194583, 8.347119
6.198188, 8.411949
6.205290, 8.477282
6.201099, 8.533114
6.201073, 8.613406
6.204039, 8.692594
6.203788, 8.765857
6.206509, 8.845054
6.202936, 8.915425
6.193133, 9.025037
6.186346, 9.100937
6.175486, 9.171964
6.171694, 9.224756
6.165632, 9.276391
6.156538, 9.391029
6.146477, 9.491114
6.134201, 9.592076
6.115747, 9.708900
6.098573, 9.817617
6.077238, 9.925562
6.049702, 10.032140
6.024287, 10.130506
6.000824, 10.238239
5.969810, 10.360907
5.949079, 10.451484
5.922251, 10.549736
5.898209, 10.625424
5.872089, 10.714600
5.843528, 10.812110
5.817348, 10.901492
5.789082, 10.990513
5.758337, 11.087343
5.732229, 11.176516
5.718968, 11.266978
5.705460, 11.359126
5.687722, 11.451126
5.674311, 11.542904
5.662960, 11.635134
5.658948, 11.718658
5.656978, 11.802899
5.648750, 11.888674
5.636456, 11.973398
5.622980, 12.045416
5.602737, 12.153604
5.583939, 12.221514
5.573995, 12.279879
5.571424, 12.330606
f747aa76-68f6-4e92-97be-c1a590825622
6.606222, 5.324616
6.675962, 5.382342
6.749612, 5.428339
6.812531, 5.470039
6.881762, 5.511317
6.934485, 5.542753
6.974539, 5.570688
8cc27d5a-3de4-425e-a9c0-7ec16da15011
6.608915, 4.807518
6.479497, 4.838785
6.425289, 4.859325
6.298709, 4.892092
6.249631, 4.901713
6.194106, 4.925069
6.064076, 5.021853
5.982310, 5.061724
b569cac0-2b9d-4622-b77f-e88cf41adeeb
6.568751, 4.970997
6.437499, 4.969263
6.389288, 4.976402
6.325662, 4.991117
6.284421, 5.000656
6.255370, 5.010446
6.211495, 5.031550
6.184283, 5.041317
6.146246, 5.051790
6.105432, 5.063027
6.063520, 5.079223
6.014426, 5.101404
5.975102, 5.120813
5.936463, 5.141553
5.891703, 5.165578
5.839488, 5.193605
5.786661, 5.223660
5.735865, 5.256001
5.692092, 5.277030
71aff819-8c29-4d7a-ba47-920c7ced169a
6.489885, 5.293781
6.442352, 5.292463
6.397324, 5.290280
6.356661, 5.286810
6.311297, 5.285943
6.232068, 5.294407
6.105478, 5.337839
6.050638, 5.363231
5.999538, 5.377395
9df9cea9-9597-4549-9365-0e33b08958c9
6.302386, 6.030345
6.230944, 6.034982
