main root
6.579246, 4.308279
6.762568, 4.693159
6.796494, 4.792872
6.834952, 4.943950
6.850524, 5.113095
6.881793, 5.246247
6.933633, 5.435498
6.974116, 5.598227
7.009778, 5.749975
7.038988, 5.865051
7.055487, 5.946905
7.061076, 5.995923
7.110252, 6.219177
7.122183, 6.322532
7.125200, 6.440646
7.134308, 6.573167
7.144551, 6.691440
7.130818, 6.790551
7.149109, 6.886881
7.149102, 6.980017
7.144606, 7.051728
7.139839, 7.127780
7.124917, 7.230542
7.112699, 7.304257
7.105168, 7.386321
7.089889, 7.421782
7.065491, 7.485979
7.048656, 7.547123
7.033658, 7.629793
7.013200, 7.692246
6.984206, 7.780758
6.956659, 7.845623
6.935903, 7.902152
6.913197, 7.981369
6.890147, 8.050921
6.878065, 8.096898
6.723305, 8.469329
6.697423, 8.547790
6.673001, 8.628443
6.646357, 8.709281
6.619853, 8.789693
6.588629, 8.877709
6.562417, 8.957799
6.533977, 9.038028
6.503592, 9.117534
6.477543, 9.197314
6.455808, 9.273530
6.434909, 9.346812
6.404721, 9.452669
6.379706, 9.518542
6.367165, 9.559999
6.351094, 9.644125
6.337987, 9.720720
6.321466, 9.790641
6.293951, 9.888695
6.273364, 9.962062
6.248630, 10.028048
6.213923, 10.132695
6.186139, 10.197449
6.169982, 10.257871
6.153478, 10.336979
6.133279, 10.404487
6.106580, 10.493711
6.082728, 10.562985
6.059775, 10.638836
6.031711, 10.700570
6.005087, 10.744671
5.986790, 10.801240
5.913837, 11.016074
5.905761, 11.053826
5.897532, 11.085155
5.890002, 11.119726
5.886231, 11.158147
5.881788, 11.188110
5.875564, 11.219898
5.867882, 11.251365
5.863152, 11.289681
5.860308, 11.324948
5.854155, 11.345432
5.849433, 11.387175
5.844312, 11.419159
5.840204, 11.454302
5.834964, 11.486267
5.830725, 11.521395
5.825365, 11.553339
5.820995, 11.588450
5.815517, 11.620374
5.808570, 11.652010
5.807019, 11.693990
5.801761, 11.714724
5.798856, 11.756630
5.792349, 11.785612
5.790598, 11.827584
5.787758, 11.859851
5.786152, 11.895195
5.783191, 11.927450
5.781454, 11.962791
5.778373, 11.995034
5.776503, 12.030367
5.773301, 12.062598
5.773982, 12.101196
5.773058, 12.133574
5.770644, 12.165875
5.769504, 12.201239
5.766968, 12.233530
5.762945, 12.265670
5.762641, 12.304276
5.757988, 12.325153
5.756304, 12.367129
5.750642, 12.396289
5.747744, 12.434785
5.743826, 12.466938
5.738428, 12.498876
5.731563, 12.530530
5.725536, 12.565393
5.718550, 12.597021
5.712391, 12.631864
5.705288, 12.663465
5.698999, 12.698284
5.691778, 12.729860
5.683108, 12.761069
5.677175, 12.799216
5.671972, 12.832664
5.687890, 12.988869
5.784823, 13.170227
47c9283c-6ef3-40c9-a6c3-5c51ba5dbe21
6.889227, 4.886177
6.943048, 4.902692
7.022392, 4.927039
7.061146, 4.942062
7.123871, 4.953917
7.193749, 4.977495
7.273686, 5.006657
7.353856, 5.031489
7.426644, 5.054036
7.531776, 5.086599
7.597074, 5.113092
7.665733, 5.142564
7.757566, 5.186587
7.822292, 5.220934
7.883536, 5.258517
7.928637, 5.286194
8.079394, 5.346300
8.122631, 5.378427
8.190150, 5.431186
8.254039, 5.489003
8.317894, 5.543992
8.383087, 5.597397
8.447598, 5.652923
8.512800, 5.706309
8.575353, 5.765566
8.634580, 5.827388
8.680952, 5.882282
8.728023, 5.940321
8.790433, 6.020633
8.820803, 6.062153
8.992063, 6.370192
9.018870, 6.427653
9.043632, 6.470106
9.083904, 6.530235
9.119525, 6.586105
9.153876, 6.642766
9.191052, 6.701194
9.229481, 6.758805
9.264994, 6.814742
9.299233, 6.871467
9.332186, 6.928952
9.363831, 6.987165
9.398212, 7.047278
9.437969, 7.107747
9.464820, 7.162205
9.511607, 7.252318
9.548978, 7.328793
9.582797, 7.407449
9.612897, 7.477455
9.633506, 7.529174
9.643600, 7.579839
353c3c52-6711-40f1-9482-11270c17e403
6.817932, 5.038114
6.757575, 5.060550
6.687665, 5.101254
6.469379, 5.181831
6.431654, 5.195754
6.378662, 5.228575
6.311968, 5.276921
6.249626, 5.325809
6.190955, 5.362308
6.107049, 5.419487
6.042897, 5.468640
5.982964, 5.510788
5.909917, 5.564730
5.874790, 5.586949
5.721775, 5.710553
5.662577, 5.758352
5.607785, 5.806418
5.550023, 5.865031
5.496696, 5.931936
5.448075, 5.980933
5.387209, 6.054280
5.338742, 6.115031
5.291927, 6.180911
5.234984, 6.257394
5.207519, 6.286764
5.190595, 6.318008
5.075360, 6.487617
5.031742, 6.546489
4.987625, 6.616092
4.949606, 6.692848
4.914429, 6.757121
4.863414, 6.854741
4.824197, 6.929782
4.786370, 6.989238
4.763429, 7.030874
4.734116, 7.096476
4.709078, 7.181866
4.682562, 7.245702
4.643588, 7.339527
4.614356, 7.409902
4.584314, 7.478321
4.545435, 7.572130
4.523549, 7.644481
4.497942, 7.698118
4.469467, 7.761240
4.453435, 7.807698
4.448164, 7.841322
ba2868bb-8747-4140-be97-88bca36df8e0
6.690397, 4.648510
6.640256, 4.694953
6.594018, 4.729617
6.543704, 4.774816
6.496810, 4.809833
6.301503, 4.923928
6.271938, 4.948132
6.239391, 4.972845
6.199504, 4.999373
6.164674, 5.020740
6.121374, 5.047303
6.092831, 5.070081
6.046266, 5.109155
6.006980, 5.146028
5.963899, 5.182359
5.931537, 5.209650
5.894141, 5.243144
5.854839, 5.276334
5.740045, 5.418587
5.718559, 5.442824
5.695975, 5.466043
5.678293, 5.486364
5.656510, 5.518236
5.637016, 5.544102
5.616640, 5.571138
5.595970, 5.596081
5.574170, 5.620043
5.551288, 5.642974
5.527372, 5.664825
5.502093, 5.694008
5.407763, 5.774008
5.385245, 5.796169
5.361577, 5.817205
5.336870, 5.837013
5.316375, 5.859054
5.293662, 5.881118
5.275415, 5.900774
5.258363, 5.925578
5.157611, 6.040966
5.129482, 6.068632
5.109828, 6.092160
5.083067, 6.128867
5.058128, 6.163076
5.033844, 6.201467
5.012750, 6.223617
4.983452, 6.250040
4.964372, 6.271280
4.947624, 6.294403
4.923459, 6.332869
4.900940, 6.368717
4.882742, 6.403314
4.864291, 6.444824
4.847096, 6.483508
4.831421, 6.526143
4.814147, 6.560112
4.791120, 6.605396
4.762289, 6.652186
4.735641, 6.695435
4.704062, 6.743831
4.676302, 6.786374
4.643914, 6.836012
4.612832, 6.891864
4.580473, 6.953089
4.550072, 7.017016
4.523909, 7.068544
4.502881, 7.119876
4.476390, 7.180600
4.455303, 7.225193
4.441731, 7.253895
4eed5dd4-9154-47de-be37-711daeb0b721
6.583896, 4.427054
6.551903, 4.462817
6.509898, 4.503040
6.465562, 4.545494
6.424377, 4.580787
6.274866, 4.621696
6.242296, 4.627444
6.226474, 4.641930
6.168155, 4.673241
6.132130, 4.694233
6.109659, 4.709007
6.078321, 4.734932
6.038773, 4.773477
6.007022, 4.798152
5.967703, 4.823023
5.937955, 4.872488
5.860930, 5.061059
5.831237, 5.241290
5.852613, 5.503207
5.886689, 5.712673
5.892336, 5.766540
5.899331, 5.820441
76dd26e2-7845-466b-8c4c-268c4108e7b9
6.711097, 4.574296
6.805916, 4.556707
6.924946, 4.556930
7.103727, 4.594100
7.161157, 4.618944
7.217519, 4.641695
7.266573, 4.659883
7.312282, 4.678426
7.357406, 4.698347
7.403991, 4.714004
7.454042, 4.729248
7.500769, 4.745044
7.543094, 4.762511
7.582230, 4.778662
7.605715, 4.793213
7.636825, 4.808966
7.657474, 4.821101
7.911171, 4.915651
7.933050, 4.925400
7.950325, 4.938010
7.979764, 4.957644
8.010008, 4.976015
8.036890, 4.994092
8.067064, 5.012577
8.097993, 5.029769
8.129622, 5.045635
8.157878, 5.061480
8.189448, 5.077465
8.217644, 5.093418
8.245073, 5.110654
8.275805, 5.128196
8.293580, 5.143509
8.317118, 5.165763
8.337687, 5.183155
8.363409, 5.199026
8.396341, 5.215828
8.416825, 5.229640
8.449845, 5.253708
8.481960, 5.278971
8.515672, 5.303584
8.680755, 5.497973
8.712376, 5.530583
8.760149, 5.579808
8.786874, 5.611642
8.818659, 5.656488
8.848030, 5.697928
8.886477, 5.746995
8.925134, 5.793904
8.959546, 5.833309
8.992959, 5.871569
9.018697, 5.903316
9.048588, 5.942562
9.081468, 5.983261
9.109180, 6.022327
9.137846, 6.057563
9.164561, 6.090400
9.191281, 6.123244
9.215897, 6.155871
9.248592, 6.196725
9.278226, 6.236149
9.306652, 6.276458
9.335925, 6.317966
9.358236, 6.352201
9.388042, 6.395194
9.414905, 6.436567
9.430124, 6.462756
9.442886, 6.484717
93e0df3d-8deb-4486-9353-a178a7c54bb1
6.832995, 4.680127
6.854734, 4.686513
6.878817, 4.693828
6.916665, 4.699068
6.948933, 4.706558
7.000802, 4.717331
7.076922, 4.713243
7.098045, 4.716603
7.129767, 4.723162
7.161152, 4.731176
7.192134, 4.740631
7.226384, 4.749514
7.257331, 4.759085
7.284059, 4.772050
7.320521, 4.784741
7.354401, 4.794947
7.384952, 4.805710
7.414976, 4.817872
7.444406, 4.831405
7.475162, 4.845548
7.503929, 4.860427
7.528504, 4.871454
7.567301, 4.882304
7.594189, 4.892931
7.631621, 4.909334
7.670362, 4.927947
7.698980, 4.941696
7.717880, 4.954097
7.935094, 5.054529
8.007109, 5.124198
8.041702, 5.150586
8.070291, 5.170332
8.099777, 5.188710
8.115342, 5.203535
8.141603, 5.226285
8.164685, 5.248075
8.191048, 5.270708
8.214225, 5.292395
8.244916, 5.314771
8.259364, 5.330687
8.288132, 5.355486
8.311266, 5.377220
8.337683, 5.399789
8.358604, 5.421601
8.379181, 5.445417
8.401920, 5.465085
8.428843, 5.486580
8.456591, 5.506998
8.483225, 5.526598
8.511087, 5.545067
8.523960, 5.560783
8.686111, 5.740559
8.710175, 5.765213
8.735188, 5.788901
8.761115, 5.811587
8.783689, 5.833517
8.805092, 5.856592
8.825266, 5.880750
8.844154, 5.905925
8.865898, 5.932646
8.884463, 5.958059
8.905865, 5.985056
8.926407, 6.010970
8.949251, 6.037149
8.957502, 6.055713
8.969608, 6.079612
8.982908, 6.102869
9.002501, 6.128373
9.026844, 6.155147
9.044862, 6.179413
9.068001, 6.213088
9.098214, 6.249131
9.128737, 6.287872
9.160172, 6.327774
9.198946, 6.374570
9.223685, 6.411464
9.254052, 6.454065
9.281455, 6.495087
9.307599, 6.536920
9.332458, 6.579519
9.362153, 6.624468
9.392745, 6.673490
9.417577, 6.716107
9.437739, 6.747737
426b01a7-041e-454f-af33-b65a0618b408
6.854937, 5.383379
6.818845, 5.401437
6.750698, 5.435533
6.681213, 5.473646
6.637255, 5.502555
6.594344, 5.522184
6.489687, 5.602016
6.429462, 5.646072
6.366744, 5.699370
6.289038, 5.768181
6.239786, 5.813795
6.206930, 5.850344
6.188984, 5.879261
6.055887, 6.027537
6.008999, 6.075284
5.960552, 6.149663
5.920725, 6.221770
5.885066, 6.292512
5.852767, 6.366565
5.819992, 6.430477
5.777469, 6.522669
5.745554, 6.591862
5.716569, 6.668997
5.675893, 6.771232
5.639116, 6.869821
fa504107-70c2-43b6-940b-bc5ac73921e8
6.932084, 5.711480
6.912919, 5.738375
6.893838, 5.767840
6.877573, 5.784815
6.854251, 5.802571
6.848043, 5.819859
6.816784, 5.861496
6.801236, 5.879714
6.723920, 5.992725
6.705330, 6.036698
6.693837, 6.056143
6.696974, 6.076255
6.686693, 6.136556
6.676939, 6.184398
6.670381, 6.239053
6.668367, 6.294145
6.653686, 6.315893
6.658271, 6.537952
0adf9e04-f2b4-4d0c-9b41-4e6a164036b0
7.043170, 5.716015
7.097815, 5.722047
7.006166, 5.803900
6.975117, 5.843032
6.955383, 5.867904
6.939592, 5.887773
6.937177, 5.907094
6.915777, 5.954550
6.908332, 5.985623
6.807324, 6.157777
6.803656, 6.171555
6.793902, 6.202263
6.785222, 6.224557
6.792006, 6.239898
6.789496, 6.260287
6.783028, 6.300580
6.780048, 6.347470
6.776826, 6.398162
6.771344, 6.437233
6.765461, 6.479156
6.762127, 6.524455
6.759019, 6.566669
6.754684, 6.605175
6.745041, 6.650691
6.735667, 6.702160
6.727770, 6.753875
6.720101, 6.804096
6.711499, 6.850515
c9e283d6-cdbf-4af3-9a4e-b891585edb80
6.637174, 4.468498
6.554327, 4.538713
6.294823, 4.689602
6.190119, 4.726917
6.145289, 4.745917
6.104916, 4.766279
6.065964, 4.789320
6.031336, 4.809846
6.010522, 4.818747
ca7e57ea-4c2f-47de-832e-40b8ab75ddf2
7.142317, 6.821903
7.200011, 6.827614
7.272568, 6.837805
7.317398, 6.847124
7.365381, 6.865566
c53d0feb-778f-48fa-8348-460c9f56f3a9
6.603768, 4.538632
6.202100, 4.768611
6.170789, 4.793545
6.144177, 4.816686
6.120807, 4.829073
6.093387, 4.841883
6.068221, 4.858565
6.039712, 4.879225
6.012756, 4.896875
5.990176, 4.909838
5.981547, 4.923951
ee8c398b-83fc-46ef-9b0f-005b7e8e437d
6.625746, 4.478828
6.373778, 4.703998
6.348588, 4.731455
