main root
6.720715, 5.080824
6.754514, 5.178533
6.724625, 5.274920
6.724958, 5.413560
6.691346, 5.516840
6.673204, 5.747603
6.646382, 5.875212
6.623219, 6.005757
6.592885, 6.159784
6.559951, 6.327006
6.537320, 6.484341
6.514415, 6.643575
6.489802, 6.787019
6.472650, 6.916111
6.459407, 7.103963
6.457232, 7.233301
6.455124, 7.311930
6.535326, 7.411421
6.619014, 7.552761
6.687020, 7.633317
6.815695, 7.802926
6.857108, 7.987740
6.877117, 8.115366
6.884572, 8.244074
6.889805, 8.370707
6.909505, 8.489715
6.914797, 8.594549
6.910434, 8.716828
6.920447, 8.858405
6.918775, 8.954548
6.902317, 9.049136
6.891191, 9.150086
6.869508, 9.250302
6.845940, 9.349230
6.816641, 9.408480
6.765281, 9.493304
6.716770, 9.565254
6.539294, 9.733784
6.414277, 9.911091
6.355947, 10.004834
6.299568, 10.099445
6.261293, 10.186034
6.220617, 10.288523
6.180014, 10.390826
6.139414, 10.493123
6.104648, 10.597928
6.084054, 10.673444
6.077384, 10.729882
6.074543, 10.807694
6.078258, 10.876454
6.090447, 10.948291
6.099742, 11.020965
6.118777, 11.075412
91bf5c01-3092-4c54-bb74-9791524dfabb
6.821268, 5.139039
6.857041, 5.156008
6.882051, 5.187503
6.909460, 5.193610
6.931902, 5.213528
6.985210, 5.250834
7.026480, 5.281543
7.065247, 5.317362
1b0701f3-c9fa-4ee5-b664-012c7de2000e
6.770491, 5.442104
6.817105, 5.487953
6.858368, 5.514494
6.903136, 5.535063
6.931734, 5.551779
6.975147, 5.585469
7.025833, 5.641078
7.059415, 5.684588
7.094652, 5.725340
7.140475, 5.769184
7.185414, 5.810111
7.220717, 5.853081
9244d960-5f48-4252-97f2-dce04a40fe05
6.403283, 7.279462
6.350088, 7.313987
6.323570, 7.334454
6.263483, 7.378106
6.201983, 7.423048
6.139181, 7.476352
6.081105, 7.525638
6.028116, 7.574788
5.964014, 7.661855
5.922284, 7.716011
5.826304, 7.765475
5.776830, 7.793305
5.746039, 7.808906
5.723382, 7.820386
b420242a-7786-49b7-989c-2cf4d263dd62
6.447367, 7.370233
6.401302, 7.411869
6.350123, 7.446022
6.311906, 7.476922
60b74ab4-6d2c-4d10-a758-4116076e09bf
6.614383, 7.637624
6.589899, 7.687626
6.549928, 7.745866
6.510744, 7.817948
6.488251, 7.852901
6.461008, 7.889701
6.405646, 7.934497
6.367726, 7.984438
6.303144, 8.053187
6.250915, 8.103972
6.216668, 8.134364
6.177593, 8.161036
a65cb917-949b-42ce-8f4a-c16d1923762c
6.875104, 7.803190
6.914199, 7.795754
6.955805, 7.792707
7.022645, 7.784809
7.123947, 7.777830
4392f5f0-79bd-451c-8372-885670b67c25
6.904189, 8.020084
6.961815, 8.035110
7.009363, 8.050604
7.048607, 8.050799
