main root
6.565894, 4.837043
6.476183, 5.062633
6.450997, 5.310808
6.459360, 5.456871
6.478108, 5.636315
6.520323, 5.891845
6.510792, 5.993740
6.502434, 6.196648
6.481937, 6.378474
6.453792, 6.513091
6.429216, 6.693082
6.417378, 6.856035
6.405969, 7.049531
6.393606, 7.188577
6.380291, 7.314626
6.365759, 7.432107
6.351158, 7.567152
6.330099, 7.683413
6.313065, 7.801131
6.292837, 7.926264
6.278031, 8.044291
6.268517, 8.154142
6.267432, 8.264753
6.264413, 8.358097
6.257504, 8.443427
6.255414, 8.521358
6.261066, 8.628606
6.259629, 8.821651
6.275794, 8.918324
6.295020, 9.007720
6.355688, 9.099281
6.421985, 9.167249
6.505210, 9.103880
6.403904, 9.200335
6.390084, 9.244612
6.417250, 9.311638
6.389610, 9.436930
6.345217, 9.515478
6.311266, 9.616236
6.305829, 9.655807
6.263162, 9.764992
6.221836, 9.804950
6.237424, 9.851617
6.222702, 9.994708
6.203177, 10.139964
6.180860, 10.227320
6.145515, 10.340098
6.129423, 10.440954
6.102910, 10.539997
6.091339, 10.591242
5.981653, 10.729325
5.937968, 10.762856
5.879194, 10.787106
5.820646, 10.803168
5.737523, 10.852352
5.675551, 10.901199
5.620614, 10.957845
5.573816, 11.029752
5.530302, 11.055459
5.535914, 11.082511
5.511290, 11.205044
5.517155, 11.317076
5.529018, 11.381845
5.551876, 11.471618
5.567052, 11.556436
5.577594, 11.603576
5.584894, 11.650038
e41490cc-1f8d-4ef6-b818-2a976116aa7b
6.529682, 5.349268
6.573911, 5.332770
6.617755, 5.319629
6.670616, 5.290964
6.715035, 5.275044
6.826312, 5.268117
6.932494, 5.186892
6.982579, 5.160767
7.030473, 5.145276
7.104449, 5.130190
7.198307, 5.119637
7.253532, 5.110416
7.338703, 5.099915
7.410747, 5.099386
7.520571, 5.111276
7.613137, 5.112833
7.706057, 5.112294
7.780139, 5.111863
7.833352, 5.123688
7.937205, 5.117116
8.055284, 5.071420
8.123274, 5.054183
8.225340, 5.041302
8.334536, 5.027522
8.422626, 5.024884
8.516013, 5.024194
8.591412, 5.029857
8.661060, 5.052841
0510fccf-36d3-4b3a-851d-89466fb3f19c
6.396918, 5.321304
6.336934, 5.368029
6.220701, 5.404428
6.138878, 5.427879
6.094036, 5.445046
6.017786, 5.491900
5.934609, 5.538357
5.873625, 5.565192
5.822420, 5.580791
5.763711, 5.590004
5.644466, 5.595897
5.594456, 5.595372
5.550617, 5.585931
5.465456, 5.576774
5.406808, 5.564447
5.328692, 5.551086
5.253582, 5.538239
5.155085, 5.511877
5.019052, 5.531893
4.938177, 5.552178
4.848512, 5.568124
4.777054, 5.567941
4.667164, 5.561312
4.565890, 5.548845
4.487993, 5.537167
4.421037, 5.553872
4.276079, 5.537952
4.215151, 5.543950
4.105916, 5.558957
3.997103, 5.576042
3.818528, 5.563073
3.713471, 5.566020
3.594768, 5.573570
3.502927, 5.585735
3.429485, 5.595464
3.363200, 5.597454
614fb1bd-9e1f-4544-8658-7b48445f23ad
6.468836, 5.669797
6.384399, 5.758471
6.356666, 5.787596
6.310978, 5.863325
6.231896, 5.924969
6.183484, 5.962706
6.139702, 5.990276
6.031175, 6.036058
5.974307, 6.066801
5.909682, 6.113728
5.862178, 6.140533
5.814149, 6.158210
5.758259, 6.216856
5.699156, 6.247290
5.613345, 6.298611
5.524426, 6.349222
5.452627, 6.451962
5.384767, 6.512872
5.304807, 6.534967
5.248933, 6.548223
d099e411-4672-4474-aecb-01948ba440f0
6.562400, 5.789661
6.636031, 5.797662
6.754025, 5.847678
6.896581, 5.892744
7.002221, 5.896666
7.043665, 5.909618
7.099862, 5.897032
7.158453, 5.894742
7.233124, 5.900290
7.302357, 5.909677
7.383915, 5.931350
7.417720, 5.948077
7.532271, 6.001513
7.591665, 6.030873
7.666421, 6.056139
7.731848, 6.113712
7.800229, 6.132381
7.860056, 6.153370
7.958036, 6.170518
8.006310, 6.171371
0ca89751-efd9-4e6b-888c-9d3fa2a7c71e
6.548368, 5.211212
6.588745, 5.214696
6.649409, 5.218430
6.683739, 5.222042
6.724428, 5.238512
6.906030, 5.288599
6.959741, 5.298408
7.004858, 5.303603
7.046904, 5.308442
7.079337, 5.315185
7.114569, 5.322508
7.134698, 5.330869
7.252015, 5.369900
7.289712, 5.377679
7.314926, 5.384381
7.345706, 5.394083
7.376012, 5.405175
7.405783, 5.417635
7.442789, 5.428225
7.477081, 5.436454
7.511697, 5.443191
7.546572, 5.448426
7.581641, 5.452148
7.616839, 5.454349
7.652098, 5.455026
7.682345, 5.457076
7.711424, 5.457518
7.732292, 5.462297
7.880810, 5.518906
7.929033, 5.524500
7.967766, 5.532007
8.009327, 5.540062
8.061924, 5.553305
8.113950, 5.571034
8.181757, 5.589399
8.252436, 5.602339
8.329127, 5.614858
8.399413, 5.623299
8.481728, 5.627153
8.559411, 5.629293
8.628652, 5.629702
8.668866, 5.629940
8.720227, 5.633199
f49c88e8-f68f-4730-8a2d-1c2dee3474f6
6.525673, 9.169961
6.581834, 9.197902
6.639118, 9.248775
6.652797, 9.295614
6.765358, 9.351857
6.840701, 9.352823
6.914315, 9.348524
6.999273, 9.345639
7.083886, 9.342766
7.164381, 9.335540
7.221609, 9.340383
a9615724-eb91-4512-9523-5f8b500778a0
6.550752, 9.167392
6.606098, 9.305884
6.611622, 9.351952
6.650580, 9.522586
6.658972, 9.568121
6.670959, 9.610907
6.685246, 9.658054
6.700525, 9.704889
6.715458, 9.737657
6.736829, 9.782044
6.763128, 9.827369
6.784656, 9.868362
6.802682, 9.906895
7487ceb7-e80b-47a5-a063-80ffacb731d8
6.491709, 9.165086
6.661855, 9.247010
6.721417, 9.263521
6.750804, 9.276834
6.789320, 9.294280
6.827836, 9.311728
6.969478, 9.396589
062a5d8d-39a0-4ec9-bc28-5575368d51ae
6.216093, 8.522091
6.088178, 8.524474
6.045645, 8.532601
6.023698, 8.546283
5.981124, 8.571048
5.956801, 8.586913
5.932450, 8.608147
5.911421, 8.630453
