main root
6.565894, 4.710043
6.476183, 4.935634
6.450997, 5.183808
6.459360, 5.329871
6.478108, 5.509315
6.520323, 5.764845
6.510792, 5.866739
6.502434, 6.069648
6.481937, 6.251473
6.453792, 6.386091
6.429216, 6.566082
6.417378, 6.729035
6.405969, 6.922531
6.393606, 7.061577
6.380291, 7.187626
6.365759, 7.305107
6.351158, 7.440153
6.330099, 7.556413
6.313065, 7.674131
6.292837, 7.799264
6.278031, 7.917292
6.268517, 8.027142
6.267432, 8.137754
6.264413, 8.231097
6.257504, 8.316427
6.255414, 8.394358
6.261066, 8.501606
6.259629, 8.694652
6.275794, 8.791325
6.295020, 8.880720
6.355688, 8.972281
6.421985, 9.040249
6.505210, 8.976880
6.403904, 9.073335
6.390084, 9.117612
6.417250, 9.184638
6.389610, 9.309930
6.345217, 9.388478
6.311266, 9.489236
6.305829, 9.528807
6.263162, 9.637992
6.221836, 9.677950
6.237424, 9.724617
6.222702, 9.867707
6.203177, 10.012964
6.180860, 10.100320
6.145515, 10.213099
6.129423, 10.313954
6.102910, 10.412997
6.091339, 10.464242
e41490cc-1f8d-4ef6-b818-2a976116aa7b
6.529682, 5.222268
6.573911, 5.205770
6.617755, 5.192629
6.670616, 5.163964
6.715035, 5.148045
6.826312, 5.141118
6.932494, 5.059892
6.982579, 5.033767
7.030473, 5.018276
7.104449, 5.003190
7.198307, 4.992637
7.253532, 4.983416
7.338703, 4.972915
7.410747, 4.972386
7.520571, 4.984275
7.613137, 4.985834
7.706057, 4.985293
7.780139, 4.984863
7.833352, 4.996688
0510fccf-36d3-4b3a-851d-89466fb3f19c
6.396918, 5.194304
6.336934, 5.241029
6.220701, 5.277429
6.138878, 5.300879
6.094036, 5.318046
6.017786, 5.364900
5.934609, 5.411357
5.873625, 5.438192
5.822420, 5.453791
5.763711, 5.463004
5.644466, 5.468897
5.594456, 5.468372
5.550617, 5.458931
5.465456, 5.449774
5.406808, 5.437448
5.328692, 5.424087
5.253582, 5.411239
5.155085, 5.384876
5.019052, 5.404893
4.938177, 5.425179
4.848512, 5.441124
4.777054, 5.440941
4.667164, 5.434312
4.565890, 5.421845
4.487993, 5.410167
4.421037, 5.426872
614fb1bd-9e1f-4544-8658-7b48445f23ad
6.468836, 5.542798
6.384399, 5.631471
6.356666, 5.660596
6.310978, 5.736325
6.231896, 5.797968
6.183484, 5.835706
6.139702, 5.863276
6.031175, 5.909059
5.974307, 5.939801
5.909682, 5.986729
5.862178, 6.013534
5.814149, 6.031210
5.758259, 6.089856
5.699156, 6.120290
5.613345, 6.171611
5.524426, 6.222222
d099e411-4672-4474-aecb-01948ba440f0
6.562400, 5.662661
6.636031, 5.670661
6.754025, 5.720678
6.896581, 5.765744
7.002221, 5.769666
7.043665, 5.782618
7.099862, 5.770032
7.158453, 5.767742
7.233124, 5.773290
7.302357, 5.782678
7.383915, 5.804350
7.417720, 5.821077
0ca89751-efd9-4e6b-888c-9d3fa2a7c71e
6.548368, 5.084211
6.588745, 5.087696
6.649409, 5.091430
6.683739, 5.095042
6.724428, 5.111512
6.906030, 5.161599
6.959741, 5.171408
7.004858, 5.176603
7.046904, 5.181442
7.079337, 5.188185
7.114569, 5.195508
7.134698, 5.203869
7.252015, 5.242899
7.289712, 5.250679
7.314926, 5.257381
7.345706, 5.267083
7.376012, 5.278175
7.405783, 5.290635
7.442789, 5.301226
7.477081, 5.309454
7.511697, 5.316191
7.546572, 5.321426
7.581641, 5.325148
7.616839, 5.327349
7.652098, 5.328026
7.682345, 5.330076
7.711424, 5.330517
7.732292, 5.335297
f49c88e8-f68f-4730-8a2d-1c2dee3474f6
6.525673, 9.042961
6.581834, 9.070902
6.639118, 9.121775
6.652797, 9.168614
a9615724-eb91-4512-9523-5f8b500778a0
6.550752, 9.040392
6.606098, 9.178885
6.611622, 9.224952
