main root
7.591481, 4.926886
7.715691, 5.030969
7.819052, 5.167733
7.937132, 5.374839
7.987778, 5.525989
8.013761, 5.675758
8.021133, 5.801095
8.013729, 5.907269
7.957689, 6.132393
7.912984, 6.295890
7.851754, 6.475942
7.807568, 6.572171
7.757303, 6.651663
7.695917, 6.740398
7.660236, 6.786715
7.617758, 6.828133
7.487267, 6.959691
7.383876, 7.237100
7.352588, 7.319598
7.321878, 7.390901
7.296334, 7.456931
7.284995, 7.487528
7.252786, 7.624275
7.242770, 7.675846
7.233605, 7.720439
b5e727e4-5c69-4249-8883-410d50712e21
7.877551, 5.242415
8.004912, 5.235889
8.070459, 5.216670
8.169978, 5.222216
8.245069, 5.194208
8.362580, 5.143654
8.478625, 5.091445
8.583768, 5.048561
8.638964, 5.029281
8.691389, 5.011667
4abc50de-004a-4a83-baca-a48cbf5f9130
7.917462, 5.338844
7.820556, 5.356501
7.799097, 5.346290
7.766270, 5.337301
7.649777, 5.348125
7.469636, 5.391584
7.355005, 5.414895
7.266915, 5.439287
7.204629, 5.461193
7.146022, 5.478550
80312ec1-fe98-415c-bb09-7378afe61613
7.778733, 5.135826
7.715245, 5.188253
7.735166, 5.160047
7.837338, 5.048343
7.907021, 4.996367
7.953087, 4.978209
8.062694, 4.936926
8.089434, 4.929445
8.176672, 4.902845
8.218194, 4.891749
8.259239, 4.895707
d2bc3b99-a031-4398-a532-c8fe6b2c1124
7.990141, 5.663849
7.914204, 5.689196
7.841948, 5.713308
7.769687, 5.737423
7.716422, 5.753620
7.669780, 5.761547
0e1026de-7932-4942-a5c9-b68360199269
8.056033, 5.753100
8.115300, 5.899855
8.113695, 6.059565
8.133966, 6.179771
8.195176, 6.305972
8.243885, 6.407163
8.262444, 6.447554
