main root
6.854374, 4.376231
6.746164, 4.707100
6.705893, 4.810391
6.700873, 5.040405
6.695723, 5.206556
6.679960, 5.335023
6.656212, 5.431459
6.626228, 5.548742
6.616428, 5.653788
6.614107, 5.716999
6.635772, 5.897883
6.637072, 5.946499
6.634152, 6.005208
6.627946, 6.069717
6.626035, 6.152100
6.622806, 6.226748
6.626790, 6.273167
6.632935, 6.327253
6.646232, 6.378010
6.659742, 6.441393
6.672550, 6.494299
6.685197, 6.548613
872bad0a-76d6-473d-b044-1cf8699994d7
6.836834, 4.491567
6.893250, 4.633085
6.916091, 4.671147
6.937811, 4.707344
6.958285, 4.735602
