main root
6.942131, 4.193476
6.943762, 4.500037
6.939218, 4.663402
6.972593, 4.789351
6.998863, 4.921066
7.032229, 5.077898
7.072109, 5.234350
7.085376, 5.327557
7.084906, 5.413531
7.080073, 5.523465
7.063221, 5.617732
7.043853, 5.726078
7.024484, 5.834422
7.000969, 5.941912
6.979504, 6.049937
6.963883, 6.150257
6.961069, 6.250839
6.962218, 6.361090
6.963366, 6.471147
6.958164, 6.581113
6.951245, 6.682583
6.936903, 6.799897
6.916297, 6.916282
6.898583, 7.016331
6.887159, 7.117256
6.863440, 7.233013
6.833548, 7.347363
6.803461, 7.494332
6.777537, 7.651611
6.745500, 7.781830
6.708159, 7.902526
6.679524, 8.030550
6.655829, 8.165157
6.634023, 8.264635
6.624477, 8.337659
6.615696, 8.404820
6.613418, 8.531177
6.614989, 8.610385
6.609857, 8.653196
6.598178, 8.725501
6.583559, 8.797270
6.568359, 8.871912
6.550599, 8.929154
6.526058, 8.998161
6.505095, 9.048192
6.445262, 9.141602
6.370613, 9.231779
6.323234, 9.303105
6.281927, 9.370708
6.247183, 9.456292
6.223478, 9.538572
6.212635, 9.630298
6.201818, 9.696346
6.190799, 9.745135
6.172646, 9.793801
ff7f5ad1-7be2-4c3b-ba32-77340ee32cde
6.927048, 4.977651
6.904200, 4.985836
6.872674, 4.989573
6.844832, 4.995885
6.815741, 5.005546
6.773682, 5.022665
6.710148, 5.054229
0b7c2e44-8e02-49ba-b00f-32cf01ad78cf
6.933988, 4.274420
6.857215, 4.365404
0b3e3f30-8e4e-40dd-9e88-8954216b934d
6.946056, 4.403217
6.888439, 4.572898
