main root
5.896407, 3.172914
5.654649, 3.791988
5.486863, 4.323474
5.355080, 4.835682
5.324122, 5.233692
5.663765, 5.888028
5.794776, 6.293408
5.829375, 6.723555
5.799889, 7.382877
5.494632, 8.248021
5.397289, 8.819075
5.446428, 9.624044
5.548951, 10.338329
b7369510-e6ca-48b1-bc86-af2c8d65037b
5.783126, 3.466179
5.646745, 3.643264
5.430264, 3.810392
5.170610, 3.959438
4.854305, 4.163111
4.506955, 4.433709
4.141792, 4.765829
02ee8276-180a-4c63-8b47-3b0efda264b4
5.776614, 3.465152
5.364603, 3.904488
d807605a-f25c-461d-b6be-82b52c72e31f
5.430903, 3.469165
5.849055, 3.294944
