main root
6.919333, 4.415101
6.945282, 4.643375
6.962194, 4.721642
7.008319, 4.812563
7.066962, 4.951740
7.120592, 5.098729
7.156971, 5.198438
7.190787, 5.284983
7.216268, 5.367292
7.243161, 5.447157
7.268352, 5.528461
7.291555, 5.610353
7.314635, 5.691815
7.337256, 5.766165
7.349540, 5.827917
7.359237, 5.891997
7.367037, 5.985725
7.369423, 6.050488
7.368814, 6.115292
7.365835, 6.208633
7.360776, 6.273249
7.355491, 6.340780
7.339761, 6.433909
7.329524, 6.512493
7.314518, 6.581344
7.292579, 6.672124
7.275564, 6.736156
7.254982, 6.796126
7.243342, 6.843872
7.230599, 6.915105
7.219881, 6.983517
7.213139, 7.055565
7.202775, 7.118115
7.196964, 7.192007
7.190280, 7.257922
7.187459, 7.330228
7.175300, 7.430152
7.159860, 7.479613
7.148784, 7.565949
7.110309, 7.657669
7.085779, 7.708405
7.065549, 7.777757
7.044881, 7.827230
7.030076, 7.901499
7.013786, 7.952582
7.003550, 8.024096
6.990072, 8.075992
6.981608, 8.144306
6.971718, 8.199787
6.961317, 8.258137
6.955759, 8.323430
6.958918, 8.392196
6.957830, 8.433745
6.956998, 8.465485
7.000493, 8.725556
7.003377, 8.779087
7.012868, 8.843917
7.013131, 8.887033
7.016504, 8.949265
7.022866, 9.011266
7.025634, 9.067544
7.031684, 9.129576
7.037438, 9.188556
7.033381, 9.239471
7.014943, 9.282433
7.033678, 9.314506
7.058130, 9.466605
7.068834, 9.559689
7.079473, 9.652211
7.079686, 9.727709
7.075742, 9.821324
7.065373, 9.889663
7.052686, 9.963296
7.040107, 10.036303
7.028041, 10.093639
6.980539, 10.294970
6.967528, 10.376263
6.948566, 10.418978
6.917681, 10.488513
6.888300, 10.561991
6.860034, 10.632630
6.830085, 10.699375
6.800426, 10.772742
6.770241, 10.839377
6.737340, 10.904718
6.712958, 10.959761
6.717689, 11.003515
6.676054, 11.119852
6.653810, 11.200469
6.627068, 11.281794
6.602312, 11.352289
6.576149, 11.422274
6.538566, 11.516765
6.500316, 11.619333
1e318c00-01cd-4413-80c9-371dc4b98992
6.904797, 4.495626
6.751045, 4.602172
6.634903, 4.651540
6.567506, 4.691832
6.519258, 4.719361
6.438878, 4.767751
6.387151, 4.802403
6.341201, 4.798189
6.316527, 4.821996
6.238452, 4.854667
6.207556, 4.870840
6.135400, 4.909129
6.069330, 4.940800
6.000616, 4.973740
5.931902, 5.006680
5.863890, 5.037623
5.795273, 5.067198
5.728149, 5.098432
5.693864, 5.109433
2ef635b9-62bd-4cd0-8608-e8abd26e3599
6.924124, 4.561918
6.815690, 4.606877
6.770827, 4.643921
6.750999, 4.686687
6.737645, 4.715492
6.694674, 4.753217
3237983a-6cb2-484d-b8a0-d5bc570e7532
6.908352, 4.740916
6.860387, 4.801364
6.836282, 4.837783
6.801075, 4.886268
6.777863, 4.963023
6.767512, 4.981738
6.747028, 5.018770
6.659481, 5.195766
df0918ed-9168-4e4f-ab28-d0d55421ebab
7.013342, 4.873140
6.934034, 4.932795
6.910454, 4.958524
6.889278, 4.988274
6.796932, 5.060971
6.749375, 5.106033
6.706651, 5.136208
6.658254, 5.170385
6.611572, 5.203349
6.584918, 5.225831
6.585983, 5.260284
6.565329, 5.283609
6.538538, 5.311604
6.506522, 5.362835
6.475349, 5.407463
6.441935, 5.450439
6.405795, 5.492386
6.367591, 5.532462
6.327725, 5.583264
6.293790, 5.614386
6.275941, 5.638130
64db990b-1697-451a-99ce-97bb1414fe00
7.083809, 4.861817
7.117434, 4.895902
7.165896, 4.949287
7.214213, 5.004740
7.256081, 5.049572
7.325914, 5.097974
7.371802, 5.138343
7.433197, 5.197876
7.489447, 5.264211
7.549684, 5.335247
7.578208, 5.378141
7.608047, 5.428420
7.628028, 5.477676
70e294a3-7989-4b6c-944e-dc3c3ee4ce1c
6.985710, 4.898735
6.880619, 4.995918
6.802095, 5.057094
6.751085, 5.094353
6.572094, 5.238961
6.481233, 5.315655
6.456355, 5.338981
6.438017, 5.350404
6.411009, 5.365796
6.382300, 5.384202
6.356399, 5.395810
6.324540, 5.415315
6.297413, 5.430497
6.269713, 5.444607
6.241483, 5.457623
6.211299, 5.473496
6.181984, 5.490920
6.155116, 5.505475
6.127224, 5.519201
6.098816, 5.531826
6.067380, 5.551017
05c5a4b4-3e92-4968-a2ae-c3acbe4b8181
7.141619, 5.161138
7.099901, 5.190009
7.079370, 5.211527
7.040625, 5.268464
7.005553, 5.296545
6.967335, 5.321614
6.932366, 5.350131
921669b6-9d84-4754-af0a-443c93388b95
7.236777, 5.441327
7.199808, 5.472362
7.152316, 5.525437
7.135153, 5.540300
7.114947, 5.550030
7.074539, 5.576261
7.045204, 5.591871
7.022734, 5.603958
50a052b9-f60a-4bc6-b2b3-c84cce55b899
7.272856, 5.550428
7.242857, 5.571813
7.212843, 5.622255
7.178757, 5.658654
7.145340, 5.689958
7.107532, 5.727067
6d3591de-a34e-4aeb-8351-28668b142101
7.239253, 7.330425
7.321011, 7.380038
7.362510, 7.424389
7.392946, 7.461297
7.422746, 7.492730
7.450938, 7.515940
7.503229, 7.558990
7.538707, 7.590136
7.559669, 7.608870
31f9041c-fd9d-4a4d-8093-848a47a63860
7.185579, 7.494007
7.202945, 7.567017
7.210621, 7.600248
8e9d2134-b68c-4af9-91b6-6af32c488afc
7.243488, 7.444332
7.283147, 7.482830
7.321420, 7.524159
7.375558, 7.558502
