main root
6.324600, 5.329767
6.239259, 5.543827
6.182756, 5.689621
6.149575, 5.937859
6.114135, 6.186041
6.078770, 6.464878
6.019036, 6.691436
5.987629, 6.876973
5.973743, 6.971645
5.968103, 7.052966
5.968540, 7.136589
5.971054, 7.220816
5.973579, 7.305439
5.980549, 7.397937
5.976134, 7.508314
5.970219, 7.581342
5.968347, 7.641532
5.972498, 7.700592
5.987430, 7.784930
5.989458, 7.839310
5.986363, 7.923305
5.981157, 8.008266
5.976648, 8.057383
5.973164, 8.128090
5.968826, 8.185719
5.965121, 8.254866
5.961497, 8.322497
5.961155, 8.384825
5.962319, 8.445592
5.963616, 8.513314
5.961701, 8.569634
5.961132, 8.630413
5.957532, 8.695120
5.954240, 8.754290
5.945303, 8.807158
5.937876, 8.869052
5.928657, 8.908192
5.915897, 8.955842
5.897318, 9.019431
5.879340, 9.086304
5.860699, 9.149877
5.841639, 9.214875
5.820199, 9.287994
5.801492, 9.341150
5.783649, 9.400873
5.767689, 9.459520
5.750954, 9.526711
5.737278, 9.594010
5.724441, 9.672208
5.714566, 9.750837
5.706371, 9.828111
5.697896, 9.893828
5.691398, 9.944213
5.681232, 9.999641
5.669338, 10.056194
5.654241, 10.120702
5.637691, 10.184848
5.626077, 10.235859
5.608785, 10.298319
5.596103, 10.360960
5.582662, 10.427344
5.572072, 10.487190
5.562698, 10.557349
5.557746, 10.639613
5.551763, 10.714083
5.547694, 10.764716
5.541576, 10.822182
5.534867, 10.871051
5.530517, 10.924753
5.522993, 10.999086
5.517877, 11.049632
5.511909, 11.108594
5.505942, 11.167556
5.499974, 11.226518
5.495345, 11.287119
5.490186, 11.354651
5.484292, 11.412148
5.481394, 11.484465
5.477245, 11.550597
5.472664, 11.599710
5.469297, 11.651923
5.466029, 11.702621
5.465009, 11.764951
5.459623, 11.819653
5.454646, 11.870202
5.451535, 11.901799
485dd8ec-723b-4fd2-a038-ab14c9ebbe55
6.391301, 5.406680
6.432558, 5.424228
6.488637, 5.458508
6.529716, 5.473540
6.569764, 5.487844
6.629331, 5.506200
6.687839, 5.522663
6.733050, 5.538495
6.790892, 5.557164
6.821368, 5.570145
6.860266, 5.591596
6.902715, 5.616713
6.944386, 5.643108
6.983168, 5.671216
7.026974, 5.706663
7.066733, 5.744612
7.107716, 5.779588
7.154907, 5.817897
7.194351, 5.849916
7.240365, 5.887269
7.271127, 5.914167
7.300882, 5.942175
7.337875, 5.976994
7.378914, 6.017678
7.412874, 6.053451
7.449965, 6.090349
7.481744, 6.126184
7.521068, 6.170527
7.562501, 6.214994
7.610790, 6.264621
7.646218, 6.301031
7.689664, 6.343534
7.740195, 6.390876
7.773038, 6.425749
7.813674, 6.468895
7.856421, 6.512101
7.910408, 6.560282
7.956717, 6.605623
8.001183, 6.647066
8.050735, 6.693249
8.091977, 6.733733
8.123998, 6.769359
8.163617, 6.813441
8.189800, 6.844812
8.214817, 6.877121
8.243819, 6.917022
8.275780, 6.958448
8.300346, 6.990289
655e23ff-cf9f-4dfe-a55f-bfef6a5eec7e
6.339760, 5.517178
6.391999, 5.586450
6.442030, 5.636258
6.477667, 5.665491
6.508057, 5.691534
6.544522, 5.724755
6.579961, 5.759067
6.618574, 5.794367
6.651839, 5.828835
6.692997, 5.871481
6.732041, 5.914091
6.762132, 5.951362
6.799362, 5.997475
6.838697, 6.043813
6.875793, 6.082886
6.922948, 6.126034
6.975031, 6.171664
7.011129, 6.205278
7.048306, 6.239897
7.093796, 6.280212
7.129703, 6.314035
7.164564, 6.348929
7.194117, 6.384863
7.230598, 6.424509
7.272842, 6.468205
7.308151, 6.504730
7.349346, 6.547342
7.388424, 6.589919
7.420662, 6.627255
7.449637, 6.665394
7.483393, 6.712299
7.522960, 6.767278
7.563844, 6.816402
7.607171, 6.868461
7.649301, 6.914401
7.689358, 6.958082
7.729413, 7.001760
7.769469, 7.045439
7.811639, 7.089209
7.844768, 7.125751
7.881004, 7.163494
7.916186, 7.200137
7.955115, 7.242845
7.977241, 7.269340
7.992771, 7.290271
8.009999, 7.310980
675a0302-66ab-4e6f-a0a8-d616321dae3e
6.222104, 5.421323
5.992669, 5.451714
5.945565, 5.472323
5.909239, 5.485956
5.870892, 5.500077
5.824111, 5.515709
5.779118, 5.535478
5.730308, 5.561828
5.683789, 5.592043
5.628306, 5.622727
5.582683, 5.651380
5.532967, 5.680835
5.492132, 5.701549
5.453805, 5.717633
5.403511, 5.733871
5.356131, 5.747595
5.308358, 5.759875
5.261309, 5.768878
5.201913, 5.781768
5.135719, 5.796133
5.076434, 5.813593
5.010452, 5.834587
4.943964, 5.858881
4.886513, 5.883061
4.830286, 5.909974
4.776825, 5.935563
4.738139, 5.950761
4.700427, 5.962360
4.655877, 5.972930
4.601540, 5.981208
4.551322, 5.988858
4.490222, 6.001194
4.429785, 6.016450
4.373406, 6.029136
4.321582, 6.043867
4.264575, 6.060071
4.210583, 6.080085
4.165819, 6.095083
