main root
6.689928, 4.928330
6.522790, 5.290339
6.446931, 5.441744
6.428385, 5.572864
6.393576, 5.699529
6.373363, 5.788924
6.358733, 5.918319
6.341881, 6.048741
6.326691, 6.166296
6.310416, 6.292251
6.300285, 6.419809
6.295080, 6.538640
6.294487, 6.648900
6.291779, 6.758899
6.290967, 6.877619
6.283925, 6.979412
6.283260, 7.080969
6.282595, 7.182569
6.281985, 7.275699
6.277165, 7.369280
6.271504, 7.479207
6.267953, 7.589288
6.262561, 7.690839
6.256277, 7.809207
6.255790, 7.937165
6.255339, 8.055697
6.259150, 8.165893
6.256606, 8.275942
6.256176, 8.386080
6.257822, 8.504789
6.261579, 8.623455
6.261100, 8.741725
6.262770, 8.851851
6.259920, 8.937416
6.258017, 8.994535
6.246929, 9.040848
56f92c14-9186-4a2e-8007-367fd6d2ad73
6.649012, 5.153603
6.694528, 5.201855
6.712232, 5.223064
6.742678, 5.261873
6.774034, 5.301842
6.807775, 5.337575
6.849918, 5.382206
6.873833, 5.405352
ebec6459-bb32-439a-8519-8dca15f035c4
6.574147, 5.348814
6.614349, 5.367838
6.648868, 5.382517
02a9afe2-6cc6-44ac-b885-b1e0b47c4725
6.698200, 5.046646
6.734948, 5.071532
6.751464, 5.085120
