main root
6.068910, 4.944333
6.072347, 5.364812
6.077249, 5.493703
6.058969, 5.574119
6.038437, 5.702298
6.024206, 5.830924
6.009595, 5.975207
6.001556, 6.096422
5.993152, 6.223149
5.978517, 6.348653
5.970951, 6.485591
5.960653, 6.618464
5.941235, 6.766431
5.934147, 6.921178
5.920907, 7.077399
5.911907, 7.219971
5.900624, 7.298223
5.902536, 7.330559
5.929554, 7.458906
5.943346, 7.577078
5.940478, 7.680232
5.941392, 7.799181
5.936063, 7.925417
5.939320, 8.069562
5.946283, 8.191296
5.958916, 8.300983
5.962568, 8.387069
5.963881, 8.453311
5.958992, 8.508815
401d72b4-d83a-4f8a-bb91-60b13cfe06cb
6.099429, 5.085229
6.200662, 5.066892
6.278804, 5.051953
6.339407, 5.149956
6.352763, 5.171559
6.375002, 5.182175
6.413473, 5.205515
6.438189, 5.222577
6.533564, 5.246911
6.633022, 5.284957
6.701905, 5.312910
6.786964, 5.345144
6.824670, 5.362635
ace56792-cd41-4f55-beb5-690e9507a33e
6.142567, 5.414434
6.220093, 5.458610
6.279988, 5.497909
6.335177, 5.541326
6.375138, 5.565194
6.439160, 5.599989
6.493722, 5.622872
6.575549, 5.647454
6.616908, 5.667692
6.691893, 5.709003
6.758633, 5.745769
6.804173, 5.773260
83f3981f-cad8-4c72-9ba2-c5e9d546ec11
6.144202, 5.350828
6.214022, 5.307559
6.256867, 5.287433
