main root
7.016539, 4.566846
7.033788, 4.785366
7.010216, 5.089047
6.995793, 5.277066
6.970628, 5.427013
6.935144, 5.579294
6.904254, 5.678138
6.854198, 5.787664
6.791184, 5.909186
6.731982, 6.030426
6.676105, 6.162804
6.622034, 6.306547
6.597334, 6.412267
6.578508, 6.537134
6.572860, 6.642175
6.581217, 6.770927
6.594370, 6.912750
6.611869, 7.056551
6.625390, 7.218558
6.635412, 7.388500
6.638840, 7.551041
6.646539, 7.719393
6.657934, 7.878848
6.667513, 8.031106
6.672530, 8.144510
6.689367, 8.258067
6.725193, 8.394896
6.769676, 8.501505
6.828522, 8.600911
6.893097, 8.695136
6.928190, 8.770340
6.958687, 8.837172
6.964467, 8.935250
6.941238, 9.038889
6.857575, 9.174398
6.807632, 9.277764
6.764352, 9.367340
6.723864, 9.428917
6.651671, 9.474206
6.601394, 9.510924
6.540527, 9.551666
6.493858, 9.579297
6.412648, 9.658953
6.371808, 9.703197
6.333383, 9.753645
6.288642, 9.824736
6.253222, 9.878205
6.223939, 9.923439
9ec62ec3-be58-43f3-809e-183eb3b0a8d3
6.808323, 8.636524
6.736931, 8.721361
6.693100, 8.772307
6.687131, 8.807734
6.665258, 8.844554
d83b3f5f-bbe1-4711-9209-9a953e947503
6.753974, 8.551455
6.665499, 8.606425
6.621374, 8.645612
6.570731, 8.687519
880a75de-0554-49f2-8134-9a3bea723aa6
6.664953, 8.271245
6.538999, 8.309031
6.454428, 8.347969
6.371694, 8.385905
6.299973, 8.415788
41924438-602c-4658-83a9-5f3a4cb8317e
6.728130, 8.108862
6.768648, 8.119515
6.842446, 8.127347
6.943907, 8.131963
7.005209, 8.136869
7.065474, 8.151458
2287f3c3-c791-4b12-903d-3e0143490953
7.017329, 4.915233
6.901100, 4.868306
6.875503, 4.848282
6.835469, 4.864611
11f73c11-4cd3-4617-a0e6-6c41956c592b
7.000152, 5.057413
6.916480, 5.076574
6.832810, 5.095735
