main root
5.972509, 5.264978
5.935678, 5.476837
5.914222, 5.728211
5.878646, 6.023817
5.837596, 6.220891
5.784276, 6.398796
5.734067, 6.615448
5.719011, 6.743947
5.761988, 7.045263
5.769487, 7.216011
5.777557, 7.386252
5.781292, 7.509492
5.795585, 7.633775
5.804897, 7.751681
5.815677, 7.861290
5.817399, 7.924673
5.817635, 8.009791
5.820826, 8.080512
5.824260, 8.156633
5.828971, 8.227840
5.836826, 8.283747
5.850142, 8.346255
5.862491, 8.404218
5.883695, 8.482201
5.909687, 8.561987
5.928045, 8.618340
5.953951, 8.678532
5.984076, 8.748528
6.014199, 8.818520
6.042357, 8.887731
6.062031, 8.948004
6.081160, 9.011429
6.100718, 9.076280
6.120855, 9.148233
6.142799, 9.215537
6.162646, 9.286066
6.176855, 9.342084
6.193506, 9.407732
6.210421, 9.480507
6.220364, 9.543121
6.229273, 9.608771
6.238381, 9.675883
6.253397, 9.753141
6.273200, 9.831501
6.284344, 9.893919
6.299720, 9.963013
6.312701, 10.035124
6.317987, 10.089833
6.329402, 10.161283
6.344739, 10.244142
6.352242, 10.292897
6.356555, 10.340606
6.360267, 10.398273
6.366208, 10.467270
6.372018, 10.534753
6.375483, 10.592435
6.381127, 10.661446
6.386647, 10.728943
6.394474, 10.806270
6.401295, 10.873667
6.413887, 10.953492
6.429061, 11.036381
6.434724, 11.083940
6.443395, 11.144094
6.449668, 11.208605
6.457040, 11.268943
6.463586, 11.334867
6.470279, 11.402270
6.474499, 11.459908
6.476240, 11.524698
6.479369, 11.585395
6.481283, 11.651613
6.480783, 11.686129
6.479932, 11.757919
6.483949, 11.812451
6.482801, 11.857985
6.479917, 11.906076
6.479006, 11.943395
6.481999, 11.997619
6.482986, 12.045786
6.482303, 12.093957
6.486022, 12.148323
6.483042, 12.192460
6.481153, 12.242626
6b1c47df-7052-4a05-aea2-1f2c3151adc4
5.886615, 5.326010
5.780617, 5.439805
5.794563, 5.650505
5.790013, 5.773230
5.691923, 5.885619
5.585952, 5.975488
5.479335, 6.110068
5.416005, 6.168276
5.377288, 6.221001
5.310471, 6.308420
5.250015, 6.377066
5.184462, 6.435498
5.104227, 6.498518
5.016421, 6.555545
4.989965, 6.572037
4.968411, 6.585474
4.932629, 6.639700
4.899571, 6.676211
4.861979, 6.719960
4.817196, 6.762890
4.774410, 6.803907
4.731535, 6.849157
4.690712, 6.890065
4.654827, 6.923906
4.618055, 6.952412
4.592696, 6.973964
4.561881, 7.002119
4.529065, 7.032101
4.500571, 7.079646
4.484883, 7.097090
4.456807, 7.132787
4.429640, 7.157645
4.400157, 7.180560
4.380103, 7.196147
4.244515, 7.401862
4.096289, 7.574980
4.026499, 7.672442
3.945447, 7.811985
3.892587, 7.885894
3.873449, 7.917252
3.841090, 7.961653
3.802182, 8.022665
3.750730, 8.091776
3.719473, 8.126240
3.708198, 8.152209
3.680625, 8.188170
db9ad5df-7f64-4cd2-a4da-5351d653c211
5.856394, 5.792464
5.752877, 5.852144
5.699733, 5.899053
5.598445, 5.964541
5.615897, 6.014081
5.486738, 6.104050
5.444175, 6.139047
5.401987, 6.184693
5.349008, 6.260609
5.290130, 6.333952
5.229007, 6.396575
5.144750, 6.467753
5.070563, 6.527656
4.984562, 6.583504
4.991443, 6.618724
4.955637, 6.656525
4.926532, 6.687251
4.891764, 6.727294
4.864016, 6.759252
4.836269, 6.791210
4.797114, 6.831740
4.755934, 6.874367
4.714609, 6.908527
4.668528, 6.950503
4.624908, 6.986185
4.585540, 7.033857
4.547399, 7.075343
4.507640, 7.127433
4.471400, 7.172448
4.442843, 7.200759
4.406764, 7.236525
4.364712, 7.269785
4.328375, 7.309974
4.288415, 7.349709
4.246380, 7.393616
4.199540, 7.442543
4.158601, 7.487470
4.114603, 7.540200
4.088837, 7.571078
4.029112, 7.668989
3.962400, 7.732057
3.927166, 7.772175
3.894938, 7.802066
3.859585, 7.834855
3.806151, 7.906605
3.779947, 7.934274
3.745071, 7.973274
3.710735, 8.002690
3.665566, 8.043359
3.604345, 8.101270
3.567498, 8.134064
3.540496, 8.160101
3.514478, 8.191426
3.482799, 8.238936
3.435195, 8.295238
4b37eadf-c548-4bf8-b1df-249300d53e03
5.820904, 5.793885
5.754986, 5.913295
5.729538, 5.959825
5.672667, 6.040966
5.653433, 6.050420
5.627766, 6.073846
5.596142, 6.110822
5.554660, 6.123360
5.543545, 6.141984
5.487413, 6.181657
5.445212, 6.215150
5.398787, 6.251995
