main root
6.968388, 4.471862
7.045992, 4.944311
7.039457, 5.084338
7.048721, 5.200693
7.053554, 5.286668
7.058004, 5.345270
7.043535, 5.445186
7.049827, 5.538374
7.052462, 5.640184
7.048584, 5.734155
7.046508, 5.835671
7.040616, 5.921083
7.034204, 6.013997
7.034520, 6.096398
7.028802, 6.166631
7.017137, 6.236123
7.006981, 6.314715
6.986600, 6.422902
6.970084, 6.515831
6.960681, 6.585845
6.955559, 6.657906
6.947970, 6.701698
6.930337, 6.759640
6.912681, 6.812413
6.905426, 6.848173
6.900076, 6.896998
6.900659, 6.974085
6.896649, 7.037212
6.889183, 7.122000
6.885962, 7.192717
6.884402, 7.259830
6.887755, 7.308860
6.896727, 7.374274
6.910704, 7.443121
6.928206, 7.506784
6.959043, 7.579420
6.968256, 7.620267
6.984945, 7.687474
6.999457, 7.752124
7.008925, 7.814815
7.024155, 7.885560
7.057605, 8.164911
7.074236, 8.376722
7.074306, 8.415847
7.074381, 8.457848
7.077485, 8.520102
7.080437, 8.579293
7.083390, 8.638482
7.090944, 8.699822
7.101525, 8.761245
7.113315, 8.820875
7.129971, 8.889685
7.143915, 8.947291
7.159668, 9.005999
7.169166, 9.052956
7.180918, 9.111048
7.190906, 9.167970
7.201418, 9.219226
7.211625, 9.268991
7.219999, 9.324714
7.227103, 9.382056
7.228339, 9.428569
7.231227, 9.480809
7.234964, 9.548437
7.238234, 9.607612
7.257421, 9.708765
7.268868, 9.837013
7.269381, 9.876454
7.269931, 9.918770
7.273429, 9.957704
7.280465, 10.002571
7.287021, 10.044381
7.293573, 10.086190
7.303549, 10.130500
7.311056, 10.170657
7.316896, 10.218196
7.325789, 10.278323
7.335702, 10.345333
7.344375, 10.403959
7.353048, 10.462582
7.365120, 10.523731
7.376596, 10.581873
7.384560, 10.637665
7.401402, 10.702696
7.414734, 10.766118
7.428700, 10.825279
7.449663, 10.894528
7.465555, 10.957360
7.483722, 11.016985
7.495394, 11.070694
7.506180, 11.120330
7.518767, 11.178245
7.527792, 11.233871
7.537283, 11.292375
7.548491, 11.352116
7.557859, 11.402044
7.568788, 11.460298
7.579718, 11.518548
7.594140, 11.579188
7.603759, 11.632569
7.608401, 11.666773
7.679493, 11.831171
7.699800, 12.091600
7.698257, 12.129558
7.696541, 12.171734
7.691264, 12.227846
7.685712, 12.286860
7.680163, 12.345859
7.678662, 12.409748
7.681456, 12.482045
7.684070, 12.549720
7.685459, 12.624424
7.683668, 12.689207
7.682032, 12.748445
7.681850, 12.809227
7.681647, 12.876962
7.711285, 13.081220
7.653964, 13.176161
7.557186, 13.228893
7.315633, 13.248758
6.921215, 13.277964
6.752916, 13.280851
6.351929, 13.275435
6.206660, 13.277445
6.072989, 13.272297
5.982703, 13.270803
f5ae9f27-4950-4c2d-9f89-b9c4cf2df0e0
7.057501, 6.078413
7.087354, 6.088998
7.216130, 6.165171
7.272673, 6.200425
7.316779, 6.233214
7.356359, 6.268233
7.399159, 6.314412
7.463497, 6.392137
7.523804, 6.477042
7.549681, 6.523814
7.574185, 6.574346
7.597541, 6.615716
7.619269, 6.648174
7.652816, 6.692963
7.720067, 6.767697
7.770479, 6.858474
7.805438, 6.924509
7.824600, 6.965137
7.867012, 7.026327
7.892431, 7.073511
7.924591, 7.126888
7.939443, 7.166040
7.956590, 7.219696
7.974622, 7.276131
8.000175, 7.336446
8.029173, 7.393383
8.050022, 7.444214
8.083912, 7.521374
8.105236, 7.581088
8.123078, 7.617695
8.164763, 7.682723
8.182981, 7.725009
8.218219, 7.801561
8.240587, 7.860894
8.266412, 7.925151
8.300353, 8.009603
8.326295, 8.058098
8415364c-2793-4e25-b4bf-ad3ce3eb1023
7.082179, 4.785998
7.131969, 4.790851
7.155887, 4.794435
7.309306, 4.869531
7.340787, 4.882996
7.362505, 4.893641
7.379641, 4.906759
7.407855, 4.926160
7.437023, 4.944097
7.462950, 4.961504
7.492315, 4.979113
7.522543, 4.995199
7.553551, 5.009724
7.574896, 5.021098
7.601848, 5.036871
7.619795, 5.052287
7.646876, 5.073243
7.674988, 5.092791
7.689942, 5.108350
7.714897, 5.131794
7.741016, 5.153937
7.764468, 5.171528
7.850814, 5.250925
7.892552, 5.281700
7.958050, 5.326275
8.018946, 5.369527
8.097732, 5.430675
8.145755, 5.477422
8.206429, 5.536483
8.246180, 5.579356
8.316532, 5.642128
8.350132, 5.682137
8.379745, 5.726726
8.407932, 5.758374
8.453639, 5.802941
8.496036, 5.844262
8.522948, 5.906467
8.564748, 5.962407
8.600158, 6.009819
8.635558, 6.057240
8.666758, 6.104062
8.703713, 6.154145
8.738840, 6.201770
8.778141, 6.250034
8.811283, 6.295499
8.846128, 6.343327
8.876784, 6.390507
8.909013, 6.440136
8.941232, 6.489774
8.969300, 6.538537
9.002898, 6.590932
9.034828, 6.640754
9.066750, 6.690585
9.086142, 6.720880
d84a5e3c-b34e-4113-9470-193795346ea2
6.982001, 4.596693
6.729499, 4.770606
6.695062, 4.792507
6.660766, 4.808999
6.615491, 4.834091
6.576029, 4.857672
6.539957, 4.884459
6.438593, 4.970792
6.406455, 4.998163
6.374658, 5.021285
6.339860, 5.050264
6.307229, 5.079386
6.286940, 5.093481
6.261989, 5.105346
6.214698, 5.131152
6.160881, 5.165634
6.103848, 5.202177
6.072192, 5.227792
6.019096, 5.274607
5.974774, 5.311690
5.935810, 5.344290
5.904406, 5.376423
5.866476, 5.408985
5.672168, 5.606307
5.654347, 5.624406
5.650784, 5.644522
5.623122, 5.688558
5.600175, 5.722275
5.573981, 5.752784
5.540888, 5.791327
5.503177, 5.828356
5.466950, 5.861830
5.429804, 5.892077
5.396975, 5.918810
5.364146, 5.945542
5.318406, 5.980856
5.283493, 6.005921
5.261829, 6.026999
5.226850, 6.067298
5.193999, 6.111996
5.177384, 6.132076
5.036013, 6.399885
5.013572, 6.448808
4.987536, 6.494802
4.962511, 6.539008
4.932748, 6.588547
4.906072, 6.630040
4.878149, 6.670705
4.848621, 6.708419
4.812342, 6.757185
4.771912, 6.811529
4.736538, 6.859079
4.701470, 6.908722
4.671804, 6.948128
4.641842, 6.992902
4.608880, 7.042160
4.576329, 7.093494
4.548662, 7.134333
4.520169, 7.176390
4.501961, 7.200597
2dfeb2fd-c9d8-40e6-a6d9-ae2e6bcdfbaf
7.046413, 4.902138
6.928691, 4.970789
6.891277, 4.995778
6.861577, 5.006676
6.837572, 5.020064
6.771533, 5.062900
6.645519, 5.126144
6.580697, 5.148623
6.542702, 5.161795
6.516859, 5.173921
6.482844, 5.193182
6.451535, 5.210909
6.428302, 5.227499
6.401768, 5.250123
6.369230, 5.281795
6.338850, 5.315546
6.310314, 5.342771
6.279734, 5.369879
6.259269, 5.386019
6.219825, 5.407853
5.965702, 5.546833
5.936590, 5.561049
5.905995, 5.580983
5.877188, 5.601539
5.849973, 5.619118
5.821085, 5.639559
5.794515, 5.652857
5.787153, 5.669669
5.770382, 5.682443
5.736989, 5.705996
5.702396, 5.730395
5.654325, 5.762473
5.611238, 5.794821
5.570315, 5.827417
5.516854, 5.873826
5.483287, 5.902964
5.338040, 6.046858
5.238265, 6.138341
4.982817, 6.416225
4.965361, 6.428579
4.931260, 6.450881
4.887875, 6.482831
4.841109, 6.511694
4.797882, 6.538374
4.746959, 6.571563
4.688464, 6.616832
4.628201, 6.663470
4.596396, 6.688084
4.554209, 6.708313
cca0448a-2392-4850-9fd0-4be06a345ee7
6.820780, 5.035357
6.760633, 4.940300
e16e05a8-0833-47b5-a131-23caedf94c8c
7.081752, 4.903893
7.136743, 4.933298
7.167201, 4.945370
7.200410, 4.965750
7.236500, 4.985627
7.255736, 4.993854
7.332908, 5.073667
7.349672, 5.093407
7.365231, 5.099774
7.392746, 5.112582
7.415172, 5.129624
7.439089, 5.145998
7.466202, 5.159195
7.494248, 5.174582
7.521508, 5.191318
7.550065, 5.208850
7.569398, 5.224232
7.593351, 5.247114
7.619728, 5.276450
7.652258, 5.308156
7.682573, 5.337701
7.712888, 5.367246
7.741087, 5.396818
7.770956, 5.425975
7.825815, 5.480059
7.848103, 5.508339
7.881649, 5.548483
7.912114, 5.587275
7.943489, 5.627226
7.974631, 5.659614
8.012609, 5.694788
8.060324, 5.734901
8.093370, 5.766592
8.119693, 5.795983
8.150048, 5.827634
8.170722, 5.853516
8.195040, 5.886356
8.218137, 5.920064
8.247422, 5.957509
8.276909, 5.992780
8.296665, 6.014079
8.371829, 6.106049
8.396504, 6.138606
8.424165, 6.172624
8.456211, 6.212036
8.480815, 6.244666
8.500382, 6.273104
8.531960, 6.341984
8.551146, 6.387427
8.570907, 6.434229
8.589334, 6.474027
8.613972, 6.516551
8.641484, 6.561052
8.668198, 6.604260
8.701427, 6.655158
8.731273, 6.698138
8.758169, 6.739494
8.785867, 6.782083
8.816107, 6.831325
8.846807, 6.875596
8.880583, 6.924302
8.904710, 6.959095
8.932782, 7.002202
64da9ce3-2b63-40dd-be49-e252b57cad44
7.051362, 5.331672
7.018011, 5.346858
6.951176, 5.366421
6.945723, 5.385622
6.816006, 5.453208
6.764717, 5.476556
6.706988, 5.517500
6.684849, 5.540542
6.336281, 5.769989
6.315626, 5.794528
6.271931, 5.839263
6.240894, 5.872991
6.219650, 5.902511
6.182314, 5.961854
6.162306, 6.002085
6.091337, 6.186214
6.033347, 6.256130
5.973892, 6.327811
5.925638, 6.390677
5.879242, 6.451123
5.820723, 6.523909
5.778509, 6.578802
5.738588, 6.642990
5.699932, 6.688139
5.665680, 6.730446
5.623630, 6.800057
5.595602, 6.855141
5.569471, 6.929600
5.550600, 6.969813
5.521628, 7.016244
be9c0114-83cb-4736-a964-e4eccb6377ee
7.064238, 5.535256
7.094659, 5.545469
7.143592, 5.575008
7.177842, 5.594024
7.225442, 5.623876
7.260497, 5.651159
7.294714, 5.681585
7.324795, 5.717941
7.393196, 5.765364
7.425860, 5.789833
7.460947, 5.810504
7.502669, 5.836821
7.551830, 5.862522
7.590788, 5.887955
7.635402, 5.915292
7.675787, 5.943655
7.751091, 5.979563
7.830491, 6.011024
7.872920, 6.043536
7.882960, 6.089723
7.885045, 6.108834
7.934072, 6.161733
7.988004, 6.205952
8.082466, 6.307891
2fed4c52-689c-400c-89b6-8743db619a5e
7.061943, 5.729694
7.025980, 5.750498
6.932171, 5.779246
6.814438, 5.844645
6.740941, 5.907716
6.697896, 5.940695
6.672140, 5.964182
6.478397, 6.062814
6.458452, 6.083926
6.412168, 6.132923
6.365700, 6.175489
6.324227, 6.223185
6.306903, 6.254426
6.276547, 6.321509
6.248014, 6.380937
6.215471, 6.458296
6.190891, 6.509008
6.171946, 6.571099
6.100700, 6.858610
6.083721, 6.920910
6.064250, 6.980964
6.033453, 7.069135
6.008359, 7.127360
5.994900, 7.162373
5.977375, 7.237159
5.963038, 7.304905
5.944397, 7.364074
5.916411, 7.452901
5.897625, 7.507548
5.879289, 7.565494
5.853745, 7.646215
5.833914, 7.698965
5.818271, 7.740571
5.813705, 7.773985
7a6e7aa8-823c-4a46-87fd-87d9d861aa36
7.045010, 8.024160
6.876640, 8.128391
6.750574, 8.157518
6.623028, 8.153680
6.565345, 8.150446
6.504608, 8.148540
6.427047, 8.150255
6.379995, 8.145309
6.326229, 8.169001
6.268453, 8.224753
6.264550, 8.255959
6.279021, 8.310850
6.342003, 8.383045
6.364949, 8.441152
6.387062, 8.502907
6.400763, 8.604811
6.412045, 8.688722
6.414320, 8.728110
6.416152, 8.759809
6.421391, 8.798548
6.428162, 8.826283
ee700b2b-8ebd-4576-8fe1-d602156de34e
6.989973, 6.500337
6.913425, 6.521710
6.845817, 6.553640
6.743848, 6.663780
6.741639, 6.677425
6.732851, 6.703618
6.722078, 6.735726
6.689694, 6.813612
6.672639, 6.850732
6.654237, 6.887201
6.636860, 6.934927
6.608818, 6.999639
6.514890, 7.394737
6.508852, 7.399998
6.489864, 7.414325
6.468578, 7.466984
6.443068, 7.521897
6.394384, 7.615145
6.371167, 7.666566
6.352344, 7.706065
681ee874-9642-47af-8b10-2c3288b2e945
7.090742, 8.369399
7.130627, 8.379735
7.191269, 8.393094
7.301721, 8.454039
7.345274, 8.476347
7.390828, 8.517456
7.424674, 8.542795
7.471012, 8.568329
7.526190, 8.599809
7.557344, 8.615762
7.578053, 8.627951
7.593913, 8.642398
7.614363, 8.665075
7.634486, 8.689752
7.658073, 8.711706
7.675978, 8.730534
7.695599, 8.748994
174194c0-747a-493d-8da5-67fbdf29a71f
7.069449, 8.442493
7.013491, 8.456655
6.949589, 8.480587
6.839102, 8.575668
6.807341, 8.599051
6.785500, 8.613273
6.756658, 8.626694
6.723778, 8.646948
6.695922, 8.660591
6.673797, 8.669760
6.664535, 8.682316
6.648508, 8.696477
6.623391, 8.714676
6.596301, 8.732455
6.568418, 8.748962
6.544216, 8.765032
6.521798, 8.785306
047e4248-2b5c-4b63-a18d-55408d05c2fe
7.078651, 8.621786
7.018458, 8.644289
6.984769, 8.661824
6.956016, 8.675263
6.926715, 8.687460
6.896521, 8.701805
6.874997, 8.708715
6.763214, 8.780729
6.734953, 8.800889
6.708376, 8.818191
6.681568, 8.832070
6.654220, 8.841006
6.642982, 8.853701
6.589481, 8.886288
6.553433, 8.909997
6.511848, 8.933764
6.473985, 8.958854
6.438701, 8.982234
6.389298, 9.014969
6.342500, 9.042389
6.310918, 9.062626
6.290438, 9.072195
5678dc4e-6b36-4fa5-a396-f75913d154a8
6.966178, 5.607271
6.943385, 5.633777
6.871106, 5.670275
6.858123, 5.672172
6.816290, 5.678288
6.738005, 5.754853
6.671733, 5.774267
6.601697, 5.790980
6.541767, 5.808203
6.515580, 5.821170
6.461544, 5.843432
23dd1aca-00d4-4c25-aa1b-7cf50e06ba75
7.209744, 9.632915
7.165028, 9.640509
7.135066, 9.643936
7.124457, 9.653028
7.069819, 9.673844
7.038418, 9.689012
7.012246, 9.704978
3e2e4cfd-5a23-43ff-9034-b4055198e653
7.209847, 9.277294
7.268840, 9.275068
7.304123, 9.272240
7.322580, 9.278268
7.350625, 9.285851
7.406001, 9.288656
7.430341, 9.292887
7.463552, 9.298659
7.485115, 9.305446
7.511362, 9.313705
7.533714, 9.322309
3537a56c-ee23-4db1-9f6b-1b5fbe088971
7.116233, 8.851900
7.079609, 8.863033
7.056443, 8.868294
7.046328, 8.880529
98918832-b347-4a59-a648-727cb26f8ac6
7.132583, 9.027666
7.095066, 9.046633
7.065509, 9.059897
7.035368, 9.071783
7.007240, 9.087701
6.977204, 9.106417
6.948944, 9.122261
6.918834, 9.140856
6.894936, 9.157373
6.868436, 9.177506
6.840615, 9.204284
6.816258, 9.225649
6.790663, 9.250090
6.772147, 9.273983
fa072a9e-7470-49fa-ac4e-9760eab80911
7.065345, 8.127999
7.109839, 8.162117
7.135027, 8.188975
7.168218, 8.219994
7.194920, 8.249042
7.233258, 8.268634
7.276928, 8.304850
7.320245, 8.336884
7.350098, 8.362682
7.384240, 8.390210
7.412252, 8.412796
7.429921, 8.428965
