main root
6.929966, 4.051300
6.942798, 4.026527
6.832719, 4.292498
6.771524, 4.465500
6.681136, 4.615704
6.624701, 4.721725
6.551947, 4.889739
6.496342, 5.039906
6.461050, 5.182027
6.422277, 5.338155
6.395210, 5.450987
6.361128, 5.565948
6.329411, 5.680359
6.287804, 5.790951
6.249895, 5.903700
6.214816, 6.008028
6.169797, 6.108723
6.130292, 6.202267
6.090768, 6.295858
6.040235, 6.393761
5.991608, 6.492582
5.946748, 6.583751
5.905652, 6.686440
5.864926, 6.771218
5.822871, 6.863647
5.783684, 6.939760
5.743028, 7.023319
5.713923, 7.073657
5.678093, 7.124589
5.614509, 7.283648
5.606029, 7.374459
5.603657, 7.512067
5.595735, 7.639586
5.580274, 7.716124
5.539828, 7.844412
5.527708, 7.896696
5.546185, 8.049409
5.569730, 8.138953
5.589466, 8.230558
5.605068, 8.322956
5.602263, 8.420043
5.596273, 8.481751
5.603864, 8.534229
5.666853, 8.635686
5.701754, 8.764771
5.711782, 8.817754
5.713208, 8.891893
5.755320, 9.102674
5.766728, 9.175049
5.775170, 9.247830
5.783947, 9.323524
5.786086, 9.393961
5.788399, 9.470128
5.787563, 9.541276
5.783785, 9.608091
5.771382, 9.668357
5.760678, 9.750066
5.750780, 9.825623
5.743461, 9.904534
5.728310, 9.970640
5.714240, 10.018634
5.709689, 10.076915
6ac9f5cc-0857-4719-8ea4-d4995082959a
6.866126, 4.066891
6.789677, 4.067470
6.579222, 4.085593
6.539765, 4.120472
6.402710, 4.097807
6.355442, 4.090017
6.282743, 4.075892
6.224895, 4.061704
c84ca696-556d-4a14-94e7-8645a5e2d7b6
6.856336, 4.398717
6.882207, 4.436141
6.911722, 4.475111
6.980767, 4.584700
7.060191, 4.621809
7.132260, 4.677474
7.213030, 4.723984
7.270122, 4.788525
7.311877, 4.830684
7.451719, 4.863510
7.547409, 4.910861
7.598963, 4.944879
1134917b-b865-44d5-a11b-d1fe4795ae9b
5.768179, 6.997494
5.804445, 7.031748
5.852335, 7.081440
5.895009, 7.122467
5.960141, 7.173350
6.034641, 7.228883
6.077068, 7.260508
6.104853, 7.295298
d37c932d-a2fb-4bda-848b-373bfbb9fd70
6.708064, 4.415641
6.652308, 4.415770
6.616722, 4.425243
6.541686, 4.470367
6.440691, 4.493644
6.403483, 4.481162
949aa79c-68e9-400e-bab3-7877d336ca98
6.679987, 4.613071
6.612052, 4.584627
6.574799, 4.577321
6.534023, 4.586626
6.506165, 4.534522
6.409898, 4.491535
899137cb-43c3-4303-a692-59b5544bb0b8
5.659991, 7.095035
5.573771, 7.061486
5.559787, 7.048015
5.542199, 7.054699
5.471697, 7.038915
5.412075, 7.027100
5.373260, 7.022460
cf08b47c-1868-4b83-b4dd-700130f542a0
5.729816, 6.980767
5.545152, 7.137345
e4525183-264e-4a14-8513-7b6e9386ba4e
5.637924, 7.658227
5.693833, 7.734300
5.813003, 7.846540
2835759c-1352-48cc-b23d-30547a99c828
6.881201, 4.270451
6.756075, 4.231151
6.729823, 4.222905
6.709343, 4.213335
