main root
6.650074, 4.597218
6.583953, 4.903537
6.524400, 5.084594
6.515714, 5.544419
6.509030, 5.689757
6.512933, 5.842830
6.512052, 5.972655
6.523724, 6.104935
6.541407, 6.281549
6.534666, 6.392227
6.518084, 6.589912
6.518228, 6.718529
6.520472, 6.882810
6.523974, 6.984291
6.521667, 7.047646
6.536456, 7.138422
6.552498, 7.208979
6.571097, 7.277277
6.579876, 7.332300
6.590168, 7.406303
6.597840, 7.491577
6.604775, 7.551964
6.610412, 7.637389
6.607946, 7.690944
6.606095, 7.731118
6.632527, 7.833781
6.673000, 7.947102
6.682998, 8.025283
6.702462, 8.110953
6.720997, 8.173547
6.734302, 8.238635
6f84bc5d-dd59-4bf6-a897-d953deaa345d
6.646726, 4.848300
6.721041, 4.888441
6.777921, 4.917333
6.889136, 4.961993
6.999134, 5.006163
7.100434, 5.049121
7.161262, 5.072664
7.215857, 5.106388
