main root
6.651245, 4.916941
6.604028, 5.339556
6.608233, 5.541433
6.603698, 5.677461
6.602705, 5.770348
6.603878, 5.854613
6.602989, 5.939721
6.608626, 5.995661
6.648881, 6.032646
6.672720, 6.073543
6.726714, 6.120541
6.780710, 6.183357
6.809784, 6.350418
6.849155, 6.565492
e37d1e29-a642-4ca4-a51b-f6dd6bca1bc1
6.695785, 5.037335
6.786814, 5.033962
6.890410, 5.025889
6.992047, 5.018365
b38afefd-6d20-45a4-9e66-e641920bda06
6.676512, 5.139232
6.712321, 5.165120
6.755161, 5.192847
6.815551, 5.221244
