main root
6.634295, 4.709952
6.558348, 4.996994
6.505123, 5.149511
6.488399, 5.226201
6.485790, 5.320251
6.452473, 5.582556
6.420551, 5.800293
6.357234, 6.040234
6.316147, 6.203168
6.293061, 6.384845
6.267960, 6.550204
6.240380, 6.760089
6.228462, 6.958793
6.199283, 7.088745
6.185522, 7.205622
6.177080, 7.331186
6.185878, 7.451935
6.190879, 7.578361
6.198008, 7.705441
6.204647, 7.823786
6.212928, 7.933615
6.222670, 8.034696
6.234515, 8.135552
6.240372, 8.220973
6.239203, 8.291436
6.256566, 8.361333
6.272677, 8.603700
6.271362, 8.674160
6.276645, 8.712004
6.290560, 8.790027
6.303942, 8.865047
6.320798, 8.942490
6.340568, 9.019237
6.359577, 9.093032
6.367650, 9.160370
6.380050, 9.238648
6.398824, 9.318892
6.419780, 9.395323
6.439931, 9.468815
6.463761, 9.544403
6.482922, 9.615128
6.502849, 9.688679
6.533791, 9.768552
6.532626, 9.876321
6.537837, 10.018697
6.541243, 10.111758
6.544649, 10.204831
6.549762, 10.287013
6.552150, 10.349827
6.555403, 10.718677
6.564429, 10.801531
6.576349, 10.910954
6.586159, 11.020545
6.587436, 11.104588
6.588207, 11.155384
6.587460, 11.204707
6.586432, 11.272433
6.580856, 11.344068
6.572847, 11.408380
6.562130, 11.482324
6.552415, 11.549354
6.541485, 11.624769
6.529289, 11.698489
6.515572, 11.753886
6.497108, 11.816003
6.472369, 11.883471
6.450669, 11.946997
6.437669, 11.985054
6.379571, 12.195869
6.358599, 12.243803
6.334533, 12.313743
6.312494, 12.377792
6.301474, 12.429213
6.288430, 12.497215
6.275671, 12.563732
6.261317, 12.638569
6.245775, 12.711654
6.229381, 12.774356
6.206900, 12.842589
6.186655, 12.908816
6.164012, 12.989979
6.153480, 13.044442
6.139094, 13.087301
6.120236, 13.143494
6.106092, 13.209157
6.088575, 13.262052
6.073746, 13.325875
6.056977, 13.378210
6.042445, 13.438280
6.033984, 13.473255
f43cdab0-8b09-4bd7-970d-4d489f597475
6.460058, 5.237468
6.358499, 5.301451
6.232451, 5.318586
fa6e3528-d4ba-4d11-816d-34010b0dac51
6.520379, 4.895112
6.442223, 4.884740
6.382392, 4.899239
6.359007, 4.925553
6.336834, 4.990171
159477db-c937-4a3f-b3f9-16dc79c5033a
6.452884, 5.959337
6.527892, 5.995294
6.603293, 6.039794
6.637927, 6.060236
6.706884, 6.083446
6.746997, 6.096946
6.765495, 6.109486
6.796365, 6.134031
6.814812, 6.135966
6.863677, 6.156671
6.904520, 6.178854
6.960829, 6.204327
7.026554, 6.229131
7.068141, 6.244826
7.109175, 6.266602
79b18341-ee2c-4a1f-90ec-9dd04d4a1256
6.234170, 7.171174
6.264311, 7.196188
6.279642, 7.212802
6.298311, 7.218211
6.382341, 7.257902
6.410735, 7.277935
6.441139, 7.303054
6.469146, 7.318429
6.508461, 7.336601
6.554822, 7.351434
6.591366, 7.366269
6.644329, 7.389384
6.681189, 7.405471
3218d247-ab43-4ce6-b518-15fc11c47519
6.171812, 7.323464
6.121326, 7.337614
6.096511, 7.352144
5.973210, 7.403433
5.954022, 7.417609
5.920602, 7.438577
5.899087, 7.452077
5.888381, 7.473761
1da8abab-0e0f-41df-adcb-dfc890ba52e0
6.365617, 9.268472
6.335518, 9.282269
6.316133, 9.290050
5b131c69-5737-47bf-b5fe-f77cb12ae707
6.343392, 8.963599
6.400764, 8.965780
6.433383, 8.967002
20b4e463-badb-4ae6-85ff-333bf2093cd0
6.252253, 8.386878
6.345820, 8.374720
6.396036, 8.375741
fb96ed31-8936-4bcc-8692-39252413f53e
6.177314, 8.201891
6.149346, 8.205073
6.110038, 8.206533
6.070754, 8.204975
6.042286, 8.206820
6.013416, 8.205671
6374fc50-2409-4528-bc4f-013d64de2516
6.220334, 7.873699
6.269583, 7.886201
6.308679, 7.897669
6.347328, 7.910565
6.390591, 7.932775
c3d3db95-fedf-4a7b-b0ce-682815c3004c
6.161874, 7.317800
6.003961, 7.330378
5.986842, 7.330672
5.938198, 7.336153
1357976e-d371-48e3-897e-18d72697a9d8
6.415894, 5.512086
6.316241, 5.553973
6.280596, 5.576600
6.231885, 5.609294
6.191592, 5.633430
