main root
6.173144, 5.487470
6.053313, 5.656841
5.993860, 5.807099
5.970265, 5.951313
5.979641, 6.069626
5.994599, 6.143363
6.019751, 6.214135
6.071711, 6.322543
6.122941, 6.429429
6.176432, 6.552412
6.218553, 6.668994
6.252920, 6.800887
6.279566, 6.964632
6.303946, 7.153808
6.352423, 7.332498
6.362047, 7.438005
6.370251, 7.620258
6.372022, 7.799136
6.371630, 7.968896
6.359014, 8.086535
6.333464, 8.232452
6.305702, 8.393346
6.283572, 8.545431
6.269054, 8.715828
6.242547, 8.850862
6.221216, 9.003029
6.197483, 9.157701
6.190439, 9.315619
6.182892, 9.484782
6.190458, 9.694368
6.193977, 9.909203
6.183560, 10.112655
6.170549, 10.245696
6.132073, 10.431197
6.094701, 10.578639
6.101161, 10.656439
6.113547, 10.805597
6.100966, 10.900885
6.092516, 11.058820
6.076698, 11.237007
6.069114, 11.407182
6.073492, 11.592402
6.065988, 11.771943
6.047672, 11.924329
6.019850, 12.103017
6.010703, 12.189263
6.003591, 12.265310
19562b4f-00de-4bee-9738-1eebf67c4ac9
6.151905, 9.196534
6.060566, 9.178328
6.033935, 9.175406
6.002520, 9.172124
5.967983, 9.170198
5.931366, 9.172825
28dc8c59-23a2-4d8b-8ea9-487b640dd025
6.194898, 8.884290
6.110452, 8.882356
6.024399, 8.870594
5.981137, 8.868469
5.927807, 8.870346
5.873480, 8.873755
5.822068, 8.875483
ae4d3f67-056b-46e5-ba60-be737b4e035d
6.325437, 8.686340
6.435989, 8.713920
6.517019, 8.740531
6.597949, 8.762744
6.688101, 8.785307
6.770323, 8.803748
6.850710, 8.830278
6.938274, 8.863607
7.005636, 8.892450
7.062676, 8.914584
7.106973, 8.940666
84115af1-e16a-43e9-b578-9cd071cc4381
6.236790, 8.513163
6.187848, 8.512208
6.128107, 8.513678
6.076533, 8.518055
5.995175, 8.530965
5.917456, 8.546324
5.838017, 8.568121
5.760366, 8.595635
5.716298, 8.608080
5.673578, 8.613926
5.600661, 8.620890
5.524826, 8.628137
5.440907, 8.645179
5.366250, 8.660346
5.295987, 8.671566
5.230144, 8.683218
59bc08bd-dd15-40e4-9f9c-a8691b69125c
6.429596, 7.850750
6.521139, 7.892015
6.555537, 7.903618
6.625753, 7.928882
6.697363, 7.954649
6.800163, 7.993886
6.878923, 8.026169
6.972199, 8.066686
7.050732, 8.096277
7.140486, 8.118858
7.222686, 8.137401
7.305146, 8.162378
7.385978, 8.189031
7.452196, 8.209289
7.504101, 8.233349
2a68aa7c-f375-4054-8492-e1a615864a9e
6.375058, 7.884724
6.463185, 8.015807
6.473206, 8.067578
6.488266, 8.113871
6.496125, 8.138024
6.497264, 8.182644
6.504031, 8.217420
6.512809, 8.246804
9d1aa917-a658-4c51-9cae-4aa27f96c761
6.327341, 7.836791
6.215783, 7.813977
6.137395, 7.803556
6.092950, 7.801126
6.061247, 7.799393
6.032732, 7.800832
6.004525, 7.805255
5.981174, 7.825423
5.945930, 7.843019
5.908056, 7.861929
5.872745, 7.877885
5.803645, 7.892663
5.768919, 7.893966
5.706817, 7.899293
5.643678, 7.909216
5.555689, 7.922140
5f01b88a-88bf-4d1c-9ec7-a45f21b9eac9
6.379917, 7.511428
6.294739, 7.663203
6.281632, 7.750544
6.276142, 7.796717
6.280362, 7.927205
6.268314, 7.965849
6.249115, 7.987194
6.227855, 8.064066
6.215133, 8.093223
6.194817, 8.139783
6.173508, 8.196104
6.156603, 8.245794
c6e6578a-e22a-4233-bbe4-3c98b93c0a1f
6.327382, 7.446050
6.225871, 7.436348
6.185363, 7.431362
6.154098, 7.427229
6.128901, 7.424026
6.093926, 7.444956
6.045445, 7.472228
6.007418, 7.497057
5.949263, 7.510621
5.905815, 7.523824
5.863330, 7.539864
5.789508, 7.538438
5.747196, 7.537622
380beb40-1cee-4576-adda-72b2ee7e8c1d
6.266146, 7.233218
6.185230, 7.280730
6.153310, 7.297306
6.084405, 7.336460
6.019837, 7.367985
5.925542, 7.406963
5.857901, 7.443900
5.778588, 7.492002
5.713433, 7.531519
5.645257, 7.583373
5.603911, 7.594840
5.524234, 7.627852
5.434785, 7.676360
5.345470, 7.724797
5.246793, 7.773495
5.145435, 7.816439
5.050992, 7.854155
4.975856, 7.890860
4.922765, 7.911798
4.871723, 7.938323
3f0fa94b-9ac9-4548-b111-ec5fcc8f6cc8
6.227233, 7.082367
6.145372, 7.069238
6.097314, 7.064531
6.066247, 7.057689
6.037795, 7.055439
6.009264, 7.056175
5.964091, 7.060327
5.916575, 7.070708
5.884849, 7.073043
5.834188, 7.076772
5.776465, 7.079520
5.729993, 7.077237
5.679250, 7.074744
5.619032, 7.074782
5.583049, 7.074804
5.521412, 7.090358
5.492445, 7.103842
5.437266, 7.132830
5.404179, 7.143450
5.362904, 7.158269
5.324867, 7.168747
5.286147, 7.176306
5.230343, 7.184152
5.171658, 7.192402
5.109143, 7.205726
5.045197, 7.216293
4.986721, 7.225956
4.951214, 7.247993
4.891764, 7.254830
4.858504, 7.267844
908abe74-a574-43f8-a8ff-f83acddceaf8
6.014297, 5.746825
6.098411, 5.830271
6.119660, 5.880417
6.133176, 5.915011
6.151389, 5.960924
6.174770, 6.003629
6.185955, 6.030291
6.195780, 6.053714
6.186381, 6.097547
6.163528, 6.148906
6.151819, 6.192793
6.140906, 6.233692
6.127873, 6.270927
6.103205, 6.292537
6.038232, 6.349156
5.997887, 6.373688
5.963525, 6.394579
5.940820, 6.411883
5.918368, 6.432755
5.887218, 6.465796
5.858187, 6.496587
5.829029, 6.523145
5.797741, 6.551643
5.766553, 6.578027
5.727946, 6.608726
5.688185, 6.640341
5.657187, 6.661165
5.623679, 6.676463
5.567990, 6.710112
5.517768, 6.738710
5.480581, 6.766776
5.424360, 6.814476
5.379168, 6.852818
5.334322, 6.886940
5.304546, 6.917119
5.288859, 6.957730
5.261269, 6.990276
5.236557, 7.022107
5.157603, 7.087287
5.090664, 7.139860
5.025692, 7.193526
4.957118, 7.244788
4.917138, 7.285179
4.856607, 7.355303
4.803130, 7.420428
4.743787, 7.482893
4.683675, 7.543156
4.611927, 7.615084
4.544497, 7.679706
4.486853, 7.740694
4.434508, 7.796075
4.398279, 7.838764
47620290-ad57-46c7-9f62-c305c7ea0f50
5.986136, 5.915627
6.109870, 5.980909
6.181344, 6.036826
6.246554, 6.079108
6.313545, 6.110887
6.359119, 6.139132
6.404621, 6.163812
6.464835, 6.189660
6.527160, 6.209899
6.553756, 6.245736
6.582629, 6.247940
6.629330, 6.270737
6.646977, 6.294136
6.699987, 6.318193
6.711417, 6.324399
6.750032, 6.348861
6.806160, 6.370226
6.868738, 6.387728
6.911933, 6.402916
6.989059, 6.455514
7.033596, 6.489411
7.080504, 6.525011
7.123266, 6.561120
7.172529, 6.598693
7.197993, 6.633769
34fe9372-0f45-4e06-9713-2340708df8d1
6.088797, 5.796310
6.202266, 5.789048
6.256262, 5.800400
6.307398, 5.821046
6.385006, 5.866507
6.436698, 5.920884
6.466016, 5.959796
6.495512, 6.010946
6.531390, 6.070169
6.589998, 6.167725
6.616428, 6.233291
6.659584, 6.325876
6.672955, 6.374463
6.684032, 6.420355
6.690805, 6.465555
289a063a-0dac-4dd2-9cdb-b617ddcc4a8f
6.172262, 5.597333
6.232709, 5.678351
6.253801, 5.716892
6.280224, 5.768292
6.305146, 5.826590
6.334104, 5.875294
6.359347, 5.928096
7bbf560a-c403-46ce-bab5-c10fcc4f812b
6.097665, 5.467626
5.943143, 5.639721
5.905500, 5.759450
5.851276, 5.829429
5.835650, 5.880517
5.818315, 5.953689
5.805767, 6.021192
5.807152, 6.062877
ddcda585-b88b-4812-a858-dd7513418269
6.008539, 5.592356
5.875866, 5.598583
5.786304, 5.586651
5.735253, 5.585401
5.702847, 5.576605
5.657126, 5.562416
5.621161, 5.552592
5.564433, 5.544628
5.517295, 5.536277
5.467016, 5.528667
5.416294, 5.537034
5.358306, 5.546704
5.295415, 5.563366
5.250528, 5.555575
5.195568, 5.567143
5.130743, 5.556679
5.013703, 5.614375
4.927658, 5.668582
4.859003, 5.699335
4.747999, 5.739810
4.607474, 5.801989
4.532894, 5.825746
4.459259, 5.831575
4.315780, 5.842934
4.188771, 5.861413
4.063318, 5.892396
3.939534, 5.918641
3.816332, 5.957641
3.694872, 5.993887
3.565317, 6.034726
3.452735, 6.072427
3.363239, 6.114466
3.229163, 6.187234
3.120242, 6.241557
3.003803, 6.290245
2.884951, 6.333115
2.766044, 6.374577
2.650775, 6.410308
2.528009, 6.439571
2.404703, 6.471120
2.291669, 6.510930
2.217800, 6.536947
2.146277, 6.560084
2.078434, 6.554365
2.026100, 6.573554
a5a50441-f85c-477c-898b-a7ba84d94154
5.245100, 5.592233
5.246699, 5.631592
5.244853, 5.660426
5.246027, 5.688952
