main root
6.678956, 4.749198
6.611803, 4.886493
6.611654, 5.027571
6.620829, 5.158463
6.633343, 5.395208
6.622549, 5.580895
6.606319, 5.756070
6.570044, 5.885198
6.535760, 6.033633
6.509196, 6.175061
6.478964, 6.325101
6.464986, 6.488969
6.454040, 6.641490
6.433048, 6.790286
6.411503, 6.957835
6.377166, 7.142414
6.358389, 7.337211
6.337268, 7.556325
6.311827, 7.757959
6.316460, 7.944430
6.289514, 8.133961
6.284895, 8.280658
6.263287, 8.421409
6.235229, 8.577350
6.236291, 8.690701
6.227416, 8.749898
6.226371, 8.822556
6.211053, 8.916283
6.178093, 9.067986
6.161789, 9.208184
6.147070, 9.370389
6.152116, 9.523055
6.151174, 9.677509
6.154706, 9.790056
6.165759, 9.855874
92071f31-7026-411e-b219-7fa7fb3f4b9f
6.700175, 5.064168
6.769991, 5.064374
6.824355, 5.065311
6.899610, 5.066609
6.976388, 5.066434
7.077987, 5.066204
7.135763, 5.067568
7.186771, 5.074762
7.260531, 5.086676
7.344030, 5.098063
7.412833, 5.105934
7.481790, 5.112316
7.595012, 5.118170
7.679559, 5.122541
7.760375, 5.122225
7.835084, 5.123428
7.919351, 5.122712
7.990051, 5.119118
8.047812, 5.120394
8.091893, 5.105088
8.182982, 5.097218
8.244435, 5.096713
8.317616, 5.088924
8.380640, 5.085228
8.443769, 5.084523
8.537153, 5.085585
8.600340, 5.090794
8.666227, 5.097728
8.750426, 5.106589
8.822920, 5.117229
8.898315, 5.128294
8.984252, 5.138781
9.031708, 5.141556
51f86293-fe6b-4a03-80ba-62e5237830c7
6.628830, 4.690644
6.532711, 4.680574
6.496450, 4.661548
6.411266, 4.625372
6.358921, 4.571457
6.436404, 4.556671
6.493891, 4.532687
6.538257, 4.533767
6.636331, 4.564500
6.726824, 4.624578
6.776567, 4.744657
6.799917, 4.793411
6.815925, 4.821121
6.833006, 4.856672
6.851332, 4.894818
6.874900, 4.930057
6.900505, 4.965647
6.918953, 4.998980
6.976135, 5.074478
7.000808, 5.108235
7.024248, 5.133754
7.054994, 5.165012
7.070908, 5.187594
7.102258, 5.229482
7.114997, 5.253996
7.135626, 5.287202
7.165611, 5.332632
0e4a0225-7c6d-46d5-9688-734c995364d3
6.570661, 4.822833
6.503226, 4.783352
6.458157, 4.761685
6.443411, 4.718525
6.459665, 4.685762
6.432622, 4.653755
6.383786, 4.672049
6.326714, 4.612456
6.283081, 4.609445
6.257741, 4.607696
6.226016, 4.611506
6.181370, 4.619884
6.156715, 4.621465
6.115863, 4.622583
6.063629, 4.625511
6.012910, 4.628354
5.968530, 4.630841
5.941759, 4.633841
5.889211, 4.654490
5.867366, 4.659438
5.827207, 4.666998
5.777285, 4.676395
5.735683, 4.684227
5.711029, 4.685822
5.693263, 4.697867
5.664277, 4.713902
5.633961, 4.727252
5.596748, 4.740369
5.555907, 4.756352
5.520153, 4.767129
5.481626, 4.775616
5.441424, 4.782939
5.399776, 4.790525
5.341143, 4.804248
5.280084, 4.823150
5.231558, 4.838171
5.175923, 4.853827
5.148400, 4.863126
5.124336, 4.871257
cf681826-ca52-413f-986c-0ecaeb5037b6
6.497477, 4.837193
6.428904, 4.870295
6.379998, 4.888448
6.312427, 4.903759
6.254532, 4.908519
6.202095, 4.908698
6.134288, 4.914714
6.056154, 4.933459
5.988935, 4.990005
5.970264, 5.034687
0214bf3c-bf22-4d57-8a09-4bc1d24a2f5a
6.543838, 5.230671
6.462644, 5.239351
6.408561, 5.248939
6.356780, 5.257626
6.320615, 5.269939
6.246634, 5.298289
6.188306, 5.307820
6.130015, 5.325869
6.056238, 5.350279
5.981041, 5.379889
5.887354, 5.419052
5.809236, 5.451706
5.742150, 5.473262
5.669606, 5.496569
5.602546, 5.526952
5.532395, 5.560379
5.464318, 5.591160
5.371742, 5.633018
5.301562, 5.666392
5.234165, 5.695129
5.136422, 5.741404
5.063994, 5.783975
5.011607, 5.813031
4.933749, 5.876061
4.879715, 5.905803
4.827751, 5.935178
4.763068, 5.968304
4.696425, 6.000752
4.605082, 6.045227
4.537954, 6.074581
4.490263, 6.101970
4.420869, 6.152176
4.362189, 6.187242
4.287482, 6.224534
4.207817, 6.257348
4.125988, 6.284326
4.042426, 6.305323
3.962143, 6.329773
3.890239, 6.350106
3.814844, 6.374538
3.726247, 6.403247
3.652799, 6.428621
3.597856, 6.449187
eb3e9cdd-9a25-46f8-a4d1-4b6b7d240b1f
6.709040, 5.409776
6.755492, 5.420536
6.833375, 5.446494
6.932005, 5.474861
6.991783, 5.495168
7.054328, 5.516415
7.142511, 5.546372
7.210866, 5.572754
7.301309, 5.591620
7.367052, 5.612977
7.423720, 5.622490
7.497147, 5.636334
7.580408, 5.656254
7.658126, 5.671769
7.725994, 5.682265
7.779057, 5.693500
7.850021, 5.688617
7.903423, 5.690944
7.965620, 5.690630
8.045613, 5.702861
8.114306, 5.704252
8.176479, 5.702487
8.232679, 5.703857
8.294860, 5.702350
8.349102, 5.704000
8.405124, 5.708671
8.467286, 5.710820
8.523289, 5.715724
8.597124, 5.725243
27f3c526-9d1e-4819-9583-a4efc2e8c63d
6.636485, 5.248019
6.754365, 5.367548
6.841855, 5.449359
6.896741, 5.517950
6.982353, 5.603569
7.007968, 5.633421
7.044453, 5.678237
7.074419, 5.717416
7.103180, 5.757485
7.136980, 5.799439
7.174163, 5.845593
7.219764, 5.892653
7.254659, 5.935118
7.289019, 5.974573
7.306315, 6.001272
7.333937, 6.043910
7.362019, 6.092765
7.385423, 6.142491
7.402694, 6.193247
7.418472, 6.221032
7.482131, 6.294503
7.520939, 6.339294
7.559748, 6.384084
7.607001, 6.429479
7.649740, 6.470537
7.757460, 6.546856
7.804092, 6.579894
7.829280, 6.601409
7.870125, 6.640232
7.921544, 6.680847
7.968051, 6.717582
8.006149, 6.755303
8.056731, 6.796958
8.094052, 6.835449
8.152239, 6.878257
8.208348, 6.912103
8.250877, 6.944748
8.306284, 6.979732
8.364656, 7.009506
8.409397, 7.039047
8.467149, 7.070005
8.511278, 7.100454
8.552710, 7.121767
d47a23e6-1cfb-4317-ad9a-c5927d1327bd
6.688229, 5.510774
6.773706, 5.617253
6.824831, 5.667675
6.851871, 5.704210
6.871512, 5.737639
6.889516, 5.768274
6.903829, 5.799654
6.922026, 5.847629
6.933484, 5.887136
6.961269, 5.924498
6.976821, 5.989039
6.996297, 6.057092
7.011711, 6.127266
7.021247, 6.170681
7.014633, 6.235700
7.020986, 6.273243
7.025752, 6.306343
7.042665, 6.373414
6fd66bd6-f202-49a3-902e-611d13be8827
6.632873, 5.837821
6.701677, 5.893278
6.753830, 5.953557
6.802136, 6.007071
6.855783, 6.060998
6.887667, 6.095506
6.915149, 6.114567
6.975638, 6.151341
7.036493, 6.184835
7.088570, 6.218624
7.160141, 6.257644
7.223671, 6.288872
7.280452, 6.320117
7.362043, 6.365014
7.404340, 6.391705
7.438206, 6.402457
7.503727, 6.434784
7.544366, 6.448958
7.604766, 6.479554
7.668609, 6.515268
7.726858, 6.554730
7.777365, 6.599818
7.829886, 6.650740
7.892966, 6.703584
7.947063, 6.752829
8.011773, 6.803663
8.067390, 6.851184
8.133665, 6.899960
8.199118, 6.944437
8.262039, 6.987215
8.329110, 7.029214
8.397713, 7.068662
8.440311, 7.089722
cd04c2a5-2bd0-497e-8821-fab1f9b27f59
6.412548, 6.326954
6.333414, 6.324137
6.317199, 6.324268
6.276472, 6.323101
6.234276, 6.321892
6.175036, 6.320195
6.118874, 6.315591
6.061422, 6.309379
6.012563, 6.302591
5.978610, 6.296364
5.948400, 6.295387
5.913177, 6.301735
a5eb5907-bd7d-4f5b-99f2-a6c3c323ef48
6.828367, 4.737100
6.836100, 4.761613
6.842466, 4.786860
6.854420, 4.796942
6.874896, 4.836806
6.894562, 4.861991
6.929019, 4.896389
6.951490, 4.918821
6.971357, 4.965202
6.993386, 5.001424
7.019495, 5.038595
7.022536, 5.042925
7.060339, 5.107087
7.081474, 5.137739
7.105504, 5.172590
7.127453, 5.207059
7.144714, 5.236953
7.161504, 5.260045
