main root
6.876779, 4.579055
6.905151, 4.779009
6.878051, 5.035041
6.870724, 5.174205
6.851088, 5.325804
6.827373, 5.460291
6.795610, 5.551668
6.745309, 5.670861
6.694641, 5.790924
6.623548, 5.930725
6.559618, 6.069848
6.513065, 6.205923
6.474255, 6.344266
6.461161, 6.434681
6.455245, 6.551783
6.461832, 6.670510
6.477311, 6.797925
6.498977, 6.924044
6.507098, 7.057581
6.527598, 7.223859
6.531883, 7.388458
6.539599, 7.534649
6.547046, 7.686036
6.561513, 7.833635
6.569926, 7.962435
6.589793, 8.071766
6.592738, 8.182643
6.582959, 8.292669
6.596116, 8.369435
6.630294, 8.443598
6.676358, 8.543556
6.726310, 8.641844
6.791464, 8.732684
6.861977, 8.815590
6.857062, 8.857333
6.841053, 8.936347
6.774562, 9.017820
6.656278, 9.297373
6.547908, 9.406945
6.475476, 9.462157
6.397016, 9.514031
6.344176, 9.579706
6.295729, 9.632760
6.240438, 9.699580
6.191860, 9.758288
6.158921, 9.807486
6.116527, 9.870805
6.076600, 9.946583
6.040452, 10.011976
6.001507, 10.086717
5.971478, 10.150825
5.929965, 10.234488
5.900534, 10.297172
5.871027, 10.356494
5.835362, 10.432854
5.805977, 10.492228
5.775937, 10.552928
5.738613, 10.637830
5.713226, 10.688138
5.689176, 10.749093
5.664053, 10.796455
5.635040, 10.844761
5.621897, 10.872457
5.599333, 10.933974
5.581594, 10.995377
5.561055, 11.044900
5.539156, 11.113335
5.523349, 11.157820
09613433-7c3b-467b-8ed3-2e76d0a91e78
6.916131, 8.959081
6.940721, 8.987509
6.979590, 9.031498
7.009350, 9.059292
7.043794, 9.095554
17963327-da94-46f3-8dac-58cd36171c4b
6.661902, 8.611836
6.634682, 8.654402
6.597270, 8.713879
6.562703, 8.768664
6.573951, 8.803700
6.561815, 8.870573
6.556881, 8.939670
6.548752, 9.024397
6.541205, 9.071703
6.529384, 9.126806
6.514654, 9.181196
6.498110, 9.236563
6.459956, 9.332881
6.419530, 9.417800
6.389710, 9.476959
8db2ad7f-23d5-4e04-b0d2-7874311cca7b
6.912553, 8.790572
6.940628, 8.791114
6.966440, 8.796012
8df0a96b-825d-46c1-ba43-b44657b41fda
6.904567, 8.885767
6.929753, 8.889673
6.951997, 8.895703
6.976425, 8.902661
0a850fc7-98f4-43b7-9058-7e6168922930
6.612508, 8.495141
6.547843, 8.545539
6.467310, 8.621717
6.405802, 8.679900
6.338141, 8.743902
6.265632, 8.803803
6.178851, 8.859033
6.101609, 8.910685
6.062645, 8.939235
4806c13a-c576-4033-a7ae-3a223a941f4a
6.524047, 8.193562
6.459869, 8.220670
6.375892, 8.261267
6.290833, 8.299833
6.197349, 8.339897
6.100336, 8.372268
5.996550, 8.409130
5.901589, 8.445102
5.791914, 8.491160
5.689668, 8.531805
5.592697, 8.563522
5.540939, 8.576001
242cb306-d3c5-4c68-9365-5c8f80d36ca4
6.524321, 8.110999
6.473661, 8.122692
6.452499, 8.122840
6.413138, 8.120378
6.367730, 8.120535
6.319446, 8.126689
6.282648, 8.125343
6.225116, 8.127732
6.160162, 8.136421
6.084637, 8.146525
6.023324, 8.157748
5.963823, 8.170161
5.919150, 8.181010
5.870054, 8.194304
d2eb62fb-276c-4bfe-9ea0-f22b0feb1354
6.615945, 7.899468
6.681607, 7.898311
6.761548, 7.895395
6.815329, 7.900204
6.881078, 7.911334
6fdf561c-d0b3-441b-8d47-800d0fb8623d
6.634805, 8.028469
6.705349, 8.039737
6.799105, 8.046808
6.900745, 8.046567
6.994842, 8.054758
7.087684, 8.064952
7.189128, 8.069706
7.290643, 8.072346
7.392144, 8.068637
7.493837, 8.067038
7.555660, 8.074527
7.603952, 8.084616
4046122e-f292-48f3-b257-00e1823eccf0
6.464357, 6.517348
6.561078, 6.536456
6.602354, 6.550604
6.652718, 6.572613
6.716753, 6.598963
6.779387, 6.623119
6.821911, 6.632851
6.887939, 6.647962
6.939523, 6.659768
6.985237, 6.676151
25a27af8-a380-4ae6-873d-b66e2bfeb044
6.953669, 5.132685
7.002634, 5.122930
7.092342, 5.121652
7.153064, 5.119425
7.221868, 5.112751
7.286242, 5.100492
7.330495, 5.096636
7.383346, 5.096537
7.439002, 5.097930
7.491330, 5.104835
265487e3-0e75-4ca7-a1a9-0d917eb48d07
6.803750, 4.993066
6.689669, 5.011656
6.558053, 5.029475
6.473965, 5.037767
576a5775-1b44-4158-86a4-c8fd37349b0d
6.816563, 4.797943
6.728375, 4.785749
6.650673, 4.768751
6.605397, 4.753237
6.559029, 4.738079
6.523855, 4.730747
6.475911, 4.721741
6.431291, 4.711298
6.379348, 4.703753
6.337127, 4.693082
6.282657, 4.685491
6.215979, 4.677709
6.160874, 4.669771
