main root
7.445182, 4.610994
7.514293, 4.890790
7.538649, 5.040460
7.560614, 5.200948
7.573602, 5.326806
7.589121, 5.435968
7.600181, 5.528710
7.608196, 5.613452
7.608071, 5.700213
7.589714, 5.797845
7.613146, 5.894070
7.621812, 6.014785
7.618737, 6.119743
7.617370, 6.238461
7.614085, 6.340105
7.603003, 6.426151
7.591108, 6.518526
7.579212, 6.610895
7.563085, 6.703195
7.548751, 6.776524
7.531772, 6.847795
7.505984, 6.937877
7.486039, 7.012990
7.466482, 7.086642
7.440486, 7.176341
7.416920, 7.257662
7.399791, 7.338270
7.374015, 7.394759
7.348257, 7.458423
7.322981, 7.536862
7.302505, 7.615045
7.285334, 7.692417
7.259729, 7.752530
7.230803, 7.800028
7.245687, 7.835031
7.236816, 7.946311
7.234290, 8.030192
7.223288, 8.097106
7.202707, 8.130037
7.235039, 8.163043
7.239926, 8.242447
7.257263, 8.351924
7.262770, 8.454316
7.274551, 8.555197
7.284371, 8.639286
7.291549, 8.713664
7.295602, 8.786825
7.305923, 8.896598
7.314686, 8.973818
7.319968, 9.046901
7.332129, 9.156482
7.340535, 9.232218
7.345636, 9.305311
7.366485, 9.442590
7.370561, 9.525785
7.368486, 9.631495
7.352783, 9.839816
7.352130, 9.932429
7.355645, 10.033900
7.361573, 10.143890
7.362825, 10.245726
7.368411, 10.355836
7.378219, 10.465655
7.390123, 10.575151
7.398703, 10.693110
7.415146, 10.802489
7.425560, 10.928262
7.440270, 11.055025
7.454909, 11.181186
7.461272, 11.291089
7.469252, 11.392318
7.479973, 11.475555
7.486356, 11.548547
7.496239, 11.627179
7.503023, 11.692050
7.528486, 11.925658
7.548842, 11.988090
7.559422, 12.025366
7.566015, 12.065034
7.576065, 12.116379
7.591092, 12.169777
7.599317, 12.215570
7.616983, 12.271611
7.620960, 12.309119
7.637837, 12.368950
7.653477, 12.418877
7.657342, 12.446231
7.669522, 12.500352
7.678886, 12.548780
7.682065, 12.588866
7.684470, 12.638134
7.685380, 12.687450
7.681706, 12.731720
7.678871, 12.783959
7.671877, 12.829958
7.684048, 13.229901
fa0f905c-dbd2-482f-9d7e-6a4ea92cb948
7.499138, 4.681014
7.581500, 4.691617
7.653768, 4.694594
7.727002, 4.712996
7.771640, 4.721126
7.811496, 4.729906
7.854906, 4.739469
7.909248, 4.761177
7.938734, 4.772956
7.966210, 4.780710
8.004535, 4.788413
8.049560, 4.794413
8.111652, 4.807217
8.178211, 4.836659
8.217041, 4.848926
8.269239, 4.862277
8.328482, 4.875884
8.379787, 4.886132
8.426085, 4.898433
8.483363, 4.913651
8.509957, 4.920716
8.532674, 4.928301
8.584684, 4.943799
8.651808, 4.962470
8.695958, 4.971644
8.737080, 4.980189
8.779434, 4.993576
8.840260, 5.015940
8.883770, 5.027153
8.950958, 5.041376
9.008051, 5.048872
9.080242, 5.053824
9.144625, 5.061240
9.201845, 5.069337
9.267219, 5.080100
9.305181, 5.087868
9.456589, 5.085348
9.495960, 5.087686
9.538206, 5.090195
9.594205, 5.096519
9.649788, 5.105809
9.704797, 5.118037
9.765943, 5.127029
9.836356, 5.134359
9.895307, 5.140495
9.955907, 5.145299
10.026657, 5.147904
10.085883, 5.150085
10.138907, 5.158029
10.200925, 5.164292
10.258247, 5.171585
10.306970, 5.179293
10.357148, 5.187232
10.415680, 5.196492
10.467947, 5.204760
10.517975, 5.217501
8de2915c-794d-466e-9c49-a4a2af40e688
7.601234, 6.027651
7.661094, 6.048685
7.730398, 6.058570
7.793881, 6.060919
7.842237, 6.062946
7.910488, 6.073296
7.985736, 6.084707
8.042984, 6.089108
8.088584, 6.101318
8.136912, 6.111375
8.192711, 6.124516
8.246249, 6.140284
8.281822, 6.130595
8.353137, 6.146233
8.389339, 6.149711
8.505860, 6.151650
8.554726, 6.161626
8.589626, 6.172646
8.623237, 6.175412
8.780769, 6.158927
8.878896, 6.174625
8.933739, 6.182561
8.988696, 6.189678
9.050458, 6.190804
9.084231, 6.193583
9.114529, 6.201254
9.172086, 6.211883
9.218786, 6.226594
9.246131, 6.232026
d2ac89f1-d8cc-4ecf-a82d-c2d48196cddb
7.602749, 6.127217
7.645966, 6.140223
7.688135, 6.159434
7.763360, 6.189074
7.814619, 6.212487
7.845655, 6.220083
7.899603, 6.236367
7.952611, 6.255494
8.017939, 6.271110
8.069915, 6.286613
8.118609, 6.306974
8.175654, 6.312502
8.228112, 6.323599
8.293194, 6.331246
8.345412, 6.343411
8.403136, 6.356857
8.445899, 6.363743
8.514706, 6.365726
8.567214, 6.371732
8.617367, 6.383493
8.685370, 6.399443
8.739738, 6.416803
9.009728, 6.411023
9.120714, 6.437641
9.191199, 6.457625
9.245427, 6.466780
9.334360, 6.469650
9.402797, 6.479346
9.503391, 6.493599
9.560380, 6.503184
9.610113, 6.510033
bd07e944-b634-4ff0-afb3-bb2135129d19
7.578674, 6.492655
7.633690, 6.525538
7.689735, 6.536615
7.735101, 6.544054
7.796475, 6.572973
7.848404, 6.592479
7.876092, 6.601280
7.931752, 6.646526
7.976771, 6.673479
8.011148, 6.683082
8.068687, 6.705370
8.141144, 6.725473
8.200492, 6.746660
8.256314, 6.768241
8.365919, 6.783263
8.416659, 6.791728
8.460498, 6.809721
8.631550, 6.839372
8.679859, 6.849263
8.727847, 6.860614
8.786275, 6.866742
8.838431, 6.870702
8.880139, 6.872367
8.948227, 6.891387
8.991611, 6.908163
9.040915, 6.925623
9.094521, 6.939839
9.123383, 6.949039
1cb42aa7-818f-47b7-8f93-dd7fc6a8941d
7.608510, 5.781631
7.697427, 5.814148
7.780332, 5.840424
7.823106, 5.852940
7.894208, 5.873743
7.964109, 5.880590
8.024959, 5.895126
8.102568, 5.910607
8.180724, 5.923144
8.250724, 5.938921
8.349454, 5.963341
8.407229, 5.979173
8.460118, 6.000555
8.586665, 6.005242
8.632639, 6.005443
8.683569, 6.038341
8.734735, 6.038607
8.806362, 6.034358
8.861277, 6.040921
8.919467, 6.055412
8.974443, 6.066018
babed8e7-e29d-4ce3-b1fc-f3d298a248c8
7.361953, 9.551537
7.417014, 9.547909
7.467480, 9.562195
7.488186, 9.571198
7.505909, 9.561444
7.593878, 9.550446
7.648342, 9.548162
7.733444, 9.546669
7.819487, 9.551383
7.888705, 9.553677
7.942733, 9.558460
8.116412, 9.494179
8.206813, 9.490312
8.255448, 9.488235
8.286548, 9.480920
8.344209, 9.467362
8.404303, 9.447080
8.458854, 9.456105
8.514503, 9.462277
253b90dc-774c-4f1b-a853-c2294fe324cb
7.311189, 8.488015
7.339400, 8.502213
7.371799, 8.515150
7.481281, 8.546091
7.538296, 8.562207
7.599005, 8.576260
7.688728, 8.603174
7.750539, 8.631091
7.799071, 8.643158
7.853199, 8.661243
7.952795, 8.664098
7.995692, 8.666821
8.039641, 8.676899
8.087347, 8.689369
8.138306, 8.701139
8.185990, 8.713685
8.236931, 8.725536
8.274839, 8.738962
8.324619, 8.755000
8.372584, 8.765731
b7039597-b072-4662-ae6d-7e84bc09539e
7.290816, 9.014964
7.251520, 9.040812
7.204100, 9.084888
7.185776, 9.094494
7.158686, 9.105934
7.123845, 9.117992
7.086430, 9.131522
7.049206, 9.145565
7.008690, 9.167835
6.986215, 9.180813
6.703978, 9.258295
6.671758, 9.263464
6.658992, 9.284147
6.580000, 9.318073
6.533698, 9.341216
6.483781, 9.366516
1477cbc6-f256-448e-83a7-24c9069ad003
7.298029, 9.192348
7.255065, 9.227006
7.232508, 9.243812
7.046853, 9.515098
7.042125, 9.542588
7.037401, 9.587713
7.033155, 9.664203
04534746-44ee-4170-9cc3-faff4589672e
7.258358, 8.240198
7.196328, 8.244433
7.125159, 8.258084
7.065649, 8.294216
7.017282, 8.312057
6.917315, 8.357062
6.814803, 8.376083
6.768767, 8.377015
6.683188, 8.374598
6.610094, 8.369539
6.527652, 8.361724
6.482721, 8.361976
6.137766, 8.288788
6.066803, 8.278228
5.998727, 8.269517
5.949718, 8.267679
5.903843, 8.267364
5.866447, 8.268512
5.766383, 8.289905
5.699578, 8.305622
5.627467, 8.331813
5.576542, 8.339828
2e9fe474-0717-49d4-ae3a-f133f3de1628
7.358149, 7.623300
7.405711, 7.632115
7.517501, 7.667860
7.561874, 7.688755
7.596190, 7.708222
7.637091, 7.727984
7.684457, 7.755856
7.732334, 7.780555
7.781649, 7.800943
7.846196, 7.826010
7.875865, 7.840742
7.898504, 7.853655
7.993085, 7.897732
8.027373, 7.915508
8.089151, 7.929092
8.163488, 7.937776
8.215903, 7.957181
3476f790-5c67-4b5a-806d-6f9d3ec99e1f
7.516278, 6.829829
7.602391, 6.864521
7.638009, 6.875685
7.680014, 6.899620
7.747774, 6.911648
7.797347, 6.932379
7.858225, 6.965773
7.953003, 6.984835
7.993056, 6.995943
8.026282, 7.009817
8.090744, 7.035111
8.163496, 7.055620
8.195251, 7.090213
8.226644, 7.091661
8.332942, 7.134454
8.443511, 7.150522
8.495463, 7.156556
8.522028, 7.164159
8.576406, 7.175048
8.624440, 7.186191
8.686485, 7.189825
8.763874, 7.205018
8.811952, 7.215979
8.845248, 7.225100
8.874441, 7.237748
8.923009, 7.257157
8.972113, 7.275166
9.003979, 7.288444
621a49ed-0931-4796-af60-8db94797c911
7.556196, 6.634936
7.601592, 6.710206
7.623934, 6.752133
7.635881, 6.774551
7.636779, 6.795692
7.644811, 6.843714
7.638155, 6.961354
7.674486, 7.057951
7.699844, 7.091600
7.721952, 7.123424
7.733486, 7.145271
7.749205, 7.181459
7.765226, 7.218346
7.783221, 7.244750
7.886446, 7.328480
7.896345, 7.359339
7.907375, 7.398631
7.912708, 7.434241
7.878233, 7.553678
312a1073-4b45-4c2d-9f8d-25b214eb71b0
7.608905, 6.243263
7.668873, 6.251503
7.727133, 6.265550
7.790922, 6.280932
7.838775, 6.299684
7.930235, 6.324496
7.975592, 6.339902
8.040144, 6.368150
8.080801, 6.389210
8.119492, 6.395768
8.204968, 6.401148
8.282017, 6.418655
8.323427, 6.438303
8.446961, 6.446199
8.496053, 6.450834
8.531202, 6.458660
8.578987, 6.470830
8.637301, 6.477955
8.671353, 6.483621
8.717657, 6.492840
8.747670, 6.503391
8.793675, 6.521146
8.842991, 6.538571
8.890808, 6.553875
8.916570, 6.563947
9258fa1d-4448-4acd-800a-e86f1189050f
7.626383, 5.795775
7.682713, 5.928565
7.698239, 5.967907
7.753762, 6.139276
7.761644, 6.220358
7.854537, 6.353628
016a8e5f-c794-4be4-861c-d3d922472907
7.389189, 9.650257
7.444295, 9.655076
7.481115, 9.661299
7.529376, 9.669457
7.585003, 9.675822
7.626616, 9.679078
7.651938, 9.681061
7.742279, 9.646109
7.749424, 9.615484
7.740323, 9.589636
7.794320, 9.484287
884571f5-16fb-4ea0-93cc-e50889971ee8
7.335874, 9.330171
7.310661, 9.350798
7.275825, 9.383271
7.197038, 9.397175
7.149160, 9.405541
7.123803, 9.422214
7.052651, 9.448788
6.942793, 9.446660
6.915281, 9.446128
6.757877, 9.490499
6.703285, 9.507769
6.632611, 9.526987
6.559106, 9.546976
6.519247, 9.559367
c27abbc7-50a6-4bc7-a998-297ae357a717
7.418511, 10.142473
7.453916, 10.142425
7.476214, 10.145499
7.525181, 10.124993
7.560669, 10.055987
7.529365, 10.014416
7.518226, 9.994708
7.524097, 9.972982
7.531376, 9.934575
7.536885, 9.897471
4ecf8640-6c55-4a32-bfe6-6f6a6800c011
7.394816, 10.292009
7.474567, 10.301540
7.544313, 10.303307
7.597428, 10.310640
7.629700, 10.318117
7.654429, 10.306150
7.735741, 10.307662
7.784219, 10.306460
7.808071, 10.304433
2b632807-f8f9-4cb1-af92-acdead74f25a
7.389084, 10.371140
7.343494, 10.388581
7.311898, 10.406464
7.281147, 10.422147
7.069797, 10.485570
7.045469, 10.492870
6.982412, 10.572605
6.916589, 10.615545
6.842707, 10.658792
6.762330, 10.705838
6.716662, 10.732568
6.690236, 10.756707
6243a851-f575-4a99-bb51-e52ef8dcb9be
7.411147, 10.597200
7.348063, 10.609309
7.316268, 10.617504
7.295976, 10.616553
7.272750, 10.613407
7.259716, 10.623874
7.104690, 10.604157
7.079493, 10.600952
6.962792, 10.650879
6.922307, 10.671456
6.892854, 10.679710
6.730300, 10.684389
41caf3f9-b34f-434f-b5ee-15264270e3ef
7.371047, 9.962759
7.296259, 9.977184
7.250503, 9.988525
7.083656, 9.983891
7.058266, 9.983186
6.974889, 10.019721
6.955729, 10.009722
6.935602, 9.987625
297268d6-692a-4a2c-9369-5010f0eb0ed1
7.372921, 9.004612
7.397951, 9.019875
7.436054, 9.041355
7.472830, 9.062090
7.510291, 9.078054
7.572597, 9.104610
7.607631, 9.121169
7.634581, 9.130595
7.744105, 9.144411
7.757870, 9.157042
7.781750, 9.185050
7.797903, 9.204351
7.819526, 9.214856
7.840014, 9.228356
7.861254, 9.225822
7.882619, 9.227714
7.908495, 9.231425
7.932035, 9.236232
7.951720, 9.244751
7.969127, 9.257177
d013ff57-006f-4617-8725-93897209b7d7
7.291780, 8.707905
7.162154, 8.780599
7.110475, 8.809580
7.059370, 8.836524
7.000701, 8.869148
6.951545, 8.888522
6.673942, 8.967172
6.626123, 8.979160
6.579992, 8.989178
6.551739, 8.999902
6.525390, 9.014703
6.479405, 9.045676
6.437292, 9.074042
6.394611, 9.090754
1b3a1624-c947-4d80-807a-e199b5849e10
7.382893, 10.736084
7.355990, 10.734720
7.309721, 10.729789
7.283099, 10.729535
7.225637, 10.727491
7.174868, 10.725686
7.121984, 10.723805
7.068116, 10.724890
7.042725, 10.743539
7.002309, 10.752826
6.959952, 10.748946
6.949560, 10.720303
edf05745-69f0-4817-a15f-1cf827a060a7
7.470083, 11.174129
7.528075, 11.178700
7.587143, 11.183354
7.625017, 11.192345
7.697358, 11.211057
7.751764, 11.232861
7.830363, 11.264359
7.873569, 11.280060
02743cc4-bdf5-4696-926c-2d93b17ba8dd
7.440067, 11.578958
7.364729, 11.635161
7.304196, 11.684054
7.246933, 11.722611
7.186082, 11.771191
7.132677, 11.817655
7.081284, 11.866336
7.013672, 11.930381
6.972296, 11.965454
6.935220, 12.012928
6.899256, 12.063843
6.874329, 12.104320
6.860879, 12.131868
48b7036d-2242-4b28-a38b-d83cc0da27bf
7.435532, 11.497980
7.370379, 11.514753
7.328409, 11.524012
7.281320, 11.527046
7.209340, 11.516252
7.157400, 11.509976
7.108021, 11.493177
7.073535, 11.475122
7.041147, 11.469123
7.017973, 11.481144
7.004664, 11.497797
a287baff-68e6-4e0c-a7b9-9a5201fcf614
7.598833, 12.170834
7.644957, 12.163849
7.688927, 12.154079
7.713580, 12.151583
7.752551, 12.150643
7.791398, 12.152783
7.852988, 12.144225
7.883523, 12.146026
7.926835, 12.145580
5149f4eb-cfa1-4367-8869-8f68996fdcda
7.556478, 12.188821
7.506044, 12.217911
7.473840, 12.250298
77a78e53-f2c3-4af0-bfca-5bfa9ed84075
7.674989, 12.587816
7.716714, 12.589252
7.753813, 12.593524
7.789560, 12.597639
4cb168bf-97fd-4a13-b92e-4f79e1ed553f
7.635280, 12.725794
7.699676, 12.751766
