main root
6.876057, 3.888154
6.866979, 4.267360
6.817178, 4.712928
6.810470, 4.810981
6.813493, 4.921793
6.818376, 5.023215
6.821152, 5.124880
6.832375, 5.225902
6.844723, 5.318001
6.851965, 5.419773
6.862051, 5.503086
6.876243, 5.585799
6.889958, 5.678174
6.904383, 5.761202
6.918876, 5.844621
6.944978, 5.933416
6.967610, 6.032912
7.000371, 6.129255
7.033081, 6.225443
7.070539, 6.329027
7.110977, 6.422191
7.137753, 6.504713
7.175781, 6.608201
7.204120, 6.697517
7.243508, 6.800667
7.273909, 6.898070
7.302184, 6.995762
7.332441, 7.092695
7.352108, 7.176581
7.379124, 7.255467
7.396209, 7.323834
7.416498, 7.398850
7.443024, 7.496924
7.457565, 7.574856
7.461329, 7.662869
7.467001, 7.746947
7.473840, 7.848321
7.472788, 7.958490
7.469623, 8.068481
7.457797, 8.186044
7.444682, 8.295284
7.430461, 8.395989
7.414149, 8.496374
7.396339, 8.580118
7.382793, 8.658200
7.371022, 8.736135
7.353072, 8.981480
7.355952, 9.041281
7.341605, 9.111502
7.334466, 9.167647
7.328966, 9.220821
7.320605, 9.255626
7.311550, 9.311493
7.299282, 9.357580
7.288867, 9.413209
7.280261, 9.465970
7.270419, 9.515483
7.256521, 9.561105
7.241311, 9.611032
7.219041, 9.726689
7.214085, 9.777325
7.201266, 9.886568
7.191536, 9.987642
7.181319, 10.072137
7.175628, 10.153746
7.171441, 10.192267
7.165956, 10.450819
7.167271, 10.530045
7.148129, 10.635093
7.136883, 10.713529
7.123534, 10.785558
7.112052, 10.863961
7.098487, 10.935948
7.081995, 11.007324
7.064846, 11.081556
7.049942, 11.159379
7.030469, 11.213319
7.008200, 11.292644
6.986535, 11.336597
6.958303, 11.420967
6.933704, 11.475617
6.903937, 11.549052
6.868720, 11.604063
6.841563, 11.640924
6.821019, 11.704627
8d089ea5-a9d7-45f7-8079-6cb5ffad5c4f
6.930829, 3.930867
7.004526, 3.940426
7.061745, 3.946740
966eb0f8-fc7c-45c8-b545-f8e7045650f8
6.910014, 4.055290
6.983900, 4.076930
7.024509, 4.088826
7.092463, 4.104456
ee143fef-c4ec-432d-ade1-2184f5f2c54c
6.785818, 4.064810
6.630317, 4.150219
6.566520, 4.182112
6.489980, 4.215762
6.418685, 4.250376
6.372812, 4.277639
6.314518, 4.310984
6.234308, 4.356865
6.153469, 4.403105
6.068690, 4.438761
5.981811, 4.473019
5.905353, 4.507626
5.838732, 4.544352
df095b7d-c21f-4692-b01c-4b8e6a695dd6
6.922472, 4.157172
7.026146, 4.189030
7.066408, 4.201403
7.086948, 4.210846
7.110025, 4.221456
ef479b77-2bc2-4caa-aefc-9c80cc90e534
6.878668, 4.308210
6.954374, 4.346869
6.970890, 4.375425
6.984038, 4.527578
375ea39b-df1a-4f47-8ebb-890cf9006401
6.818923, 4.983353
6.852184, 4.991697
6.939379, 5.024594
6.968142, 5.028658
7.019268, 5.042046
7.082568, 5.042950
7.124298, 5.042049
aa77fe92-52c7-4e74-8457-23a28ec20e33
7.499414, 8.123626
7.546287, 8.132600
ec0a1d62-94a8-4db2-a92c-5dec873dde7e
7.473168, 7.611749
7.536399, 7.645261
7.602168, 7.687207
7.634649, 7.718511
7.664943, 7.773352
7.689124, 7.828570
4fb33893-b51c-43a8-a083-3846e4486292
6.823779, 4.575813
6.888150, 4.575300
6.931635, 4.573457
6.989734, 4.577963
