main root
6.879320, 4.651764
6.920431, 4.913763
6.923194, 5.039707
6.925982, 5.166677
6.937190, 5.294539
6.944052, 5.420886
6.950939, 5.547700
6.942748, 5.629200
6.927405, 5.739867
6.910177, 5.814333
6.799213, 5.943360
6.759316, 6.101985
6.732279, 6.226697
6.699385, 6.348692
6.669582, 6.489293
6.643111, 6.608885
6.615572, 6.728236
6.604265, 6.833418
6.594797, 6.941193
6.594024, 6.998338
6.593250, 7.055482
6.541379, 7.239651
6.526389, 7.358944
6.372749, 7.621117
35cccb9b-220c-4dbb-a861-6c8f32ddf3ad
6.974490, 5.012424
7.183226, 5.042553
7.221335, 5.049565
7.259436, 5.068268
7.293328, 5.089908
7.328726, 5.114285
7.366929, 5.151059
7.500594, 5.209850
7.554839, 5.233707
7.613029, 5.256025
7.660624, 5.280691
7.721307, 5.305394
7.780094, 5.326091
7.832172, 5.347598
7.886944, 5.370216
7.937807, 5.394456
7.987311, 5.421364
8.039377, 5.449661
8.095504, 5.476756
8.131354, 5.500708
8.168950, 5.522223
953bbc90-8ad1-4c37-8528-15cb5e337455
6.977030, 4.794499
7.045077, 4.815235
7.122482, 4.862191
7.154811, 4.883553
7.183716, 4.886721
7.233137, 4.903638
7.273722, 4.940568
7.336148, 5.001879
7.501566, 5.279652
7.544996, 5.330918
7.574841, 5.368734
7.600574, 5.394371
7.641969, 5.429519
7.686272, 5.461247
7.733280, 5.489175
7.788419, 5.537057
7.832612, 5.569257
7.855665, 5.591394
7.893959, 5.625851
7.933350, 5.659048
7.969580, 5.691310
8.013369, 5.724057
8.043723, 5.748410
8.073821, 5.785407
3f9a3384-d2cb-485b-b868-c39e2c47ef2d
7.039080, 5.014442
7.094714, 5.030155
7.137777, 5.045507
7.166220, 5.074900
7.209967, 5.151316
7.266494, 5.281706
7.293939, 5.337487
7.322033, 5.391198
7.364559, 5.463549
7.392542, 5.514111
7.429377, 5.568304
7.493187, 5.836378
7.505108, 5.892924
7.522244, 5.945184
e0bc16f0-a82b-469b-b3db-6885eabd5812
6.962366, 5.284114
7.057049, 5.310415
7.068264, 5.328887
7.086084, 5.364016
7.090472, 5.385922
7.261040, 5.534175
7.294233, 5.575460
7.331139, 5.626141
7.426029, 5.696070
7.499929, 5.739374
7.546302, 5.775220
7.625450, 5.839076
7.691347, 5.892240
7.740124, 5.941209
7.791779, 5.995189
7.833724, 6.045515
4252897e-91a2-49ab-b19f-d38cc16949d6
6.926284, 5.757920
6.930079, 6.380726
6.928930, 6.434373
6.936810, 6.485855
6.943216, 6.527687
6.940864, 6.638735
