main root
6.625040, 4.945461
6.563745, 5.182870
6.557520, 5.383795
6.538378, 5.543038
6.516146, 5.727976
6.492806, 5.929693
6.486013, 6.075296
6.483596, 6.208961
6.475017, 6.335025
6.463762, 6.469684
6.459528, 6.571126
6.462421, 6.654035
6.475560, 6.727312
6.492469, 6.809868
6.507335, 6.882445
6.514351, 6.939082
6.556113, 7.064424
6.569612, 7.109666
6.576856, 7.199074
6.593614, 7.276172
6.595055, 7.318023
6.611311, 7.398706
6.615875, 7.459238
6.628995, 7.533670
6.635550, 7.596723
6.647488, 7.668087
6.653494, 7.731194
6.661545, 7.799961
6.667762, 7.865912
6.668236, 7.918764
6.667335, 7.985001
6.664939, 8.051201
6.663933, 8.120429
6.642514, 8.160692
6.624111, 8.354653
6.621762, 8.426969
6.621014, 8.496202
6.624795, 8.562123
6.572038, 8.697871
6.542865, 8.845215
6.508341, 8.976892
6.488490, 9.040804
6.485970, 9.084237
6.443295, 9.361052
6.429182, 9.432950
6.434687, 9.583518
6.429026, 9.704336
6.420542, 9.855448
6.415084, 9.952676
6.406239, 10.003425
6.410037, 10.042655
6.423251, 10.273581
6.427603, 10.349659
6.428795, 10.422919
6.426992, 10.496166
6.428037, 10.575412
6.429039, 10.651608
6.420943, 10.718943
6.427535, 10.814573
6.423710, 10.945552
6.424390, 11.024803
6.425042, 11.101001
6.422674, 11.174231
6.425998, 11.256568
6.425960, 11.329837
6.431905, 11.412029
6.434200, 11.485263
6.439672, 11.564324
6.434623, 11.621448
6.424381, 11.688718
722c23b2-d977-4e5b-8679-884bedad9809
6.552996, 5.129157
6.368171, 5.183480
6.274970, 5.240621
6.203659, 5.275426
5.969925, 5.382496
5.932873, 5.399033
5.878414, 5.428225
5.829987, 5.464731
5.785083, 5.515449
5.743267, 5.513140
5.627097, 5.580621
5.562475, 5.626683
5.513879, 5.663160
5.487293, 5.690607
5.324247, 5.790527
5.155933, 5.884815
5.036616, 5.949314
4.943110, 5.982767
4.851979, 6.023202
4.774956, 6.066516
ffbef57b-6e3c-4630-bded-93bde258219a
6.573651, 5.072168
6.420939, 5.117882
6.255496, 5.260200
6.199668, 5.324822
6.138476, 5.367345
5.972683, 5.465421
5.934043, 5.483964
5.891135, 5.507076
5.850567, 5.528110
5.808393, 5.552537
5.784844, 5.565343
5.731201, 5.589291
5.692996, 5.597301
5.635223, 5.644171
5.581351, 5.683590
5.534554, 5.712268
5.483094, 5.747332
5.406758, 5.785145
5.353713, 5.811437
5.299319, 5.841753
5.250510, 5.860390
5.208992, 5.876228
5.181809, 5.892993
4.724728, 6.104302
4.657041, 6.132294
4.589892, 6.153582
4.519412, 6.182201
4.448834, 6.210858
4.371661, 6.255114
4.310719, 6.279711
4.240365, 6.311334
4.178543, 6.332174
f6d9cc14-e794-4acd-ac75-78e5d89aa6ab
6.476097, 6.790819
6.401924, 6.821517
6.279701, 6.897360
6.213039, 6.920031
6.166236, 6.934447
6.119034, 6.947498
6.073560, 6.955491
6.015382, 6.976432
5.968841, 6.991674
5.931539, 6.986485
5.921738, 6.999336
5.808819, 7.023481
5.537286, 7.106540
5.452135, 7.134778
5.369341, 7.148862
5.278112, 7.166516
5.195797, 7.184557
5.113098, 7.202681
5.040944, 7.215431
4.979899, 7.224082
4.927149, 7.225907
ed7ab9d4-17c1-4b92-a991-2cd1b5487976
6.538738, 6.799117
6.593237, 6.809035
6.662776, 6.826255
6.741974, 6.841241
6.809428, 6.852215
6.934258, 6.844173
7.015572, 6.832869
7.073932, 6.827600
7.181108, 6.837636
7.248448, 6.851458
7.303206, 6.856585
7.355560, 6.862475
f2b85f38-d244-4ad6-bdf1-372f766cd4b8
6.522669, 6.299167
6.570535, 6.304352
6.656553, 6.317923
6.724970, 6.334778
6.778650, 6.349543
6.824152, 6.366716
7.000148, 6.368452
7.052455, 6.367470
7.094132, 6.365192
7.149092, 6.357691
7.195581, 6.355879
7.252089, 6.347684
7.300719, 6.348085
5e2546e2-02c3-45bc-97dd-d7ccb36afcca
6.686120, 8.024211
6.766198, 8.064531
6.850095, 8.120397
6.915912, 8.171637
7.039079, 8.224483
7.116968, 8.251390
7.190896, 8.275343
7.249762, 8.290056
7.296970, 8.310402
24d18e5c-e777-4f9b-b0e1-54d5a455018f
6.680180, 5.206935
6.782790, 5.252385
6.848983, 5.297123
6.940957, 5.360398
6.997831, 5.395430
cbde7d33-6728-4a31-aa1b-6e888c2e78c0
6.595312, 5.154815
6.754312, 5.246876
6.873382, 5.313919
6.956788, 5.369881
