main root
5.875622, 4.496507
6.004229, 4.709486
6.128527, 4.924420
6.327726, 5.268341
6.479594, 5.514551
6.810860, 5.994120
6.914226, 6.281460
6.983302, 6.618429
7.020077, 6.976743
7.025970, 7.300721
7.006522, 7.597553
6.996276, 7.799564
7.005470, 8.077456
7.074270, 8.511737
7.177716, 8.990999
7.231673, 9.373930
7.239223, 9.471371
7.241500, 9.581521
7.243775, 9.691562
7.241817, 9.801582
7.241973, 9.911727
7.233657, 10.013652
7.230315, 10.106349
7.222738, 10.199741
7.219439, 10.292432
7.214015, 10.385667
7.204908, 10.470795
7.195002, 10.563402
7.187213, 10.655997
7.171707, 10.741362
7.157176, 10.833135
7.137084, 10.932974
7.112384, 11.023724
7.098599, 11.105960
7.076861, 11.197465
7.057531, 11.297140
7.041910, 11.388739
7.022732, 11.488614
7.003572, 11.588392
6.984883, 11.696942
6.974748, 11.780254
6.969850, 11.872765
6.968712, 11.974295
6.969774, 12.067211
6.975163, 12.168605
6.972542, 12.278738
6.972037, 12.388877
6.984273, 12.480971
6.991470, 12.567018
7.043248, 12.675686
7.077089, 12.742167
7.116772, 12.742435
b9c20b07-f493-4a7c-8fb5-d33807770921
6.857097, 6.096552
6.990410, 6.084848
7.011850, 6.087316
7.040022, 6.093813
7.077683, 6.105571
7.112032, 6.116294
862a71e7-7cf1-48ea-85b6-996cfc02afd7
6.727533, 5.861194
6.664724, 5.900055
6.592061, 5.936901
6.525036, 5.968342
6.466573, 5.997686
6.436413, 6.007800
6.408558, 6.023455
7732720c-206b-4a0c-8e06-f68d0a53f2f3
6.631040, 5.716563
6.686132, 5.696563
6.740659, 5.672502
6.796355, 5.646790
6.846137, 5.618220
6.911306, 5.556345
6.971715, 5.528801
7e21d8e5-9f8a-408c-93f5-f986f22cd665
6.471136, 5.540083
6.420291, 5.575256
6.384697, 5.620282
6.350971, 5.661191
6.297185, 5.712522
6.254541, 5.747190
6.201333, 5.796234
6.153036, 5.827446
302e1fc4-da4f-4956-bd05-f17ca028a400
6.362832, 5.314951
6.481365, 5.321175
6.524313, 5.336374
9323a725-8c5e-4b15-8442-b269c0cefbc3
6.212087, 5.064681
6.300751, 5.115758
6.338146, 5.166606
6.377468, 5.216821
6.468568, 5.316479
6.557627, 5.389160
6.614397, 5.418227
6.635837, 5.445403
6.661804, 5.460702
b8b0aa63-3af3-4618-b72a-4cb09d795a2a
6.205977, 5.034626
6.318355, 4.994396
6.375358, 4.984768
6.429991, 4.972504
6.472379, 4.974764
6.499855, 4.998089
6.535771, 5.005034
afe3e21a-d0d5-4181-8af7-65286d6431ed
6.068946, 4.826396
6.150516, 4.761972
6.203076, 4.741588
6.260840, 4.735638
6.354332, 4.739701
6.427415, 4.744934
6.470728, 4.745034
6.532647, 4.736197
6.611068, 4.718956
6.657166, 4.722984
c8ca0122-19af-46ec-86e6-4d28747c6625
7.014993, 6.580748
7.067657, 6.579845
7.163963, 6.589130
7.202624, 6.598398
7.269244, 6.621375
7.329371, 6.643697
7.381025, 6.664469
dcbacdb2-0b32-47e0-b9f2-5346b309de4f
6.990335, 7.942023
6.917677, 7.945692
6.870734, 7.946007
6.832409, 7.943167
6.779939, 7.943682
036849b9-b078-4ae4-8c57-ef2efb077f8b
7.066524, 8.674029
6.994808, 8.695951
6.968968, 8.703904
