main root
6.612408, 5.094569
6.562085, 5.304619
6.546329, 5.389524
6.502482, 5.676774
6.470788, 5.843386
6.452285, 5.974257
6.437757, 6.092092
6.437978, 6.194011
6.436101, 6.304022
6.438599, 6.405523
6.437074, 6.515543
6.446122, 6.626030
6.452313, 6.727538
6.456391, 6.829154
6.464685, 6.930344
6.472293, 7.023161
6.481978, 7.115579
6.496860, 7.197875
6.512872, 7.298312
6.530944, 7.398233
6.553153, 7.473484
6.591096, 7.571965
6.610828, 7.641307
6.626956, 7.714392
6.654097, 7.798160
6.659917, 7.922378
6.676249, 7.959213
6.690407, 8.053044
6.694078, 8.147866
6.695298, 8.232970
6.716381, 8.328780
6.722367, 8.369912
6.721200, 8.413856
6.721364, 8.464057
6.722997, 8.505766
6.746577, 8.605564
6.760352, 8.670370
6.779760, 8.740081
6.788851, 8.795053
6.804723, 8.872694
6.819350, 8.965246
6.825179, 9.021302
6.831313, 9.051339
6.846706, 9.111747
6.861343, 9.169182
6.875979, 9.226618
6.886975, 9.281891
6.898343, 9.323688
6.913685, 9.368684
6.936612, 9.426651
6.958411, 9.481769
6.976326, 9.535203
7.001824, 9.583008
7.007281, 9.633168
7.038508, 9.961310
7.049950, 10.031673
7.052415, 10.127614
7.055899, 10.195684
7.054826, 10.257970
7.047800, 10.318274
7.040647, 10.364711
7.040956, 10.457324
7.048390, 10.513232
7.058560, 10.580142
7.066567, 10.644341
7.069511, 10.706129
7.070860, 10.770811
7.076589, 10.841366
7.080098, 10.905968
7.081877, 10.970637
7.089852, 11.042837
7.092186, 11.104868
7.093314, 11.189983
7.092695, 11.256235
7.089097, 11.320945
7.087689, 11.400176
7.086034, 11.493302
7.084981, 11.552561
7.082458, 11.610294
7.079500, 11.677959
7.080463, 11.758768
7.077333, 11.844325
7.076608, 11.905103
7.073998, 11.949948
7.057776, 11.986560
6fa83b91-3b39-4aa5-b559-bfdd3cd80bc7
6.556105, 5.367255
6.398655, 5.435176
6.329176, 5.468413
6.261938, 5.497242
6.211740, 5.522003
6.174321, 5.543779
6.085378, 5.622748
6.043459, 5.654098
5.856576, 5.726100
5.794413, 5.762885
5.758261, 5.777323
5.701562, 5.803192
5.647653, 5.827790
5.592263, 5.856357
5.539600, 5.883520
5.485649, 5.914716
5.434351, 5.944380
5.383055, 5.974046
5.331760, 6.003713
5.300611, 6.021730
751351b5-67e5-4c9b-a60d-a675eb2a3460
6.552395, 5.370967
6.411839, 5.369454
6.375229, 5.378059
6.338572, 5.380524
6.313246, 5.382211
6.291367, 5.394451
6.159737, 5.420643
6.097416, 5.414218
6.052020, 5.412546
6.019163, 5.408341
5.983869, 5.397788
5.959533, 5.390512
5.927747, 5.387260
5.897090, 5.387133
5.862335, 5.389982
5.827952, 5.395804
5.794196, 5.404557
5.761315, 5.416176
5.729554, 5.430574
5.695290, 5.449394
5.657002, 5.473842
5.598897, 5.516119
38adba07-974a-4541-91fd-d7d61ac22f12
6.453165, 5.755422
6.370259, 5.783554
6.305150, 5.808635
6.249173, 5.822715
6.220555, 5.826827
6.181185, 5.829460
6.145281, 5.831861
6.117150, 5.836743
6.089686, 5.844549
6.048940, 5.859242
6.009113, 5.873604
5.969480, 5.891078
5.932681, 5.907306
5.905972, 5.922356
5.866811, 5.951294
5.846699, 5.961430
f1da5b11-63cf-4d45-afee-e5af905c2453
6.539061, 5.219577
6.485230, 5.233365
6.444233, 5.243866
6.415634, 5.248099
6.396613, 5.261363
6.363212, 5.281007
6.336906, 5.293004
6.309500, 5.302213
6.272197, 5.310011
6.221313, 5.322177
6.173016, 5.332186
6.136116, 5.347473
6.089185, 5.366916
6.038817, 5.382923
6.022576, 5.400936
4b898377-1921-46b8-8d9e-b7de453d0fdb
6.499802, 6.112828
6.538780, 6.129973
6.573448, 6.148516
6.593191, 6.148328
6.608188, 6.153903
6.651522, 6.166815
6.690029, 6.179851
6.741943, 6.194266
6.779046, 6.207675
6.820773, 6.221163
6.862808, 6.240935
c1da75d3-cac4-4cc3-a089-7cded594dc79
6.413500, 6.362700
6.396551, 6.366040
6.350403, 6.381258
6.312219, 6.390697
6.289764, 6.393145
69e0e2df-315c-4b35-a90e-59a212b50567
6.506633, 6.828367
6.524030, 6.830452
6.547681, 6.834708
6.571041, 6.840345
b570ca77-56c8-445d-9153-7833a4209f3f
6.520083, 7.368612
6.503811, 7.377289
6.480147, 7.388211
6.458550, 7.394884
