main root
6.747111, 4.753385
6.688172, 4.957022
6.675730, 5.062288
6.663988, 5.264767
6.645124, 5.439298
6.627837, 5.599239
6.645987, 5.757850
6.648727, 5.908906
6.639081, 6.083664
6.648806, 6.228362
6.659036, 6.349153
6.670470, 6.484140
6.681188, 6.610683
6.686251, 6.720606
6.701897, 6.830349
6.737757, 6.968437
6.746762, 7.100192
6.757401, 7.191567
6.763970, 7.284342
6.770546, 7.377237
6.779204, 7.469748
6.787094, 7.554048
6.799916, 7.645910
6.802538, 7.740771
6.811682, 7.841918
6.822930, 7.942840
6.832090, 8.044129
6.841240, 8.145310
6.853776, 8.237219
6.864309, 8.330011
6.877860, 8.430640
6.883078, 8.532771
6.896184, 8.624415
6.909370, 8.716615
6.926652, 8.807743
6.944004, 8.899242
6.954401, 9.055623
6.964735, 9.161983
6.971661, 9.255001
6.979983, 9.338853
6.984302, 9.424358
6.992947, 9.530978
6.998950, 9.631179
7.003153, 9.719533
7.003762, 9.821377
7.004319, 9.914512
7.009080, 10.007141
6.999241, 10.102558
7.010500, 10.257195
7.023506, 10.348915
7.026334, 10.443770
7.033586, 10.545044
7.044400, 10.637172
7.053197, 10.730155
7.069062, 10.830473
7.080778, 10.931637
7.097678, 11.022713
7.112083, 11.123529
7.125257, 11.215731
7.136381, 11.308461
7.148483, 11.409340
7.163701, 11.518427
7.179822, 11.618675
7.193877, 11.719402
7.207917, 11.820025
7.221025, 11.929275
7.235218, 12.029820
7.247336, 12.130795
7.261534, 12.231345
7.271572, 12.332694
7.276612, 12.426266
7.282531, 12.536170
7.285452, 12.629519
7.290742, 12.730926
7.302360, 12.831824
7.320149, 12.949429
7.330596, 13.018493
89248ba5-e50f-4e55-adc2-f2a38aa0aa97
6.603250, 4.920040
6.551810, 4.919597
6.489626, 4.928089
6.434760, 4.928339
6.400503, 4.922509
6.345890, 4.911695
6.295862, 4.894697
91d08311-a947-4ff5-9752-78be9e10a5c9
6.601453, 5.195151
6.556583, 5.234938
6.518958, 5.249040
6.472951, 5.262427
6.422851, 5.271867
6.383686, 5.276201
6.344314, 5.277536
6.312590, 5.278603
6.281430, 5.285631
6.237928, 5.298502
6.197388, 5.310488
6.154818, 5.326196
6.117806, 5.335065
6.068405, 5.346905
6.010773, 5.360716
5.952033, 5.376332
5.886577, 5.393734
5.829302, 5.408961
5.775133, 5.421814
5.720638, 5.433206
d2616ea7-1380-4bdb-a075-f4b822bad51a
6.726293, 5.206552
6.772904, 5.210323
6.831781, 5.215631
6.897550, 5.223591
6.958135, 5.236954
7.035831, 5.249493
7.093967, 5.257359
7.132993, 5.259618
7.198227, 5.274396
7.221210, 5.277167
7.259896, 5.284846
7.319788, 5.295209
7.388263, 5.305538
7.448036, 5.319094
7.512303, 5.335205
7.579817, 5.350586
7.630324, 5.355953
7.709393, 5.361344
7.787009, 5.365137
7.848386, 5.374130
7.908721, 5.381457
7.970527, 5.391978
8.025502, 5.404374
8.085109, 5.416278
8.136371, 5.423464
8.185081, 5.434698
e13e6576-6162-48fa-88df-8602d8ed9901
6.712755, 5.413652
6.744891, 5.409136
6.772510, 5.409789
6.817020, 5.407656
6.864443, 5.424267
6.886507, 5.420275
6.907882, 5.420969
6.951987, 5.419127
6.977978, 5.424034
7.017169, 5.431717
7.049121, 5.431881
7.070008, 5.436478
7.113705, 5.450297
7.147571, 5.454374
7.192759, 5.456761
7.225585, 5.461455
7.267322, 5.467385
7.295414, 5.474361
7.332711, 5.486669
7.372756, 5.499843
7.412814, 5.512981
7.452882, 5.526082
7.489187, 5.541063
7.532080, 5.555483
7.572051, 5.568881
7.615823, 5.580356
7.652911, 5.593173
7.696526, 5.605080
7.750024, 5.622787
7.806293, 5.641411
7.862554, 5.660033
7.898842, 5.673621
7.924555, 5.681651
8562ab4c-7245-4a5b-ae04-5c3624e8a146
6.619382, 5.705311
6.554846, 5.804324
6.522629, 5.833085
6.465230, 5.853301
6.428278, 5.862930
6.395599, 5.868352
6.381060, 5.883598
6.327259, 5.905484
6.299659, 5.924708
6.257951, 5.955584
6.193699, 5.981433
6.142035, 5.995765
6.082841, 6.015292
6.024653, 6.037639
5.955239, 6.061091
5.900970, 6.076268
5.842854, 6.094074
5.779079, 6.112050
5.731221, 6.123984
5.683022, 6.134460
5.644426, 6.147443
5.597220, 6.161744
5.545610, 6.182071
5.480216, 6.199699
9159dbe3-3512-402f-987c-e71905a27bd1
7.055800, 10.354897
7.104011, 10.378333
7.130565, 10.392905
6a580b16-9ad7-4065-a7fc-154428344fed
6.955367, 10.130366
6.925515, 10.143126
6.878205, 10.160380
6.854442, 10.178067
bcc25611-6cf1-4c8f-8428-5e4ef12c8831
7.048835, 9.973720
7.094771, 9.983198
7.167623, 9.999760
7.212758, 10.008486
f8c73702-c2e6-4a92-8d5e-2033643d341b
6.971923, 9.738817
6.937309, 9.747942
6.908292, 9.786493
59804be7-5a85-4e54-827a-f00dad7ac663
7.050452, 9.516057
7.075583, 9.516583
7.148597, 9.518867
7.217388, 9.515789
7.254764, 9.512618
91cbaa7d-1096-44d6-888f-3c01eebc4449
7.005402, 9.129137
7.044362, 9.133821
7.099677, 9.143518
7.133676, 9.143430
7.182604, 9.138810
7.217904, 9.156059
7854c626-2606-4491-9533-d218a1deb0d6
6.898451, 8.917066
6.866140, 8.926134
6.811229, 8.938423
6.781917, 8.951104
6.727595, 8.974592
6.641539, 9.012486
c4abc780-5264-4bca-a9aa-96cc5f51ef31
6.776747, 7.345780
6.833618, 7.370848
6.869872, 7.409718
6.902333, 7.424604
6.948340, 7.470912
6.973821, 7.507420
6.986231, 7.542836
6.990495, 7.578020
6.994492, 7.611010
7.003376, 7.680155
6.999948, 7.739632
006ec53d-5914-41a9-95b7-81955c102604
6.784618, 7.350141
6.833347, 7.369842
6.906776, 7.389985
6.952104, 7.414616
6.995904, 7.423174
7.028994, 7.438788
7.078585, 7.465505
7.137332, 7.486957
7.189142, 7.509066
7.235776, 7.535478
7.267478, 7.549997
7.329276, 7.571719
7.381349, 7.593199
7.436114, 7.615795
7.490879, 7.638393
7.553469, 7.657741
7.584381, 7.692777
85c286bc-23c5-43a5-9fe4-42b94378b6b8
6.745213, 7.584145
6.697475, 7.608436
6.663317, 7.625383
6.625397, 7.644197
6.588153, 7.661004
6.559961, 7.672085
6.532094, 7.691080
6.490115, 7.719694
6.441931, 7.748914
6.392766, 7.773478
6.347321, 7.796184
6.300653, 7.817827
6.276883, 7.830501
15453c54-71f3-4c56-8d46-9773087e9a6e
6.792860, 8.130639
6.730062, 8.133945
6.683669, 8.141429
6.630766, 8.146047
6.589970, 8.148106
6.562491, 8.149490
6.534287, 8.153905
6.504207, 8.164672
6.460745, 8.186587
6.430603, 8.196758
6.383411, 8.211103
6.335799, 8.224010
6.288872, 8.233631
6.229650, 8.247300
6.194589, 8.255393
b2314310-fa4d-4918-9156-e969e4f39f94
6.819237, 8.203126
6.783223, 8.231836
6.758180, 8.259583
6.733920, 8.289371
6.710309, 8.321310
6.666167, 8.362847
6.633148, 8.393286
6.602264, 8.419722
6.570591, 8.442892
6.522761, 8.477882
6.476228, 8.504507
6.409536, 8.544389
6.344142, 8.583496
6.261652, 8.627925
6.193960, 8.666081
6.146155, 8.698183
6.103041, 8.723529
acbabc70-ac31-40ab-a5ba-795fc1a5b382
6.845485, 7.622115
6.890995, 7.637026
6.923369, 7.638929
6.992703, 7.643005
7.039104, 7.652992
7.077807, 7.668978
7.124680, 7.694830
7.184626, 7.721071
7.234908, 7.746349
7.270366, 7.770876
7.316684, 7.806555
7.360093, 7.840825
5ef14c03-7508-4e62-8206-740f7b68bacb
6.713664, 7.184077
6.657769, 7.210859
6.586307, 7.261672
6.485263, 7.353400
6.451569, 7.381302
6.421187, 7.400631
6.385571, 7.423289
6.336482, 7.450971
6.283718, 7.484162
6.233551, 7.515719
6.194046, 7.547643
6.147499, 7.589105
6.101298, 7.636273
6.053969, 7.691009
6.009358, 7.738025
5.968561, 7.781022
5.925094, 7.842729
5.898000, 7.891994
5.867695, 7.926382
14dc28f3-c04a-437e-aa9a-2ea73b1a00f6
6.719194, 7.228455
6.675844, 7.254451
6.613322, 7.283760
6.549244, 7.298733
6.525259, 7.312413
6.478336, 7.326394
6.441319, 7.333929
6.401977, 7.347169
6.350017, 7.362857
6.309503, 7.375089
6.270991, 7.383587
6.225109, 7.399843
6.189934, 7.407542
6.141446, 7.416621
6.103113, 7.422276
6.074198, 7.431081
6.044888, 7.444699
5.998093, 7.468092
5.951318, 7.494821
5.914395, 7.510750
5.868536, 7.528904
5.821305, 7.547600
5.767880, 7.565529
5.711693, 7.584385
5.657387, 7.599453
5.598188, 7.618984
5.540948, 7.639445
5.476261, 7.664158
5.397172, 7.694373
5.355897, 7.713345
5.326142, 7.720433
5.301434, 7.726319
