main root
6.708879, 4.636056
6.782388, 4.941667
6.795000, 5.227441
6.790490, 5.474751
6.782470, 5.568437
6.781556, 5.652061
6.778552, 5.737126
6.777651, 5.821394
6.776566, 5.922985
6.764901, 6.024855
6.759724, 6.144252
6.754956, 6.254221
6.748076, 6.364034
6.730191, 6.480825
6.715712, 6.616723
6.692754, 6.732630
6.673796, 6.850061
6.650014, 6.957544
6.630148, 7.057122
6.610602, 7.141890
6.592361, 7.258584
6.573280, 7.366955
6.555661, 7.467019
6.544872, 7.577107
6.533670, 7.669828
6.521486, 7.770691
6.510378, 7.880277
6.500133, 7.981354
6.497433, 8.091928
6.490518, 8.201750
6.485708, 8.311794
6.483389, 8.413304
6.478952, 8.514910
6.472404, 8.616396
6.457397, 8.717556
6.453007, 8.819223
6.440158, 8.920675
6.424235, 9.029552
6.409534, 9.130077
6.391826, 9.222087
6.374227, 9.313537
6.356626, 9.404994
6.334804, 9.496120
6.317316, 9.587214
6.301868, 9.678842
6.289908, 9.762253
6.273665, 9.846311
6.264433, 9.938426
6.255145, 10.031098
6.235769, 10.139545
6.233850, 10.210441
6.228985, 10.312028
6.220751, 10.397249
6.218145, 10.489846
6.213171, 10.591424
6.200529, 10.677010
6.178189, 10.784809
6.159659, 10.884651
6.141119, 10.984550
6.132569, 11.076723
6.126084, 11.169418
6.115979, 11.254429
6.104985, 11.346912
6.104575, 11.439467
6.104199, 11.524135
6.103787, 11.617261
6.097060, 11.711076
6.086808, 11.796078
6.075655, 11.888543
6.066619, 11.981028
6.056280, 12.065516
6.059374, 12.125603
6.063727, 12.210156
6.072693, 12.302474
6.075484, 12.396486
6.077997, 12.481111
6.080761, 12.574206
6.081430, 12.667597
6.082036, 12.752261
6.041540, 12.976627
5.850759, 13.201095
5.347082, 13.281102
7844ebff-a944-407c-aea5-dcaa9d03d431
6.138974, 10.953653
6.004854, 10.957104
a24850ce-d123-45ed-aa94-94c7ec1b93bd
6.240435, 10.094502
6.166024, 10.121139
6.082195, 10.155614
6.042715, 10.168613
872b2d18-760e-447c-8eb6-8fa2e15959cb
6.305837, 10.013673
6.424764, 10.047767
6.458017, 10.061313
