main root
6.283007, 2.827665
6.596006, 4.286818
6.585511, 5.179943
6.355196, 5.700330
6.066510, 6.174118
5.890477, 6.738068
6.147925, 7.076401
6.496036, 7.439364
6.603454, 7.740910
2a1fd4ee-a472-4faa-8970-39aaace45501
6.345766, 3.119967
6.117413, 3.358938
5.774433, 3.549347
c220e007-bb40-4779-832e-64f6d2a59af4
6.386710, 3.462902
6.054437, 3.624365
5.656952, 3.831189
40dc8273-b03c-48e9-9bdd-3c849f881f5f
6.430957, 3.641607
5.545765, 3.874459
93242660-a66d-4bed-bab0-0a5c5f2ca1e3
6.487625, 3.900284
5.907307, 4.128697
cffcdbd4-7d8a-40c7-8b74-55e1c3015d62
6.550785, 4.102332
5.968987, 4.193446
01488148-385e-4df9-8c25-fe9c3ae7d784
6.585121, 4.420271
6.452345, 4.419192
6.223349, 4.533751
45289630-76c4-4489-ab26-c362e4171ecd
6.394821, 3.318428
6.653474, 3.676547
7.411779, 3.824723
3d8483ea-08cb-4f37-87b7-dca5094919f8
5.901390, 6.742687
5.495662, 7.110353
d2ed92c1-b90d-4d32-a681-771f31e54610
5.890809, 6.770367
5.579762, 7.329595
ff246cb7-e12c-47f1-bc6f-791c9ea268a3
5.892716, 6.785198
6.100240, 7.268416
6.096268, 7.658246
6.215474, 7.830589
6.349179, 7.959872
6.398801, 8.122836
