main root
6.410178, 4.656646
6.397833, 4.911174
6.387892, 4.987135
6.374846, 5.103099
6.355939, 5.247457
6.338148, 5.367074
6.310401, 5.481920
6.295653, 5.625593
6.265859, 5.751836
6.240653, 5.876921
6.210138, 6.018382
6.178003, 6.167354
6.150372, 6.318780
6.121494, 6.455562
6.084034, 6.613154
6.058622, 6.738213
6.035340, 6.863344
6.019785, 6.981541
5.995884, 7.104964
5.982474, 7.207610
5.971419, 7.308547
5.954357, 7.425582
5.934308, 7.533771
5.914251, 7.642000
5.903614, 7.734027
5.889837, 7.834788
5.869756, 7.934822
5.851849, 8.034774
5.828898, 8.150910
5.809993, 8.268340
5.796659, 8.377786
5.779161, 8.486421
5.755419, 8.593910
5.733505, 8.693121
5.707713, 8.800082
5.679926, 8.915312
5.658211, 9.023416
5.634470, 9.130858
5.610467, 9.229683
5.588562, 9.328836
5.575430, 9.427497
5.567375, 9.519900
5.557171, 9.612732
5.550029, 9.696691
5.543748, 9.770508
5.546062, 9.925866
5.517063, 10.139829
5.498106, 10.248183
5.483286, 10.357451
5.470581, 10.466865
5.461061, 10.585431
5.452253, 10.695145
5.451862, 10.805762
5.453590, 10.915895
5.449112, 11.033998
5.443146, 11.135526
5.437186, 11.236950
5.430730, 11.346827
5.430600, 11.457249
5.430480, 11.558842
5.436680, 11.651279
5.442348, 11.735756
5.441076, 11.806211
5.443135, 11.857932
5.455117, 11.895479
5.502571, 12.067158
5.526552, 12.142652
5.536151, 12.223877
5.548423, 12.302132
5.556808, 12.374877
5.568854, 12.453165
5.577032, 12.525937
5.585544, 12.601621
5.600682, 12.682583
5.607705, 12.752662
5.621860, 12.833800
5.628029, 12.903957
5.644442, 12.987985
5.638650, 13.036409
5.653227, 13.084516
c962be66-5091-43fb-8844-74227af8d2b0
6.447227, 4.964473
6.457380, 5.006125
6.499365, 5.062928
6.542059, 5.101769
6.584840, 5.143974
6.612478, 5.166237
6.668194, 5.197230
6.748122, 5.219954
6.778035, 5.236803
6.828592, 5.264638
6.857524, 5.276510
6.898625, 5.286905
7.002585, 5.316552
7.083475, 5.369198
7.117181, 5.391135
f92284a6-a325-489e-abf0-68a55fc1ee97
6.406409, 4.801353
6.484676, 4.910189
6.573505, 5.019493
db208f70-52cb-44d0-9070-b5ebf3b5fd48
6.325594, 5.018396
6.307523, 5.027097
6.251341, 5.060792
6.205944, 5.060288
6.179688, 5.080800
6.130506, 5.099509
6.038974, 5.151749
6.004433, 5.170267
5.962104, 5.179393
5.874164, 5.178678
5.821727, 5.172657
5.747083, 5.198938
5.695787, 5.209065
5.638914, 5.225862
5.584792, 5.227689
5.521208, 5.214704
6593f7ce-15b8-4fc6-8681-e7c3442e26ef
6.360861, 4.689519
6.222827, 4.770338
6.169414, 4.791203
6.105545, 4.817777
6.045499, 4.837911
5.980405, 4.861334
5.919557, 4.881653
5.884471, 4.894964
5.786422, 4.944018
5.735974, 4.967599
5.675921, 4.970074
5.648897, 4.989328
5.601969, 5.010668
5.543815, 5.019393
5.483957, 5.022320
5.446935, 5.042740
5.404139, 5.052500
5.322089, 5.071362
5.284193, 5.078297
5.199829, 5.127809
ebc66ab3-4511-438a-8768-f9b33fa94d22
6.307641, 5.450135
6.268764, 5.468883
6.209376, 5.496593
6.160312, 5.500499
6.107164, 5.491697
6.055878, 5.475986
6.004031, 5.467929
5.956435, 5.457009
