main root
6.472766, 4.711700
6.420955, 4.958128
6.390289, 5.064159
6.440470, 5.159075
6.501159, 5.510234
6.511164, 5.667051
6.513078, 5.862838
6.512315, 6.042428
6.503369, 6.208560
6.494400, 6.397124
6.466072, 6.585047
6.445584, 6.748653
6.426100, 6.880494
6.402766, 7.024228
6.379548, 7.164997
6.353015, 7.300279
6.332589, 7.426240
6.319130, 7.535667
6.299416, 7.643966
6.287503, 7.744831
6.269451, 7.861709
6.250568, 7.970108
6.235231, 8.070480
6.213338, 8.197277
6.194405, 8.306934
6.176445, 8.398587
6.156909, 8.498295
6.139000, 8.589689
6.121090, 8.681088
6.096851, 8.771972
6.077145, 8.853908
6.055230, 8.936157
6.037659, 9.018216
6.019319, 9.075269
6.017518, 9.138867
6.010343, 9.261806
6.011528, 9.344205
6.003424, 9.405195
5.998531, 9.487461
5.991194, 9.560365
5.986243, 9.639466
5.981483, 9.715523
5.976721, 9.791580
5.969159, 9.864462
5.961293, 9.940261
5.958764, 10.022634
5.953524, 10.095718
5.959161, 10.184527
5.956963, 10.244415
5.951285, 10.317469
5.948131, 10.396659
5.942225, 10.469692
5.927854, 10.535977
5.913953, 10.600105
5.914101, 10.641813
5.907887, 10.793768
5.901902, 10.866795
5.895676, 10.942744
5.892187, 11.021920
5.883952, 11.072769
5.871767, 11.147993
5.862059, 11.226651
5.865741, 11.318966
5.829298, 11.451166
5.810806, 11.654135
5.805162, 11.726685
5.791283, 11.796623
5.778717, 11.861953
5.776653, 11.971349
5.775805, 12.016257
5.721495, 12.222077
5.673509, 12.306323
5.691845, 12.472396
5.661884, 12.640491
5.648566, 12.762415
5.643739, 12.806603
28c2d71c-d112-4299-8e96-0e789c00f86f
6.428278, 4.941984
6.313096, 5.029526
6.277879, 5.075733
f190578b-b74b-493f-8e5e-39b4e99aedfc
6.371991, 5.096892
6.321970, 5.304242
6.597139, 5.192014
6.653344, 5.210864
6.686289, 5.234418
6.720409, 5.280428
b81c88ef-56a1-42f5-9f37-6acaad3d4039
6.475079, 5.098403
6.610032, 5.205325
6.681101, 5.296070
6.699085, 5.323888
6.717921, 5.358537
6.743203, 5.401909
6.808655, 5.478476
6.842404, 5.498667
6.892403, 5.556101
6.923502, 5.604122
d357d767-fc87-4c8d-8faa-466821745b5e
6.498352, 5.217581
6.545296, 5.232707
6.606284, 5.253931
6.650362, 5.264200
6.822491, 5.375532
6.878879, 5.405362
6.921208, 5.463872
6.948045, 5.506075
6.976440, 5.550728
9bedc1a4-ca05-407b-b20b-eb0c98143cdf
6.140459, 8.682127
6.196382, 8.717052
6.314017, 8.841316
6.343847, 8.877630
6.378198, 8.917089
6.416498, 8.954246
6.451712, 8.982154
6.499492, 9.014290
6.554580, 9.047735
6.611657, 9.075382
6.664993, 9.101217
6.718329, 9.127052
6.771664, 9.152887
6.821001, 9.180111
6.868823, 9.209918
6.909606, 9.238867
6.947067, 9.274055
660d831e-fcea-4158-ba52-4be8ba7674a3
5.970134, 10.500480
6.021467, 10.543508
6.079601, 10.590312
67f8f3e7-7faa-49dd-8b66-1eb645d51238
5.898531, 10.105913
5.826568, 10.118711
d35aff0c-0a77-4fc1-8c0e-6fcfc0e709e4
6.006555, 9.643568
6.042971, 9.662573
6.074873, 9.679504
6.114567, 9.701159
d5b50a1d-ef53-4886-9e09-c704045a70fa
5.913711, 9.632935
5.886295, 9.643931
5.862720, 9.653389
5.839065, 9.644809
5.815348, 9.636072
5.783990, 9.630768
5.758946, 9.626532
53534607-e518-4fe5-a106-a0f0769b367e
6.241934, 8.700709
6.312787, 8.665919
6.366015, 8.639049
1c6be716-dfd4-4b3d-8f69-0006809bfe82
6.370205, 8.519765
6.489894, 8.578753
6.563783, 8.616950
c2e354f6-873f-4213-a5c0-468de7332756
6.095599, 8.961761
5.995336, 8.950465
5.952504, 8.947836
5.899385, 8.942499
5.845851, 8.926107
e00f6bbb-2f61-4de2-ab65-83a6aab36d16
6.137338, 8.905513
6.056059, 9.163979
6.081561, 9.243179
6.071371, 9.318061
6.060206, 9.375211
6712b254-c3f4-4465-97a3-cfbf51df710e
6.671295, 8.036227
6.723054, 8.098768
6.784617, 8.161167
6.852701, 8.281149
a09093fc-a1f3-412b-995a-c96f3228a102
6.639394, 8.103981
6.697801, 8.118204
