main root
6.546596, 5.323052
6.598783, 5.551539
6.478585, 5.908494
6.425862, 6.037860
6.402983, 6.143315
6.407571, 6.298290
6.423405, 6.407433
6.413271, 6.530772
6.453278, 6.671363
6.496482, 6.822462
6.511227, 6.908044
6.516605, 7.043850
6.532515, 7.190638
6.556019, 7.351988
6.563117, 7.452810
6.577862, 7.559994
6.576982, 7.669231
6.576151, 7.743343
6.577104, 7.818657
6.574695, 7.874185
6.572657, 7.918471
6.576985, 7.952091
6.585459, 8.042173
6.586913, 8.105560
6.586934, 8.171812
6.585458, 8.238052
6.583951, 8.305769
6.579328, 8.378889
6.575920, 8.456524
6.568233, 8.563362
6.565998, 8.712270
6.563634, 8.769993
6.564083, 8.832309
6.553958, 8.881153
6.539606, 8.935624
6.531005, 9.011183
6.533161, 9.045145
6.538503, 9.105673
6.531340, 9.200760
6.525507, 9.258257
6.517334, 9.324006
6.510279, 9.392892
6.503378, 9.460266
6.493331, 9.514296
6.485243, 9.565981
6.476142, 9.614456
6.470354, 9.669620
6.464618, 9.738624
6.461777, 9.790867
6.457606, 9.840015
6.456935, 9.883325
6.456147, 9.934118
6.445781, 10.053080
6.439383, 10.092002
6.437730, 10.120504
6.438094, 10.165922
6.438432, 10.208247
6.441787, 10.253543
6.440104, 10.291609
6.440719, 10.345480
6.436853, 10.400297
6.434668, 10.452567
6.432548, 10.503320
6.431505, 10.564099
6.436553, 10.618865
6.443548, 10.694747
6.452244, 10.756468
6.457130, 10.812607
6.463890, 10.873012
6.467885, 10.922173
6.470388, 10.971435
6.472964, 11.022169
6.477541, 11.082782
6.482642, 11.150326
6.488710, 11.210802
6.490090, 11.275258
7f3bb791-353e-469f-b4c3-df50d41d5cd1
6.657694, 5.585520
6.733369, 5.603151
6.770289, 5.624432
6.820779, 5.669037
6.871549, 5.719881
6.930209, 5.781562
6.986602, 5.834841
7.035304, 5.913072
7.095518, 5.940764
7.137947, 5.956983
7.173622, 5.973825
7.215654, 5.995322
7.238267, 6.006888
7.283318, 6.035214
7.318927, 6.057647
7.346285, 6.071388
7.391964, 6.087632
7.427781, 6.103586
7.458840, 6.110908
7.507040, 6.116119
7.552258, 6.117960
7.573527, 6.124818
7.607513, 6.132630
7.695284, 6.169444
7.743309, 6.209588
7.778382, 6.235004
7.810362, 6.252633
7.851682, 6.270284
7.917894, 6.295314
7.977194, 6.314531
8.033576, 6.332802
8.088071, 6.352035
8.128251, 6.370977
8.232351, 6.417515
1ebb5246-d5cf-4835-8b38-c5d9f2b93dab
6.563772, 5.756331
6.633250, 5.857115
6.668432, 5.926609
6.701038, 5.987701
6.717800, 6.069543
6.750259, 6.125255
6.779758, 6.163991
6.799928, 6.195419
6.818657, 6.230142
6.838753, 6.267401
6.854794, 6.303448
6.879267, 6.353605
6.904592, 6.457270
6.974844, 6.569539
7.042099, 6.662328
7.058890, 6.688403
7.078359, 6.716260
7.098867, 6.743360
7.116291, 6.763905
7.137176, 6.806351
7.148121, 6.835378
7.157271, 6.872373
7.173382, 6.918803
7.191938, 6.967720
7.213817, 7.016952
7.229892, 7.056811
7.235923, 7.083772
7.248801, 7.134484
7.263132, 7.197000
7.268433, 7.226822
e611ef6b-ed5a-4946-a170-7e53fcc5f21d
6.587514, 5.583141
6.449300, 5.614653
6.379291, 5.621540
6.335069, 5.617580
6.279893, 5.603232
6.174949, 5.629867
e9da470a-444f-439c-a56f-c4e706856aca
6.547725, 5.783620
6.406543, 5.754222
6.376286, 5.728340
6.341075, 5.717023
6.293855, 5.701159
6.217801, 5.720065
6.178961, 5.726626
6.151471, 5.734297
6.108675, 5.749336
6.066961, 5.767158
6.026505, 5.787697
5.989463, 5.804824
5.949847, 5.821493
5.924837, 5.835263
5.901997, 5.849547
5.867458, 5.868286
5.830863, 5.888010
5.792999, 5.911690
5.737126, 5.946527
5.670119, 5.969092
5.638840, 5.974889
5.590091, 5.982401
5.549093, 5.990232
5.516718, 5.997939
5.488681, 6.009229
5.442389, 6.026256
5.394034, 6.048825
5.359981, 6.068022
5.262240, 6.106088
5.234357, 6.113734
5.221771, 6.128593
5.168535, 6.164408
5.126949, 6.190581
5.097434, 6.205620
5.060369, 6.222825
5.015748, 6.240238
4.959690, 6.263721
4.920189, 6.285137
4.870309, 6.319257
4.828772, 6.345857
4.786442, 6.371187
4.756103, 6.399808
4.727035, 6.421057
5d275226-d73b-4912-9a49-d32445177a71
6.401474, 5.969616
6.323405, 5.965065
6.306862, 5.959710
6.237097, 5.970062
6.192261, 5.979051
6.152919, 5.986821
6.125734, 5.995125
6.083878, 6.011041
6.040488, 6.016614
5.993986, 6.018059
5.955121, 6.022262
5.894794, 6.035618
5.832596, 6.057263
5.793539, 6.069271
5.753077, 6.081710
5.710634, 6.097889
5.668484, 6.118762
5.604749, 6.122854
5.579402, 6.124481
5.559666, 6.138451
5.496824, 6.162095
5.465766, 6.168984
5.395739, 6.186547
5.304898, 6.201243
5.282302, 6.201865
5.269693, 6.218860
5.209350, 6.254766
5.158418, 6.285073
5.108008, 6.313328
5.065416, 6.332054
5.018913, 6.352499
4.966196, 6.372406
4.911625, 6.391413
4.862732, 6.410028
4.828238, 6.424762
58b1312f-9d10-4673-aefc-c078c09438fd
6.344377, 6.073769
6.292331, 6.093942
6.257894, 6.106558
6.225870, 6.120035
6.204780, 6.124192
6.173405, 6.128994
6.144597, 6.128718
6.132033, 6.137301
6.080234, 6.150195
6.053409, 6.159948
5.986210, 6.194517
5.949872, 6.209840
5.906092, 6.238048
5.881192, 6.246968
5.839530, 6.265075
5.787504, 6.282790
5.736614, 6.304862
5.688475, 6.308854
5.656323, 6.319029
5.581152, 6.350653
5.540580, 6.370969
5.501432, 6.393929
5.476181, 6.401800
5.433846, 6.418129
5.379406, 6.437525
5.328831, 6.460311
5.284015, 6.477218
5.246860, 6.497633
5.181263, 6.530260
5.144581, 6.550178
2129e26d-0843-4780-8954-81ee4b750956
6.515952, 5.976820
6.594900, 6.072916
6.613347, 6.104802
6.626068, 6.126787
6.643355, 6.132964
6.658212, 6.145493
6.681351, 6.167110
6.701869, 6.184382
6.732328, 6.204300
6.757917, 6.222955
6.776844, 6.260267
6.849897, 6.400706
6.868762, 6.439910
6.883236, 6.469990
6.979966, 6.619324
7.002030, 6.657074
7.020488, 6.707289
7.059063, 6.807771
7.073072, 6.839844
7.082491, 6.868889
7.087024, 6.897701
7.099662, 6.909321
7.119760, 6.952676
7.139139, 6.998040
7.163025, 7.046334
7.189302, 7.099460
7.206064, 7.136726
7.221451, 7.174581
7.238629, 7.220819
7.250711, 7.257637
7.258631, 7.281770
8051b8d4-7bb5-40c6-912c-07406596443d
6.382356, 6.351314
6.487430, 6.401304
