main root
6.901657, 4.347924
6.926260, 4.480518
6.882842, 4.606953
6.812678, 4.812309
6.788650, 4.966961
6.766479, 5.136071
6.633292, 5.446535
6.539881, 5.673860
6.376687, 5.884493
6.120932, 6.005940
9dd3dfc4-8479-4fc3-a34c-dd15bc1061c2
6.946035, 4.518898
6.986280, 4.544479
7.020699, 4.552894
7.095977, 4.559736
7.162465, 4.614858
ccc23d78-e16b-4e3e-b877-68b0d212f9cb
6.878346, 4.708307
6.942575, 4.746975
6.990806, 4.779571
7.041470, 4.824650
7.076778, 4.860072
7.122100, 4.877559
7.171290, 4.895872
7.258232, 4.964223
7.316954, 5.018302
7.373767, 5.084721
7.430105, 5.147393
7.468623, 5.196447
7.489502, 5.240099
7.511031, 5.304361
7.536780, 5.394458
7.565704, 5.480361
7.587995, 5.546559
7.607062, 5.584424
7.645352, 5.653808
7.667009, 5.759926
7.671229, 5.825511
7.673114, 5.920726
7.661991, 5.996461
7.644227, 6.088459
7.620240, 6.179399
7.592304, 6.260913
7.566955, 6.341280
7.535169, 6.421368
7.499684, 6.516512
7.461732, 6.594532
7.424788, 6.666458
7.388616, 6.750680
7.348985, 6.827187
7.305970, 6.901211
7.253367, 6.979176
7.191152, 7.060041
7.125750, 7.138112
7.053818, 7.210803
6.972007, 7.284452
6.893555, 7.349385
6.820285, 7.407299
6.740580, 7.470300
6.664534, 7.525045
6.587530, 7.577889
6.517719, 7.625796
6.454113, 7.673076
6.408246, 7.707169
6.366394, 7.734549
ef96124b-b13f-4eaf-8847-7af1905e7525
6.809687, 4.568962
6.728376, 4.527399
6.670833, 4.516242
6.638783, 4.526854
6.594878, 4.553100
6.544521, 4.581458
6.514307, 4.595038
6.486851, 4.604096
6.449506, 4.611689
6.407116, 4.618779
6.378376, 4.628139
6.349333, 4.642319
6.300929, 4.672615
6.259292, 4.693379
6.213163, 4.718057
6.160316, 4.753118
6.097242, 4.793169
6.053898, 4.822464
6.013966, 4.847646
5.992013, 4.863257
5.969552, 4.888413
5.936078, 4.932643
5.913492, 4.955044
5.877431, 4.988704
5.841988, 5.017692
5.809432, 5.042386
5.769535, 5.068890
5.734690, 5.090240
5.690387, 5.120897
5.649596, 5.152764
5.613794, 5.186432
5.564318, 5.237065
5.522899, 5.279454
5.481482, 5.321841
5.440015, 5.359995
5.396405, 5.400120
5.363518, 5.434445
5.329928, 5.473829
5.291807, 5.523139
5.255559, 5.570022
5.219043, 5.614807
5.187635, 5.646220
5.151717, 5.680027
5.114789, 5.712730
5.076631, 5.748522
5.039376, 5.789623
5.005363, 5.829375
4.972173, 5.865865
4.938091, 5.905559
4.905159, 5.946213
4.873404, 5.987792
4.842851, 6.030263
4.814209, 6.077768
4.787469, 6.119217
4.760376, 6.163974
4.735586, 6.213598
4.713553, 6.261051
4.690870, 6.299244
4.663887, 6.338816
4.630892, 6.389859
4.594125, 6.446740
4.562398, 6.498580
4.527539, 6.558407
4.494515, 6.621028
4.459598, 6.690450
4.430113, 6.749069
4.405958, 6.790433
bb0f99c9-0554-40b7-8db8-5dd14bf8bef3
6.709171, 4.854314
6.649282, 4.898241
6.570175, 4.916055
6.451427, 4.938235
6.387989, 4.949634
6.204756, 4.993454
6.150168, 5.011766
6.110048, 5.025221
6.069927, 5.038674
6.029805, 5.052124
5.987795, 5.069363
5.948646, 5.085425
5.909494, 5.101485
5.874572, 5.119042
5.835433, 5.142067
5.800022, 5.159424
5.760652, 5.182051
5.722857, 5.207225
5.688468, 5.226534
5.635075, 5.261663
5.580199, 5.290602
5.542755, 5.310347
5.505311, 5.330091
5.466494, 5.366236
5.424515, 5.406288
5.394534, 5.447628
5.368790, 5.470379
5.338056, 5.497540
5.313490, 5.544273
5.299529, 5.564903
5.278158, 5.588467
5.250605, 5.618850
5.210586, 5.658522
5.168498, 5.700247
5.126428, 5.737739
5.081696, 5.785621
5.041238, 5.828928
5.000781, 5.872235
4.960322, 5.915542
4.920295, 5.971540
4.885138, 6.015580
4.849106, 6.070311
4.814809, 6.111518
4.777669, 6.165502
ab1d64e3-63c5-4784-812f-b02fa8a296da
6.812314, 4.510425
6.733582, 4.594368
6.681241, 4.642905
6.608687, 4.699692
6.529840, 4.758048
6.478455, 4.799016
6.456984, 4.815913
6.406814, 4.867772
6.336867, 4.915731
6.291403, 4.985239
6.250982, 5.020519
6.193925, 5.081328
6.128502, 5.147979
6.067417, 5.207251
6.018203, 5.266562
5.971122, 5.346363
5.907426, 5.446021
5.864870, 5.528227
5.818099, 5.609423
5.754130, 5.699280
5.711271, 5.785018
5.652835, 5.887759
5.608967, 5.960694
5.571312, 6.035369
5.529414, 6.127852
5.489309, 6.201087
5.438530, 6.272228
5.391278, 6.341997
5.367049, 6.392566
5.334566, 6.499538
5.300540, 6.575187
5.251885, 6.662731
5.200778, 6.741695
5.143754, 6.825910
5.092377, 6.894387
5.036480, 6.968888
4.987884, 7.047677
4.938996, 7.126940
4.895848, 7.208917
4.850434, 7.299739
4.808848, 7.392367
4.767581, 7.494617
4.726606, 7.579279
4.695879, 7.657051
4.656432, 7.734318
4.613824, 7.836389
4.569495, 7.937090
4.526592, 8.029301
4.487631, 8.123066
4.439602, 8.222114
4.408814, 8.299865
4.379727, 8.378952
4.342646, 8.473648
4.309596, 8.569651
4.273082, 8.656327
4.233987, 8.733109
4.201690, 8.810247
4.168992, 8.888345
4.151796, 8.937169
4.133762, 8.991131
7d5d976b-6dbe-4f58-ba81-77238a00bb90
6.573161, 5.401983
6.459422, 5.416022
6.422506, 5.429905
6.395004, 5.443443
6.355670, 5.466142
6.335316, 5.472704
6.295026, 5.485694
6.235719, 5.509532
6.171207, 5.538689
6.104566, 5.575378
6.037225, 5.614160
5.978530, 5.647964
5.928818, 5.671413
5.882869, 5.693087
5.827122, 5.724346
5.773708, 5.759445
5.700794, 5.794951
5.611444, 5.843166
5.560502, 5.867254
5.514349, 5.894042
5.462002, 5.927888
5.399344, 5.963054
5.355041, 5.987917
5.325636, 6.009570
5.269826, 6.058098
5.212473, 6.105985
5.173100, 6.142760
5.129716, 6.185329
5.081310, 6.239115
5.036221, 6.293691
4.987083, 6.346118
4.952345, 6.383182
4.911814, 6.426425
4.871283, 6.469669
4.830958, 6.519260
4.788223, 6.571813
4.751481, 6.624115
4.712544, 6.679541
4.678838, 6.730123
4.642524, 6.792717
4.610140, 6.851520
4.590739, 6.886747
21149e8b-1b51-42c2-8bbb-9407da3266e5
6.008267, 6.045036
5.963005, 6.094751
5.949326, 6.123691
5.924799, 6.163143
5.905316, 6.191626
5.892144, 6.218815
5.872100, 6.270460
5.852883, 6.315809
5.832287, 6.360549
5.814428, 6.402897
5.797898, 6.453622
5.783130, 6.503735
5.773595, 6.551935
5.764918, 6.603454
5.757710, 6.655199
5.751976, 6.707128
5.747723, 6.759199
5.744951, 6.811369
5.743674, 6.863609
5.740975, 6.912799
5.737266, 6.980425
5.734019, 7.039604
5.729361, 7.097206
5.725272, 7.166333
5.724085, 7.237117
5.721335, 7.311792
5.720282, 7.381034
5.717779, 7.447244
5.718099, 7.518034
5.718442, 7.594233
5.718710, 7.653499
5.722060, 7.732678
5.723723, 7.807376
5.723702, 7.873632
5.726672, 7.944357
5.730718, 8.005010
5.732040, 8.069806
5.731722, 8.127590
5.737304, 8.201343
5.740810, 8.267504
5.745969, 8.336556
5.749410, 8.402719
5.756074, 8.473194
5.759985, 8.546359
5.761574, 8.604128
5.764974, 8.673293
5.766731, 8.739527
5.766992, 8.805785
5.770263, 8.876492
5.775348, 8.954038
5.778189, 9.020223
5.777975, 9.085035
5.780762, 9.147301
5.781850, 9.205078
5.781282, 9.254403
5.783462, 9.325158
5.787349, 9.402767
5.792308, 9.471837
5.798758, 9.540782
5.806697, 9.609569
5.814462, 9.676855
5.821257, 9.735732
5.828052, 9.794609
5.838164, 9.856116
5.849499, 9.915833
5.863880, 9.983570
5.876171, 10.048666
5.892234, 10.117610
5.911325, 10.192947
5.926145, 10.257526
5.939501, 10.322419
5.951389, 10.387599
5.963541, 10.454231
5.972434, 10.511335
5.989694, 10.583260
6.003866, 10.655143
6.017088, 10.714472
6.030035, 10.779446
6.045032, 10.847050
6.061487, 10.914309
6.073963, 10.977905
6.087128, 11.037240
6.098229, 11.101094
6.113573, 11.163138
6.128020, 11.227791
6.141004, 11.292758
6.157799, 11.361525
6.175881, 11.435558
6.189943, 11.493132
6.197476, 11.523975
5962a5bb-5b21-4a6e-a72f-1ea32047f298
6.868383, 4.882893
6.892594, 4.933339
6.915053, 4.973237
6.931427, 5.008861
6.948537, 5.022954
6.972622, 5.050548
6.994791, 5.080556
7.012679, 5.088633
7.029888, 5.101330
7.059721, 5.127070
7.087385, 5.143041
7.144872, 5.176356
7.194112, 5.225063
7.218471, 5.253368
7.238371, 5.283377
7.264372, 5.325292
7.289090, 5.367978
7.311440, 5.409563
7.322394, 5.439429
7.339888, 5.487125
7.349433, 5.526186
7.359683, 5.574436
7.368464, 5.622973
7.374029, 5.670548
7.380914, 5.729412
7.387799, 5.788273
7.389703, 5.843197
7.396692, 5.915217
7.401600, 5.981287
7.402156, 6.029183
7.402647, 6.071516
7.401625, 6.112365
7.397436, 6.160079
7.397693, 6.225607
7.397925, 6.284875
7.401162, 6.347125
7.401094, 6.403480
7.399548, 6.444315
7.397627, 6.495082
7.393947, 6.552754
7.392109, 6.605040
7.388882, 6.654260
7.386955, 6.706543
7.389404, 6.761960
7.390086, 6.811281
7.395340, 6.866504
7.396888, 6.914378
7.406526, 6.980850
7.409637, 7.033609
7.411047, 7.082917
7.412498, 7.133696
7.412652, 7.191488
7.412787, 7.242290
7.412945, 7.301555
7.416105, 7.363805
7.417538, 7.421574
7.420331, 7.473822
7.424617, 7.525960
7.430393, 7.577955
7.434349, 7.627126
7.438424, 7.677765
7.444790, 7.738214
7.450110, 7.788735
7.456317, 7.847672
7.467459, 7.910604
7.475797, 7.974871
7.485100, 8.034938
7.495465, 8.101873
7.502828, 8.159194
7.510975, 8.210876
7.519810, 8.276531
7.526585, 8.326878
7.534488, 8.385610
7.544075, 8.445626
7.559900, 8.516232
7.569622, 8.559607
409ec432-8dc6-4048-97c0-8b09f62adb29
6.805125, 5.224118
6.864101, 5.260585
6.879103, 5.272545
6.931126, 5.300021
6.985642, 5.331242
7.020332, 5.352833
7.056270, 5.375201
7.104527, 5.406999
7.146949, 5.434952
7.174922, 5.455177
7.211091, 5.495659
7.244936, 5.533540
7.286535, 5.577854
7.309047, 5.604023
7.333905, 5.646619
7.342613, 5.667480
7.348482, 5.689311
7.353057, 5.717859
7.358041, 5.758418
7.362172, 5.792030
7.370905, 5.875273
7.372065, 5.951020
7.369609, 5.990015
7.369714, 6.035051
7.369755, 6.076997
7.372733, 6.121935
7.372265, 6.161004
7.371762, 6.203006
7.368243, 6.241919
7.365765, 6.269324
7.372664, 6.318411
7.375064, 6.357410
7.374362, 6.394746
7.369162, 6.432496
7.363384, 6.474431
7.360164, 6.519739
7.357162, 6.561964
7.361047, 6.621617
7.357022, 6.651939
7.354025, 6.697267
7.350114, 6.756402
7.346203, 6.815537
7.350660, 6.884224
7.346902, 6.918771
7.337841, 6.974388
7.343650, 7.013201
7.338168, 7.081766
7.332071, 7.139236
7.325381, 7.188110
7.318492, 7.238437
7.309174, 7.295471
7.300982, 7.345606
7.290190, 7.402381
7.278320, 7.448791
7.261478, 7.502566
7.245727, 7.562874
7.228075, 7.612690
7.211108, 7.660572
7.190402, 7.714525
7.173922, 7.765822
7.162588, 7.805994
