main root
7.020978, 4.432565
7.004734, 4.532282
6.860034, 4.813130
6.823781, 4.907376
6.778317, 5.036324
6.739511, 5.177548
6.695544, 5.313062
6.666038, 5.448145
6.639462, 5.559906
6.626038, 5.807161
6.618877, 5.900252
6.618684, 5.983876
6.618489, 6.068540
6.618274, 6.161675
6.622267, 6.254347
6.639704, 6.364099
6.650237, 6.457208
6.662769, 6.549285
6.674387, 6.650326
6.681809, 6.751905
6.694058, 6.861478
6.702068, 6.971222
6.710080, 7.080993
6.717211, 7.207538
6.733246, 7.343742
6.737683, 7.453819
6.740000, 7.563826
6.746721, 7.682580
6.748711, 7.792605
6.750700, 7.902650
6.748456, 8.012668
6.746212, 8.122715
6.739739, 8.232560
6.735373, 8.342613
6.739081, 8.462062
6.735685, 8.556053
6.732016, 8.657595
6.730763, 8.750507
6.729622, 8.835173
6.727118, 8.909854
6.730347, 8.992199
6.727116, 9.062597
6.726474, 9.141848
6.725858, 9.218050
6.734150, 9.303306
6.744793, 9.381840
6.751658, 9.454789
6.765318, 9.536057
6.781398, 9.613662
6.800394, 9.690604
6.822282, 9.766775
6.830658, 9.817600
6.843047, 9.892791
6.848556, 9.963046
6.860949, 10.044517
6.865589, 10.114837
6.864239, 10.185298
6.859845, 10.258439
6.858973, 10.322880
6.861210, 10.378826
f2991885-e586-4964-8597-b7e302b67931
6.945584, 4.686667
7.031666, 4.709722
7.149037, 4.797756
7.204791, 4.833540
7.246055, 4.849989
48ab6980-6f54-477c-a5ad-134baebde126
6.890343, 4.893713
6.958130, 4.925378
7.001214, 4.935455
