main root
7.257784, 4.792826
7.259003, 5.176935
7.257306, 5.303667
7.253572, 5.440020
7.262595, 5.562365
7.266781, 5.719499
7.258999, 5.849396
7.257449, 5.980386
7.242448, 6.106548
7.238326, 6.254261
7.232398, 6.391988
7.235618, 6.516133
7.245289, 6.646536
7.270293, 6.792954
7.278466, 6.879122
7.272377, 6.948012
7.258162, 7.037318
7.234174, 7.107482
7.189331, 7.205943
7.146352, 7.285210
7.109999, 7.334550
7.057702, 7.387694
6.959017, 7.413943
6.823644, 7.483596
6.738861, 7.547483
6.676831, 7.645748
6.595802, 7.874157
6.568690, 8.062696
6.521037, 8.290756
6.484082, 8.488300
6.461650, 8.585200
6.448595, 8.634957
a0243377-2945-45ed-bf92-b73b60b35bb8
7.224477, 5.027774
7.188535, 5.045086
7.084869, 5.023455
7.029950, 5.026964
6.902958, 5.064445
6.766400, 5.118476
6.402586, 5.272601
5b352842-d779-419b-8f80-1f9d91dd91f2
7.250841, 4.923078
7.146375, 4.952496
6.871887, 5.081111
6.792895, 5.113545
6.692582, 5.159309
6.603496, 5.190703
6.515656, 5.221657
6.430584, 5.258327
6.352835, 5.291841
6.305805, 5.308853
6.248794, 5.343195
6.201936, 5.376660
8a99ad55-a182-47ba-be0b-74aab3c73338
7.263134, 4.968062
7.343556, 4.988017
7.424243, 4.956992
7.536330, 4.997895
7.568492, 5.017598
7.630362, 5.051990
7.693448, 5.085346
7.738270, 5.102008
7.803681, 5.124727
7.866958, 5.160101
7.907037, 5.187650
7.956614, 5.227178
8.005369, 5.269878
8.060577, 5.320220
8.114856, 5.365663
8.158187, 5.403893
8.211090, 5.448573
8.295643, 5.519290
6483ea5d-291d-4308-ad76-d73987363ad3
7.265306, 5.282140
7.379542, 5.271213
7.410255, 5.262061
7.464423, 5.281029
7.500566, 5.320918
7.528369, 5.362748
7.575236, 5.433258
7.610118, 5.483034
7.646215, 5.531936
7.696496, 5.600053
7.741747, 5.661357
7.766893, 5.702986
7.797807, 5.759951
7.821007, 5.808978
7.839655, 5.855385
7.855913, 5.907887
7.872813, 5.957402
7.891123, 6.006413
7.905790, 6.054228
7.911746, 6.074535
7.926220, 6.123897
3143f7d6-9f3c-4ea9-b408-b759eaa9d733
7.270001, 5.618659
7.335058, 5.644572
7.412901, 5.720550
7.455004, 5.736875
7.547453, 5.784629
7.589141, 5.804329
7.610718, 5.842253
7.680970, 5.897668
7.731705, 5.933877
7.755966, 5.978998
7.782998, 5.993300
7.839260, 6.048607
7.905135, 6.114096
7.946343, 6.160912
7.979166, 6.204995
8.015425, 6.258706
8.046509, 6.307428
8.073324, 6.357806
8.102166, 6.411991
8.113000, 6.441901
8.126467, 6.487868
8.143128, 6.544744
8.154220, 6.598576
8.167888, 6.664917
8.179729, 6.737222
8.185527, 6.791150
8.196484, 6.823045
875cbc02-2f4f-4d68-a276-e993a11ef4f2
7.283474, 4.879888
7.350641, 4.868365
7.373200, 4.867570
7.389726, 4.852095
7.415713, 4.835961
7.439193, 4.814436
7.439776, 4.793021
7.437951, 4.749736
7.415915, 4.560376
1477d356-3f2f-41b7-a539-1a520bca9825
7.277768, 5.412425
7.328176, 5.461839
7.349634, 5.487070
7.374525, 5.507102
7.415174, 5.509838
7.471388, 5.560343
7.532526, 5.659059
8.039100, 6.362700
37fbd774-a365-4ebc-83b2-b1529b141b6d
7.228686, 6.162953
7.357176, 6.281666
7.407050, 6.316821
7.484190, 6.368621
7.542502, 6.405975
7.584992, 6.434972
7.618301, 6.466763
