main root
6.745782, 3.669567
6.692626, 3.881181
6.664515, 4.043196
6.645434, 4.200799
6.618281, 4.357114
6.572192, 4.491150
6.550095, 4.628699
6.506556, 4.819871
6.506004, 4.897933
6.515595, 5.026340
6.520167, 5.087553
6.474598, 5.222411
6.472514, 5.340314
6.474706, 5.385685
6.468402, 5.410285
6.458365, 5.437399
6.464657, 5.457877
6.463100, 5.519029
6.459099, 5.558226
6.459187, 5.586768
6.462291, 5.625729
6.468862, 5.670621
6.478383, 5.714991
6.485477, 5.755188
6.494305, 5.805214
6.504238, 5.861495
6.508022, 5.891547
6.569026, 6.124693
6.576084, 6.163495
6.580176, 6.202721
6.583039, 6.259005
6.587621, 6.319611
6.588239, 6.367507
6.587488, 6.425288
6.586609, 6.493017
6.587316, 6.553794
6.591132, 6.624480
6.591177, 6.680838
6.592721, 6.741603
6.592908, 6.807859
6.591551, 6.857169
6.588699, 6.906412
6.585762, 6.957126
6.582335, 7.016293
6.575099, 7.065755
6.571116, 7.244398
6.565783, 7.282131
6.559858, 7.324048
6.551566, 7.382730
6.547091, 7.446486
6.544329, 7.507204
6.538397, 7.571736
6.535679, 7.634005
6.535493, 7.706910
6.541330, 7.765829
6.547174, 7.824806
6.549742, 7.881102
6.554008, 7.941734
6.556533, 7.977630
6.576790, 8.233826
6.580126, 8.276012
6.580239, 8.315449
6.583311, 8.343832
6.594461, 8.391212
6.596956, 8.427949
6.604161, 8.489860
6.615991, 8.552668
6.626779, 8.618032
6.632297, 8.660656
2111075c-4d7d-4a71-aef7-16039b253403
6.472494, 5.480068
6.413058, 5.476813
6.358213, 5.482194
6.329460, 5.480362
6.314467, 5.490265
6.272822, 5.495143
ef405677-93c8-4a8b-8413-33902cd4d243
6.481736, 5.674763
6.438720, 5.688854
6.390039, 5.700209
a934c0ed-9178-469d-b4b7-b56993ac7aa7
6.498159, 5.109986
6.454807, 5.246894
6.449737, 5.293460
6.434779, 5.355027
d2412ba3-6990-4ec3-8e5d-68a677113eca
6.523690, 5.215465
6.563602, 5.242095
6e76493e-7e25-4f42-8313-5da532cab30d
6.746253, 3.850927
6.842478, 3.904544
b4e5f4d1-f05b-4279-983b-fe3d81251f99
6.783773, 3.750182
6.841301, 3.823951
6.890943, 3.865145
6.912811, 3.882559
