main root
5.376478, 5.882480
5.695237, 5.904503
5.998270, 6.044603
6.172054, 6.135626
6.322012, 6.235685
6.431875, 6.317169
6.537442, 6.381704
6.603694, 6.507850
6.617569, 6.556887
6.637314, 6.619052
6.652650, 6.662390
6.688562, 6.737984
6.698070, 6.798060
6.706945, 6.863713
6.714335, 6.929549
6.720236, 6.995535
6.721398, 7.058924
6.724164, 7.128110
6.731537, 7.200093
6.733513, 7.263462
6.737167, 7.332607
6.742316, 7.401657
6.748957, 7.470580
6.757085, 7.539342
6.766699, 7.607915
6.777795, 7.676263
6.790367, 7.744354
6.795689, 7.806157
6.794281, 7.842136
09f7f844-73f7-419d-8d24-b92db6f7a9c1
5.427081, 5.982861
5.441712, 6.025085
5.461611, 6.057478
5.483097, 6.105748
5.587161, 6.279539
5.623525, 6.325702
5.686490, 6.369353
5.726159, 6.398675
5.764917, 6.429187
5.802733, 6.460862
5.838916, 6.489217
b5747fa8-35cb-4531-85ca-004cbf85c26d
5.645111, 5.982103
5.571744, 6.095966
5.519968, 6.164835
5.462390, 6.248460
5.419559, 6.313306
5.377137, 6.374818
5.326632, 6.455502
5.299029, 6.502419
5f343a56-785b-473a-8bb3-51b6f07de097
5.786931, 6.033274
5.755925, 6.111521
5.749927, 6.142907
5.743559, 6.208126
5.728836, 6.257532
5c3b0bef-bcf0-494e-ad06-76e815a78ff2
5.840606, 5.949309
6.019859, 5.852139
6.101452, 5.811053
6.142312, 5.785834
6.182153, 5.774741
7973058c-2d9e-44cc-8889-dc36a8966734
5.734955, 5.825198
5.820004, 5.744586
5.870534, 5.656042
5.945015, 5.594748
5.996968, 5.560164
6.051070, 5.529134
6.096269, 5.494605
c85eccd5-ae28-4d33-8e62-d5f75dab8d09
5.525757, 5.823399
5.523680, 5.734513
5.523729, 5.709111
5.541131, 5.663126
5.551859, 5.643226
5.575585, 5.618140
5.594375, 5.593921
5.608354, 5.561253
5.625003, 5.522345
5.649105, 5.469823
5.674900, 5.404552
6025cd67-75cc-4910-a561-cdbcc93cb671
5.629314, 5.789192
5.670933, 5.731173
5.680177, 5.716984
5.712905, 5.664998
