main root
6.231146, 2.825249
6.098396, 3.259317
6.117701, 3.530666
6.136311, 3.674538
6.180396, 3.864162
6.323528, 4.481002
6.421565, 4.644673
6.573313, 4.924952
6.681233, 5.061642
6.847289, 5.381711
4c2472e9-e753-4fd4-9e44-4ff63aab6b05
6.057900, 3.365500
5.952599, 3.400773
5.831363, 3.471491
5.728282, 3.494515
63411b2c-c744-4177-8a96-bc2c60d8c1a6
6.090676, 3.628038
5.947990, 3.700702
5.767046, 3.778185
e379d95f-57b0-429a-8014-ae3e34469941
6.176601, 3.630077
6.310599, 3.630352
6.409503, 3.637259
5640002e-d146-4aee-8ad7-e095473b45c1
6.141057, 3.424902
6.385911, 3.386532
6.525990, 3.348988
