main root
6.752152, 4.035070
6.782661, 4.262781
6.801134, 4.340694
6.849069, 4.430673
6.910482, 4.568650
6.967041, 4.714538
7.005407, 4.813498
7.040947, 4.899351
7.068069, 4.981134
7.096555, 5.060444
7.123367, 5.141228
7.148201, 5.222639
7.172906, 5.303625
7.197010, 5.377507
7.210527, 5.439001
7.221503, 5.502874
7.231176, 5.596427
7.234857, 5.661130
7.235544, 5.725933
7.234432, 5.819315
7.230667, 5.884019
7.226732, 5.951643
7.212869, 6.045067
7.204205, 6.123841
7.190579, 6.192977
7.170460, 6.284179
7.154729, 6.348538
7.135351, 6.408907
7.124668, 6.456877
7.113352, 6.528350
7.104004, 6.596963
7.098703, 6.669131
7.089593, 6.731876
7.085261, 6.805870
7.079897, 6.871905
7.078522, 6.944253
7.068363, 7.044399
7.053915, 7.094160
7.044569, 7.180700
7.007936, 7.273170
6.984426, 7.324388
6.965587, 7.394130
6.945913, 7.444007
6.932595, 7.518557
6.917331, 7.569956
6.908526, 7.641660
6.896090, 7.693815
6.888993, 7.762285
6.880215, 7.817953
6.870982, 7.876498
6.866731, 7.941890
6.871265, 8.010579
6.871008, 8.052142
6.870812, 8.083891
1e318c00-01cd-4413-80c9-371dc4b98992
6.739229, 4.115870
6.587638, 4.225470
6.472507, 4.277151
6.405929, 4.318782
6.358241, 4.347271
2ef635b9-62bd-4cd0-8608-e8abd26e3599
6.759877, 4.181762
6.652364, 4.228882
6.608251, 4.266816
6.589283, 4.309969
6.576507, 4.339035
6.534299, 4.377612
3237983a-6cb2-484d-b8a0-d5bc570e7532
6.747689, 4.361041
6.700942, 4.422436
6.677570, 4.459329
6.643340, 4.508508
df0918ed-9168-4e4f-ab28-d0d55421ebab
6.855301, 4.491139
6.777203, 4.552367
6.754142, 4.578562
6.733565, 4.608730
