main root
5.114316, 9.110189
5.262706, 9.034058
5.433665, 8.931519
5.573642, 8.866355
5.698136, 8.817729
5.907320, 8.800861
6.066080, 8.813457
6.257780, 8.830782
6.381788, 8.843520
6.522288, 8.843288
6.646738, 8.848796
6.816268, 8.856299
6.915655, 8.860699
7.097573, 8.840938
7.153803, 8.855050
7.236044, 8.906159
7.299240, 9.000978
7.338745, 9.078946
7.406081, 9.102307
7.499956, 9.224090
7.576066, 9.443410
7.597709, 9.531519
7.610333, 9.582909
da674998-88fc-48e5-be5d-0defdae5b340
5.261897, 8.938010
5.312176, 8.857857
5.322984, 8.822372
5.330384, 8.798074
0bc5bffc-26d1-4792-8872-f54167a62601
5.183176, 9.153878
5.265391, 9.212381
5.315082, 9.226977
5.362096, 9.286012
5.394808, 9.331893
5.431302, 9.380500
5.457543, 9.412959
bcdd9dfd-8ad2-420f-9546-64550b861f60
5.340139, 9.062646
5.400314, 9.120731
5.460040, 9.160962
5.564657, 9.194509
5.604243, 9.227542
5.628071, 9.265288
5.640719, 9.310246
5.651678, 9.371304
5.667361, 9.433268
5.680086, 9.489643
5.686294, 9.530741
5.685486, 9.565482
5.687278, 9.617214
5.688816, 9.661637
5.694850, 9.706162
5.702526, 9.762795
5.697962, 9.828921
5.696807, 9.889129
5.694487, 9.932045
5.711946, 10.036290
5.719612, 10.073008
85546e64-bfff-4377-b56e-29f2a2a3f968
5.405176, 8.854085
5.439922, 8.750907
5.481038, 8.696908
5.564935, 8.650366
5.647088, 8.631069
5.700634, 8.614598
5.799296, 8.594179
5.896440, 8.540926
5.948089, 8.498653
5.988625, 8.483971
8ce9d412-1e09-4c3f-9169-de404bf012bb
5.775086, 8.837881
5.936687, 8.969900
6.057534, 9.007578
6.135324, 9.021204
6.173814, 9.032844
