main root
6.421588, 3.803264
6.345734, 4.086645
6.246906, 4.281334
6.204565, 4.424903
6.094289, 4.651535
6.052776, 4.862076
6.044252, 4.980346
6.047837, 5.132548
6.057424, 5.282813
6.065156, 5.435677
6.079860, 5.603212
6.089594, 5.737986
6.096016, 5.856191
6.100494, 5.938619
6.102675, 5.978776
6.124566, 6.034689
a73e2fab-6cc2-42fe-9503-aa27837698c2
6.387425, 3.959363
6.484491, 4.043414
6.522263, 4.073397
e4fcf8d8-ee7e-425b-b659-aa0c805190a8
6.356865, 4.017045
6.210208, 4.067991
6.180113, 4.090280
6.133164, 4.107555
b3fd9803-728b-46e4-9aea-25767d9c9c60
6.346185, 4.139288
6.427165, 4.230769
b96518b4-dc69-44be-a0fe-b63a99bd342c
6.265372, 4.314808
6.310172, 4.343902
6.323440, 4.357243
