main root
7.221834, 4.578652
7.217496, 4.794868
7.323728, 5.082145
7.406656, 5.384309
7.421933, 5.746672
7.411395, 5.867763
7.391476, 6.044791
7.375895, 6.145437
7.354889, 6.253452
7.337112, 6.344873
7.319334, 6.436299
7.297335, 6.527385
7.271270, 6.617392
7.247450, 6.707209
7.223470, 6.805881
7.199476, 6.904612
7.167355, 7.009901
7.141799, 7.108164
7.103927, 7.211759
7.075085, 7.309133
7.048282, 7.407072
7.030156, 7.489019
7.003728, 7.579279
6.984157, 7.660884
6.962435, 7.751452
6.942813, 7.842284
6.933403, 7.925129
6.920776, 8.017659
6.915664, 8.101130
6.909453, 8.202537
6.910913, 8.316098
6.920956, 8.444061
6.927453, 8.553898
6.929721, 8.663908
6.927757, 8.773933
6.930021, 8.884171
6.930165, 8.994201
6.926100, 9.112401
6.918091, 9.222142
6.910080, 9.331918
6.898761, 9.458161
6.888712, 9.593624
6.879941, 9.711835
6.870545, 9.838479
6.863223, 9.965553
6.854307, 10.083597
6.849562, 10.202448
6.844496, 10.329352
6.837342, 10.455904
6.832749, 10.574542
6.827508, 10.709900
6.820507, 10.836463
6.809766, 10.954237
6.801871, 11.064099
6.794589, 11.165442
6.785799, 11.258417
6.779934, 11.342477
6.772975, 11.412437
6.761952, 11.462754
05a45219-7731-446b-887f-d932eeb260f5
7.210106, 4.909586
7.080783, 4.964257
7.004479, 4.998132
6.976243, 5.008981
6.948259, 5.027706
6.920648, 5.051529
6.882224, 5.086603
6.852232, 5.120058
4d809a8a-8b9d-433c-b05a-d6ec55d8d1d3
7.377631, 5.124739
7.485847, 5.087043
7.537871, 5.078182
7.634647, 5.055266
7.709407, 5.043957
7.776473, 5.040103
7.863163, 5.043431
7.940298, 5.043397
7.992678, 5.050327
26d3efb7-7f64-4d80-9e25-755cb8343faa
7.318809, 5.106132
7.228100, 5.187397
7.134406, 5.251003
7.041890, 5.320661
6.815081, 5.420758
6.721154, 5.469070
6.661910, 5.530848
63e8aa3e-6de0-45a1-858c-1b85f8888638
7.331818, 5.246465
7.271071, 5.280194
7.196570, 5.316748
7.137662, 5.330311
7.004152, 5.353674
6.608187, 5.516419
6.556025, 5.563634
6.522803, 5.594572
6.503614, 5.613462
6.485463, 5.637616
6.466684, 5.665078
6.452348, 5.686045
5005d4e3-e23e-4967-8e80-0c422cc9ea42
7.298510, 5.168721
7.240292, 5.190740
7.161912, 5.168492
7.096659, 5.161456
7.070746, 5.164367
7.036374, 5.166646
7.009705, 5.169839
6.990707, 5.190524
6.937108, 5.225638
6.914048, 5.248261
8044e079-7946-40b6-9d06-db40c61c9f77
7.404705, 5.451028
7.300024, 5.456703
7.253614, 5.467398
7.217736, 5.485030
7.159518, 5.511907
7.126123, 5.528956
