main root
6.520302, 2.983007
6.539077, 3.704038
6.479304, 4.355362
6.584258, 5.239825
6.281206, 6.690941
6.094563, 6.935648
5.939954, 7.059319
6.090887, 7.363166
6.280894, 7.589437
6.407134, 7.748317
77e6b99b-36e1-41a3-a3fd-7990829e1153
6.532491, 3.804470
7.308349, 3.802262
c0332ad3-1f29-4187-914a-e08aadfefb3c
6.534253, 3.807105
6.294395, 3.858434
16cd6edf-8916-4a4b-aed6-869d2239ce85
6.490194, 4.127493
6.138537, 4.143672
6.002314, 4.105277
a75d14d5-444b-4007-8fd3-b02210291023
6.504579, 4.434795
7.067287, 4.390068
66d2ae04-03da-4c00-955f-f81ae2d1fb93
6.523505, 3.600451
6.813269, 3.672483
7.471670, 3.727640
0b3465dd-74ae-47fe-a975-2c9474aa29eb
6.282263, 6.676143
6.224850, 6.920749
6.021900, 7.141989
5.935449, 7.233339
