main root
6.574352, 4.627738
6.564720, 4.859691
6.570628, 5.020116
6.554784, 5.157632
6.551444, 5.240942
6.547296, 5.307064
6.545855, 5.377837
6.537447, 5.423109
6.528676, 5.494938
6.514192, 5.579323
6.508484, 5.656808
6.501504, 5.731202
6.502012, 5.814577
6.487410, 5.867746
6.458617, 5.919576
6.389326, 5.987240
6.349579, 6.017232
6.297611, 6.046056
6.232728, 6.076909
6.159450, 6.114049
6.084290, 6.176855
6.026733, 6.317593
06b126a2-9523-4c87-9ea7-232b9ade546f
6.475454, 4.805664
6.376969, 4.822628
6.227233, 4.830233
6.221325, 4.855348
c0929d71-b2d6-4135-acdd-821dc8e18c86
6.598362, 4.680903
6.708520, 4.784770
6.795193, 4.869075
6.827169, 4.910319
6.851233, 4.935481
6.877335, 4.958520
6.912690, 4.981809
6.942667, 5.001617
21dc048e-b2f7-43e7-9a02-6cef334eef6a
6.627085, 4.832588
6.667638, 4.875845
6.691363, 4.970254
6.698100, 5.009638
6.702391, 5.034674
6.717112, 5.049139
6.738992, 5.104975
6.747840, 5.151345
6.749100, 5.173916
6.745781, 5.195043
6.741774, 5.230210
6.736860, 5.260098
6.730133, 5.291797
6.724256, 5.326701
6.714778, 5.346938
6.701843, 5.363968
6.703989, 5.382079
774ef3c7-b3f8-4956-b4f2-64e12d0ee825
6.490581, 4.942225
6.418793, 4.952535
6.359232, 4.958428
6.314216, 4.966093
6.272477, 4.973110
6.249611, 4.976385
6.234500, 4.985837
6.213917, 4.995182
